1.364500000000000157e-01
5.731999999999999318e-01
7.779500000000000304e-01
8.235999999999999988e-01
8.314500000000000224e-01
8.321000000000000618e-01
8.375500000000000167e-01
8.353999999999999204e-01
8.408999999999999808e-01
8.244500000000000162e-01
8.281000000000000583e-01
8.380499999999999616e-01
8.500499999999999723e-01
8.386000000000000121e-01
8.304000000000000270e-01
8.324499999999999122e-01
8.312999999999999279e-01
8.383000000000000451e-01
8.343500000000000361e-01
8.371499999999999497e-01
8.245999999999999996e-01
8.352500000000000480e-01
8.387999999999999901e-01
8.347999999999999865e-01
8.280000000000000693e-01
8.365000000000000213e-01
8.435999999999999055e-01
8.292500000000000426e-01
8.376500000000000057e-01
8.246999999999999886e-01
8.250999999999999446e-01
8.425000000000000266e-01
8.494999999999999218e-01
8.364000000000000323e-01
8.301499999999999435e-01
8.318999999999999728e-01
8.465000000000000302e-01
8.348999999999999755e-01
8.270999999999999464e-01
8.351999999999999424e-01
8.191500000000000448e-01
8.491999999999999549e-01
8.447000000000000064e-01
8.364000000000000323e-01
8.291999999999999371e-01
8.267499999999999849e-01
8.371999999999999442e-01
8.327999999999999847e-01
8.265000000000000124e-01
8.377499999999999947e-01
8.368500000000000938e-01
8.309500000000000774e-01
8.404000000000000359e-01
8.324499999999999122e-01
8.408999999999999808e-01
8.330499999999999572e-01
8.381499999999999506e-01
8.342499999999999361e-01
8.248999999999999666e-01
8.374999999999999112e-01
8.388999999999999790e-01
8.381000000000000671e-01
8.400000000000000799e-01
8.373500000000000387e-01
8.264500000000000179e-01
8.383000000000000451e-01
8.328499999999999792e-01
8.329999999999999627e-01
8.308999999999999719e-01
8.299499999999999655e-01
8.442000000000000615e-01
8.330500000000000682e-01
8.335500000000000131e-01
8.381000000000000671e-01
8.365000000000000213e-01
8.316000000000000059e-01
8.413999999999999257e-01
8.282499999999999307e-01
8.327499999999999902e-01
8.432500000000000551e-01
8.430999999999999606e-01
8.324500000000000233e-01
8.179000000000000714e-01
8.423499999999999321e-01
8.413500000000000423e-01
8.397499999999999964e-01
8.369999999999999662e-01
8.265500000000000069e-01
8.235000000000000098e-01
8.372999999999999332e-01
8.424000000000000377e-01
8.358499999999999819e-01
8.270500000000000629e-01
8.289999999999999591e-01
8.395500000000000185e-01
8.327999999999999847e-01
8.379999999999999671e-01
8.309999999999999609e-01
8.341499999999999471e-01
8.375000000000000222e-01
8.388999999999999790e-01
8.372999999999999332e-01
8.267999999999999794e-01
8.356500000000000039e-01
8.388499999999999845e-01
8.371500000000000608e-01
8.248499999999999721e-01
8.395500000000000185e-01
8.392500000000000515e-01
8.419499999999999762e-01
8.409499999999999753e-01
8.211500000000000465e-01
8.253000000000000336e-01
8.345000000000000195e-01
8.465000000000000302e-01
8.327999999999999847e-01
8.245999999999999996e-01
8.309999999999999609e-01
8.398499999999999854e-01
8.397999999999999909e-01
8.445500000000000229e-01
8.374500000000000277e-01
8.253000000000000336e-01
8.277499999999999858e-01
8.425000000000000266e-01
8.357499999999999929e-01
8.233500000000000263e-01
8.457500000000000018e-01
8.358999999999999764e-01
8.402499999999999414e-01
8.362000000000000544e-01
8.362499999999999378e-01
8.292000000000000481e-01
8.233500000000000263e-01
8.403000000000000469e-01
8.284000000000000252e-01
8.322499999999999343e-01
8.389999999999999680e-01
8.430500000000000771e-01
8.330999999999999517e-01
8.292500000000000426e-01
8.359499999999999709e-01
8.331999999999999407e-01
8.323499999999999233e-01
8.425000000000000266e-01
8.333500000000000352e-01
8.338499999999999801e-01
8.385000000000000231e-01
8.339499999999999691e-01
8.407999999999999918e-01
8.322000000000000508e-01
8.417999999999999927e-01
8.326999999999999957e-01
8.259000000000000785e-01
8.391500000000000625e-01
8.277499999999999858e-01
8.376500000000000057e-01
8.367999999999999883e-01
8.413999999999999257e-01
8.306499999999999995e-01
8.321499999999999453e-01
8.308999999999999719e-01
8.357000000000001094e-01
8.289500000000000757e-01
8.330999999999999517e-01
8.368499999999999828e-01
8.347500000000001030e-01
8.448999999999999844e-01
8.383000000000000451e-01
8.300499999999999545e-01
8.243500000000000272e-01
8.363000000000000433e-01
8.426499999999998991e-01
8.353500000000000369e-01
8.283500000000000307e-01
8.447500000000000009e-01
8.358499999999999819e-01
8.287499999999999867e-01
8.448499999999999899e-01
8.287499999999999867e-01
8.366500000000000048e-01
8.375000000000000222e-01
8.353000000000000425e-01
8.290500000000000647e-01
8.279000000000000803e-01
8.342000000000000526e-01
8.406000000000000139e-01
8.381000000000000671e-01
8.370499999999999607e-01
8.391500000000000625e-01
8.233000000000000318e-01
8.388499999999999845e-01
8.372999999999999332e-01
8.314000000000000279e-01
8.363499999999999268e-01
8.362000000000000544e-01
8.414000000000000368e-01
8.386000000000000121e-01
8.375500000000000167e-01
8.265500000000000069e-01
8.262000000000000455e-01
8.330999999999999517e-01
8.469499999999999806e-01
8.274000000000000243e-01
8.363499999999999268e-01
8.331999999999999407e-01
8.350500000000000700e-01
8.338000000000000966e-01
8.296499999999999986e-01
8.390499999999999625e-01
8.289500000000000757e-01
8.350499999999999590e-01
8.380499999999999616e-01
8.388500000000000956e-01
8.302000000000000490e-01
8.413500000000000423e-01
8.384000000000000341e-01
8.382499999999999396e-01
8.340499999999999581e-01
8.321000000000000618e-01
8.338999999999999746e-01
8.282500000000000417e-01
8.386000000000000121e-01
8.373999999999999222e-01
8.326999999999999957e-01
8.318499999999999783e-01
8.443000000000000504e-01
8.369999999999999662e-01
8.267500000000000959e-01
8.262000000000000455e-01
8.248999999999999666e-01
8.428999999999999826e-01
8.397999999999999909e-01
8.449999999999999734e-01
8.302499999999999325e-01
8.332500000000000462e-01
8.329500000000000792e-01
8.401499999999999524e-01
8.318999999999999728e-01
8.374500000000000277e-01
8.369999999999999662e-01
8.294500000000000206e-01
8.401000000000000689e-01
8.346000000000000085e-01
8.381499999999999506e-01
8.321000000000000618e-01
8.397999999999999909e-01
8.306000000000000050e-01
8.312500000000000444e-01
8.399000000000000909e-01
8.361499999999999488e-01
8.285500000000000087e-01
8.301000000000000600e-01
8.336000000000000076e-01
8.387000000000000011e-01
8.421000000000000707e-01
8.319000000000000838e-01
8.420499999999999652e-01
8.185499999999999998e-01
8.338999999999999746e-01
8.409500000000000863e-01
8.380499999999999616e-01
8.408499999999999863e-01
8.339499999999999691e-01
8.374999999999999112e-01
8.309999999999999609e-01
8.332999999999999297e-01
8.355999999999998984e-01
8.342499999999999361e-01
8.305000000000000160e-01
8.380499999999999616e-01
8.339499999999999691e-01
8.336000000000000076e-01
8.350499999999999590e-01
8.364000000000000323e-01
8.381499999999999506e-01
8.238999999999999657e-01
8.362000000000000544e-01
8.322000000000000508e-01
8.370999999999999552e-01
8.375500000000000167e-01
8.356500000000000039e-01
8.275000000000000133e-01
8.439499999999999780e-01
8.443000000000000504e-01
8.387499999999999956e-01
8.316000000000000059e-01
8.228499999999999703e-01
8.347499999999999920e-01
8.306999999999999940e-01
8.482499999999999485e-01
8.403499999999999304e-01
8.287499999999999867e-01
8.392999999999999350e-01
8.394500000000000295e-01
8.257499999999999840e-01
8.308999999999999719e-01
8.347500000000001030e-01
8.302499999999999325e-01
8.414999999999999147e-01
8.354500000000000259e-01
8.382000000000000561e-01
8.305500000000000105e-01
8.350999999999999535e-01
8.454500000000000348e-01
8.346999999999999975e-01
8.269999999999999574e-01
8.324499999999999122e-01
8.357999999999999874e-01
8.430500000000000771e-01
8.390999999999999570e-01
8.285500000000000087e-01
8.363000000000000433e-01
8.283000000000000362e-01
8.483499999999999375e-01
8.366500000000000048e-01
8.215000000000000080e-01
8.352999999999999314e-01
8.277999999999999803e-01
8.407999999999999918e-01
8.405000000000000249e-01
8.317000000000001059e-01
8.360499999999999599e-01
8.361499999999999488e-01
8.326500000000000012e-01
8.346500000000000030e-01
8.290500000000000647e-01
8.405500000000000194e-01
8.403000000000000469e-01
8.313500000000000334e-01
8.350999999999999535e-01
8.337499999999999911e-01
8.354500000000000259e-01
8.365000000000000213e-01
8.395500000000000185e-01
8.317499999999999893e-01
8.318999999999999728e-01
8.292500000000000426e-01
8.416000000000000147e-01
8.357499999999999929e-01
8.283000000000000362e-01
8.382499999999999396e-01
8.307999999999999829e-01
8.325500000000000123e-01
8.386500000000000066e-01
8.380499999999999616e-01
8.306999999999999940e-01
8.294500000000000206e-01
8.428999999999999826e-01
8.339000000000000856e-01
8.364000000000000323e-01
8.425000000000000266e-01
8.385000000000000231e-01
8.299000000000000821e-01
8.317499999999999893e-01
8.303000000000000380e-01
8.404000000000000359e-01
8.426000000000000156e-01
8.391999999999999460e-01
8.326000000000000068e-01
8.258499999999999730e-01
8.370500000000000718e-01
8.391999999999999460e-01
8.334500000000000242e-01
8.282499999999999307e-01
8.350500000000000700e-01
8.274000000000000243e-01
8.449499999999999789e-01
8.391500000000000625e-01
8.295500000000000096e-01
8.377499999999999947e-01
8.302000000000000490e-01
8.426000000000000156e-01
8.280000000000000693e-01
8.336999999999999966e-01
8.406000000000000139e-01
8.299000000000000821e-01
8.409499999999999753e-01
8.386500000000000066e-01
8.303000000000000380e-01
8.409999999999999698e-01
8.349500000000000810e-01
8.340000000000000746e-01
8.286499999999999977e-01
8.177499999999999769e-01
8.443499999999999339e-01
8.399499999999999744e-01
8.452999999999999403e-01
8.338999999999999746e-01
8.221000000000000529e-01
8.364000000000000323e-01
8.323499999999999233e-01
8.410999999999999588e-01
8.358999999999999764e-01
8.253500000000000281e-01
8.316500000000000004e-01
8.524500000000000410e-01
8.347499999999999920e-01
8.389999999999999680e-01
8.342000000000000526e-01
8.251999999999999336e-01
8.410999999999999588e-01
8.366500000000000048e-01
8.341000000000000636e-01
8.310999999999999499e-01
8.335500000000000131e-01
8.379000000000000892e-01
8.410500000000000753e-01
8.325500000000000123e-01
8.416000000000000147e-01
8.285500000000000087e-01
8.360999999999999543e-01
8.308499999999999774e-01
8.223000000000000309e-01
8.393500000000000405e-01
8.324000000000000288e-01
8.462499999999999467e-01
8.389500000000000846e-01
8.337999999999999856e-01
8.367999999999999883e-01
8.320499999999999563e-01
8.302000000000000490e-01
8.441999999999999504e-01
8.349499999999999700e-01
8.296000000000000041e-01
8.386000000000000121e-01
8.341499999999999471e-01
8.415500000000000203e-01
8.280000000000000693e-01
8.409999999999999698e-01
8.350500000000000700e-01
8.302499999999999325e-01
8.374000000000000332e-01
8.327499999999999902e-01
8.301499999999999435e-01
8.334000000000000297e-01
8.360499999999999599e-01
8.331500000000000572e-01
8.449499999999999789e-01
8.288499999999999757e-01
8.446500000000000119e-01
8.312500000000000444e-01
8.255000000000000115e-01
8.358999999999999764e-01
8.390999999999999570e-01
8.410500000000000753e-01
8.353500000000000369e-01
8.371999999999999442e-01
8.305000000000000160e-01
8.328499999999999792e-01
8.319999999999999618e-01
8.327499999999999902e-01
8.283499999999999197e-01
8.483000000000000540e-01
8.330500000000000682e-01
8.322499999999999343e-01
8.372500000000000497e-01
8.232000000000000428e-01
8.353500000000000369e-01
8.321499999999999453e-01
8.393500000000000405e-01
8.332000000000000517e-01
8.382000000000000561e-01
8.417499999999999982e-01
8.408499999999999863e-01
8.328499999999999792e-01
8.309500000000000774e-01
8.400499999999999634e-01
8.323499999999999233e-01
8.405000000000000249e-01
8.354000000000000314e-01
8.305000000000000160e-01
8.254999999999999005e-01
8.424000000000000377e-01
8.461499999999999577e-01
8.379499999999999726e-01
8.267999999999999794e-01
8.331999999999999407e-01
8.288999999999999702e-01
8.326000000000000068e-01
8.411999999999999478e-01
8.250500000000000611e-01
8.399999999999999689e-01
8.356500000000000039e-01
8.444000000000000394e-01
8.359499999999999709e-01
8.288499999999999757e-01
8.330500000000000682e-01
8.312500000000000444e-01
8.396000000000000130e-01
8.381499999999999506e-01
8.379499999999999726e-01
8.325500000000000123e-01
8.379999999999999671e-01
8.306999999999999940e-01
8.390500000000000735e-01
8.276999999999999913e-01
8.380499999999999616e-01
8.415999999999999037e-01
8.285500000000000087e-01
8.378499999999999837e-01
8.360499999999999599e-01
8.230999999999999428e-01
8.386000000000000121e-01
8.479999999999999760e-01
8.302000000000000490e-01
8.366500000000000048e-01
8.268999999999999684e-01
8.367999999999999883e-01
8.329999999999999627e-01
8.337999999999999856e-01
8.478999999999999870e-01
8.265499999999998959e-01
8.387500000000001066e-01
8.402000000000000579e-01
8.348499999999999810e-01
8.296000000000000041e-01
8.346500000000000030e-01
8.311999999999999389e-01
8.335999999999998966e-01
8.363000000000000433e-01
8.423000000000000487e-01
8.399499999999999744e-01
8.270499999999999519e-01
8.373500000000000387e-01
8.264499999999999069e-01
8.291999999999999371e-01
8.403000000000000469e-01
8.405499999999999083e-01
8.293000000000000371e-01
8.356500000000000039e-01
8.359000000000000874e-01
8.420499999999999652e-01
8.369999999999999662e-01
8.363000000000000433e-01
8.413500000000000423e-01
8.228999999999999648e-01
8.387000000000000011e-01
8.327999999999999847e-01
8.340499999999999581e-01
8.408999999999999808e-01
8.387499999999999956e-01
8.362499999999999378e-01
8.316000000000000059e-01
8.317999999999999838e-01
8.364500000000000268e-01
8.324000000000000288e-01
8.277999999999999803e-01
8.359999999999999654e-01
8.317499999999999893e-01
8.387499999999999956e-01
8.436000000000000165e-01
8.394500000000000295e-01
8.272500000000000409e-01
8.264499999999999069e-01
8.376000000000000112e-01
8.366000000000000103e-01
8.400499999999999634e-01
8.404000000000000359e-01
8.310500000000000664e-01
8.258000000000000895e-01
8.398999999999999799e-01
8.423499999999999321e-01
8.328499999999999792e-01
8.268500000000000849e-01
8.357999999999999874e-01
8.400499999999999634e-01
8.268999999999999684e-01
8.386000000000000121e-01
8.348999999999999755e-01
8.362499999999999378e-01
8.362499999999999378e-01
8.372500000000000497e-01
8.283500000000000307e-01
8.296499999999999986e-01
8.357999999999999874e-01
8.406499999999998973e-01
8.354500000000000259e-01
8.360499999999999599e-01
8.398499999999999854e-01
8.340000000000000746e-01
8.396000000000000130e-01
8.406000000000000139e-01
8.281000000000000583e-01
8.279000000000000803e-01
8.326000000000000068e-01
8.404500000000000304e-01
8.407499999999999973e-01
8.382000000000000561e-01
8.284500000000000197e-01
8.282000000000000473e-01
8.343499999999999250e-01
8.436500000000000110e-01
8.327999999999999847e-01
8.276000000000000023e-01
8.314999999999999059e-01
8.336000000000000076e-01
8.364500000000000268e-01
8.325499999999999012e-01
8.433500000000000441e-01
8.423499999999999321e-01
8.341000000000000636e-01
8.321000000000000618e-01
8.371999999999999442e-01
8.295000000000000151e-01
8.346000000000000085e-01
8.435500000000000220e-01
8.291500000000000536e-01
8.368499999999999828e-01
8.369500000000000828e-01
8.399499999999999744e-01
8.333500000000000352e-01
8.282000000000000473e-01
8.335000000000000187e-01
8.324500000000000233e-01
8.301000000000000600e-01
8.439499999999999780e-01
8.381000000000000671e-01
8.312000000000000499e-01
8.341000000000000636e-01
8.303499999999999215e-01
8.400499999999999634e-01
8.329500000000000792e-01
8.398499999999999854e-01
8.343499999999999250e-01
8.287999999999999812e-01
8.401499999999999524e-01
8.369499999999999718e-01
8.337999999999999856e-01
8.379499999999999726e-01
8.416500000000000092e-01
8.220000000000000639e-01
8.338499999999999801e-01
8.350999999999999535e-01
8.348999999999999755e-01
8.367499999999999938e-01
8.407499999999999973e-01
8.397000000000000020e-01
8.283499999999999197e-01
8.368499999999999828e-01
8.360000000000000764e-01
8.277499999999999858e-01
8.274500000000000188e-01
8.416000000000000147e-01
8.338999999999999746e-01
8.458499999999999908e-01
8.321499999999999453e-01
8.439499999999999780e-01
8.364000000000000323e-01
8.243499999999999162e-01
8.422499999999999432e-01
8.303000000000000380e-01
8.286000000000000032e-01
8.398999999999999799e-01
8.406000000000000139e-01
8.268999999999999684e-01
8.349500000000000810e-01
8.364500000000000268e-01
8.372500000000000497e-01
8.383500000000000396e-01
8.343499999999999250e-01
8.303000000000000380e-01
8.179499999999999549e-01
8.367999999999999883e-01
8.407999999999999918e-01
8.392999999999999350e-01
8.306499999999999995e-01
8.393500000000000405e-01
8.372999999999999332e-01
8.396500000000000075e-01
8.363499999999999268e-01
8.304000000000000270e-01
8.254500000000000171e-01
8.273500000000000298e-01
8.556000000000000272e-01
8.344000000000000306e-01
8.331999999999999407e-01
8.344499999999999140e-01
8.362000000000000544e-01
8.306999999999999940e-01
8.394000000000000350e-01
8.376500000000000057e-01
8.232000000000000428e-01
8.368999999999999773e-01
8.389999999999999680e-01
8.300499999999999545e-01
8.249500000000000721e-01
8.439499999999999780e-01
8.363000000000000433e-01
8.397499999999999964e-01
8.336500000000000021e-01
8.366000000000000103e-01
8.302000000000000490e-01
8.352500000000000480e-01
8.437000000000000055e-01
8.365500000000000158e-01
8.356000000000000094e-01
8.268999999999999684e-01
8.448499999999999899e-01
8.312999999999999279e-01
8.306000000000000050e-01
8.349999999999999645e-01
8.303500000000000325e-01
8.346500000000000030e-01
8.444500000000000339e-01
8.425500000000000211e-01
8.225500000000000034e-01
8.284500000000000197e-01
8.321000000000000618e-01
8.369999999999999662e-01
8.352500000000000480e-01
8.422000000000000597e-01
8.338999999999999746e-01
8.405000000000000249e-01
8.372500000000000497e-01
8.303500000000000325e-01
8.367499999999999938e-01
8.287499999999999867e-01
8.446000000000000174e-01
8.332999999999999297e-01
8.304000000000000270e-01
8.344499999999999140e-01
8.405499999999999083e-01
8.322000000000000508e-01
8.368999999999999773e-01
8.365500000000000158e-01
8.315500000000000114e-01
8.342500000000000471e-01
8.323499999999999233e-01
8.387000000000000011e-01
8.189500000000000668e-01
8.393999999999999240e-01
8.430499999999999661e-01
8.326500000000000012e-01
8.400000000000000799e-01
8.419499999999999762e-01
8.270500000000000629e-01
8.300000000000000711e-01
8.348500000000000920e-01
8.350999999999999535e-01
8.394500000000000295e-01
8.343500000000000361e-01
8.478499999999999925e-01
8.293500000000000316e-01
8.279499999999999638e-01
8.378499999999999837e-01
8.346000000000000085e-01
8.414999999999999147e-01
8.297999999999999821e-01
8.298999999999999710e-01
8.354500000000000259e-01
8.380499999999999616e-01
8.396500000000000075e-01
8.376000000000000112e-01
8.216999999999999860e-01
8.380499999999999616e-01
8.394500000000000295e-01
8.342499999999999361e-01
8.367999999999999883e-01
8.259000000000000785e-01
8.365500000000000158e-01
8.392999999999999350e-01
8.452999999999999403e-01
8.382499999999999396e-01
8.340499999999999581e-01
8.301000000000000600e-01
8.380000000000000782e-01
8.260000000000000675e-01
8.287999999999999812e-01
8.387000000000000011e-01
8.362499999999999378e-01
8.440000000000000835e-01
8.356500000000000039e-01
8.346000000000000085e-01
8.244499999999999051e-01
8.274000000000000243e-01
8.406000000000000139e-01
8.365500000000000158e-01
8.262000000000000455e-01
8.384500000000000286e-01
8.379499999999999726e-01
8.368999999999999773e-01
8.436000000000000165e-01
8.376500000000000057e-01
8.326999999999999957e-01
8.236499999999999932e-01
8.452999999999999403e-01
8.363499999999999268e-01
8.264500000000000179e-01
8.384499999999999176e-01
8.314500000000000224e-01
8.349999999999999645e-01
8.391999999999999460e-01
8.395500000000000185e-01
8.319499999999999673e-01
8.324000000000000288e-01
8.276999999999999913e-01
8.334000000000000297e-01
8.315500000000000114e-01
8.348999999999999755e-01
8.449499999999999789e-01
8.351999999999999424e-01
8.310999999999999499e-01
8.306499999999999995e-01
8.363500000000000378e-01
8.351500000000000590e-01
8.433500000000000441e-01
8.368499999999999828e-01
8.346499999999998920e-01
8.315500000000000114e-01
8.413999999999999257e-01
8.301500000000000545e-01
8.324000000000000288e-01
8.443000000000000504e-01
8.292500000000000426e-01
8.326000000000000068e-01
8.359499999999999709e-01
8.429999999999999716e-01
8.360499999999999599e-01
8.310999999999999499e-01
8.326000000000000068e-01
8.278000000000000913e-01
8.355500000000000149e-01
8.400499999999999634e-01
8.404000000000000359e-01
8.253999999999999115e-01
8.291500000000000536e-01
8.406500000000000083e-01
8.441000000000000725e-01
8.390999999999999570e-01
8.387000000000000011e-01
8.346999999999999975e-01
8.245500000000000052e-01
8.298499999999999766e-01
8.446000000000000174e-01
8.330500000000000682e-01
8.281499999999999417e-01
8.453500000000000458e-01
8.295500000000000096e-01
8.390500000000000735e-01
8.366500000000000048e-01
8.285500000000000087e-01
8.336500000000000021e-01
8.305000000000000160e-01
8.374500000000000277e-01
8.261499999999999400e-01
8.339999999999999636e-01
8.408999999999999808e-01
8.388999999999999790e-01
8.355000000000000204e-01
8.393500000000000405e-01
8.323000000000000398e-01
8.383499999999999286e-01
8.343000000000000416e-01
8.358499999999999819e-01
8.325000000000000178e-01
8.249499999999999611e-01
8.433500000000000441e-01
8.414999999999999147e-01
8.347499999999999920e-01
8.405500000000000194e-01
8.325000000000000178e-01
8.184000000000000163e-01
8.358499999999999819e-01
8.412500000000000533e-01
8.385000000000000231e-01
8.373500000000000387e-01
8.247999999999999776e-01
8.428999999999999826e-01
8.310999999999999499e-01
8.345000000000000195e-01
8.380499999999999616e-01
8.313500000000000334e-01
8.353000000000000425e-01
8.376500000000000057e-01
8.410499999999999643e-01
8.332500000000000462e-01
8.342000000000000526e-01
8.366500000000000048e-01
8.369499999999999718e-01
8.237000000000000988e-01
8.400000000000000799e-01
8.326500000000000012e-01
8.353999999999999204e-01
8.390999999999999570e-01
8.361000000000000654e-01
8.329499999999999682e-01
8.359499999999999709e-01
8.383500000000000396e-01
8.291999999999999371e-01
8.331500000000000572e-01
8.285000000000000142e-01
8.323000000000000398e-01
8.307999999999999829e-01
8.493999999999999329e-01
8.442000000000000615e-01
8.332500000000000462e-01
8.358499999999999819e-01
8.284499999999999087e-01
8.385500000000000176e-01
8.300000000000000711e-01
8.370999999999999552e-01
8.337999999999999856e-01
8.321000000000000618e-01
8.351999999999999424e-01
8.449499999999999789e-01
8.312500000000000444e-01
8.324000000000000288e-01
8.348999999999999755e-01
8.325500000000000123e-01
8.334500000000000242e-01
8.296499999999999986e-01
8.351500000000000590e-01
8.274000000000000243e-01
8.358499999999999819e-01
8.369999999999999662e-01
8.404499999999999194e-01
8.386500000000000066e-01
8.348999999999999755e-01
8.356999999999999984e-01
8.316000000000000059e-01
8.319499999999999673e-01
8.319499999999999673e-01
8.454500000000000348e-01
8.299999999999999600e-01
8.444000000000000394e-01
8.383000000000000451e-01
8.346999999999999975e-01
8.326000000000000068e-01
8.296000000000000041e-01
8.356000000000000094e-01
8.356999999999999984e-01
8.355500000000000149e-01
8.340000000000000746e-01
8.330999999999999517e-01
8.286499999999999977e-01
8.412500000000000533e-01
8.329499999999999682e-01
8.348999999999999755e-01
8.341000000000000636e-01
8.332500000000000462e-01
8.376500000000000057e-01
8.429499999999999771e-01
8.359999999999999654e-01
8.259499999999999620e-01
8.388999999999999790e-01
8.350500000000000700e-01
8.447500000000000009e-01
8.281499999999999417e-01
8.325000000000000178e-01
8.299499999999999655e-01
8.283000000000000362e-01
8.474500000000000366e-01
8.359499999999999709e-01
8.325499999999999012e-01
8.307500000000000995e-01
8.371999999999999442e-01
8.329999999999999627e-01
8.268500000000000849e-01
8.289999999999999591e-01
8.420499999999999652e-01
8.373999999999999222e-01
8.435500000000000220e-01
8.363000000000000433e-01
8.293000000000000371e-01
8.393500000000000405e-01
8.331999999999999407e-01
8.368500000000000938e-01
8.300000000000000711e-01
8.347999999999999865e-01
8.365000000000000213e-01
8.426000000000000156e-01
8.338499999999999801e-01
8.320499999999999563e-01
8.302499999999999325e-01
8.306499999999999995e-01
8.439499999999999780e-01
8.334000000000000297e-01
8.353500000000000369e-01
8.246499999999999941e-01
8.302000000000000490e-01
8.391499999999999515e-01
8.397499999999999964e-01
8.383499999999999286e-01
8.325000000000000178e-01
8.306000000000000050e-01
8.379000000000000892e-01
8.370500000000000718e-01
8.247999999999999776e-01
8.349500000000000810e-01
8.445500000000000229e-01
8.409999999999999698e-01
8.338499999999999801e-01
8.359499999999999709e-01
8.327999999999999847e-01
8.294500000000000206e-01
8.392999999999999350e-01
8.301499999999999435e-01
8.315000000000000169e-01
8.342000000000000526e-01
