0.99403	1.33541e-03
0.98261	9.77656e-03
0.96619	1.22298e-02
0.95301	1.39943e-02
0.94262	1.65409e-02
0.92993	1.94101e-02
0.91914	1.50678e-02
0.90651	2.07872e-02
0.90018	1.74100e-02
0.87140	2.57862e-02
0.87348	1.69451e-02
0.86279	2.88777e-02
0.85323	1.74382e-02
0.83410	2.66242e-02
0.83212	2.67209e-02
0.79513	2.19730e-02
0.76487	2.23046e-02
0.76737	2.03537e-02
0.77071	3.22670e-02
0.71852	3.12609e-02
0.73908	4.19174e-02
0.70055	2.21126e-02
0.66955	4.34851e-02
0.63661	3.91684e-02
0.64016	3.58379e-02
0.60588	3.45839e-02
0.59985	2.22348e-02
0.60830	5.80044e-02
0.55005	3.59150e-02
0.50471	6.37066e-02
0.42776	7.72406e-02
0.45694	6.92777e-02
0.39514	7.04803e-02
0.39581	6.83490e-02
0.32717	8.81301e-02
0.29821	6.31491e-02
0.27949	5.50458e-02
0.19483	8.65857e-02
0.18599	8.92970e-02
0.14626	6.26936e-02
0.18064	7.48087e-02
0.16089	7.38380e-02
0.11316	5.07602e-02
0.10874	7.47411e-02
0.15331	5.08137e-02
0.15444	7.68887e-02
0.11671	9.41872e-02
0.15641	5.56431e-02
0.12326	5.83507e-02
0.09417	5.16862e-02
0.08812	3.81214e-02
0.09098	5.24983e-02
0.09497	4.34331e-02
0.10289	4.73770e-02
0.11380	4.42467e-02
0.11580	6.95427e-02
0.12106	4.36453e-02
0.09675	3.07331e-02
0.08540	4.22582e-02
0.10296	5.22931e-02
0.11521	5.40454e-02
0.10840	5.19010e-02
0.11719	4.95134e-02
0.08714	5.63604e-02
0.08758	3.80200e-02
0.09779	5.52415e-02
0.08014	3.92304e-02
0.08133	6.00787e-02
0.08889	4.75480e-02
0.10160	3.45134e-02
0.11987	3.45887e-02
0.08834	6.65278e-02
0.07319	3.74875e-02
0.09033	4.68243e-02
0.09251	5.01825e-02
0.09342	2.57889e-02
0.10186	2.95281e-02
0.07680	4.96064e-02
0.09292	5.01921e-02
0.09793	4.71960e-02
0.08867	5.24099e-02
0.06913	2.55640e-02
0.12197	5.25102e-02
0.10145	4.25364e-02
0.08230	4.67977e-02
0.08632	4.30155e-02
0.07479	4.06440e-02
0.09529	3.59473e-02
0.10450	4.20726e-02
0.08718	4.86146e-02
0.09854	5.50952e-02
0.09322	3.91919e-02
0.06218	4.36205e-02
0.07801	3.99317e-02
0.09011	2.80524e-02
0.08027	4.95453e-02
0.07105	4.33743e-02
0.08075	4.52633e-02
0.08241	2.95612e-02
