1.0000 2.0000
0.9800 1.9205
0.9600 1.8428
0.9400 1.7665
0.9200 1.6919
0.9000 1.6194
0.8800 1.5484
0.8600 1.4786
0.8400 1.4106
0.8200 1.3440
0.8000 1.2790
0.7800 1.2158
0.7600 1.1542
0.7400 1.0940
0.7200 1.0357
0.7000 0.9785
0.6800 0.9231
0.6600 0.8696
0.6400 0.8175
0.6200 0.7672
0.6000 0.7182
0.5800 0.6711
0.5600 0.6258
0.5400 0.5817
0.5200 0.5389
0.5000 0.4982
0.4800 0.4591
0.4600 0.4215
0.4400 0.3855
0.4200 0.3512
0.4000 0.3185
0.3800 0.2873
0.3600 0.2576
0.3400 0.2296
0.3200 0.2033
0.3000 0.1790
0.2800 0.1560
0.2600 0.1346
0.2400 0.1147
0.2200 0.0962
0.2000 0.0795
0.1800 0.0644
0.1600 0.0510
0.1400 0.0390
0.1200 0.0286
0.1000 0.0198
0.0800 0.0126
0.0600 0.0071
0.0400 0.0031
0.0195 0.0007
