0.99236	1.82056e-03
0.98792	7.52141e-03
0.98055	1.45417e-02
0.96814	1.79122e-02
0.95659	1.64327e-02
0.95033	3.25955e-02
0.94340	2.65524e-02
0.93978	2.51890e-02
0.93115	3.46221e-02
0.91685	3.88229e-02
0.91564	2.78944e-02
0.90189	3.22131e-02
0.90339	1.21738e-02
0.90030	2.94711e-02
0.89847	2.75704e-02
0.88926	3.36659e-02
0.87454	3.50379e-02
0.87098	5.04445e-02
0.87707	4.39021e-02
0.85644	5.67001e-02
0.85388	3.98546e-02
0.85786	5.68348e-02
0.84540	5.42916e-02
0.84063	4.55604e-02
0.82630	5.89945e-02
0.81343	4.51978e-02
0.81516	5.53024e-02
0.78063	5.86960e-02
0.77596	7.07926e-02
0.78883	4.15904e-02
0.77596	6.33589e-02
0.78409	5.68528e-02
0.76940	6.41591e-02
0.74791	4.60338e-02
0.73391	5.28499e-02
0.73570	5.53466e-02
0.73757	6.35632e-02
0.71933	4.81824e-02
0.70734	5.40828e-02
0.69746	6.25030e-02
0.69372	5.84595e-02
0.70135	6.37058e-02
0.69759	5.28634e-02
0.69203	1.02146e-01
0.66949	8.86912e-02
0.65502	1.01047e-01
0.64870	1.05975e-01
0.65442	1.04950e-01
0.66304	7.77608e-02
0.64327	4.52343e-02
0.67101	6.63426e-02
0.66608	7.03400e-02
0.63146	6.16610e-02
0.64924	7.35014e-02
0.61405	7.46472e-02
0.63199	6.56172e-02
0.60850	6.50400e-02
0.60417	8.99688e-02
0.60088	6.14440e-02
0.60663	5.58288e-02
0.61395	5.29916e-02
0.60796	4.84739e-02
0.61902	8.18457e-02
0.58510	4.77606e-02
0.58378	7.40760e-02
0.60881	7.63475e-02
0.62547	5.50734e-02
0.62015	8.02539e-02
0.61679	9.28734e-02
0.60203	5.85512e-02
0.59929	8.77585e-02
0.60792	5.25892e-02
0.60225	5.73300e-02
0.56800	6.84775e-02
0.58834	7.08775e-02
0.58763	7.73778e-02
0.59586	7.24880e-02
0.59034	8.20292e-02
0.55333	6.43370e-02
0.61222	6.38687e-02
0.57573	7.75223e-02
0.58472	7.11515e-02
0.55507	5.40501e-02
0.57927	6.78254e-02
0.59071	6.70085e-02
0.55434	7.84721e-02
0.55966	6.39394e-02
0.60059	5.64763e-02
0.56984	7.60419e-02
0.56350	5.67113e-02
0.55719	6.52676e-02
0.57143	5.70990e-02
0.56109	5.29446e-02
0.53396	6.83355e-02
0.55164	8.29907e-02
0.52583	6.36372e-02
0.53541	7.79000e-02
0.55543	8.80332e-02
0.55133	5.45624e-02
0.58115	7.41141e-02
0.57878	6.94338e-02
0.59701	7.19164e-02
0.60136	7.33788e-02
0.60604	6.05167e-02
0.60274	5.53741e-02
0.61113	5.47091e-02
0.60868	5.08782e-02
0.62092	4.18706e-02
0.62228	4.37568e-02
0.62589	4.08841e-02
0.62963	3.83663e-02
0.62898	4.27535e-02
0.62402	6.34444e-02
0.62624	7.54396e-02
0.64962	5.15576e-02
0.65502	3.55500e-02
0.67930	5.07860e-02
0.67445	5.64973e-02
0.71186	5.06836e-02
0.71512	4.35738e-02
0.72576	4.67861e-02
0.72451	4.30461e-02
0.72357	4.31321e-02
0.73053	3.40511e-02
0.72489	4.32658e-02
0.72760	5.78411e-02
0.73657	5.45212e-02
0.72586	5.06156e-02
0.72330	3.42631e-02
0.73678	3.84118e-02
0.73213	3.24216e-02
0.73512	3.60771e-02
0.73479	3.56287e-02
0.73467	3.56271e-02
0.75919	3.71746e-02
0.75919	3.71746e-02
0.76936	3.81502e-02
0.77341	4.09711e-02
0.78403	3.40985e-02
0.78658	3.68977e-02
0.78867	3.66769e-02
0.79300	4.42409e-02
0.79537	4.88521e-02
0.79957	4.85094e-02
0.79988	4.89196e-02
0.80880	4.85841e-02
0.81872	4.62841e-02
0.81425	4.36100e-02
0.80768	3.61844e-02
0.81330	4.17634e-02
0.81236	4.18217e-02
0.82237	5.00171e-02
0.81953	4.68282e-02
0.82032	4.70211e-02
0.82035	4.70342e-02
0.81571	3.97974e-02
0.83197	3.67930e-02
0.83008	3.39279e-02
0.82607	3.05268e-02
0.82576	2.30921e-02
0.82578	2.30786e-02
0.83771	2.98568e-02
0.84299	3.57190e-02
0.84121	3.77714e-02
0.83031	3.80590e-02
0.84845	4.38818e-02
0.84693	3.89884e-02
0.84584	3.92432e-02
0.85230	3.48423e-02
0.84464	2.74817e-02
0.84998	3.17753e-02
0.84675	2.83668e-02
0.84414	2.79594e-02
0.84422	2.80449e-02
0.84512	2.77752e-02
0.85443	4.53288e-02
0.85361	4.58157e-02
0.87159	3.54643e-02
0.87434	2.70638e-02
0.86526	3.16489e-02
0.86762	3.48150e-02
0.86176	2.62669e-02
0.85699	3.75992e-02
0.86472	2.25720e-02
0.86711	2.51756e-02
0.87221	3.02509e-02
0.86456	3.84316e-02
0.86456	3.84316e-02
0.86480	3.88113e-02
0.85872	3.90434e-02
0.86573	4.09858e-02
0.87259	3.15194e-02
0.87000	3.11933e-02
0.88899	2.70736e-02
0.88869	3.29122e-02
0.89156	3.14349e-02
0.88193	2.62807e-02
0.87907	2.50489e-02
0.88194	2.72248e-02
0.88246	2.73481e-02
0.88187	2.87312e-02
0.88507	2.52713e-02
0.88690	2.68323e-02
0.88985	3.00901e-02
0.88667	2.63978e-02
0.89671	1.80130e-02
0.89366	2.42853e-02
0.89606	2.68415e-02
0.89705	2.75651e-02
0.89758	3.51175e-02
0.90110	1.92149e-02
0.90815	1.84881e-02
0.90422	1.65530e-02
0.90208	1.54503e-02
0.89905	1.41442e-02
0.90260	1.77705e-02
0.90388	1.80729e-02
0.90832	1.91613e-02
0.90834	1.91466e-02
0.91056	1.62693e-02
0.90916	2.07905e-02
0.91037	2.20301e-02
0.91698	2.56772e-02
0.91390	2.42722e-02
0.91354	2.42914e-02
0.91091	2.28763e-02
0.90929	2.53339e-02
0.91199	2.43296e-02
0.91433	2.37433e-02
0.91281	1.33294e-02
0.91122	1.34625e-02
0.91375	1.45835e-02
0.91854	1.65808e-02
0.92206	1.26447e-02
0.92640	1.49656e-02
0.92590	1.65360e-02
0.91913	1.53569e-02
0.92086	1.47404e-02
0.92047	8.22369e-03
0.91511	1.34093e-02
0.91311	1.23985e-02
0.91655	1.53284e-02
0.91803	1.88192e-02
0.92142	1.75239e-02
0.91670	1.88504e-02
0.91382	1.85071e-02
0.91743	1.74818e-02
0.92094	1.33118e-02
0.92660	1.36477e-02
0.92623	1.30404e-02
0.92873	1.09837e-02
0.92986	1.28953e-02
0.92868	1.37073e-02
0.92852	1.30375e-02
0.92847	1.48129e-02
0.93163	1.21057e-02
0.92873	1.40414e-02
0.92312	1.86365e-02
0.92456	1.78718e-02
0.92069	1.72945e-02
0.92748	1.97813e-02
0.92484	1.57119e-02
0.92488	1.56680e-02
0.92048	1.43557e-02
0.92444	1.64141e-02
0.92646	1.83229e-02
0.92800	2.23551e-02
0.93099	1.81094e-02
0.93175	1.63987e-02
0.93288	1.46081e-02
0.93211	1.47574e-02
0.92941	1.44312e-02
0.92979	1.39833e-02
0.93050	2.02290e-02
0.92393	1.78366e-02
0.92200	2.00197e-02
0.92759	1.91121e-02
0.92114	1.74444e-02
0.92215	1.72962e-02
0.93038	2.08210e-02
0.92759	2.23654e-02
0.92768	2.46120e-02
0.92930	2.47334e-02
0.93711	2.11361e-02
0.93472	2.45437e-02
0.93472	2.45437e-02
0.93225	2.46979e-02
0.93143	2.37056e-02
0.92568	1.42702e-02
0.92394	1.68638e-02
0.92333	2.11779e-02
0.92700	2.15264e-02
0.93277	1.92167e-02
0.93686	1.67148e-02
0.93925	1.98934e-02
0.93647	2.20412e-02
0.94145	2.19243e-02
0.94169	1.67247e-02
0.94305	1.96208e-02
0.94580	1.84292e-02
0.94718	1.90683e-02
0.94807	1.63852e-02
0.94870	1.57515e-02
0.94733	1.60923e-02
0.95040	1.92993e-02
0.94431	1.28819e-02
0.94581	1.41602e-02
0.94171	1.70176e-02
0.94740	1.61899e-02
0.95216	1.88585e-02
0.94933	2.09922e-02
0.94935	2.09964e-02
0.94808	2.00430e-02
0.95150	1.67527e-02
0.95583	1.27641e-02
0.95312	1.41511e-02
0.94642	2.05779e-02
0.94649	2.33228e-02
0.94564	2.10735e-02
0.94549	2.14051e-02
0.95025	2.01161e-02
0.94782	2.04099e-02
0.94878	1.90683e-02
0.94888	1.91814e-02
0.95146	2.13386e-02
0.95177	2.27311e-02
0.95425	2.32650e-02
0.96236	2.31888e-02
0.96393	2.17838e-02
0.96554	2.26342e-02
0.96818	1.84909e-02
0.96529	2.05310e-02
0.97066	1.38023e-02
0.97013	1.50985e-02
0.96729	1.48301e-02
0.96343	2.37205e-02
0.96343	2.37228e-02
0.95761	2.25348e-02
0.95913	2.58957e-02
0.95912	2.58852e-02
0.95740	2.49442e-02
0.95819	2.52003e-02
0.95819	2.52003e-02
0.96302	2.41267e-02
0.96332	2.41155e-02
0.95313	2.71870e-02
0.95427	2.86102e-02
0.94800	2.74333e-02
0.94799	2.74284e-02
0.94998	2.83451e-02
0.94859	2.78426e-02
0.94930	2.81550e-02
0.96535	1.72639e-02
0.96833	1.82415e-02
0.96349	1.71917e-02
0.96056	2.12248e-02
0.96300	2.23435e-02
0.96548	1.95163e-02
0.96548	1.95163e-02
0.96558	1.95786e-02
0.96558	1.95786e-02
0.96289	2.27147e-02
0.96609	1.91779e-02
0.96392	2.13574e-02
0.97020	1.91370e-02
0.96717	1.93058e-02
0.96764	1.98816e-02
0.97097	1.96786e-02
0.97097	1.96786e-02
0.97472	1.49975e-02
0.96741	2.78174e-02
0.97145	2.65482e-02
0.97263	2.73346e-02
0.97490	2.81711e-02
0.97823	2.07388e-02
0.97758	2.22376e-02
0.97506	2.30717e-02
0.97350	2.28753e-02
0.97350	2.28753e-02
0.97645	2.45095e-02
0.97289	2.53964e-02
0.96752	2.57331e-02
0.97950	1.52609e-02
0.98560	6.34694e-03
0.98560	6.34694e-03
0.98560	6.34694e-03
0.98574	6.19548e-03
0.97837	1.17713e-02
0.97837	1.17713e-02
0.97837	1.17713e-02
0.97801	1.58107e-02
0.97801	1.58107e-02
0.97801	1.58107e-02
0.97179	1.24725e-02
0.97179	1.24725e-02
0.97179	1.24725e-02
0.96807	4.82123e-03
0.97471	1.33696e-02
0.98141	1.40907e-02
0.98141	1.40907e-02
0.97016	2.98784e-02
0.97016	2.98784e-02
0.97058	3.01516e-02
0.97058	3.01516e-02
0.97058	3.01516e-02
0.97058	3.01516e-02
0.97063	3.01885e-02
0.97063	3.01885e-02
0.97063	3.01878e-02
0.95949	3.15397e-02
0.95949	3.15397e-02
0.95950	3.15446e-02
0.95950	3.15446e-02
0.95950	3.15446e-02
0.95950	3.15446e-02
0.98029	1.07530e-02
0.98029	1.07530e-02
0.98029	1.07530e-02
0.98977	1.26815e-03
0.98981	1.23608e-03
0.97946	1.15800e-02
0.97946	1.15800e-02
0.97946	1.15800e-02
0.98109	9.95514e-03
0.97084	0.00000e+00
0.97084	0.00000e+00
0.97084	0.00000e+00
0.97112	0.00000e+00
0.97112	0.00000e+00
0.97112	0.00000e+00
0.97119	0.00000e+00
0.97119	0.00000e+00
0.97119	0.00000e+00
0.97119	0.00000e+00
0.97119	0.00000e+00
0.97119	0.00000e+00
0.97119	0.00000e+00
0.97119	0.00000e+00
0.97119	0.00000e+00
0.99096	0.00000e+00
0.99096	0.00000e+00
0.99096	0.00000e+00
0.99096	0.00000e+00
0.99096	0.00000e+00
0.99096	0.00000e+00
0.99096	0.00000e+00
0.99096	0.00000e+00
0.99096	0.00000e+00
0.99102	0.00000e+00
