0.93642	1.47332e-02
0.93267	1.81567e-02
0.90195	1.65998e-02
0.89954	1.91320e-02
0.89434	2.17932e-02
0.87235	1.91382e-02
0.84991	2.72511e-02
0.83442	2.67473e-02
0.80660	3.08244e-02
0.79630	4.13534e-02
0.76530	4.32587e-02
0.75415	3.99952e-02
0.73277	3.90560e-02
0.70780	4.99296e-02
0.69037	5.84881e-02
0.64741	3.72987e-02
0.65295	4.71162e-02
0.63222	5.68587e-02
0.59319	4.97606e-02
0.55830	5.21833e-02
0.52550	8.93627e-02
0.47133	1.11427e-01
0.49101	3.46966e-02
0.40552	5.94754e-02
0.37756	5.51740e-02
0.39534	4.55265e-02
0.32033	7.65414e-02
0.27361	9.81363e-02
0.27681	7.81032e-02
0.18917	8.91947e-02
0.25035	1.06217e-01
0.17520	9.55674e-02
0.18695	8.11917e-02
0.17639	7.98800e-02
0.20350	1.00533e-01
0.16532	6.17831e-02
0.14454	9.59760e-02
0.15200	5.35966e-02
0.11911	6.57327e-02
0.14567	7.42187e-02
0.14088	5.12303e-02
0.12398	6.65703e-02
0.12082	6.02424e-02
0.15015	6.30634e-02
0.11661	3.34531e-02
0.10106	3.25058e-02
0.10589	6.80221e-02
0.09621	4.03228e-02
0.12751	5.18249e-02
0.11979	4.10464e-02
0.13356	4.63612e-02
0.09695	4.76643e-02
0.07303	3.92707e-02
0.09329	5.44514e-02
0.09716	3.69936e-02
0.09140	4.04435e-02
0.07043	3.83419e-02
0.10774	4.76968e-02
0.09897	5.02785e-02
0.12069	4.23010e-02
0.07095	3.71399e-02
0.07325	4.13376e-02
0.07994	3.95655e-02
0.08416	4.12095e-02
0.10808	5.22704e-02
0.08111	4.55087e-02
0.08266	4.97256e-02
0.12006	5.09754e-02
0.06337	3.59692e-02
0.09618	5.99320e-02
0.10826	4.52681e-02
0.11708	4.32580e-02
0.08091	4.84971e-02
0.09570	4.95862e-02
0.09831	2.90444e-02
0.06917	4.34664e-02
0.08220	2.27554e-02
0.08633	2.72462e-02
0.07903	3.98729e-02
0.07762	3.70449e-02
0.07086	3.17225e-02
0.06169	4.27589e-02
0.08611	4.83985e-02
0.07467	5.08565e-02
0.08110	2.48899e-02
0.09706	4.77353e-02
0.09599	3.81318e-02
0.10499	3.12945e-02
0.07237	2.77817e-02
0.08047	4.71872e-02
0.09582	4.70976e-02
0.05590	4.57655e-02
0.11833	5.42857e-02
0.09894	4.54833e-02
0.06926	3.58655e-02
0.09152	3.42542e-02
0.07506	3.21320e-02
0.07500	3.70186e-02
0.09726	3.14185e-02
