0.0847
0.1098
0.1605
0.0957
0.1901
0.1528
0.2221
0.0618
0.1431
0.1329
0.1030
0.1170
0.1246
0.0527
0.1083
0.1066
0.1278
0.0971
0.0494
0.0267
0.0855
0.1508
0.2314
0.1588
0.1060
0.1322
0.0878
0.0670
0.0809
0.1415
0.1756
0.1114
0.1394
0.1104
0.1867
0.1089
0.0837
0.1794
0.1493
0.1135
0.1466
0.1448
0.0838
0.1748
0.1806
0.1259
0.0940
0.1827
0.0613
0.1336
0.2077
0.1234
0.0642
0.1182
0.1320
0.0701
0.1470
0.0919
0.0981
0.1434
0.1177
0.1857
0.0873
0.0536
0.1506
0.1202
0.1703
0.2002
0.1101
0.1285
0.1626
0.0543
0.1195
0.1412
0.1250
0.0525
0.1230
0.1628
0.0853
0.0718
0.1297
0.2734
0.1152
0.1892
0.1192
0.1208
0.2398
0.0904
0.1107
0.0618
0.1117
0.0705
0.0933
0.1663
0.0775
0.1772
0.0672
0.1584
0.1699
0.1389
0.1220
0.1154
0.1071
0.1841
0.1721
0.1471
0.1330
0.0282
0.0934
0.1170
0.1146
0.2091
0.1296
0.1713
0.1323
0.1645
0.1101
0.1221
0.1229
0.1195
0.0625
0.1234
0.1569
0.1209
0.1371
0.0991
0.1202
0.1006
0.2262
0.0893
0.1073
0.1032
0.1579
0.0294
0.1609
0.0441
0.1197
0.1802
0.1211
0.0760
0.1005
0.1296
0.1181
0.1930
0.1182
0.0936
0.0979
0.0750
0.1881
0.0465
0.0840
0.0318
0.2064
0.1292
0.1424
0.0452
0.1843
0.1853
0.0713
0.1278
0.0592
0.0505
0.1685
0.1423
0.0768
0.0661
0.1778
0.1060
0.0768
0.0650
0.1528
0.1291
0.1394
0.1186
0.1841
0.1022
0.0843
0.1041
0.1107
0.1251
0.1407
0.0749
0.1810
0.0656
0.1188
0.1016
0.1484
0.0877
0.1071
0.0492
0.1829
0.1895
0.0493
0.1081
0.0755
0.1291
0.1105
0.0982
0.0459
0.1401
0.1737
0.0907
0.0694
0.1426
0.1094
0.1005
0.1072
0.0344
0.1188
0.2075
0.1281
0.0602
0.0761
0.2088
0.0825
0.0628
0.0622
0.2082
0.1094
0.1041
0.1409
0.0705
0.1483
0.1677
0.1316
0.1034
0.1046
0.1304
0.1689
0.1401
0.0758
0.1127
0.1562
0.1178
0.1557
0.1281
0.0434
0.0961
0.2186
0.1094
0.0931
0.1484
0.1696
0.1601
0.1731
0.0437
0.1422
0.2015
0.0425
0.1407
0.0931
0.1349
0.1044
0.1433
0.0790
0.1589
0.1927
0.1149
0.1679
0.1102
0.1079
0.1155
0.0714
0.1025
0.1257
0.1930
0.0972
0.1322
0.0813
0.0559
0.0935
0.2523
0.1204
0.1461
0.1073
0.0868
0.1741
0.0711
0.0758
0.1671
0.1453
0.1080
0.1156
0.0514
0.1559
0.1328
0.1394
0.1348
0.1469
0.0639
0.0771
0.1420
0.1483
0.1255
0.1114
0.0677
0.0912
0.2235
0.1039
0.1405
0.0770
0.1294
0.1154
0.1691
0.0399
0.1265
0.1643
0.1955
0.0479
0.1358
0.1258
0.0919
0.1989
0.2026
0.0688
0.1741
0.1503
0.1648
0.1357
0.0997
0.2255
0.1557
0.1261
0.2214
0.1848
0.0768
0.1425
0.0804
0.1825
0.1531
0.1347
0.0947
0.0668
0.1245
0.0929
0.0965
0.0920
0.0841
0.0808
0.1047
0.1025
0.0971
0.1741
0.0673
0.1211
0.1186
0.1173
0.1017
0.1564
0.1936
0.1207
0.0679
0.1259
0.1374
0.2149
0.2126
0.1305
0.1523
0.1344
0.1379
0.0745
0.1051
0.1694
0.0927
0.1240
0.1131
0.1209
0.1712
0.0976
0.0662
0.1424
0.1556
0.0922
0.1837
0.2419
0.1147
0.1816
0.1703
0.1867
0.1170
0.1652
0.0884
0.1181
0.0969
0.1505
0.1135
0.0853
0.1583
0.2418
0.1573
0.0609
0.0892
0.1306
0.1512
0.1634
0.1267
0.0778
0.0922
0.1117
0.1601
0.0992
0.1150
0.0624
0.1225
0.0940
0.0476
0.0585
0.0914
0.1514
0.1264
0.0937
0.0872
0.1463
0.1621
0.1669
0.1172
0.1491
0.1189
0.1295
0.1080
0.1931
0.0994
0.0839
0.1263
0.1104
0.0600
0.0640
0.0861
0.1831
0.1188
0.1223
0.0430
0.0508
0.1119
0.1474
0.1232
0.0993
0.1717
0.0815
0.0496
0.1449
0.1875
0.1036
0.1474
0.0576
0.1008
0.0329
0.1365
0.1102
0.1161
0.1537
0.1739
0.0715
0.1849
0.1277
0.1983
0.1072
0.0563
0.0694
0.2057
0.1374
0.2914
0.0506
0.0552
0.1112
0.1644
0.1580
0.1734
0.1210
0.1062
0.0907
0.0988
0.2069
0.1380
0.1334
0.1106
0.1276
0.2390
0.1773
0.1535
0.0361
0.1039
0.1112
0.1922
0.1426
0.1335
0.0329
0.1478
0.1383
0.1081
0.1139
0.1344
0.1094
0.0579
0.0238
0.1259
0.2013
0.1295
0.0753
0.0762
0.0887
0.0948
0.1115
0.1195
0.1676
0.1854
0.1472
0.0517
0.1114
0.0377
0.1043
0.0866
0.1245
0.2458
0.1169
0.0992
0.1442
0.2033
0.1096
0.1705
0.1429
0.1715
0.1604
0.1254
0.1099
0.0698
0.0886
0.2668
0.1382
0.1482
0.1537
0.1618
0.0779
0.1082
0.0607
0.0546
0.1261
0.2171
0.1382
0.1566
0.1893
0.0730
0.1007
0.1362
0.1526
0.0574
0.0819
0.0855
0.1188
0.1432
0.1161
0.1321
0.1363
0.1835
0.0847
0.0871
0.0443
0.0878
0.1036
0.1984
0.1208
0.0743
0.1527
0.1940
0.0612
0.0852
0.0811
0.1501
0.1310
0.1193
0.1697
0.1896
0.1684
0.1932
0.0661
0.1759
0.0523
0.0795
0.1191
0.1599
0.1258
0.1609
0.0817
0.1473
0.1339
0.1010
0.0904
0.0582
0.1178
0.1831
0.0845
0.1153
0.0675
0.1748
0.0754
0.1213
0.0887
0.1384
0.1351
0.0232
0.0844
0.1109
0.1424
0.1150
0.0609
0.1268
0.0768
0.1287
0.0958
0.1161
0.0729
0.1350
0.1350
0.1518
0.0925
0.1374
0.0436
0.1496
0.0883
0.1819
0.0340
0.0872
0.0614
0.0991
0.1313
0.1319
0.2429
0.1862
0.1221
0.1413
0.1034
0.1569
0.1224
0.1167
0.1198
0.1318
0.1223
0.1450
0.1186
0.0850
0.1068
0.0901
0.0727
0.0924
0.1326
0.1236
0.1104
0.1219
0.1414
0.1641
0.1433
0.1162
0.1592
0.1660
0.0808
0.1350
0.0794
0.1314
0.0658
0.1870
0.1098
0.0609
0.0477
0.1950
0.1851
0.1195
0.0667
0.1718
0.1069
0.0824
0.1096
0.1186
0.0916
0.1802
0.1041
0.1100
0.1548
0.1034
0.1419
0.1105
0.1252
0.1569
0.1742
0.1053
0.1113
0.0811
0.1223
0.1698
0.1313
0.0956
0.1581
0.1766
0.0441
0.1003
0.1047
0.0966
0.1539
0.1378
0.1301
0.0687
0.0726
0.1772
0.0929
0.0844
0.0941
0.1041
0.1431
0.0750
0.1041
0.0945
0.0923
0.0650
0.0858
0.1180
0.0476
0.1067
0.0673
0.1380
0.0899
0.0920
0.0771
0.1478
0.1787
0.1350
0.2714
0.1510
0.1331
0.0946
0.1545
0.1660
0.1005
0.1039
0.1641
0.1043
0.1191
0.0764
0.1169
0.1382
0.1352
0.1131
0.0873
0.0912
0.0821
0.1689
0.0944
0.2414
0.1202
0.1680
0.1219
0.2431
0.1396
0.1016
0.1453
0.1918
0.2036
0.0709
0.0394
0.1939
0.1658
0.1263
0.1180
0.1083
0.1892
0.1924
0.0719
0.1087
0.1128
0.2246
0.1446
0.1127
0.0804
0.1250
0.0977
0.0978
0.1100
0.1438
0.0317
0.0758
0.1070
0.1509
0.1547
0.1228
0.2031
0.1626
0.0889
0.1547
0.1940
0.1223
0.1366
0.1612
0.0715
0.0701
0.1298
0.0987
0.1153
0.1616
0.1442
0.0605
0.1716
0.1084
0.1442
0.1966
0.1471
0.2318
0.1028
0.1144
0.1071
0.1711
0.1140
0.0838
0.1045
0.1541
0.0758
0.1647
0.0732
0.1297
0.1712
0.1240
0.1172
0.0408
0.1325
0.0917
0.1160
0.1316
0.2361
0.0840
0.0420
0.1430
0.1522
0.1001
0.0982
0.0905
0.1191
0.0894
0.1006
0.1657
0.1444
0.1652
0.0972
0.2191
0.0980
0.1281
0.1580
0.1852
0.0754
0.0983
0.1180
0.1615
0.1444
0.1715
0.1672
0.0933
0.1022
0.1139
0.1401
0.1051
0.0842
0.1676
0.0946
0.1100
0.1655
0.0476
0.1068
0.1277
0.0828
0.1654
0.1876
0.1128
0.0870
0.1858
0.1660
0.0284
0.1273
0.1537
0.0553
0.2080
0.1303
0.1348
0.0843
0.0927
0.0700
0.1499
0.1333
0.1273
0.0740
0.1014
0.1814
0.1776
0.0785
0.2250
0.1604
0.0985
0.1444
0.1706
0.0580
0.1773
0.1270
0.2183
0.1130
0.2149
0.1076
0.0911
0.1735
0.2605
0.1774
0.1082
0.1120
0.1549
0.0866
0.1033
0.1350
0.1359
0.1227
0.1946
0.0437
0.0911
0.1169
0.1224
0.1392
0.1539
0.1667
0.1720
0.1450
0.1297
0.0910
0.0994
0.1232
0.1019
0.1392
0.1390
0.0608
0.1655
0.2457
0.1167
0.0843
0.0967
0.1365
0.1312
0.1513
0.1840
0.0636
0.1914
0.1927
0.1454
0.0554
0.1548
0.0694
0.1035
0.1023
0.0822
0.2084
0.1620
0.0657
0.0742
0.1555
0.0930
0.0996
0.1200
0.1524
0.1464
0.0989
0.1562
0.0812
0.1117
0.1520
0.0802
0.1198
0.1942
0.1253
0.1033
0.0698
0.1345
0.0763
0.1528
0.0843
0.1933
0.1574
0.1626
0.0489
0.0808
0.1569
0.1824
0.0652
0.1672
0.1537
0.1027
0.0612
0.0779
0.0628
0.1180
0.1584
0.1353
0.1393
0.0821
0.1513
0.2198
0.0720
0.1477
0.0903
0.1977
