0.0840
0.0810
0.1322
0.1076
0.2669
0.2094
0.1427
0.1200
0.1578
0.1759
0.1918
0.1090
0.2406
0.1621
0.1067
0.0381
0.1567
0.1725
0.1947
0.1194
0.0879
0.1808
0.0731
0.1414
0.2147
0.1654
0.1634
0.1544
0.1945
0.2274
0.1991
0.1443
0.1393
0.1738
0.0868
0.1800
0.1640
0.1012
0.1323
0.2133
0.1436
0.1160
0.1525
0.1722
0.0971
0.1186
0.2415
0.2192
0.1236
0.1306
0.0992
0.1607
0.1686
0.1671
0.1465
0.1132
0.1279
0.2299
0.1649
0.1516
0.1879
0.1923
0.0841
0.0987
0.1311
0.2547
0.2573
0.2077
0.2021
0.0985
0.1122
0.1435
0.1549
0.0608
0.1037
0.0897
0.1941
0.1028
0.1529
0.0887
0.2029
0.1375
0.1732
0.1862
0.1027
0.0534
0.1012
0.1257
0.1887
0.1375
0.1663
0.0460
0.1017
0.2127
0.2144
0.1710
0.0734
0.1305
0.1678
0.1973
0.1171
0.1212
0.1527
0.1695
0.2025
0.2279
0.1550
0.1727
0.0502
0.2161
0.2733
0.1634
0.1953
0.1827
0.1244
0.1092
0.0411
0.1124
0.1736
0.1023
0.1994
0.1708
0.1033
0.0410
0.1965
0.1163
0.0586
0.0913
0.0850
0.3097
0.2148
0.1964
0.1732
0.0890
0.2040
0.2650
0.1744
0.1188
0.1356
0.0881
0.1057
0.1878
0.0995
0.0835
0.2040
0.0969
0.1363
0.1191
0.1086
0.1373
0.0842
0.0744
0.1194
0.0382
0.1625
0.0808
0.0985
0.2131
0.0936
0.2051
0.1937
0.1423
0.1043
0.1790
0.0894
0.1559
0.1575
0.1446
0.1039
0.2670
0.1791
0.1318
0.0948
0.0946
0.1103
0.1362
0.0768
0.1461
0.0831
0.1598
0.1548
0.0609
0.1569
0.0326
0.1394
0.1247
0.1050
0.1679
0.1679
0.1348
0.1580
0.2577
0.0649
0.1207
0.1727
0.1142
0.1007
0.1290
0.1306
0.1571
0.2348
0.1862
0.0914
0.1908
0.2399
0.1272
0.2050
0.1383
0.1493
0.1891
0.1248
0.1157
0.1036
0.2371
0.1640
0.0709
0.1498
0.2219
0.1690
0.0478
0.0970
0.1333
0.1536
0.2376
0.0814
0.1310
0.1238
0.1714
0.0946
0.1351
0.1366
0.2039
0.1643
0.1122
0.1217
0.1368
0.1049
0.1615
0.0912
0.1075
0.1129
0.1146
0.2354
0.0839
0.1477
0.1298
0.0934
0.1287
0.1441
0.0838
0.2100
0.2228
0.1128
0.1325
0.1199
0.1508
0.1672
0.1417
0.1440
0.1404
0.1783
0.1705
0.1344
0.1307
0.1448
0.1330
0.1149
0.1619
0.1370
0.1350
0.2757
0.1528
0.1159
0.1706
0.2385
0.1559
0.1354
0.0711
0.0779
0.2281
0.1199
0.0872
0.1758
0.1997
0.1612
0.0993
0.1659
0.1547
0.2230
0.1289
0.1558
0.1455
0.2035
0.1580
0.0898
0.1740
0.1707
0.2220
0.0823
0.1306
0.1993
0.0799
0.0877
0.0928
0.1298
0.1445
0.1461
0.0395
0.1042
0.1601
0.1777
0.0601
0.2135
0.1313
0.0580
0.1275
0.2163
0.1971
0.1886
0.1062
0.0861
0.2453
0.1941
0.0363
0.2254
0.1623
0.1149
0.0979
0.0874
0.1129
0.1366
0.1707
0.2375
0.1740
0.1463
0.1635
0.1058
0.1043
0.1669
0.1678
0.1161
0.0662
0.1806
0.1660
0.2615
0.0882
0.1028
0.2189
0.1455
0.1492
0.1946
0.1452
0.0879
0.1202
0.1818
0.2378
0.1330
0.2064
0.1447
0.1972
0.2182
0.1836
0.1669
0.0487
0.1326
0.0349
0.1632
0.1474
0.1549
0.0839
0.2221
0.0651
0.2046
0.2007
0.1346
0.2064
0.1435
0.1912
0.0468
0.1415
0.1614
0.1087
0.0644
0.0951
0.1645
0.1257
0.1041
0.1615
0.1303
0.0558
0.1585
0.1125
0.1312
0.2428
0.0963
0.1433
0.1291
0.1131
0.1915
0.2229
0.2719
0.1571
0.1353
0.2881
0.1396
0.0834
0.1734
0.1383
0.1219
0.1975
0.1906
0.1073
0.1786
0.0721
0.0614
0.1437
0.1981
0.1947
0.1269
0.1708
0.2366
0.1446
0.1889
0.1265
0.0871
0.2734
0.2720
0.1822
0.1118
0.1244
0.1696
0.1200
0.2232
0.1115
0.1415
0.1494
0.0825
0.0914
0.1104
0.0306
0.1470
0.1045
0.1548
0.1431
0.1429
0.2159
0.2106
0.1970
0.1117
0.1903
0.1789
0.1110
0.1883
0.1124
0.0772
0.1453
0.1176
0.1415
0.1435
0.1514
0.1106
0.1131
0.1785
0.1627
0.1283
0.1599
0.0644
0.1625
0.2059
0.1332
0.1225
0.0879
0.1096
0.1870
0.1285
0.1645
0.0760
0.1757
0.1326
0.1852
0.2673
0.2228
0.0231
0.1626
0.1437
0.0878
0.1502
0.0822
0.1920
0.0868
0.1191
0.1437
0.1458
0.1310
0.2871
0.1054
0.1307
0.1292
0.1922
0.2517
0.2014
0.1623
0.2536
0.1115
0.1957
0.1875
0.1851
0.1323
0.1308
0.0941
0.1765
0.2016
0.0765
0.1044
0.2131
0.1051
0.1509
0.1171
0.0963
0.0698
0.1719
0.1880
0.0691
0.1884
0.1381
0.1182
0.1670
0.1429
0.1373
0.1588
0.2212
0.1991
0.1804
0.1556
0.1335
0.1143
0.2418
0.1926
0.0950
0.2060
0.1076
0.1997
0.1881
0.1450
0.1782
0.0696
0.1037
0.1457
0.1609
0.2639
0.1967
0.0359
0.0852
0.1513
0.1518
0.1192
0.1159
0.0668
0.1619
0.1410
0.1668
0.1383
0.1132
0.1771
0.2421
0.1406
0.2241
0.1680
0.1323
0.0771
0.1280
0.1925
0.1978
0.1515
0.1756
0.0463
0.1441
0.0986
0.2340
0.1703
0.0816
0.2205
0.0907
0.1590
0.0961
0.1711
0.1656
0.1438
0.1238
0.1310
0.0823
0.1360
0.1418
0.0771
0.1486
0.2074
0.1569
0.1092
0.1558
0.0679
0.0947
0.1769
0.1008
0.2364
0.1009
0.1127
0.0866
0.0970
0.2374
0.2054
0.2286
0.2029
0.0625
0.1072
0.1387
0.1815
0.1453
0.1903
0.1020
0.0664
0.1882
0.2065
0.1818
0.1400
0.1170
0.2694
0.1055
0.2251
0.1512
0.1310
0.1088
0.1594
0.1495
0.1109
0.1419
0.1775
0.1314
0.1825
0.0573
0.1705
0.2910
0.2286
0.1476
0.1685
0.2010
0.1604
0.1239
0.2388
0.1422
0.1753
0.1945
0.1027
0.0789
0.0562
0.1045
0.0671
0.1826
0.2682
0.1547
0.1738
0.0536
0.1898
0.1642
0.1145
0.1648
0.1563
0.1284
0.1267
0.1821
0.2538
0.1960
0.1450
0.1800
0.1395
0.1064
0.1708
0.1414
0.0861
0.1990
0.1326
0.0697
0.1181
0.1632
0.2259
0.1752
0.2173
0.1230
0.0849
0.1648
0.2750
0.0877
0.1123
0.0522
0.1005
0.0960
0.0834
0.1213
0.1443
0.1613
0.1118
0.1163
0.1278
0.0799
0.2887
0.2623
0.1946
0.2673
0.1965
0.1644
0.1033
0.0624
0.1042
0.1514
0.1645
0.1334
0.1512
0.1324
0.1264
0.1632
0.0979
0.2022
0.2120
0.1252
0.1063
0.0458
0.1692
0.1608
0.1805
0.2285
0.1230
0.0830
0.1170
0.1621
0.1237
0.1079
0.1794
0.1747
0.2727
0.2094
0.0839
0.0849
0.0759
0.2303
0.2345
0.0871
0.0944
0.0734
0.0384
0.1050
0.0824
0.1116
0.1127
0.1346
0.1080
0.0972
0.2155
0.1314
0.2181
0.0995
0.1498
0.1874
0.0902
0.1567
0.1756
0.1255
0.1436
0.1469
0.1563
0.1481
0.1826
0.2355
0.0848
0.0874
0.1299
0.0923
0.1188
0.0566
0.1257
0.1111
0.0640
0.0763
0.0465
0.0494
0.0791
0.1563
0.1683
0.1676
0.0926
0.0819
0.1915
0.0857
0.1110
0.1356
0.1257
0.1399
0.0973
0.0719
0.1424
0.1326
0.0939
0.2286
0.1308
0.1541
0.1377
0.1726
0.1040
0.1821
0.1216
0.1080
0.1264
0.1703
0.2715
0.1197
0.0638
0.1435
0.1052
0.1487
0.1380
0.1865
0.1456
0.0496
0.1281
0.1073
0.2096
0.1674
0.2268
0.0588
0.1436
0.1756
0.1450
0.0960
0.1997
0.1203
0.1711
0.1603
0.1008
0.0450
0.1214
0.2199
0.2891
0.1667
0.2315
0.2352
0.1838
0.0607
0.1243
0.1186
0.1117
0.1132
0.1176
0.1968
0.2839
0.1858
0.1701
0.2547
0.2062
0.0976
0.0823
0.1302
0.0914
0.1088
0.0998
0.0678
0.0330
0.1838
0.1589
0.1493
0.1393
0.1477
0.1513
0.1528
0.2132
0.1325
0.0808
0.1102
0.1046
0.1439
0.1883
0.1560
0.1161
0.1275
0.2031
0.0891
0.0704
0.2269
0.1414
0.0404
0.1442
0.1752
0.1336
0.0496
0.1863
0.1970
0.1861
0.1311
0.1212
0.1816
0.1581
0.0991
0.1462
0.1256
0.1280
0.2996
0.1552
0.1169
0.1113
0.1487
0.1230
0.1402
0.1826
0.1627
0.1322
0.1500
0.1794
0.1686
0.1082
0.1485
0.2432
0.1456
0.1255
0.1799
0.1035
0.1111
0.1518
0.1755
0.1522
0.1238
0.0712
0.1713
0.1041
0.1211
0.0810
0.0603
0.0731
0.1765
0.2208
0.1935
0.1467
0.0632
0.1161
0.0975
0.0898
0.2057
0.1183
0.1526
0.0545
0.1585
0.2471
0.1729
0.1809
0.1604
0.1740
0.2818
0.2292
0.1351
0.1299
0.2312
0.1297
0.0907
0.1894
0.1593
0.1318
0.1456
0.1693
0.1427
0.1249
0.1150
0.1364
0.1657
0.1538
0.1549
0.2646
0.1791
0.1224
0.1628
0.1145
0.3070
0.1835
0.1875
0.1429
0.2258
0.1214
0.1695
0.1001
0.1040
0.1729
0.1458
0.0644
0.1195
0.1382
0.1111
0.1294
0.1104
0.0941
0.1070
0.1647
0.1119
0.0723
0.0586
0.0779
