0.0756
0.0791
0.0769
0.1126
0.0944
0.1053
0.1348
0.0827
0.1219
0.0849
0.0962
0.1221
0.0908
0.0638
0.0713
0.1065
0.0901
0.0947
0.0904
0.1040
0.1022
0.1271
0.1099
0.1127
0.1393
0.1298
0.0961
0.0885
0.0948
0.0633
0.0694
0.0947
0.0827
0.0942
0.1193
0.1114
0.0902
0.1028
0.1232
0.1427
0.0756
0.1318
0.0925
0.1193
0.1044
0.0562
0.1307
0.1092
0.1001
0.0984
0.0721
0.0960
0.1071
0.1093
0.0968
0.0839
0.1031
0.0735
0.1147
0.0917
0.0993
0.1018
0.1144
0.0804
0.1117
0.0711
0.1060
0.1003
0.0709
0.0910
0.1150
0.0583
0.0996
0.0870
0.0884
0.0717
0.0997
0.0982
0.1114
0.1104
0.0892
0.0914
0.0763
0.1276
0.1525
0.1050
0.0599
0.1030
0.1171
0.0903
0.0969
0.1299
0.0906
0.1025
0.0831
0.0807
0.0668
0.1119
0.0844
0.1017
0.0854
0.0911
0.1036
0.1041
0.0850
0.1110
0.1347
0.0835
0.1437
0.0953
0.1025
0.0755
0.1004
0.1097
0.1154
0.1337
0.1243
0.1059
0.0777
0.0949
0.0958
0.1150
0.1003
0.1029
0.0978
0.1066
0.0868
0.1015
0.1278
0.0631
0.1154
0.0782
0.0809
0.1020
0.1099
0.0857
0.0915
0.1096
0.1443
0.1055
0.1236
0.1536
0.0776
0.0977
0.1004
0.0627
0.0999
0.0989
0.0968
0.1085
0.1372
0.1530
0.0732
0.0944
0.0779
0.1427
0.1173
0.0874
0.0999
0.1035
0.1069
0.0827
0.0813
0.0926
0.1066
0.0669
0.1156
0.0778
0.0969
0.0724
0.1060
0.0994
0.0972
0.1192
0.0931
0.1300
0.0864
0.1089
0.0547
0.1249
0.0910
0.1001
0.0363
0.1016
0.1409
0.0913
0.1066
0.0931
0.0716
0.0727
0.0748
0.0614
0.0984
0.1026
0.1082
0.0740
0.1255
0.0845
0.0956
0.1222
0.0937
0.1210
0.0974
0.1185
0.0966
0.1169
0.1006
0.1167
0.1068
0.0738
0.1379
0.1110
0.1011
0.0683
0.0857
0.1045
0.0862
0.0891
0.1014
0.0445
0.0820
0.0690
0.1145
0.1540
0.1233
0.0933
0.0591
0.0838
0.1153
0.1366
0.0941
0.0898
0.1132
0.1088
0.0929
0.0695
0.1359
0.0812
0.0859
0.1512
0.0996
0.0628
0.1249
0.0947
0.0793
0.0965
0.1058
0.0724
0.0925
0.1196
0.1087
0.1502
0.1115
0.1158
0.0805
0.1008
0.1010
0.0812
0.1334
0.0743
0.1025
0.0710
0.0914
0.0841
0.0761
0.0836
0.1215
0.0975
0.0993
0.1323
0.0754
0.0861
0.0823
0.0966
0.1356
0.1412
0.0823
0.0721
0.0939
0.0885
0.0775
0.1332
0.1139
0.0917
0.1134
0.1071
0.0816
0.1136
0.0764
0.0626
0.0765
0.1072
0.0836
0.0780
0.1130
0.0898
0.0995
0.0866
0.1083
0.0797
0.0863
0.0910
0.1160
0.1001
0.1038
0.0720
0.0938
0.1398
0.0810
0.1009
0.0769
0.1129
0.0752
0.0400
0.1074
0.0680
0.1173
0.1167
0.0861
0.0840
0.1196
0.0898
0.1119
0.0884
0.1079
0.1016
0.0712
0.1549
0.0916
0.1117
0.1093
0.1248
0.0682
0.0638
0.1049
0.0902
0.0905
0.0843
0.1038
0.1074
0.0914
0.0866
0.1389
0.0984
0.1100
0.0878
0.1114
0.0828
0.0981
0.0860
0.1009
0.0920
0.1303
0.0632
0.0878
0.1102
0.1016
0.1168
0.0794
0.0933
0.1146
0.0795
0.0827
0.0933
0.1237
0.1278
0.1030
0.0661
0.0813
0.0750
0.0693
0.0877
0.1251
0.1319
0.0836
0.0681
0.1352
0.1037
0.0696
0.1161
0.0952
0.1027
0.0708
0.0730
0.0782
0.0925
0.0751
0.1006
0.0866
0.0902
0.0855
0.0634
0.1258
0.1006
0.0983
0.0578
0.1011
0.0997
0.1013
0.0793
0.0959
0.0941
0.0704
0.1136
0.0902
0.1109
0.0830
0.1166
0.1173
0.1111
0.1101
0.1019
0.1422
0.0887
0.0564
0.0709
0.0889
0.1128
0.1067
0.1085
0.0949
0.0983
0.1055
0.0896
0.1285
0.1039
0.1317
0.1020
0.0779
0.0792
0.0781
0.0569
0.0637
0.0978
0.0706
0.1214
0.1100
0.1013
0.1083
0.1039
0.1113
0.1178
0.0893
0.1330
0.0982
0.0451
0.0903
0.0750
0.1308
0.0616
0.1026
0.0879
0.1074
0.1060
0.0827
0.0970
0.0987
0.0755
0.1141
0.0856
0.1026
0.1029
0.0486
0.0892
0.0814
0.0898
0.1108
0.0587
0.0911
0.1063
0.1282
0.0513
0.1145
0.0809
0.1155
0.0956
0.0838
0.0927
0.1135
0.1170
0.1277
0.0944
0.1125
0.1251
0.0608
0.0941
0.1142
0.1072
0.1042
0.1139
0.1147
0.1303
0.0823
0.0770
0.1065
0.1096
0.0648
0.0693
0.0676
0.0920
0.1291
0.0810
0.0950
0.1429
0.0901
0.1052
0.0777
0.1370
0.0747
0.1077
0.0874
0.1177
0.1174
0.1159
0.1070
0.1187
0.1155
0.0854
0.1025
0.1045
0.1217
0.0815
0.1017
0.0995
0.1188
0.0885
0.0883
0.0836
0.0742
0.1060
0.1269
0.0679
0.1053
0.0886
0.1019
0.1218
0.0843
0.0867
0.0893
0.1421
0.1243
0.0856
0.0991
0.0811
0.0713
0.1068
0.1182
0.0765
0.0842
0.0822
0.0919
0.0698
0.0924
0.1208
0.0927
0.0696
0.0921
0.0820
0.0653
0.0886
0.0957
0.1256
0.0785
0.0934
0.0821
0.1034
0.0725
0.1029
0.1208
0.1528
0.0961
0.0846
0.1075
0.0533
0.0641
0.1406
0.1063
0.0691
0.0645
0.0897
0.1107
0.1006
0.1184
0.1224
0.1025
0.1039
0.0980
0.0912
0.0855
0.0580
0.0562
0.0740
0.0905
0.0736
0.0794
0.0714
0.1059
0.0756
0.0789
0.0771
0.0885
0.0947
0.0902
0.0897
0.0838
0.0893
0.1140
0.1013
0.1152
0.0971
0.1098
0.1351
0.0719
0.0856
0.1139
0.1345
0.0998
0.0645
0.1514
0.1245
0.0800
0.1299
0.1008
0.0889
0.0841
0.0623
0.0790
0.1004
0.0827
0.0944
0.0908
0.1343
0.1376
0.0692
0.0932
0.0650
0.1019
0.0924
0.0891
0.0842
0.1441
0.0688
0.1223
0.0841
0.0750
0.1419
0.1079
0.0740
0.0775
0.1276
0.1189
0.0949
0.0940
0.0822
0.1065
0.1062
0.1042
0.0923
0.0851
0.1196
0.0968
0.1009
0.1171
0.0875
0.0879
0.1080
0.0811
0.1136
0.1107
0.0876
0.0715
0.0805
0.0951
0.1144
0.1108
0.1070
0.0854
0.1267
0.0674
0.0745
0.0911
0.1407
0.1294
0.0875
0.0910
0.0921
0.0884
0.1103
0.0885
0.0776
0.0812
0.0863
0.0881
0.1234
0.0930
0.0713
0.1238
0.1080
0.1014
0.1339
0.1195
0.0857
0.0832
0.0994
0.0819
0.0967
0.0919
0.0929
0.1313
0.0900
0.0909
0.0781
0.1242
0.0773
0.1173
0.1079
0.0875
0.1043
0.0800
0.0850
0.1165
0.0607
0.1000
0.0836
0.1099
0.0737
0.1071
0.0637
0.1425
0.0885
0.1342
0.1054
0.0692
0.1409
0.1264
0.0816
0.1123
0.0554
0.1008
0.1161
0.1001
0.1063
0.1041
0.0795
0.0856
0.1004
0.0643
0.0870
0.0819
0.0720
0.0802
0.1400
0.0699
0.1204
0.0967
0.0840
0.1162
0.0899
0.1040
0.1214
0.0752
0.0688
0.1475
0.1219
0.0739
0.0936
0.0718
0.1121
0.1064
0.1038
0.0900
0.0980
0.0701
0.1116
0.0981
0.0686
0.0933
0.0796
0.1004
0.0885
0.1273
0.1330
0.0950
0.0774
0.1051
0.1130
0.0985
0.1309
0.0635
0.1125
0.1168
0.1001
0.0753
0.1261
0.0906
0.0870
0.0709
0.0914
0.1237
0.0919
0.1133
0.1108
0.0850
0.1009
0.1000
0.1039
0.1231
0.0613
0.1198
0.0770
0.1329
0.1091
0.0822
0.0789
0.1089
0.0890
0.0929
0.1235
0.0880
0.1071
0.0794
0.1121
0.1115
0.1103
0.1090
0.0742
0.0896
0.1295
0.1075
0.0791
0.1316
0.0804
0.1062
0.1212
0.0905
0.0958
0.0834
0.1118
0.0523
0.0846
0.1212
0.0588
0.1093
0.1128
0.0481
0.1207
0.1167
0.1333
0.0704
0.1277
0.1540
0.1117
0.0976
0.0702
0.1190
0.0985
0.1057
0.1268
0.0962
0.0623
0.1129
0.1090
0.1200
0.0915
0.0614
0.0899
0.1051
0.0799
0.0795
0.1293
0.1018
0.0959
0.1115
0.0692
0.0680
0.0952
0.1147
0.1010
0.0932
0.0891
0.0732
0.1062
0.1304
0.1068
0.0908
0.0886
0.1250
0.1035
0.0865
0.0927
0.0916
0.0812
0.0777
0.0887
0.0750
0.1065
0.1215
0.0761
0.0855
0.1089
0.1162
0.1085
0.0744
0.1074
0.1279
0.0844
0.0839
0.1235
0.0415
0.0664
0.0890
0.0468
0.0943
0.1198
0.1034
0.0900
0.1145
0.0946
0.0966
0.1249
0.0983
0.1239
0.1042
0.0803
0.1136
0.1115
0.0911
0.1106
0.1095
0.0998
0.1125
0.1173
0.1260
0.1005
0.0835
0.1045
0.0399
0.0994
0.0612
0.1321
0.0758
0.0639
0.0888
0.0981
0.0813
0.0905
0.1464
0.0808
0.1397
0.0769
0.1151
0.1303
0.1382
0.0828
0.0847
0.0914
0.0644
0.1195
0.0998
0.1080
0.0787
0.1113
0.1062
0.1175
0.1072
0.0884
0.0865
0.1334
0.1217
0.1178
0.0864
0.1168
0.1186
0.0952
0.0857
0.1020
0.1107
0.0682
0.1163
0.0994
0.0847
0.0628
0.0984
0.1020
0.1082
0.0710
0.1115
0.1099
0.0868
0.0962
0.0667
0.1113
0.0971
0.0898
0.1165
0.1442
0.0725
0.1265
0.0708
0.1067
