0.0801
0.1760
0.1497
0.1153
0.1701
0.1724
0.2364
0.2636
0.1767
0.1806
0.1982
0.2089
0.1013
0.2113
0.2025
0.1223
0.1516
0.1586
0.1986
0.1805
0.1213
0.1480
0.1731
0.1507
0.1601
0.1874
0.1810
0.1626
0.1778
0.1543
0.1689
0.1722
0.2088
0.1713
0.2164
0.1393
0.1771
0.2212
0.1929
0.2006
0.1116
0.1506
0.1095
0.2200
0.2102
0.1984
0.1518
0.1792
0.2334
0.1969
0.1102
0.1407
0.2215
0.1731
0.1511
0.1364
0.0813
0.1117
0.1804
0.1455
0.2082
0.2248
0.1634
0.2185
0.1452
0.1590
0.2064
0.1289
0.1805
0.1980
0.1135
0.1176
0.1410
0.2064
0.1747
0.1508
0.1751
0.2521
0.1555
0.1984
0.2025
0.1661
0.2056
0.1499
0.1939
0.2092
0.1879
0.1923
0.1876
0.1996
0.1129
0.1500
0.2346
0.1830
0.1706
0.1841
0.1486
0.1718
0.1475
0.1370
0.1515
0.1839
0.1388
0.2151
0.1458
0.1231
0.1842
0.2211
0.1093
0.1604
0.1628
0.1296
0.2123
0.1967
0.1818
0.1875
0.1847
0.1775
0.2015
0.1490
0.1662
0.1917
0.1547
0.1483
0.1348
0.2000
0.1681
0.1601
0.1931
0.2211
0.1909
0.1917
0.1075
0.1230
0.1406
0.2011
0.1519
0.1782
0.1562
0.1993
0.1835
0.2182
0.2107
0.2455
0.2189
0.1674
0.1850
0.2167
0.2182
0.1771
0.1998
0.1883
0.2636
0.1386
0.1963
0.1579
0.1782
0.1303
0.0980
0.1703
0.2116
0.1676
0.1880
0.1772
0.1894
0.2069
0.1488
0.1839
0.2309
0.1087
0.2072
0.1487
0.1687
0.1916
0.2202
0.2573
0.2302
0.1656
0.2092
0.1621
0.1474
0.1371
0.1597
0.1523
0.0895
0.1855
0.2320
0.1484
0.1689
0.1722
0.2249
0.2309
0.1901
0.1538
0.1428
0.1343
0.1260
0.2183
0.2015
0.1450
0.1910
0.2322
0.2139
0.1535
0.1739
0.1594
0.1616
0.2023
0.2349
0.1858
0.1753
0.1532
0.2268
0.1977
0.1498
0.1852
0.2340
0.2325
0.1705
0.1962
0.1713
0.1699
0.2426
0.1443
0.2031
0.1990
0.1676
0.2139
0.2196
0.1666
0.2289
0.1983
0.2159
0.2126
0.2601
0.1248
0.1568
0.1967
0.1681
0.1231
0.1544
0.1312
0.1344
0.2139
0.1556
0.2090
0.1929
0.1437
0.2065
0.2012
0.1609
0.1464
0.2015
0.2250
0.1693
0.2369
0.2352
0.1931
0.2166
0.1841
0.1184
0.1532
0.1828
0.1427
0.1767
0.1449
0.1914
0.1909
0.1865
0.1820
0.1172
0.1495
0.1986
0.2025
0.2227
0.2468
0.1703
0.1870
0.1976
0.1912
0.1796
0.1422
0.1854
0.1850
0.1909
0.1575
0.2025
0.1995
0.1760
0.1897
0.1630
0.2157
0.1950
0.2117
0.2046
0.2817
0.2026
0.1395
0.1843
0.2202
0.1446
0.1577
0.1567
0.1982
0.2006
0.2255
0.1551
0.1999
0.2107
0.1723
0.1510
0.1721
0.1951
0.1884
0.1233
0.2417
0.1483
0.1937
0.1717
0.1498
0.1908
0.2034
0.1878
0.1842
0.2115
0.1688
0.1873
0.2100
0.1544
0.2179
0.1774
0.1551
0.2359
0.1653
0.2047
0.1778
0.2165
0.2393
0.1884
0.1746
0.1298
0.1901
0.1545
0.1615
0.1740
0.1904
0.1280
0.1601
0.2105
0.2739
0.1910
0.1814
0.2254
0.2426
0.1942
0.1937
0.1353
0.2208
0.1947
0.1544
0.1117
0.2223
0.2204
0.1229
0.1779
0.1462
0.0917
0.1622
0.1494
0.2163
0.1994
0.1437
0.2016
0.1888
0.1660
0.1911
0.1972
0.1788
0.2040
0.1915
0.2404
0.1623
0.1523
0.1809
0.1982
0.2128
0.1786
0.1636
0.1964
0.1564
0.1003
0.1657
0.1706
0.1821
0.1405
0.1337
0.1824
0.1832
0.1336
0.1143
0.2268
0.1852
0.1874
0.1916
0.2352
0.2049
0.1494
0.1203
0.1790
0.1581
0.2187
0.2497
0.1998
0.1655
0.1919
0.2193
0.1782
0.1290
0.1971
0.2285
0.1451
0.1727
0.1565
0.1307
0.1555
0.1826
0.1938
0.2072
0.2284
0.2176
0.2057
0.2478
0.1660
0.2102
0.2576
0.1531
0.2153
0.1863
0.1872
0.1369
0.1848
0.2097
0.1904
0.1406
0.1786
0.2211
0.2109
0.1915
0.2145
0.2601
0.2433
0.1693
0.1805
0.1217
0.1598
0.1302
0.2112
0.2472
0.2395
0.2046
0.2057
0.1621
0.1481
0.1295
0.1564
0.1935
0.1385
0.1863
0.1919
0.1769
0.2020
0.1231
0.2179
0.2227
0.1539
0.1422
0.1983
0.1502
0.1740
0.1731
0.1865
0.2501
0.1410
0.1528
0.1434
0.1886
0.1797
0.1642
0.2444
0.2068
0.2063
0.1502
0.2052
0.2056
0.1578
0.1707
0.1826
0.1867
0.1928
0.1712
0.1260
0.1536
0.1597
0.2295
0.2297
0.1707
0.2069
0.1842
0.1658
0.2073
0.1920
0.1654
0.1321
0.1602
0.1521
0.1417
0.1528
0.1682
0.1778
0.2282
0.2109
0.2595
0.1857
0.1826
0.1499
0.1722
0.2469
0.1906
0.1590
0.1855
0.1661
0.1909
0.2064
0.2034
0.2045
0.1962
0.2189
0.1431
0.2313
0.2066
0.1782
0.2014
0.2184
0.1922
0.1729
0.2182
0.2203
0.2069
0.1995
0.1715
0.1895
0.2617
0.1948
0.1625
0.1735
0.1538
0.1397
0.1631
0.2375
0.2364
0.2367
0.1572
0.1903
0.1360
0.2039
0.2402
0.1773
0.2018
0.2168
0.1636
0.1647
0.2138
0.2026
0.1927
0.1732
0.1471
0.1928
0.2053
0.1871
0.1534
0.1854
0.1733
0.2000
0.2299
0.1674
0.2427
0.1792
0.1438
0.1728
0.2549
0.1620
0.1921
0.1928
0.1982
0.1916
0.2405
0.2086
0.1760
0.1628
0.2338
0.2122
0.1717
0.1093
0.2294
0.2445
0.1507
0.1878
0.1909
0.1990
0.2306
0.1806
0.1505
0.2427
0.1847
0.2116
0.1915
0.1856
0.2099
0.1665
0.1615
0.0945
0.1794
0.1809
0.2186
0.2052
0.1811
0.1825
0.1769
0.2221
0.2052
0.1681
0.1549
0.1422
0.1616
0.1410
0.1888
0.2122
0.1904
0.1635
0.1847
0.1299
0.1799
0.2138
0.2265
0.1472
0.1845
0.1361
0.1691
0.1534
0.1980
0.2155
0.1563
0.1363
0.1296
0.2192
0.1804
0.2322
0.2070
0.2486
0.1853
0.2177
0.1663
0.1386
0.1582
0.1618
0.1606
0.2229
0.1887
0.1988
0.2082
0.1414
0.1585
0.1399
0.1865
0.2206
0.2303
0.1815
0.1894
0.1527
0.2326
0.1644
0.1635
0.2100
0.1905
0.1837
0.2705
0.1908
0.1362
0.1315
0.1579
0.1396
0.1173
0.1156
0.1349
0.1790
0.2207
0.1773
0.2021
0.2085
0.1597
0.1781
0.1965
0.1801
0.1774
0.1319
0.1787
0.1757
0.1929
0.1945
0.1077
0.1242
0.1261
0.1422
0.1697
0.1988
0.1686
0.1375
0.1669
0.1605
0.1923
0.1544
0.1746
0.1798
0.2080
0.1885
0.1627
0.2199
0.1563
0.2785
0.1606
0.1894
0.2216
0.1536
0.1470
0.1612
0.2230
0.2289
0.1667
0.2056
0.1848
0.1334
0.2047
0.1712
0.1506
0.1278
0.1583
0.1862
0.1771
0.1959
0.2092
0.1524
0.1659
0.2319
0.1826
0.1461
0.1691
0.1718
0.1950
0.1590
0.1981
0.2013
0.2163
0.2031
0.1530
0.1604
0.1817
0.1471
0.2044
0.1183
0.2019
0.2219
0.2190
0.1754
0.1747
0.1769
0.1307
0.1878
0.1499
0.1831
0.1608
0.1223
0.1975
0.1793
0.2225
0.1937
0.1672
0.1182
0.1680
0.1463
0.1599
0.2684
0.2721
0.1629
0.1327
0.1425
0.1672
0.1775
0.2087
0.1923
0.2817
0.2333
0.1632
0.1726
0.1650
0.1773
0.1550
0.1930
0.1688
0.2024
0.2023
0.1811
0.2730
0.1636
0.2304
0.2219
0.1928
0.1280
0.1268
0.1905
0.2079
0.1767
0.2639
0.1886
0.2015
0.1839
0.1951
0.1993
0.1523
0.1468
0.1540
0.1418
0.1413
0.1497
0.2437
0.2164
0.1881
0.2005
0.1061
0.2013
0.1717
0.2356
0.1667
0.1499
0.1359
0.1712
0.1630
0.1892
0.1738
0.2374
0.2404
0.2584
0.1867
0.1426
0.1778
0.1401
0.1125
0.1871
0.1633
0.1765
0.1093
0.1949
0.1662
0.1700
0.1714
0.1798
0.2385
0.1756
0.1542
0.1977
0.1323
0.1583
0.1374
0.1089
0.1511
0.2322
0.2145
0.2044
0.1700
0.2063
0.1833
0.1602
0.2423
0.1571
0.1522
0.1546
0.2524
0.2610
0.1742
0.1323
0.2126
0.2127
0.1952
0.1926
0.1516
0.1282
0.1644
0.1864
0.2059
0.2042
0.1929
0.1838
0.1992
0.1513
0.1907
0.2257
0.1740
0.2049
0.1947
0.2106
0.2407
0.2456
0.2321
0.1873
0.1731
0.1548
0.1294
0.1516
0.2309
0.1994
0.2240
0.2163
0.1805
0.1888
0.1795
0.2246
0.1704
0.1701
0.1641
0.1424
0.1076
0.1746
0.1490
0.2314
0.1215
0.2069
0.2013
0.1081
0.2208
0.2141
0.1608
0.1668
0.1917
0.1375
0.2101
0.1751
0.1662
0.1877
0.1784
0.1932
0.1808
0.1899
0.1811
0.1406
0.1480
0.1321
0.1889
0.1509
0.1712
0.1367
0.1660
0.1765
0.1042
0.1669
0.1770
0.1871
0.1573
0.2161
0.1713
0.1769
0.1619
0.2368
0.2860
0.2381
0.1547
0.1741
0.2115
0.1396
0.1952
0.1838
0.1680
0.2330
0.2238
0.1722
0.1880
0.1980
0.1807
0.1844
0.1715
0.2677
0.2230
0.1930
0.2074
0.1934
0.1759
0.2002
0.1907
0.2103
0.1484
0.1548
0.1477
