0.97540	2.95098e-02
0.97684	8.43936e-03
0.96310	1.38012e-02
0.96349	1.26708e-02
0.95363	1.33622e-02
0.95414	1.26768e-02
0.94401	1.42022e-02
0.93908	1.88452e-02
0.91933	1.84193e-02
0.90524	1.39487e-02
0.90510	9.69003e-03
0.88999	2.46852e-02
0.88038	2.07863e-02
0.88650	2.28401e-02
0.84809	2.17794e-02
0.85422	3.52714e-02
0.84494	4.11441e-02
0.82464	3.21285e-02
0.83339	4.19026e-02
0.81668	3.48582e-02
0.81124	4.73791e-02
0.81635	4.89343e-02
0.79646	3.11390e-02
0.79477	4.28455e-02
0.77885	4.11979e-02
0.78422	4.50445e-02
0.76807	6.31170e-02
0.75170	7.73797e-02
0.77718	6.30135e-02
0.75710	5.35528e-02
0.75123	4.19700e-02
0.75147	6.78686e-02
0.73984	8.40941e-02
0.71328	8.39924e-02
0.73628	9.08023e-02
0.70404	8.60993e-02
0.71538	7.40347e-02
0.69529	8.44964e-02
0.68390	1.01370e-01
0.67633	9.03002e-02
0.67501	8.25506e-02
0.65343	8.27877e-02
0.66421	9.97422e-02
0.67354	6.83959e-02
0.66669	8.30316e-02
0.65333	9.09416e-02
0.61187	9.83157e-02
0.63534	6.68542e-02
0.64291	9.02468e-02
0.62299	1.03974e-01
0.63176	8.16884e-02
0.61881	6.16662e-02
0.58963	6.59705e-02
0.62338	5.20301e-02
0.60390	7.88456e-02
0.61301	5.20117e-02
0.60126	5.70856e-02
0.59143	7.00977e-02
0.57906	5.80726e-02
0.56907	5.64713e-02
0.57829	8.10852e-02
0.58784	6.17561e-02
0.53567	6.24350e-02
0.54355	7.75902e-02
0.55761	9.09505e-02
0.54712	5.78221e-02
0.53694	8.45363e-02
0.53856	7.54294e-02
0.51455	9.63730e-02
0.53991	7.53169e-02
0.52520	7.70455e-02
0.53252	6.52077e-02
0.52371	9.33760e-02
0.51969	7.71530e-02
0.55000	5.62978e-02
0.56283	4.31960e-02
0.55410	6.12628e-02
0.57771	7.40350e-02
0.55967	8.62169e-02
0.55000	6.89625e-02
0.54331	7.12909e-02
0.53348	7.08877e-02
0.54606	8.14432e-02
0.56346	8.58094e-02
0.53394	6.34975e-02
0.55210	6.37259e-02
0.55771	5.03640e-02
0.56795	5.80564e-02
0.54877	6.23194e-02
0.53564	3.72770e-02
0.55318	5.71935e-02
0.55591	3.21449e-02
0.55334	5.25619e-02
0.52981	4.62615e-02
0.53480	5.64582e-02
0.54308	7.27547e-02
0.53973	6.87031e-02
0.52463	1.02699e-01
0.54462	3.82913e-02
0.58156	5.77201e-02
0.57808	5.02140e-02
0.58226	5.06027e-02
0.58578	5.17569e-02
0.58828	5.27856e-02
0.57373	5.23898e-02
0.58783	5.99566e-02
0.58783	5.99566e-02
0.59211	5.46770e-02
0.60547	6.10884e-02
0.59658	6.45507e-02
0.60946	6.32389e-02
0.61263	6.72806e-02
0.62549	7.02028e-02
0.62959	6.90150e-02
0.65537	7.38766e-02
0.65989	7.27155e-02
0.66779	7.80144e-02
0.64069	6.66415e-02
0.64919	7.38481e-02
0.65637	6.19056e-02
0.64713	6.34508e-02
0.65404	6.89855e-02
0.67640	7.98008e-02
0.69713	6.62636e-02
0.68918	6.83318e-02
0.69663	7.20590e-02
0.71205	6.77340e-02
0.70684	7.83035e-02
0.67897	7.47335e-02
0.67897	7.47335e-02
0.67897	7.47335e-02
0.68494	6.66844e-02
0.68577	6.53202e-02
0.68917	6.04623e-02
0.70134	5.79292e-02
0.71383	5.46590e-02
0.71383	5.46590e-02
0.72931	3.25871e-02
0.72314	3.21710e-02
0.71261	2.29695e-02
0.71342	2.27470e-02
0.71342	2.27470e-02
0.71342	2.27470e-02
0.73635	4.04075e-02
0.73149	3.85716e-02
0.74397	3.82249e-02
0.74197	3.43713e-02
0.75353	4.48044e-02
0.75130	4.94151e-02
0.76324	6.00188e-02
0.76143	5.85541e-02
0.76844	5.66258e-02
0.77144	5.78461e-02
0.78164	6.05019e-02
0.78373	6.08548e-02
0.77425	5.01292e-02
0.77506	5.06553e-02
0.77633	5.56010e-02
0.77350	4.89307e-02
0.78071	5.40985e-02
0.78708	4.83247e-02
0.79831	3.42702e-02
0.80039	3.45700e-02
0.79173	4.83903e-02
0.79275	4.48678e-02
0.79383	4.99561e-02
0.79604	5.15770e-02
0.80251	4.45505e-02
0.78302	4.10881e-02
0.77880	3.82478e-02
0.79282	5.18010e-02
0.79603	4.74716e-02
0.78484	4.13936e-02
0.79289	3.25338e-02
0.79583	3.21566e-02
0.79864	3.31644e-02
0.80033	3.58787e-02
0.81210	4.01108e-02
0.81215	3.88846e-02
0.80561	3.14926e-02
0.81282	2.93533e-02
0.81104	2.95169e-02
0.82485	3.58717e-02
0.81855	3.19918e-02
0.82000	3.60124e-02
0.82298	5.41243e-02
0.82169	4.86863e-02
0.82865	4.27403e-02
0.82521	4.48921e-02
0.81906	4.75149e-02
0.82691	3.80324e-02
0.82691	3.80324e-02
0.82691	3.80324e-02
0.82703	3.79759e-02
0.83369	3.44282e-02
0.84279	3.81044e-02
0.85740	3.11668e-02
0.84888	2.77591e-02
0.85434	3.53388e-02
0.85897	3.95198e-02
0.86890	3.71434e-02
0.86663	4.10133e-02
0.84994	3.02405e-02
0.84946	3.05007e-02
0.84916	3.05943e-02
0.85191	3.63897e-02
0.85138	3.74896e-02
0.85138	3.74896e-02
0.85344	3.96413e-02
0.85344	3.96413e-02
0.86012	3.72938e-02
0.86717	4.33179e-02
0.86326	3.87417e-02
0.87470	3.43896e-02
0.88054	3.21534e-02
0.88062	2.42883e-02
0.88676	2.50278e-02
0.88207	2.66761e-02
0.87823	2.91054e-02
0.88456	3.03151e-02
0.88456	3.03151e-02
0.88734	3.24526e-02
0.88444	3.07103e-02
0.88890	3.41604e-02
0.89204	2.92082e-02
0.89331	2.91400e-02
0.89078	2.84962e-02
0.89078	2.84962e-02
0.89840	2.27280e-02
0.89766	2.20015e-02
0.89805	2.24020e-02
0.89238	2.44963e-02
0.89238	2.44963e-02
0.89247	2.46130e-02
0.88889	2.71972e-02
0.89556	3.13302e-02
0.89558	3.13549e-02
0.90447	2.87958e-02
0.90639	2.97537e-02
0.90455	3.18652e-02
0.91152	2.90760e-02
0.91231	2.60338e-02
0.91305	2.62362e-02
0.91152	2.72088e-02
0.90683	2.87366e-02
0.90624	2.79267e-02
0.90583	2.89715e-02
0.90520	2.98737e-02
0.90542	3.20074e-02
0.90224	2.81701e-02
0.90512	2.16250e-02
0.90599	1.40616e-02
0.90396	1.26837e-02
0.90813	8.55387e-03
0.91507	1.33020e-02
0.91912	1.62564e-02
0.91701	1.81949e-02
0.91735	1.82587e-02
0.92052	1.81492e-02
0.91867	1.76705e-02
0.92143	1.47901e-02
0.92200	2.19212e-02
0.91669	2.01207e-02
0.91845	2.16305e-02
0.91668	2.03188e-02
0.91649	2.03432e-02
0.92123	1.74968e-02
0.92123	1.74968e-02
0.91890	1.96943e-02
0.91703	2.20728e-02
0.91378	2.15750e-02
0.91716	2.49226e-02
0.92100	2.49274e-02
0.91225	2.19523e-02
0.91188	2.31840e-02
0.91393	2.36784e-02
0.91353	2.27473e-02
0.91366	2.26730e-02
0.91612	2.24644e-02
0.91685	2.65189e-02
0.91899	2.02941e-02
0.91946	2.12799e-02
0.92549	2.10593e-02
0.92046	2.16872e-02
0.92630	1.50478e-02
0.92893	1.34206e-02
0.93235	8.07174e-03
0.93456	8.29379e-03
0.93499	9.15653e-03
0.93343	1.40919e-02
0.92836	1.35457e-02
0.92832	1.37994e-02
0.92831	1.38045e-02
0.92693	1.39766e-02
0.92554	1.41811e-02
0.92676	1.27251e-02
0.93139	2.16856e-02
0.93777	2.03110e-02
0.93514	2.21602e-02
0.93519	2.21343e-02
0.93441	2.21352e-02
0.93609	2.04406e-02
0.93646	2.04520e-02
0.93304	1.92308e-02
0.92894	1.57825e-02
0.92419	1.85194e-02
0.92047	1.91757e-02
0.92088	1.91168e-02
0.92088	1.91168e-02
0.92430	1.67865e-02
0.92879	2.05826e-02
0.92884	2.11055e-02
0.93847	1.80535e-02
0.93319	2.21713e-02
0.93124	2.25064e-02
0.93645	1.92526e-02
0.93643	1.92781e-02
0.93484	1.86385e-02
0.92924	1.80586e-02
0.93232	1.68508e-02
0.93025	2.94172e-02
0.93025	2.94172e-02
0.92823	2.76949e-02
0.93424	2.91835e-02
0.93595	1.92753e-02
0.93062	1.99906e-02
0.93320	1.87495e-02
0.93457	1.90689e-02
0.93250	1.33672e-02
0.92903	1.56318e-02
0.93277	1.80526e-02
0.93251	1.83790e-02
0.93628	1.94402e-02
0.93804	1.97033e-02
0.93892	1.21954e-02
0.93815	1.21513e-02
0.94079	1.72616e-02
0.94079	1.72616e-02
0.94283	1.61264e-02
0.94516	1.57673e-02
0.93675	2.76517e-02
0.93599	2.76411e-02
0.93874	2.95466e-02
0.94242	3.06576e-02
0.94576	2.82430e-02
0.95206	2.01361e-02
0.95206	2.01361e-02
0.95100	2.25890e-02
0.94882	2.13301e-02
0.94883	2.13416e-02
0.95165	2.40656e-02
0.95218	2.47491e-02
0.94928	2.38204e-02
0.94398	1.96982e-02
0.94517	2.00756e-02
0.94678	2.00064e-02
0.94954	2.20382e-02
0.94658	1.49600e-02
0.94069	1.54545e-02
0.95346	1.70651e-02
0.95303	2.03483e-02
0.95077	2.32608e-02
0.95076	2.32595e-02
0.94995	2.12683e-02
0.95040	2.18545e-02
0.96193	1.46807e-02
0.96010	1.30802e-02
0.96028	1.30369e-02
0.95907	1.61458e-02
0.96200	1.61753e-02
0.95799	1.37570e-02
0.95924	1.28662e-02
0.95951	1.28564e-02
0.96151	7.78444e-03
0.96756	1.15712e-02
0.96749	1.15816e-02
0.96998	1.29032e-02
0.96540	1.05554e-02
0.96540	1.05554e-02
0.97416	9.69630e-03
0.97068	1.46515e-02
0.97083	1.47647e-02
0.97093	1.47400e-02
0.96872	1.39996e-02
0.96016	1.76035e-02
0.96016	1.76021e-02
0.96016	1.76021e-02
0.96172	1.88770e-02
0.97088	1.74418e-02
0.97088	1.74418e-02
0.97238	1.81340e-02
0.97402	1.84757e-02
0.96945	1.96774e-02
0.97113	2.21452e-02
0.97113	2.21452e-02
0.97117	2.21684e-02
0.97115	2.21618e-02
0.96764	2.45968e-02
0.96760	2.45651e-02
0.95922	2.63527e-02
0.95922	2.63527e-02
0.95922	2.63527e-02
0.95922	2.63527e-02
0.96833	1.72433e-02
0.96833	1.72433e-02
0.96269	2.29318e-02
0.96270	2.29416e-02
0.94914	0.00000e+00
0.94914	0.00000e+00
0.94914	0.00000e+00
0.94914	0.00000e+00
0.94914	0.00000e+00
0.94914	0.00000e+00
0.94914	0.00000e+00
0.94914	0.00000e+00
0.94914	0.00000e+00
0.95310	0.00000e+00
0.95310	0.00000e+00
0.94125	0.00000e+00
0.94125	0.00000e+00
0.94125	0.00000e+00
0.94125	0.00000e+00
0.94125	0.00000e+00
0.97945	0.00000e+00
0.97945	0.00000e+00
0.97945	0.00000e+00
0.97945	0.00000e+00
0.97945	0.00000e+00
0.94997	0.00000e+00
0.94997	0.00000e+00
0.94997	0.00000e+00
0.96148	0.00000e+00
0.96148	0.00000e+00
0.96148	0.00000e+00
0.94783	0.00000e+00
0.94783	0.00000e+00
0.94783	0.00000e+00
0.94783	0.00000e+00
0.94783	0.00000e+00
0.94783	0.00000e+00
0.94783	0.00000e+00
0.98559	0.00000e+00
0.98559	0.00000e+00
0.96576	0.00000e+00
0.96576	0.00000e+00
0.98563	0.00000e+00
0.98563	0.00000e+00
0.98563	0.00000e+00
0.98563	0.00000e+00
0.98563	0.00000e+00
0.98563	0.00000e+00
0.98563	0.00000e+00
0.98563	0.00000e+00
0.98563	0.00000e+00
0.98563	0.00000e+00
0.98563	0.00000e+00
0.98563	0.00000e+00
0.98563	0.00000e+00
0.98563	0.00000e+00
0.98563	0.00000e+00
0.96648	0.00000e+00
0.96648	0.00000e+00
0.96648	0.00000e+00
0.98715	0.00000e+00
0.98715	0.00000e+00
0.98715	0.00000e+00
0.98715	0.00000e+00
0.96841	0.00000e+00
0.96841	0.00000e+00
0.96841	0.00000e+00
0.96841	0.00000e+00
0.96841	0.00000e+00
0.96841	0.00000e+00
0.98824	0.00000e+00
0.98824	0.00000e+00
0.98802	0.00000e+00
0.98802	0.00000e+00
0.98793	0.00000e+00
0.98791	0.00000e+00
