0.98979	3.23976e-03
0.97957	9.76043e-03
0.97159	8.93349e-03
0.96878	1.04420e-02
0.96346	1.15789e-02
0.95866	1.49994e-02
0.94625	2.45821e-02
0.93698	2.31401e-02
0.91562	1.60102e-02
0.90760	2.98081e-02
0.90403	2.29390e-02
0.87791	2.47989e-02
0.87787	2.73879e-02
0.87959	3.29992e-02
0.85683	4.31620e-02
0.84047	4.07428e-02
0.84106	5.25419e-02
0.81658	3.34895e-02
0.81270	5.75988e-02
0.82824	3.52049e-02
0.79528	4.77640e-02
0.81260	5.47468e-02
0.78469	4.41477e-02
0.80877	4.26291e-02
0.78418	4.28997e-02
0.78162	6.49571e-02
0.77184	6.97050e-02
0.74106	4.96025e-02
0.75376	6.53284e-02
0.75496	6.24168e-02
0.74842	5.41313e-02
0.71423	7.12197e-02
0.71689	1.02751e-01
0.71706	8.38105e-02
0.71410	6.39042e-02
0.70074	1.03820e-01
0.70537	1.25119e-01
0.66191	1.15682e-01
0.68363	9.05286e-02
0.67573	8.37896e-02
0.69073	3.94360e-02
0.67469	7.83602e-02
0.70303	8.04722e-02
0.68663	9.13935e-02
0.66262	9.48779e-02
0.64431	8.41221e-02
0.65224	6.37795e-02
0.65270	6.48285e-02
0.64736	6.18869e-02
0.59336	8.36712e-02
0.60912	8.59190e-02
0.61608	6.39705e-02
0.65481	4.37127e-02
0.63284	4.09429e-02
0.62196	6.04408e-02
0.62800	6.69583e-02
0.61621	6.41243e-02
0.60489	4.89119e-02
0.59956	3.62690e-02
0.60055	4.57080e-02
0.60093	5.48659e-02
0.59403	5.45932e-02
0.57548	6.85676e-02
0.58602	6.41257e-02
0.57372	6.00969e-02
0.57885	5.76330e-02
0.54281	9.14981e-02
0.56090	5.64171e-02
0.55924	5.51394e-02
0.54894	8.05521e-02
0.56239	7.45541e-02
0.54338	7.36192e-02
0.55344	6.23471e-02
0.55730	7.82931e-02
0.56499	5.02262e-02
0.54653	3.94245e-02
0.57197	6.19101e-02
0.55228	8.40582e-02
0.56759	5.39840e-02
0.55676	6.22181e-02
0.55915	7.63129e-02
0.55330	8.76728e-02
0.51809	8.14688e-02
0.54040	7.28032e-02
0.54397	6.51670e-02
0.54953	6.36631e-02
0.56481	8.62563e-02
0.55814	4.84915e-02
0.55823	7.37175e-02
0.54812	5.21893e-02
0.55819	6.54185e-02
0.52637	8.19645e-02
0.53142	6.61896e-02
0.52161	6.52520e-02
0.50027	7.65885e-02
0.49147	8.33827e-02
0.49761	6.84831e-02
0.52325	5.11881e-02
0.53241	6.98998e-02
0.52768	7.03338e-02
0.54630	5.06036e-02
0.54619	4.97117e-02
0.56583	5.22210e-02
0.56048	4.89567e-02
0.56337	3.67714e-02
0.57936	4.46011e-02
0.57630	4.39575e-02
0.59388	4.77196e-02
0.59237	3.90480e-02
0.61185	3.35290e-02
0.60640	4.00528e-02
0.60505	3.16528e-02
0.61309	3.80982e-02
0.62861	6.44042e-02
0.64711	6.94268e-02
0.64402	6.40707e-02
0.64622	6.58029e-02
0.65260	6.64505e-02
0.64321	7.06497e-02
0.64244	7.05060e-02
0.68079	5.71205e-02
0.67337	5.17056e-02
0.68939	5.49221e-02
0.69013	5.50855e-02
0.68990	5.52960e-02
0.69262	5.84478e-02
0.69752	5.57728e-02
0.70549	4.56874e-02
0.71919	5.38513e-02
0.72252	4.85376e-02
0.72644	5.99107e-02
0.72546	6.14246e-02
0.72546	6.14246e-02
0.71745	5.65495e-02
0.71701	5.69363e-02
0.72071	5.04653e-02
0.73461	5.39749e-02
0.73390	5.31801e-02
0.73701	5.71420e-02
0.73883	5.47057e-02
0.74335	6.36811e-02
0.74825	6.68046e-02
0.75303	6.50127e-02
0.75735	6.50742e-02
0.74059	5.02712e-02
0.74059	5.02712e-02
0.74379	5.05988e-02
0.74475	5.19590e-02
0.74475	5.19590e-02
0.76288	4.83515e-02
0.76050	5.73042e-02
0.76161	5.66132e-02
0.76530	5.19618e-02
0.75995	4.91763e-02
0.76992	5.93259e-02
0.77365	5.92898e-02
0.77697	5.79759e-02
0.77894	5.36642e-02
0.76614	5.70315e-02
0.76871	5.79391e-02
0.76172	5.45365e-02
0.77587	3.64555e-02
0.78255	5.91381e-02
0.78858	5.02876e-02
0.79374	4.15485e-02
0.79496	4.11698e-02
0.79852	3.60576e-02
0.79753	3.49255e-02
0.79395	4.12758e-02
0.80164	4.19999e-02
0.80398	4.68217e-02
0.80678	3.49200e-02
0.81226	4.27795e-02
0.80759	3.98039e-02
0.80884	2.86861e-02
0.81035	3.37612e-02
0.81354	3.50944e-02
0.81951	2.68661e-02
0.82738	3.02595e-02
0.83215	2.98650e-02
0.83120	2.78573e-02
0.81680	3.26059e-02
0.83443	4.47733e-02
0.83351	4.92730e-02
0.84491	4.07262e-02
0.84397	3.99601e-02
0.84297	4.07220e-02
0.85185	3.86936e-02
0.86372	3.96230e-02
0.86326	4.19399e-02
0.86150	3.16629e-02
0.86150	3.16629e-02
0.86433	3.51379e-02
0.86232	3.49741e-02
0.85584	3.34571e-02
0.86089	3.29192e-02
0.87599	2.50693e-02
0.87036	2.73482e-02
0.87793	2.95307e-02
0.87375	2.79789e-02
0.87264	2.87037e-02
0.88070	2.81698e-02
0.88178	2.70822e-02
0.87147	2.70887e-02
0.86071	3.03558e-02
0.86843	3.15686e-02
0.86980	3.12981e-02
0.88295	1.90194e-02
0.88238	1.97586e-02
0.88848	1.87272e-02
0.87804	2.85593e-02
0.87912	2.78020e-02
0.88207	2.18252e-02
0.88575	2.51708e-02
0.88705	2.63048e-02
0.89093	2.47590e-02
0.89424	2.33346e-02
0.89881	2.51087e-02
0.89873	2.51063e-02
0.89969	3.06006e-02
0.89832	2.59669e-02
0.90524	2.11052e-02
0.90179	2.21555e-02
0.90190	2.21907e-02
0.90721	2.38918e-02
0.90653	2.39140e-02
0.90653	2.39140e-02
0.90775	2.43355e-02
0.90479	2.36303e-02
0.90973	2.23330e-02
0.91128	2.75971e-02
0.91065	2.86328e-02
0.90823	2.65164e-02
0.91949	2.26271e-02
0.91906	2.66671e-02
0.91906	2.66671e-02
0.91625	2.33412e-02
0.91876	2.46427e-02
0.91826	2.15552e-02
0.92121	2.16564e-02
0.92256	2.22735e-02
0.92122	2.15591e-02
0.92602	1.65064e-02
0.93107	1.36240e-02
0.93500	1.39686e-02
0.93387	1.45570e-02
0.93031	1.53643e-02
0.92112	1.78823e-02
0.92247	1.85510e-02
0.92247	1.85510e-02
0.92712	1.86830e-02
0.92807	2.01760e-02
0.92813	2.02764e-02
0.92813	2.02764e-02
0.92820	2.07292e-02
0.92633	2.09415e-02
0.92749	2.32008e-02
0.92493	2.00069e-02
0.92423	2.05489e-02
0.92667	2.24867e-02
0.92510	1.39187e-02
0.92767	1.99293e-02
0.93048	1.97312e-02
0.92846	1.96641e-02
0.92788	1.87881e-02
0.92866	1.85191e-02
0.92784	1.30373e-02
0.93685	1.54079e-02
0.94059	1.80188e-02
0.93838	2.09646e-02
0.93597	1.99792e-02
0.93641	2.02126e-02
0.93767	2.27743e-02
0.93874	2.13323e-02
0.93461	2.13239e-02
0.93368	2.10057e-02
0.93726	2.23341e-02
0.94090	1.88722e-02
0.93656	1.93489e-02
0.93940	2.26300e-02
0.93609	1.94053e-02
0.94083	1.80109e-02
0.94273	1.78392e-02
0.93710	1.72315e-02
0.93381	1.79862e-02
0.94006	1.96077e-02
0.93964	2.07998e-02
0.94705	1.91854e-02
0.94547	2.00601e-02
0.94510	1.97467e-02
0.94510	1.63798e-02
0.94070	1.88404e-02
0.94151	2.01105e-02
0.94151	2.01105e-02
0.94165	2.00191e-02
0.94165	2.00191e-02
0.93561	1.45480e-02
0.92986	2.00559e-02
0.93603	2.49318e-02
0.93705	2.45216e-02
0.93918	2.62218e-02
0.94580	2.39450e-02
0.94529	2.45948e-02
0.94061	2.35699e-02
0.94651	2.17010e-02
0.94951	2.29377e-02
0.94610	2.37919e-02
0.94754	2.31399e-02
0.94129	2.26419e-02
0.94448	2.33085e-02
0.93695	1.76807e-02
0.95034	2.01551e-02
0.95011	2.02995e-02
0.95117	2.15183e-02
0.95178	2.04013e-02
0.94503	2.25599e-02
0.94065	2.17757e-02
0.94067	2.17891e-02
0.94156	1.64209e-02
0.94157	1.64032e-02
0.93471	1.40273e-02
0.93541	1.60909e-02
0.93689	1.45765e-02
0.94288	1.40065e-02
0.94066	1.29872e-02
0.94129	1.39744e-02
0.94253	1.39819e-02
0.94253	1.39819e-02
0.93971	1.38825e-02
0.93821	1.40987e-02
0.94261	1.55915e-02
0.94153	2.26556e-02
0.94492	2.37223e-02
0.94358	2.27678e-02
0.94354	2.27366e-02
0.94681	2.05820e-02
0.94646	1.64867e-02
0.94976	1.69374e-02
0.94734	1.86904e-02
0.94889	1.98105e-02
0.95038	1.83677e-02
0.95586	2.31551e-02
0.94570	1.86239e-02
0.95359	1.86977e-02
0.95637	1.85671e-02
0.95749	1.95934e-02
0.96176	1.43532e-02
0.96004	1.55138e-02
0.96204	1.76183e-02
0.96120	2.01919e-02
0.96272	2.11245e-02
0.96078	2.26889e-02
0.96378	2.09289e-02
0.96221	2.00492e-02
0.96187	2.02599e-02
0.96707	1.35619e-02
0.96707	1.35619e-02
0.96432	1.69442e-02
0.96497	1.69642e-02
0.96683	1.85361e-02
0.97177	1.34340e-02
0.97177	1.34340e-02
0.96677	1.90507e-02
0.96848	1.90084e-02
0.96832	2.14961e-02
0.96838	2.15319e-02
0.96643	2.05562e-02
0.96655	2.08466e-02
0.96638	2.09052e-02
0.96830	1.94202e-02
0.96705	2.16961e-02
0.97205	1.83613e-02
0.97318	1.80427e-02
0.97494	1.50424e-02
0.97277	1.46528e-02
0.96841	1.77137e-02
0.96980	1.82511e-02
0.96721	1.56892e-02
0.97896	1.25948e-02
0.97896	1.25948e-02
0.97728	1.44541e-02
0.98009	1.17695e-02
0.98375	7.88323e-03
0.98135	1.00418e-02
0.98099	1.19633e-02
0.98097	1.19569e-02
0.98097	1.19569e-02
0.98102	1.20197e-02
0.98525	8.95142e-03
0.98816	6.05976e-03
0.98723	6.11346e-03
0.98426	8.19017e-03
0.98426	8.19017e-03
0.98147	1.12339e-02
0.98147	1.12339e-02
0.98137	1.11692e-02
0.98467	1.06829e-02
0.98464	1.06692e-02
0.98265	1.06205e-02
0.98766	5.02780e-03
0.98404	8.25417e-03
0.98287	8.84814e-03
0.98014	8.62804e-03
0.98013	8.61948e-03
0.97438	3.50109e-03
0.97438	3.50109e-03
0.96510	5.78272e-03
0.96510	5.78272e-03
0.96510	5.78272e-03
0.97446	3.57988e-03
0.97597	5.08687e-03
0.97597	5.08687e-03
0.97597	5.08687e-03
0.98603	4.97552e-03
0.98603	4.97552e-03
0.98603	4.97552e-03
0.97613	4.92288e-03
0.97621	1.49271e-02
0.97621	1.49271e-02
0.97621	1.49271e-02
0.97621	1.49283e-02
0.96128	0.00000e+00
0.96128	0.00000e+00
0.98325	0.00000e+00
0.98325	0.00000e+00
0.98365	0.00000e+00
0.98365	0.00000e+00
0.98399	0.00000e+00
0.98399	0.00000e+00
0.96509	0.00000e+00
0.96509	0.00000e+00
0.96509	0.00000e+00
0.96509	0.00000e+00
0.96509	0.00000e+00
0.96509	0.00000e+00
0.96509	0.00000e+00
0.98641	0.00000e+00
0.98641	0.00000e+00
0.98641	0.00000e+00
0.98641	0.00000e+00
0.98641	0.00000e+00
0.98641	0.00000e+00
0.98642	0.00000e+00
0.98642	0.00000e+00
0.98639	0.00000e+00
0.98639	0.00000e+00
0.98636	0.00000e+00
0.98636	0.00000e+00
0.98635	0.00000e+00
