0.95937	8.35686e-03
0.93291	1.16880e-02
0.90624	1.40699e-02
0.85550	2.29216e-02
0.85252	2.47954e-02
0.83886	2.05492e-02
0.81177	3.18215e-02
0.80923	2.97595e-02
0.80526	3.28794e-02
0.78718	2.91155e-02
0.76225	2.74726e-02
0.76276	3.45930e-02
0.75524	4.35051e-02
0.71759	5.47847e-02
0.69586	3.04667e-02
0.68206	5.03128e-02
0.67635	3.05250e-02
0.65700	4.47717e-02
0.63369	4.01297e-02
0.62029	4.94673e-02
0.58995	5.76534e-02
0.46889	6.18082e-02
0.49564	5.69261e-02
0.47016	6.79391e-02
0.41705	8.72698e-02
0.43902	5.65218e-02
0.42803	9.78952e-02
0.37240	8.46314e-02
0.39506	9.88887e-02
0.30704	1.20265e-01
0.35029	1.04506e-01
0.30638	9.28971e-02
0.37265	1.00668e-01
0.30332	8.39804e-02
0.28862	1.00931e-01
0.29434	8.34478e-02
0.28366	9.13700e-02
0.30565	7.47654e-02
0.25912	9.58271e-02
0.25311	6.73588e-02
0.22099	9.75931e-02
0.25007	1.06123e-01
0.23893	6.32447e-02
0.22279	7.57758e-02
0.21970	7.60967e-02
0.21713	7.76496e-02
0.17436	8.74940e-02
0.14803	6.04579e-02
0.13796	5.40985e-02
0.22288	4.81174e-02
0.19204	7.27831e-02
0.14694	8.39090e-02
0.18815	9.14562e-02
0.16167	7.34255e-02
0.16763	6.19389e-02
0.13631	9.14529e-02
0.14404	6.66306e-02
0.11641	4.33614e-02
0.11943	6.61259e-02
0.09897	4.49060e-02
0.14770	6.85826e-02
0.15289	6.99576e-02
0.11141	5.80211e-02
0.12765	5.47331e-02
0.12018	5.70307e-02
0.07341	4.78573e-02
0.09617	4.91523e-02
0.11071	6.33387e-02
0.11312	4.83706e-02
0.11857	6.54290e-02
0.07267	3.28098e-02
0.08386	5.66589e-02
0.08407	3.38350e-02
0.07523	2.60420e-02
0.08854	3.07373e-02
0.08304	3.25229e-02
0.08057	6.30510e-02
0.10483	5.09080e-02
0.09972	3.57187e-02
0.09248	4.11213e-02
0.05125	2.05960e-02
0.09144	3.34442e-02
0.07733	2.12474e-02
0.05630	3.79841e-02
0.07724	3.56035e-02
0.09473	3.68092e-02
0.10726	4.94929e-02
0.08739	4.61743e-02
0.08765	4.89825e-02
0.09904	5.18375e-02
0.10835	4.72699e-02
0.09206	4.20207e-02
0.09648	3.41389e-02
0.08369	2.13079e-02
0.08405	2.91424e-02
0.08716	2.61432e-02
0.09991	6.10849e-02
0.09239	4.25678e-02
0.09225	4.21192e-02
