0.48738	1.38096e-01
0.39469	1.05214e-01
0.32515	1.44848e-01
0.29250	8.59334e-02
0.27828	1.01949e-01
0.22161	1.05753e-01
0.22381	1.40522e-01
0.20479	1.02959e-01
0.24329	1.09087e-01
0.23366	1.00238e-01
0.21687	8.04493e-02
0.25871	1.09949e-01
0.22621	1.08996e-01
0.23701	1.24952e-01
0.27930	1.21183e-01
0.24422	1.52971e-01
0.26604	1.25065e-01
0.28277	7.00458e-02
0.25368	9.32725e-02
0.28814	7.76373e-02
0.30617	8.67984e-02
0.25065	8.56900e-02
0.31010	9.93755e-02
0.25903	1.24980e-01
0.28141	7.15226e-02
0.20044	9.96540e-02
0.29759	7.99837e-02
0.23937	6.07084e-02
0.25846	1.02450e-01
0.25094	9.89867e-02
0.30260	6.26191e-02
0.24946	7.93500e-02
0.24391	1.23288e-01
0.25471	8.37792e-02
0.27633	7.26955e-02
0.22858	1.12948e-01
0.31155	1.14553e-01
0.25722	8.76381e-02
0.27470	7.76354e-02
0.26693	8.97630e-02
0.23294	9.15009e-02
0.31823	9.28621e-02
0.25326	9.50477e-02
0.30016	5.98189e-02
0.26548	5.21990e-02
0.25917	1.01481e-01
0.27002	7.11829e-02
0.24343	1.13802e-01
0.22043	9.29335e-02
0.22015	8.11515e-02
0.23305	6.64206e-02
0.22138	8.51315e-02
0.20618	6.73428e-02
0.20212	6.51105e-02
0.20717	8.42149e-02
0.24625	7.54408e-02
0.25714	4.75743e-02
0.26303	6.14330e-02
0.18767	5.60820e-02
0.23393	6.38140e-02
0.22089	5.53352e-02
0.22876	4.90059e-02
0.19224	7.68387e-02
0.20046	1.01759e-01
0.21414	8.44780e-02
0.22101	6.98820e-02
0.23097	6.15013e-02
0.18484	9.15361e-02
0.20001	9.83978e-02
0.21218	6.03220e-02
0.20436	8.87991e-02
0.20487	7.76376e-02
0.20424	6.45870e-02
0.18181	6.74029e-02
0.17893	5.81460e-02
0.18583	5.71620e-02
0.15408	7.15062e-02
0.18969	9.36354e-02
0.16589	7.21797e-02
0.18152	5.24806e-02
0.19558	6.70794e-02
0.18195	8.17207e-02
0.12312	7.36231e-02
0.16450	9.22654e-02
0.13569	6.11275e-02
0.17520	5.60494e-02
0.15097	7.09515e-02
0.13340	7.33454e-02
0.17274	7.84000e-02
0.12696	5.05642e-02
0.12491	4.37331e-02
0.19796	5.33723e-02
0.16105	5.05753e-02
0.14113	9.14969e-02
0.15845	6.96352e-02
0.14635	5.77638e-02
0.12409	6.98576e-02
0.17024	5.13847e-02
0.12039	7.76631e-02
0.09386	6.00753e-02
0.14164	6.25739e-02
0.13446	6.24293e-02
0.11182	5.00472e-02
0.11410	5.86157e-02
0.13659	6.57556e-02
0.12161	5.58064e-02
0.12818	4.58355e-02
0.12385	4.25437e-02
0.13877	6.62354e-02
0.16709	6.96865e-02
0.17224	6.53394e-02
0.17224	6.53394e-02
0.18095	5.77789e-02
0.18148	4.48605e-02
0.16702	4.66110e-02
0.16853	4.53219e-02
0.18355	3.23362e-02
0.16709	4.54033e-02
0.16641	4.39622e-02
0.16520	4.64655e-02
0.14874	7.53682e-02
0.11938	6.51551e-02
0.11806	6.65289e-02
0.13437	7.85814e-02
0.15552	5.24650e-02
0.15911	5.78459e-02
0.15893	5.78442e-02
0.13613	5.05379e-02
0.14086	6.63667e-02
0.16073	5.85064e-02
0.15949	5.87310e-02
0.15949	5.87310e-02
0.16469	6.09168e-02
0.17219	6.82696e-02
0.16959	5.23982e-02
0.17150	5.29638e-02
0.17376	4.51999e-02
0.16781	4.48997e-02
0.15474	5.21679e-02
0.15193	5.36701e-02
0.14652	5.85392e-02
0.14867	8.44575e-02
0.12700	7.35090e-02
0.16255	9.06414e-02
0.14830	7.08450e-02
0.16139	7.30007e-02
0.15631	7.62004e-02
0.17253	8.32542e-02
0.17324	8.91482e-02
0.16347	8.07332e-02
0.17203	8.74393e-02
0.18996	9.41728e-02
0.16080	8.66559e-02
0.16080	8.66559e-02
0.20862	7.66265e-02
0.18877	8.37322e-02
0.18695	8.27550e-02
0.17885	8.64247e-02
0.16966	8.52101e-02
0.14865	8.76023e-02
0.16008	9.65052e-02
0.14595	8.93866e-02
0.17552	1.05512e-01
0.21953	1.03955e-01
0.21305	1.04754e-01
0.20393	8.99855e-02
0.19486	8.82932e-02
0.17478	5.87177e-02
0.17974	6.01483e-02
0.18319	7.23103e-02
0.16758	7.42937e-02
0.18511	8.26885e-02
0.19817	7.67473e-02
0.19908	7.57788e-02
0.19467	8.11800e-02
0.19369	6.63922e-02
0.18556	5.54529e-02
0.18148	5.57106e-02
0.20300	1.02079e-01
0.15843	8.83156e-02
0.16363	7.37739e-02
0.17695	7.11636e-02
0.18022	7.46849e-02
0.16874	6.58668e-02
0.14587	7.37017e-02
0.14558	6.28643e-02
0.15757	7.68226e-02
0.19567	7.21843e-02
0.19522	7.22281e-02
0.20692	8.79501e-02
0.24573	9.71820e-02
0.21547	1.09931e-01
0.23445	8.27309e-02
0.20789	8.82888e-02
0.17193	9.92518e-02
0.16158	8.33997e-02
0.15663	8.52050e-02
0.16144	8.87224e-02
0.16693	9.37416e-02
0.21409	1.03682e-01
0.21675	9.96866e-02
0.20405	1.08188e-01
0.20405	1.08188e-01
0.20212	9.99104e-02
0.18050	7.81398e-02
0.18140	7.76152e-02
0.19148	7.45053e-02
0.19251	7.36182e-02
0.18342	7.01373e-02
0.18691	1.00217e-01
0.22187	9.87864e-02
0.20892	8.29422e-02
0.20655	1.03633e-01
0.24031	7.77568e-02
0.23329	8.26167e-02
0.23743	8.40032e-02
0.22425	8.47792e-02
0.25569	6.06934e-02
0.26585	9.25729e-02
0.27448	1.07181e-01
0.29591	9.55524e-02
0.27854	1.13271e-01
0.25492	1.09163e-01
0.22725	7.98195e-02
0.25547	7.22022e-02
0.21834	6.58914e-02
0.21792	6.95780e-02
0.19309	5.34356e-02
0.25521	7.95373e-02
0.24039	6.68071e-02
0.24764	8.48183e-02
0.22937	6.88867e-02
0.22154	7.49493e-02
0.21515	1.21678e-01
0.19771	8.84759e-02
0.22409	7.73315e-02
0.28031	7.70069e-02
0.27540	8.04445e-02
0.28190	6.60349e-02
0.29137	6.74265e-02
0.28577	7.36185e-02
0.27875	3.83678e-02
0.26048	6.72222e-02
0.27092	8.03318e-02
0.27092	8.03318e-02
0.28530	9.13984e-02
0.27430	7.30043e-02
0.27573	6.80674e-02
0.27573	6.80674e-02
0.26180	8.67877e-02
0.25939	8.69909e-02
0.24413	7.81425e-02
0.26988	5.80106e-02
0.25585	7.44034e-02
0.25942	8.52963e-02
0.23229	9.45334e-02
0.21670	1.07534e-01
0.24059	1.17888e-01
0.23139	1.10770e-01
0.25264	9.60139e-02
0.24943	9.05397e-02
0.26691	9.17281e-02
0.27739	1.11632e-01
0.28629	1.04398e-01
0.28220	1.12449e-01
0.28148	1.12057e-01
0.28470	1.09442e-01
0.28235	1.19919e-01
0.27628	1.08001e-01
0.27628	1.08001e-01
0.28518	1.12874e-01
0.30983	1.18635e-01
0.30200	1.14114e-01
0.31515	9.70252e-02
0.33391	6.85569e-02
0.32986	6.07270e-02
0.30565	9.31941e-02
0.31122	9.42138e-02
0.27296	7.32618e-02
0.29691	8.52129e-02
0.29577	8.52019e-02
0.29320	6.13614e-02
0.31451	6.99212e-02
0.30377	8.51457e-02
0.34734	1.26707e-01
0.33114	1.11791e-01
0.32181	1.08452e-01
0.31028	5.42509e-02
0.30871	5.74332e-02
0.31723	6.41112e-02
0.34381	6.00949e-02
0.35989	8.52295e-02
0.37034	6.48509e-02
0.34153	9.38627e-02
0.34153	9.38627e-02
0.34153	9.38627e-02
0.33172	8.37531e-02
0.31608	8.43186e-02
0.29574	7.10489e-02
0.30017	7.46587e-02
0.32549	9.52166e-02
0.32549	9.52166e-02
0.34045	8.20686e-02
0.34045	8.20686e-02
0.36325	6.86560e-02
0.36234	7.65709e-02
0.35712	8.66515e-02
0.33132	1.00784e-01
0.36049	1.04588e-01
0.39075	8.14310e-02
0.38679	8.39402e-02
0.39388	8.45232e-02
0.38507	7.81570e-02
0.38278	8.24077e-02
0.38527	9.58072e-02
0.38532	9.58264e-02
0.36589	9.18148e-02
0.40783	9.16601e-02
0.40195	8.66318e-02
0.40600	8.98724e-02
0.39974	8.50782e-02
0.39789	1.04364e-01
0.40620	8.91473e-02
0.43795	4.69834e-02
0.44403	3.61299e-02
0.42009	6.94780e-02
0.41297	6.66981e-02
0.40793	6.70482e-02
0.41457	7.52207e-02
0.39844	6.61105e-02
0.39844	6.61105e-02
0.39526	6.61644e-02
0.39526	6.61644e-02
0.39072	6.42810e-02
0.39404	9.30921e-02
0.38100	9.90920e-02
0.39665	9.59413e-02
0.39244	9.43148e-02
0.40847	1.13232e-01
0.41313	1.17920e-01
0.42689	1.10336e-01
0.42225	1.15667e-01
0.43694	1.04837e-01
0.43387	1.24792e-01
0.44903	1.07522e-01
0.44367	1.03846e-01
0.43486	1.09360e-01
0.40067	1.09302e-01
0.41083	1.04318e-01
0.41092	1.04388e-01
0.42334	1.19145e-01
0.46934	9.01150e-02
0.44977	1.06733e-01
0.42377	8.82203e-02
0.43359	8.10338e-02
0.45421	9.55546e-02
0.45442	9.38732e-02
0.49191	5.72180e-02
0.44496	7.44117e-02
0.42468	6.28757e-02
0.42819	5.71652e-02
0.42819	5.71652e-02
0.44903	6.94888e-02
0.46653	8.92307e-02
0.47393	8.63090e-02
0.46089	9.41662e-02
0.49181	7.96296e-02
0.49331	7.33004e-02
0.49660	7.84999e-02
0.49460	8.75730e-02
0.46069	5.04464e-02
0.48042	7.59102e-02
0.47046	7.34710e-02
0.46406	8.33517e-02
0.45973	8.88706e-02
0.45973	8.88706e-02
0.47664	1.04158e-01
0.50695	8.88261e-02
0.52066	7.37841e-02
0.50696	4.03322e-02
0.49874	4.95511e-02
0.50841	3.93863e-02
0.47279	4.54144e-02
0.48213	4.91137e-02
0.48213	4.91137e-02
0.47756	4.60529e-02
0.48678	4.16753e-02
0.47798	5.46321e-02
0.49719	7.43941e-02
0.49473	8.29935e-02
0.49473	8.29935e-02
0.52067	6.06155e-02
0.52067	6.06155e-02
0.51137	4.84409e-02
0.51137	4.84409e-02
0.50406	5.96025e-02
0.50095	6.01803e-02
0.50095	6.01803e-02
0.50095	6.01803e-02
0.51041	6.79383e-02
0.51850	7.91324e-02
0.47282	7.04170e-02
0.38242	0.00000e+00
0.38242	0.00000e+00
0.37099	0.00000e+00
0.40235	0.00000e+00
0.40235	0.00000e+00
0.40235	0.00000e+00
0.49693	0.00000e+00
0.49693	0.00000e+00
0.39832	0.00000e+00
