0.68022	8.47942e-02
0.63824	7.95400e-02
0.56341	9.01318e-02
0.53479	9.55162e-02
0.40784	1.35523e-01
0.40651	1.58656e-01
0.39397	1.15821e-01
0.35635	1.61416e-01
0.40897	1.31408e-01
0.43362	1.57826e-01
0.31499	1.86543e-01
0.36426	1.38324e-01
0.39445	1.74629e-01
0.40659	1.23086e-01
0.37536	1.35228e-01
0.43494	1.40953e-01
0.44303	1.40956e-01
0.43741	1.73541e-01
0.44450	1.25351e-01
0.46922	9.40032e-02
0.48225	1.14065e-01
0.48986	6.90442e-02
0.44457	8.20164e-02
0.42457	8.44487e-02
0.40791	9.03985e-02
0.42595	5.59620e-02
0.38339	5.66083e-02
0.37473	9.86151e-02
0.36615	8.48792e-02
0.39348	8.68273e-02
0.40054	4.72235e-02
0.40206	6.89301e-02
0.41879	9.66862e-02
0.43304	6.45434e-02
0.38617	6.74134e-02
0.42667	5.35899e-02
0.38489	6.03663e-02
0.40698	8.61564e-02
0.41793	5.77129e-02
0.40405	6.65928e-02
0.44631	5.77008e-02
0.42479	8.67266e-02
0.39242	3.49515e-02
0.45442	8.06132e-02
0.36924	5.63350e-02
0.41921	7.04099e-02
0.39859	8.47855e-02
0.41447	4.74924e-02
0.39093	8.29485e-02
0.40341	6.42657e-02
0.40419	4.46718e-02
0.38705	1.02273e-01
0.39501	4.99725e-02
0.36463	6.60197e-02
0.39699	5.65181e-02
0.37361	5.11560e-02
0.33600	4.27869e-02
0.32466	8.42043e-02
0.38445	4.94987e-02
0.33028	6.64309e-02
0.32247	5.44398e-02
0.34650	8.08493e-02
0.26522	5.83258e-02
0.30263	7.28655e-02
0.26901	6.84277e-02
0.26910	4.52184e-02
0.32034	7.83631e-02
0.26503	7.01086e-02
0.29531	8.03790e-02
0.28387	2.76199e-02
0.26626	7.79156e-02
0.25246	8.34003e-02
0.24784	5.21905e-02
0.25138	5.73844e-02
0.27613	9.59072e-02
0.21396	5.95392e-02
0.26746	7.63003e-02
0.26707	8.43536e-02
0.22308	6.55199e-02
0.23472	6.44439e-02
0.24918	8.37294e-02
0.28216	8.94744e-02
0.28613	7.60086e-02
0.24546	1.04363e-01
0.20209	9.38665e-02
0.23352	4.80528e-02
0.23141	8.55217e-02
0.23401	6.99440e-02
0.21019	7.14083e-02
0.18912	8.35946e-02
0.21448	6.75822e-02
0.17634	7.24678e-02
0.19202	7.52981e-02
0.21932	9.19758e-02
0.20681	9.94166e-02
0.19023	8.21897e-02
0.21138	6.72979e-02
0.19987	5.43402e-02
0.16660	6.68826e-02
0.16818	6.04065e-02
0.15579	5.95057e-02
0.15579	5.95057e-02
0.16858	8.04523e-02
0.17137	8.13644e-02
0.17272	5.02455e-02
0.17930	5.19381e-02
0.18216	5.78879e-02
0.20471	8.72785e-02
0.20133	8.74708e-02
0.20139	8.74127e-02
0.20981	9.40344e-02
0.18219	8.77426e-02
0.18375	8.01243e-02
0.19730	6.10096e-02
0.20799	3.68440e-02
0.19458	4.72133e-02
0.19595	6.01552e-02
0.18612	6.74945e-02
0.20652	7.10656e-02
0.20847	7.01749e-02
0.18486	7.92755e-02
0.17631	6.37789e-02
0.18269	6.91679e-02
0.18374	6.92659e-02
0.16815	8.35939e-02
0.17016	8.44512e-02
0.17072	8.81548e-02
0.20099	8.30911e-02
0.17974	7.80392e-02
0.17652	7.97273e-02
0.23286	1.01176e-01
0.20356	1.01561e-01
0.25420	8.24597e-02
0.26814	9.24798e-02
0.26814	9.24798e-02
0.26771	1.01086e-01
0.25252	8.87609e-02
0.25467	9.19807e-02
0.22004	6.75567e-02
0.22305	7.01969e-02
0.22176	7.20398e-02
0.21893	7.62707e-02
0.20201	6.20228e-02
0.19750	5.92230e-02
0.19764	7.09481e-02
0.23470	9.02734e-02
0.25230	9.06060e-02
0.25553	8.97875e-02
0.24483	8.92879e-02
0.24486	8.92707e-02
0.27003	8.39462e-02
0.28317	7.74932e-02
0.24224	1.15393e-01
0.24865	9.67262e-02
0.23049	8.10068e-02
0.25482	6.62208e-02
0.26623	7.08836e-02
0.27654	5.91833e-02
0.26904	6.50913e-02
0.25837	6.54034e-02
0.25360	5.64172e-02
0.22671	9.77150e-02
0.22671	9.77150e-02
0.20233	6.18515e-02
0.19212	7.10043e-02
0.18704	7.10907e-02
0.21963	7.29445e-02
0.22793	6.56467e-02
0.23630	7.29849e-02
0.23083	6.12970e-02
0.26660	1.04831e-01
0.26631	1.18535e-01
0.25673	1.16231e-01
0.33136	8.48262e-02
0.30967	7.99678e-02
0.33879	6.07942e-02
0.32657	7.57850e-02
0.29012	4.53261e-02
0.28286	4.29503e-02
0.28752	6.45746e-02
0.28005	5.82280e-02
0.30523	8.43299e-02
0.33015	7.18857e-02
0.33015	7.18857e-02
0.33304	8.11285e-02
0.31564	8.03908e-02
0.33748	1.06729e-01
0.30759	9.10298e-02
0.26937	8.89721e-02
0.29310	1.07859e-01
0.29310	1.07859e-01
0.28717	9.80121e-02
0.28441	9.48205e-02
0.31035	8.42185e-02
0.31549	8.01832e-02
0.34855	7.48289e-02
0.33751	7.97278e-02
0.32579	8.49883e-02
0.35417	5.54361e-02
0.35417	5.54361e-02
0.32419	7.97942e-02
0.30192	7.12162e-02
0.32335	9.13593e-02
0.30985	9.51178e-02
0.32014	9.41449e-02
0.29589	7.75970e-02
0.28917	6.72078e-02
0.28917	6.72078e-02
0.32568	7.98892e-02
0.35129	7.88171e-02
0.35174	7.89969e-02
0.38346	6.99471e-02
0.36257	8.85270e-02
0.35185	7.37526e-02
0.36156	5.25890e-02
0.37657	6.80164e-02
0.39014	6.52051e-02
0.38414	6.28578e-02
0.38414	6.28578e-02
0.36629	5.42773e-02
0.36665	5.70645e-02
0.37723	6.07624e-02
0.38782	4.87311e-02
0.37202	2.89214e-02
0.38396	4.48660e-02
0.37153	5.21565e-02
0.36930	6.96961e-02
0.39052	6.18493e-02
0.37628	6.38076e-02
0.36080	8.90583e-02
0.38056	9.64059e-02
0.39339	1.17493e-01
0.40497	1.26661e-01
0.43589	1.35150e-01
0.41547	1.34768e-01
0.41947	8.91552e-02
0.38572	9.06822e-02
0.36264	1.01306e-01
0.39291	1.03086e-01
0.40171	9.32365e-02
0.41253	9.43130e-02
0.42060	6.33026e-02
0.39736	6.77493e-02
0.41632	6.16129e-02
0.42029	5.82659e-02
0.42066	5.82985e-02
0.42735	6.37513e-02
0.42359	5.99876e-02
0.43029	6.81978e-02
0.44003	6.17537e-02
0.43196	6.05619e-02
0.42458	3.74895e-02
0.42083	4.21742e-02
0.40925	4.46504e-02
0.40775	2.43589e-02
0.42814	5.39583e-02
0.44450	5.95120e-02
0.44450	5.95120e-02
0.47781	8.25087e-02
0.46784	7.91907e-02
0.48153	7.93129e-02
0.50302	5.74954e-02
0.48297	6.37229e-02
0.48970	4.92746e-02
0.46629	6.08641e-02
0.45886	5.76219e-02
0.46715	6.85785e-02
0.47850	5.35463e-02
0.45203	4.87467e-02
0.47289	7.80998e-02
0.46798	8.22286e-02
0.47294	6.16747e-02
0.47181	6.21934e-02
0.47181	6.21934e-02
0.48309	6.52928e-02
0.48309	6.52928e-02
0.46928	6.46337e-02
0.46693	6.22482e-02
0.48890	6.76682e-02
0.48890	6.76682e-02
0.48450	6.77452e-02
0.47506	6.69968e-02
0.47506	6.69968e-02
0.47261	5.58807e-02
0.46652	5.60595e-02
0.45489	3.94733e-02
0.46482	3.01292e-02
0.50546	6.79840e-02
0.50119	5.86455e-02
0.52697	7.50490e-02
0.53942	7.34501e-02
0.53648	7.39174e-02
0.56147	5.05279e-02
0.52010	7.22103e-02
0.51391	7.84842e-02
0.50600	7.12073e-02
0.51761	8.26843e-02
0.52310	6.76838e-02
0.53170	5.94814e-02
0.53656	6.54943e-02
0.52768	6.28846e-02
0.51682	7.21583e-02
0.52708	7.54299e-02
0.51478	8.19221e-02
0.55926	8.25249e-02
0.57316	6.96397e-02
0.57316	6.96397e-02
0.57674	6.95712e-02
0.56923	6.71176e-02
0.56591	6.44082e-02
0.54546	6.80460e-02
0.54828	7.06251e-02
0.54694	6.34948e-02
0.53656	6.53545e-02
0.54640	6.49505e-02
0.54499	6.76749e-02
0.56135	7.62003e-02
0.57411	8.06717e-02
0.57407	7.56987e-02
0.57894	6.35498e-02
0.58060	6.51419e-02
0.56402	7.42826e-02
0.57677	7.09504e-02
0.57455	7.12558e-02
0.57604	7.81509e-02
0.58261	8.57799e-02
0.58261	8.57799e-02
0.58640	8.14840e-02
0.58544	8.63384e-02
0.58549	8.08993e-02
0.58549	8.08993e-02
0.59081	8.12056e-02
0.59000	8.00953e-02
0.58753	7.60357e-02
0.59561	7.88630e-02
0.58478	8.37572e-02
0.58276	9.33473e-02
0.60480	8.27343e-02
0.59166	7.99513e-02
0.59650	8.04181e-02
0.57759	8.61563e-02
0.59863	7.71562e-02
0.58657	7.74927e-02
0.57839	6.37270e-02
0.58734	7.32161e-02
0.59701	8.02468e-02
0.60691	8.51937e-02
0.61177	8.34367e-02
0.58994	7.97776e-02
0.59919	8.62140e-02
0.60822	7.85443e-02
0.60891	7.92860e-02
0.60902	6.70699e-02
0.61041	6.61586e-02
0.61584	7.36742e-02
0.60685	5.84027e-02
0.62616	5.85167e-02
0.63087	7.01170e-02
0.63740	6.21768e-02
0.61958	5.63435e-02
0.65739	8.34304e-02
0.65436	8.58637e-02
0.66166	8.70882e-02
0.64139	9.69945e-02
0.63489	9.04701e-02
0.65087	8.53409e-02
0.62995	7.26312e-02
0.62854	7.10178e-02
0.63590	6.38487e-02
0.64583	5.83407e-02
0.65155	5.42855e-02
0.63596	7.61643e-02
0.63147	7.25141e-02
0.63147	7.25141e-02
0.63921	7.98287e-02
0.63921	7.98287e-02
0.63921	7.98287e-02
0.63170	9.16644e-02
0.66231	7.46828e-02
0.66238	7.47739e-02
0.64147	6.34198e-02
0.61671	4.70114e-02
0.61671	4.70114e-02
0.61671	4.70114e-02
0.60961	4.45476e-02
0.60961	4.45476e-02
0.60961	4.45476e-02
0.60873	4.39971e-02
0.57875	1.77566e-02
0.56821	1.36474e-02
0.57144	1.43742e-02
0.60625	5.62770e-02
0.60625	5.62770e-02
0.60625	5.62770e-02
0.64522	6.67821e-02
0.63773	6.32231e-02
0.63773	6.32231e-02
0.67400	1.89373e-02
0.64348	2.42337e-02
0.63715	2.10768e-02
0.65485	3.53116e-02
0.65485	3.53116e-02
0.66229	4.99016e-02
0.66229	4.99016e-02
0.67912	2.61337e-02
0.67922	2.61900e-02
0.64549	3.95744e-02
0.64549	3.95744e-02
0.64265	3.60259e-02
0.66792	2.56586e-02
0.67028	2.80206e-02
0.67028	2.80206e-02
0.66643	2.41677e-02
0.64226	0.00000e+00
0.64226	0.00000e+00
0.64226	0.00000e+00
0.65666	0.00000e+00
0.65666	0.00000e+00
0.65666	0.00000e+00
0.65666	0.00000e+00
0.65666	0.00000e+00
0.65666	0.00000e+00
0.65666	0.00000e+00
0.63221	0.00000e+00
0.63221	0.00000e+00
0.63221	0.00000e+00
0.63221	0.00000e+00
0.63221	0.00000e+00
0.63221	0.00000e+00
0.63221	0.00000e+00
0.69034	0.00000e+00
