0.97180	4.63821e-03
0.96303	1.32230e-02
0.94641	9.64897e-03
0.92377	2.86953e-02
0.90758	3.01904e-02
0.87944	5.00894e-02
0.84858	6.40585e-02
0.87388	3.21383e-02
0.84472	3.40526e-02
0.84535	3.72256e-02
0.83253	3.62728e-02
0.82947	5.49450e-02
0.83776	3.85554e-02
0.81829	4.37724e-02
0.80915	4.45648e-02
0.82469	3.99433e-02
0.81992	5.10674e-02
0.81850	4.00458e-02
0.80261	4.97779e-02
0.81568	5.23849e-02
0.80465	6.69650e-02
0.79591	5.27788e-02
0.78870	4.31827e-02
0.77166	6.63425e-02
0.75460	5.65995e-02
0.77308	5.13174e-02
0.73980	9.95003e-02
0.75920	6.29176e-02
0.75008	7.40778e-02
0.71844	5.48208e-02
0.72984	6.84909e-02
0.70777	6.39613e-02
0.72498	4.03602e-02
0.72635	4.95753e-02
0.73365	5.45246e-02
0.72859	5.51070e-02
0.70895	6.47611e-02
0.71889	4.83292e-02
0.71406	7.24816e-02
0.71913	6.52619e-02
0.72110	6.80316e-02
0.70498	4.48213e-02
0.72908	5.72633e-02
0.69736	6.78784e-02
0.67468	6.51974e-02
0.69655	5.59556e-02
0.68254	5.05752e-02
0.68013	5.52782e-02
0.67083	4.44735e-02
0.67682	5.95448e-02
0.65406	4.44893e-02
0.63820	5.81734e-02
0.66519	3.31427e-02
0.62694	5.28071e-02
0.62051	3.54237e-02
0.62222	3.41951e-02
0.59562	5.64554e-02
0.62122	5.67981e-02
0.60182	4.89580e-02
0.60089	4.32831e-02
0.56709	5.48975e-02
0.58388	5.23712e-02
0.54154	5.46321e-02
0.52663	5.91305e-02
0.54334	5.43268e-02
0.52878	4.34988e-02
0.54360	6.61023e-02
0.53274	4.68011e-02
0.53181	4.54070e-02
0.50812	4.55128e-02
0.50912	4.96135e-02
0.53265	4.19251e-02
0.48678	5.66636e-02
0.49716	4.29085e-02
0.50908	8.14375e-02
0.50833	6.11187e-02
0.48189	4.66344e-02
0.49476	6.86686e-02
0.50782	6.40202e-02
0.52021	6.97423e-02
0.44885	6.24198e-02
0.47011	7.07402e-02
0.47708	6.42443e-02
0.43174	6.71273e-02
0.45169	6.16260e-02
0.41647	5.08603e-02
0.43486	7.03794e-02
0.43753	6.27040e-02
0.41973	4.58741e-02
0.40779	6.05239e-02
0.39975	8.69838e-02
0.41019	7.19463e-02
0.35850	7.78025e-02
0.36503	7.30835e-02
0.37811	9.25938e-02
0.36778	5.35204e-02
0.35425	6.01547e-02
0.39442	7.44757e-02
0.36062	5.24482e-02
0.34499	9.61621e-02
0.36303	8.81514e-02
0.36908	9.20613e-02
0.36395	8.78945e-02
0.36376	8.77044e-02
0.37831	9.83357e-02
0.39586	8.16530e-02
0.39510	7.66570e-02
0.39773	7.78858e-02
0.38493	8.63729e-02
0.38493	8.63729e-02
0.40650	7.86171e-02
0.40650	7.86171e-02
0.40650	7.86171e-02
0.43035	6.54177e-02
0.42153	5.85050e-02
0.42850	5.27123e-02
0.42451	6.05033e-02
0.39999	8.25451e-02
0.41981	9.97037e-02
0.42079	1.00854e-01
0.41109	9.82276e-02
0.41401	9.63003e-02
0.41569	1.05701e-01
0.42007	1.10143e-01
0.43530	1.03432e-01
0.45363	8.94919e-02
0.46490	8.67905e-02
0.46042	7.33928e-02
0.46384	6.72431e-02
0.46171	6.76239e-02
0.46777	6.39320e-02
0.45250	6.62206e-02
0.46185	8.63575e-02
0.46826	7.85719e-02
0.46827	7.66589e-02
0.46915	7.93317e-02
0.46915	7.93317e-02
0.48705	8.16821e-02
0.48695	9.84625e-02
0.50739	8.02208e-02
0.50368	8.55118e-02
0.50503	8.59536e-02
0.49985	8.30691e-02
0.49769	9.49907e-02
0.50521	9.80003e-02
0.51157	9.27822e-02
0.49609	1.04049e-01
0.52826	7.50095e-02
0.53989	7.70829e-02
0.53496	7.24968e-02
0.53288	6.84005e-02
0.51951	6.67338e-02
0.51951	6.67338e-02
0.51854	6.65552e-02
0.51097	7.53453e-02
0.53708	9.08997e-02
0.53337	9.08906e-02
0.54865	8.96117e-02
0.55100	8.79940e-02
0.55546	7.31486e-02
0.56004	7.53917e-02
0.56081	8.12488e-02
0.56239	7.93938e-02
0.57973	7.53866e-02
0.57876	8.95211e-02
0.59749	1.00839e-01
0.59173	1.03572e-01
0.58670	1.14175e-01
0.59216	9.85515e-02
0.58319	9.85237e-02
0.59075	8.83149e-02
0.59702	9.83879e-02
0.59736	8.93189e-02
0.61263	8.65612e-02
0.60358	8.09938e-02
0.60874	9.61224e-02
0.61221	9.89794e-02
0.61205	9.39956e-02
0.61835	1.01817e-01
0.62745	7.88371e-02
0.61971	7.77705e-02
0.62495	8.06488e-02
0.63460	7.86704e-02
0.62695	7.67994e-02
0.63971	7.43215e-02
0.63434	7.72004e-02
0.64006	7.64058e-02
0.64908	6.99503e-02
0.64600	6.95139e-02
0.64396	6.10216e-02
0.64741	6.27176e-02
0.65291	5.17202e-02
0.65855	4.89023e-02
0.65735	4.72429e-02
0.66413	5.31110e-02
0.66512	5.22610e-02
0.66268	5.48352e-02
0.65453	8.66776e-02
0.66434	9.08736e-02
0.67127	6.41171e-02
0.67753	5.84006e-02
0.69450	6.46557e-02
0.69535	6.90595e-02
0.69312	6.75062e-02
0.69349	6.67586e-02
0.68484	6.53533e-02
0.68450	5.84982e-02
0.69685	5.86690e-02
0.70368	5.75906e-02
0.70732	6.07786e-02
0.70564	5.71513e-02
0.71168	5.29398e-02
0.71292	5.29026e-02
0.70793	2.20640e-02
0.70164	4.89484e-02
0.70970	6.73089e-02
0.70862	6.20305e-02
0.70373	6.37733e-02
0.70338	6.48269e-02
0.71147	6.08531e-02
0.72297	6.30624e-02
0.72669	6.45612e-02
0.72669	6.45612e-02
0.72669	6.45612e-02
0.72669	6.45612e-02
0.73453	6.30827e-02
0.73481	6.34076e-02
0.74553	6.27413e-02
0.74553	6.27413e-02
0.74592	6.30519e-02
0.74397	6.37485e-02
0.74724	6.80011e-02
0.75357	6.87696e-02
0.75965	3.98916e-02
0.76016	4.06653e-02
0.76411	4.34999e-02
0.75947	4.15624e-02
0.76339	4.32438e-02
0.76265	4.58848e-02
0.76424	4.57906e-02
0.75953	4.86607e-02
0.76695	4.11890e-02
0.76932	4.33679e-02
0.76797	5.00805e-02
0.77445	5.46786e-02
0.78460	5.43986e-02
0.77925	4.92067e-02
0.78176	4.85977e-02
0.78188	4.85331e-02
0.77949	4.70414e-02
0.77873	4.65658e-02
0.77888	4.69962e-02
0.76818	4.26974e-02
0.77913	5.25895e-02
0.78040	4.98051e-02
0.77988	4.95152e-02
0.77779	4.94563e-02
0.77776	4.94263e-02
0.77841	4.91770e-02
0.78244	5.97039e-02
0.78219	5.88612e-02
0.79162	5.51077e-02
0.79135	5.50412e-02
0.79934	4.68566e-02
0.80578	4.34532e-02
0.80273	4.40099e-02
0.80652	4.92867e-02
0.81725	3.74647e-02
0.81555	3.29651e-02
0.81569	3.08508e-02
0.81123	3.54687e-02
0.82042	3.91038e-02
0.81269	4.52409e-02
0.81235	4.51320e-02
0.81570	4.73570e-02
0.81562	4.77536e-02
0.81562	4.77536e-02
0.81138	4.22755e-02
0.80712	3.88897e-02
0.81323	3.58395e-02
0.81221	3.71633e-02
0.81602	3.77463e-02
0.81581	4.36361e-02
0.81723	4.94090e-02
0.81728	4.94659e-02
0.81564	4.30621e-02
0.81602	3.68072e-02
0.81602	3.68072e-02
0.82134	3.55546e-02
0.82132	4.20198e-02
0.82255	4.00700e-02
0.82684	4.09683e-02
0.82502	4.04974e-02
0.82381	3.58449e-02
0.83670	3.82938e-02
0.83319	3.42361e-02
0.82964	3.36061e-02
0.83863	3.97418e-02
0.84657	3.08897e-02
0.84313	4.26343e-02
0.84228	4.27464e-02
0.84474	4.13662e-02
0.84358	4.06508e-02
0.84339	4.05108e-02
0.84313	3.98017e-02
0.84254	4.14543e-02
0.84369	4.15246e-02
0.84468	4.03057e-02
0.85497	3.88203e-02
0.86009	3.73617e-02
0.86385	4.02019e-02
0.86487	4.64089e-02
0.86572	4.41748e-02
0.86721	3.95552e-02
0.87056	3.85585e-02
0.87056	3.85585e-02
0.87056	3.85585e-02
0.87982	4.12955e-02
0.88103	3.97609e-02
0.88100	3.97244e-02
0.87757	3.40090e-02
0.88173	2.90345e-02
0.87872	3.43697e-02
0.88401	3.77561e-02
0.88401	3.77561e-02
0.88268	3.64174e-02
0.88720	3.82784e-02
0.88551	3.72715e-02
0.88937	4.05906e-02
0.89299	3.94629e-02
0.88849	3.55563e-02
0.88849	3.55563e-02
0.89470	3.66488e-02
0.89583	3.40263e-02
0.89812	3.34764e-02
0.89847	3.32757e-02
0.89943	3.76288e-02
0.89737	3.86240e-02
0.89368	3.88843e-02
0.90017	3.95634e-02
0.90262	3.95818e-02
0.89687	2.58207e-02
0.89687	2.58207e-02
0.90452	3.11627e-02
0.90620	3.77839e-02
0.90755	3.61327e-02
0.90755	3.61327e-02
0.90749	3.48045e-02
0.90606	2.73342e-02
0.90834	2.78561e-02
0.91984	2.37524e-02
0.92318	2.84416e-02
0.92341	2.87908e-02
0.91706	2.48019e-02
0.91671	2.44321e-02
0.91882	3.29643e-02
0.91890	3.30707e-02
0.91890	3.30707e-02
0.91890	3.30707e-02
0.91890	3.30707e-02
0.91876	3.36003e-02
0.92017	2.95220e-02
0.91209	2.36707e-02
0.91523	2.94576e-02
0.92272	3.13699e-02
0.92272	3.13699e-02
0.92272	3.13699e-02
0.92272	3.13699e-02
0.92272	3.13699e-02
0.92302	3.17185e-02
0.92996	3.78660e-02
0.93242	4.01625e-02
0.92414	3.90102e-02
0.91414	3.74471e-02
0.91412	3.91692e-02
0.90683	2.46263e-02
0.91674	2.94339e-02
0.91716	2.97683e-02
0.91716	2.97683e-02
0.91108	3.83487e-02
0.90618	3.50015e-02
0.90618	3.50015e-02
0.92175	1.32972e-02
0.92378	1.54803e-02
0.92378	1.54803e-02
0.92321	1.54075e-02
0.92857	1.76075e-02
0.91353	1.94538e-02
0.91537	1.86803e-02
0.91502	1.92517e-02
0.92762	1.49020e-02
0.92762	1.49020e-02
0.92762	1.49020e-02
0.92762	1.49020e-02
0.92762	1.49020e-02
0.92762	1.49020e-02
0.92432	1.67260e-02
0.92432	1.67260e-02
0.93096	1.44060e-02
0.93809	2.42193e-02
0.93859	2.49133e-02
0.92123	5.22738e-03
0.92123	5.22738e-03
0.92123	5.22738e-03
0.93526	1.92607e-02
0.93526	1.92607e-02
0.94076	2.47562e-02
0.90327	0.00000e+00
0.92738	0.00000e+00
0.92738	0.00000e+00
0.92738	0.00000e+00
0.92738	0.00000e+00
0.92738	0.00000e+00
0.92738	0.00000e+00
0.92738	0.00000e+00
0.92738	0.00000e+00
0.92738	0.00000e+00
0.90232	0.00000e+00
0.90232	0.00000e+00
0.90232	0.00000e+00
0.90232	0.00000e+00
0.90232	0.00000e+00
0.90232	0.00000e+00
0.92402	0.00000e+00
0.92402	0.00000e+00
0.92402	0.00000e+00
0.92402	0.00000e+00
0.92402	0.00000e+00
0.92402	0.00000e+00
0.91939	0.00000e+00
0.91939	0.00000e+00
0.91939	0.00000e+00
0.91939	0.00000e+00
0.91939	0.00000e+00
0.93020	0.00000e+00
0.93020	0.00000e+00
0.93020	0.00000e+00
0.93020	0.00000e+00
0.91830	0.00000e+00
0.91830	0.00000e+00
0.91830	0.00000e+00
0.91830	0.00000e+00
0.94052	0.00000e+00
0.94052	0.00000e+00
0.94052	0.00000e+00
0.94052	0.00000e+00
0.94052	0.00000e+00
0.94052	0.00000e+00
0.94052	0.00000e+00
0.94052	0.00000e+00
0.93266	0.00000e+00
0.96541	0.00000e+00
0.96944	0.00000e+00
0.96944	0.00000e+00
0.96944	0.00000e+00
0.96944	0.00000e+00
0.96944	0.00000e+00
0.96944	0.00000e+00
0.96944	0.00000e+00
0.96944	0.00000e+00
0.96944	0.00000e+00
0.97030	0.00000e+00
