0.99183	1.40686e-03
0.97671	1.03047e-02
0.97124	1.15694e-02
0.96545	1.83601e-02
0.95369	1.85465e-02
0.93529	2.53244e-02
0.92878	3.36256e-02
0.93301	2.67189e-02
0.93359	1.95198e-02
0.92955	1.94900e-02
0.91777	1.88288e-02
0.90385	1.98288e-02
0.89404	2.12950e-02
0.89576	2.83600e-02
0.89413	2.63723e-02
0.89490	3.40643e-02
0.87976	2.73797e-02
0.88328	3.72247e-02
0.85719	2.83300e-02
0.87144	2.76982e-02
0.86103	3.10372e-02
0.85075	2.87366e-02
0.83488	2.10567e-02
0.82367	4.54250e-02
0.81805	4.76013e-02
0.81388	7.16453e-02
0.78340	5.02413e-02
0.79042	5.30230e-02
0.77501	9.26186e-02
0.78164	5.59959e-02
0.77871	6.62947e-02
0.76618	7.27247e-02
0.75963	7.83381e-02
0.76832	5.66808e-02
0.77778	5.93083e-02
0.76766	6.07178e-02
0.76069	6.26902e-02
0.75871	5.85156e-02
0.75767	4.95266e-02
0.76813	4.57790e-02
0.75270	5.45604e-02
0.73090	6.87274e-02
0.75229	3.39646e-02
0.72797	6.61122e-02
0.72850	6.31634e-02
0.72728	5.35064e-02
0.71740	5.55627e-02
0.69927	7.15593e-02
0.72725	5.37984e-02
0.71911	3.71256e-02
0.68333	4.32661e-02
0.69043	4.10467e-02
0.67452	3.89257e-02
0.67213	5.61737e-02
0.66285	3.02744e-02
0.67151	3.36181e-02
0.67499	4.41485e-02
0.65933	4.80601e-02
0.64868	5.04450e-02
0.65629	3.44312e-02
0.63421	6.08196e-02
0.62072	6.78438e-02
0.60644	6.64891e-02
0.61898	5.38289e-02
0.62408	6.17812e-02
0.62119	5.43397e-02
0.62044	8.69579e-02
0.61276	5.22891e-02
0.61482	6.43124e-02
0.60411	8.67379e-02
0.60819	5.27453e-02
0.58649	4.55221e-02
0.59683	4.22257e-02
0.57639	6.15490e-02
0.59881	4.21957e-02
0.59255	5.50271e-02
0.56030	6.90771e-02
0.57049	5.93287e-02
0.57809	8.96557e-02
0.56288	4.51494e-02
0.56006	7.26606e-02
0.55235	7.39635e-02
0.54767	8.91878e-02
0.54393	8.80665e-02
0.51833	7.00778e-02
0.51695	5.63954e-02
0.52949	8.29201e-02
0.51594	1.11663e-01
0.51354	7.97455e-02
0.49680	7.61868e-02
0.51764	6.23747e-02
0.49600	8.13352e-02
0.49541	6.68950e-02
0.48148	8.07929e-02
0.49262	6.80303e-02
0.49667	7.68847e-02
0.48436	7.25816e-02
0.48454	6.58361e-02
0.43031	1.01542e-01
0.47876	5.92754e-02
0.47387	5.09750e-02
0.50329	7.51268e-02
0.47654	7.81413e-02
0.47488	8.02518e-02
0.48999	8.67870e-02
0.48854	8.78239e-02
0.48433	8.44272e-02
0.50440	8.30422e-02
0.48369	9.86046e-02
0.49604	7.99981e-02
0.50306	8.29080e-02
0.49031	7.53926e-02
0.48939	7.84999e-02
0.47336	7.25955e-02
0.47981	7.38197e-02
0.49243	9.29885e-02
0.51428	9.89658e-02
0.51550	9.54818e-02
0.53309	7.66466e-02
0.54793	6.72983e-02
0.55829	7.37946e-02
0.56472	7.48311e-02
0.56703	6.42388e-02
0.58691	6.45587e-02
0.60895	7.88305e-02
0.59074	9.22058e-02
0.61563	9.00727e-02
0.60644	9.81663e-02
0.60780	9.90505e-02
0.60914	1.03681e-01
0.59302	9.54414e-02
0.59479	9.50523e-02
0.60575	8.65938e-02
0.59948	7.33354e-02
0.60851	8.10199e-02
0.61364	9.31034e-02
0.61364	9.31034e-02
0.62366	8.40087e-02
0.62988	1.03854e-01
0.64434	9.61511e-02
0.64434	9.61511e-02
0.64181	1.04130e-01
0.64181	1.04130e-01
0.65023	1.02345e-01
0.63011	1.02610e-01
0.64651	1.02339e-01
0.65324	9.90439e-02
0.66251	7.76850e-02
0.65215	9.02447e-02
0.65138	9.03670e-02
0.66057	9.52831e-02
0.65931	9.53621e-02
0.66679	8.34477e-02
0.66048	9.29784e-02
0.66048	9.29784e-02
0.67234	7.89110e-02
0.67804	7.31508e-02
0.68970	7.24366e-02
0.67766	6.67977e-02
0.66987	5.88607e-02
0.66447	6.01443e-02
0.65764	6.15040e-02
0.65808	6.18569e-02
0.66341	6.63347e-02
0.66369	7.39269e-02
0.67065	7.17423e-02
0.67369	6.91630e-02
0.68133	7.29030e-02
0.67997	7.53768e-02
0.67012	7.25741e-02
0.67300	7.23423e-02
0.67422	7.28322e-02
0.67716	7.31737e-02
0.67716	7.31737e-02
0.69426	8.62633e-02
0.70812	6.55390e-02
0.70516	6.70947e-02
0.69848	5.43929e-02
0.68906	5.90220e-02
0.68906	5.90220e-02
0.68906	5.90220e-02
0.69582	5.07638e-02
0.71092	5.48716e-02
0.71515	4.78356e-02
0.72695	6.16333e-02
0.71665	6.20739e-02
0.71710	6.18995e-02
0.71869	6.43827e-02
0.71901	6.47969e-02
0.72590	6.79974e-02
0.72751	6.67947e-02
0.73636	6.27525e-02
0.73922	6.04631e-02
0.73781	6.31613e-02
0.73792	6.32649e-02
0.75028	6.44530e-02
0.74790	6.24888e-02
0.75888	6.42810e-02
0.76367	6.42618e-02
0.76349	6.41703e-02
0.75848	5.76034e-02
0.75848	5.76034e-02
0.75799	6.68345e-02
0.76230	6.16724e-02
0.76923	5.08853e-02
0.76899	5.31964e-02
0.77453	6.13883e-02
0.77110	6.18953e-02
0.77590	5.85811e-02
0.77830	6.64986e-02
0.77613	6.97705e-02
0.76969	6.48181e-02
0.77770	6.66557e-02
0.77630	6.73704e-02
0.77379	6.10451e-02
0.78264	6.38572e-02
0.77778	6.22726e-02
0.78361	6.05351e-02
0.78113	6.20974e-02
0.78183	6.57177e-02
0.79526	6.19668e-02
0.79990	6.42245e-02
0.79762	6.47351e-02
0.80656	6.62605e-02
0.80445	4.97810e-02
0.80081	4.98109e-02
0.80020	4.93249e-02
0.80188	5.02927e-02
0.80188	5.02927e-02
0.81128	4.02630e-02
0.80994	3.80054e-02
0.80994	3.80054e-02
0.80680	5.07846e-02
0.80650	5.11568e-02
0.80802	4.91277e-02
0.81813	4.91486e-02
0.81798	4.90188e-02
0.81938	4.92820e-02
0.82311	5.48942e-02
0.82134	5.02864e-02
0.82095	5.06340e-02
0.83720	4.57390e-02
0.84231	4.13787e-02
0.83086	2.89849e-02
0.84152	4.32227e-02
0.84294	4.31152e-02
0.84464	4.42688e-02
0.83862	3.68725e-02
0.84150	3.42258e-02
0.83357	3.67592e-02
0.83956	4.54627e-02
0.84042	4.60657e-02
0.85002	4.87218e-02
0.86231	4.51432e-02
0.86703	4.08975e-02
0.86822	4.12300e-02
0.86875	3.79306e-02
0.86950	4.04602e-02
0.85997	4.31366e-02
0.85846	4.25314e-02
0.85410	4.04299e-02
0.86095	4.42971e-02
0.85282	3.47740e-02
0.85482	3.54256e-02
0.85482	3.54256e-02
0.86412	2.49479e-02
0.86467	3.79122e-02
0.87033	3.45485e-02
0.86639	3.07553e-02
0.86166	2.57002e-02
0.86701	3.46983e-02
0.86494	3.96855e-02
0.86299	3.78880e-02
0.86735	3.57475e-02
0.86502	3.11510e-02
0.87194	3.05938e-02
0.87775	3.25941e-02
0.87338	3.56814e-02
0.86995	3.33550e-02
0.86724	3.66841e-02
0.87804	3.61796e-02
0.87823	3.38390e-02
0.87950	3.70725e-02
0.87553	2.92095e-02
0.86961	3.07797e-02
0.87458	2.11898e-02
0.87725	2.25689e-02
0.87460	2.39713e-02
0.87761	2.71728e-02
0.87950	2.59280e-02
0.87997	2.56803e-02
0.87993	2.57050e-02
0.88446	2.35086e-02
0.88515	2.36531e-02
0.88802	3.37249e-02
0.88864	3.38856e-02
0.88901	2.93425e-02
0.88378	2.58050e-02
0.88295	2.61090e-02
0.87916	2.79557e-02
0.87820	2.76872e-02
0.89053	2.55401e-02
0.89062	2.44983e-02
0.88666	2.63784e-02
0.87881	3.09379e-02
0.88432	3.58209e-02
0.88432	3.58209e-02
0.88303	3.46518e-02
0.89242	3.58475e-02
0.89242	3.58475e-02
0.88660	3.26172e-02
0.89101	2.40701e-02
0.89878	2.19865e-02
0.89871	2.19228e-02
0.90002	2.21870e-02
0.89949	3.03063e-02
0.90140	2.80717e-02
0.90558	2.65811e-02
0.90555	2.65899e-02
0.89998	2.12132e-02
0.90251	1.88942e-02
0.91123	2.25689e-02
0.91113	2.46198e-02
0.91287	2.38294e-02
0.90733	2.36551e-02
0.90195	2.98863e-02
0.89909	2.82815e-02
0.90176	3.05190e-02
0.90576	3.48834e-02
0.91391	3.78606e-02
0.91078	3.50543e-02
0.91121	3.55875e-02
0.91180	3.55340e-02
0.92080	2.63889e-02
0.92050	2.76915e-02
0.92103	2.85315e-02
0.92244	2.81697e-02
0.92277	2.85964e-02
0.92359	2.83280e-02
0.92843	2.28352e-02
0.93002	2.43157e-02
0.93420	2.40350e-02
0.93475	2.25655e-02
0.93548	2.47111e-02
0.93298	2.79478e-02
0.93722	2.29645e-02
0.94079	2.70979e-02
0.93752	2.46233e-02
0.93968	2.64431e-02
0.93944	2.87419e-02
0.94890	2.63129e-02
0.95614	2.92736e-02
0.95087	2.96145e-02
0.95343	2.59673e-02
0.95216	3.37638e-02
0.95112	3.51498e-02
0.95216	3.01299e-02
0.95153	2.77523e-02
0.95351	2.96945e-02
0.95354	3.17491e-02
0.94431	2.87754e-02
0.94365	2.86014e-02
0.93885	3.01237e-02
0.94258	2.64871e-02
0.94130	2.73129e-02
0.94130	2.73129e-02
0.94130	2.73129e-02
0.94660	2.78074e-02
0.94920	3.07072e-02
0.95146	2.88893e-02
0.95124	2.06961e-02
0.95695	2.04377e-02
0.95466	2.34402e-02
0.95382	2.49283e-02
0.96706	1.80638e-02
0.97007	1.35601e-02
0.97007	1.35601e-02
0.96874	1.29590e-02
0.96228	1.11779e-02
0.96813	1.07203e-02
0.96250	7.87772e-03
0.95997	1.19465e-02
0.95060	2.04856e-02
0.94834	1.94433e-02
0.95157	2.41885e-02
0.95157	2.41885e-02
0.95157	2.41885e-02
0.95157	2.41885e-02
0.95687	2.70989e-02
0.96077	2.27328e-02
0.96080	2.27734e-02
0.95698	2.03840e-02
0.95734	2.01888e-02
0.96457	1.93677e-02
0.96458	1.93848e-02
0.96458	1.93848e-02
0.96024	2.12165e-02
0.96029	2.12947e-02
0.94947	1.32538e-02
0.94947	1.32538e-02
0.96292	4.61668e-03
0.96583	3.35581e-03
0.96583	3.35581e-03
0.96790	1.33642e-02
0.96815	1.32474e-02
0.97304	1.61893e-02
0.97304	1.61849e-02
0.97530	1.63804e-02
0.98849	2.65643e-03
0.97614	1.10580e-02
0.97614	1.10580e-02
0.98382	1.12837e-02
0.98382	1.12837e-02
0.99112	9.72628e-04
0.98466	1.00980e-02
0.98469	1.01151e-02
0.98496	1.03145e-02
0.98107	1.06840e-02
0.99085	9.00439e-04
0.99085	9.00439e-04
0.99085	9.00439e-04
0.99085	9.00439e-04
0.99084	9.14686e-04
0.99136	6.62020e-04
