0.99408	8.49036e-04
0.98307	9.79288e-03
0.97947	1.16722e-02
0.96926	1.18236e-02
0.96545	1.44055e-02
0.95220	2.35745e-02
0.94323	2.66315e-02
0.94293	2.59833e-02
0.91786	2.71347e-02
0.93303	1.97992e-02
0.91710	2.78576e-02
0.91646	3.47509e-02
0.91654	3.50166e-02
0.90326	3.78886e-02
0.89649	4.52127e-02
0.89279	2.57401e-02
0.88972	2.61154e-02
0.89630	2.38627e-02
0.87439	2.95400e-02
0.86574	3.46630e-02
0.86552	4.35976e-02
0.84324	2.17438e-02
0.84410	2.79630e-02
0.83920	3.14507e-02
0.82974	3.55583e-02
0.81643	4.64430e-02
0.79196	6.61465e-02
0.81182	5.89621e-02
0.80560	3.61028e-02
0.81458	5.30537e-02
0.81551	4.59067e-02
0.79415	4.54478e-02
0.80562	4.01852e-02
0.79687	5.78613e-02
0.81084	3.36954e-02
0.79837	4.56724e-02
0.80332	4.20552e-02
0.79075	3.70123e-02
0.77038	5.14896e-02
0.77701	6.66570e-02
0.77823	6.27765e-02
0.76326	6.23536e-02
0.76232	4.46301e-02
0.75691	5.97777e-02
0.75841	5.16307e-02
0.74463	5.52028e-02
0.74006	5.51603e-02
0.72892	4.96658e-02
0.71928	5.22955e-02
0.70293	4.44749e-02
0.71201	4.42821e-02
0.70633	3.14964e-02
0.67443	4.70490e-02
0.72200	2.95594e-02
0.68382	5.50579e-02
0.69628	3.87021e-02
0.65407	5.09902e-02
0.66167	5.24401e-02
0.65928	6.05847e-02
0.63966	3.99831e-02
0.65003	3.97765e-02
0.64808	4.75705e-02
0.64592	7.14339e-02
0.61422	5.81427e-02
0.65946	4.04544e-02
0.65249	5.53639e-02
0.59819	7.57743e-02
0.62517	4.71673e-02
0.60284	9.02726e-02
0.58937	6.71689e-02
0.59321	7.86345e-02
0.60154	7.10623e-02
0.58128	5.25080e-02
0.58186	8.35552e-02
0.56180	7.11598e-02
0.55950	1.00182e-01
0.55146	6.22885e-02
0.55772	7.21045e-02
0.54128	6.06002e-02
0.56846	6.96695e-02
0.52150	6.59977e-02
0.55439	6.80917e-02
0.51500	7.69463e-02
0.51027	5.69271e-02
0.52126	7.27640e-02
0.49934	6.08458e-02
0.47740	7.09721e-02
0.48299	6.96101e-02
0.48640	6.80493e-02
0.50475	9.49992e-02
0.48322	1.07410e-01
0.49083	1.02113e-01
0.45792	9.44688e-02
0.44463	9.97750e-02
0.47218	1.03360e-01
0.44503	1.09468e-01
0.45919	8.51032e-02
0.45087	1.03748e-01
0.42652	8.90690e-02
0.49371	4.64724e-02
0.49346	4.62788e-02
0.49602	5.18609e-02
0.50321	6.20267e-02
0.49119	5.44786e-02
0.48652	4.76633e-02
0.49268	6.37494e-02
0.50743	5.78619e-02
0.50542	6.07907e-02
0.50630	6.08666e-02
0.51606	7.46302e-02
0.51516	7.48434e-02
0.53046	7.36959e-02
0.52378	6.88952e-02
0.54395	7.26041e-02
0.54434	7.26648e-02
0.54298	7.15091e-02
0.55113	7.71183e-02
0.54790	7.17571e-02
0.55109	7.44376e-02
0.57489	7.02187e-02
0.56907	6.66982e-02
0.56312	6.53000e-02
0.56907	7.10452e-02
0.56114	7.28263e-02
0.56996	7.28516e-02
0.57572	7.81697e-02
0.60321	4.71628e-02
0.60915	5.66210e-02
0.61160	5.20673e-02
0.59785	4.61560e-02
0.62161	5.67958e-02
0.61143	4.76761e-02
0.61901	5.37865e-02
0.62234	5.70465e-02
0.62290	5.73869e-02
0.63017	5.88376e-02
0.62967	5.88259e-02
0.62745	6.35784e-02
0.62175	5.35615e-02
0.62515	5.55323e-02
0.62663	5.20171e-02
0.64193	5.85737e-02
0.64469	6.10969e-02
0.62334	5.46442e-02
0.62334	5.46442e-02
0.63100	6.09183e-02
0.63768	5.10287e-02
0.65098	6.34899e-02
0.65159	6.13671e-02
0.65004	6.12496e-02
0.65153	6.20963e-02
0.66348	5.80808e-02
0.65225	5.75198e-02
0.65568	5.74769e-02
0.67097	6.04062e-02
0.65651	6.86375e-02
0.64821	6.62975e-02
0.66081	7.84775e-02
0.66603	7.82738e-02
0.66412	8.19445e-02
0.69787	5.60125e-02
0.69462	4.93084e-02
0.69462	4.93084e-02
0.69933	5.72102e-02
0.70257	4.74842e-02
0.69781	5.43478e-02
0.68762	5.99393e-02
0.68498	6.02827e-02
0.67727	5.69001e-02
0.67948	5.87835e-02
0.69756	5.56412e-02
0.70935	4.66952e-02
0.71334	4.94262e-02
0.71334	4.94262e-02
0.71842	5.66716e-02
0.71050	5.02922e-02
0.71106	5.13140e-02
0.71691	4.73789e-02
0.70917	4.76481e-02
0.72182	5.16995e-02
0.73356	4.28475e-02
0.74236	3.90576e-02
0.74236	3.90576e-02
0.75178	4.33457e-02
0.74881	4.11092e-02
0.74877	4.11558e-02
0.74654	4.31125e-02
0.74092	4.86386e-02
0.73366	6.91603e-02
0.72695	7.03573e-02
0.73553	6.72360e-02
0.74885	5.76334e-02
0.74943	5.96413e-02
0.73973	5.68041e-02
0.74297	5.78220e-02
0.74745	5.93494e-02
0.74290	5.38081e-02
0.74290	5.38081e-02
0.75693	4.64978e-02
0.75814	4.77546e-02
0.76597	3.81344e-02
0.75879	3.88064e-02
0.75944	4.41978e-02
0.74824	3.34170e-02
0.77263	4.46645e-02
0.78608	5.08511e-02
0.78251	5.28193e-02
0.78251	5.28193e-02
0.77562	4.51163e-02
0.78168	4.33702e-02
0.78741	4.74458e-02
0.79431	4.13136e-02
0.79560	4.02676e-02
0.79488	3.95915e-02
0.79955	4.60125e-02
0.80815	4.31410e-02
0.80815	4.31410e-02
0.80269	5.52767e-02
0.79456	6.41200e-02
0.78657	5.97604e-02
0.79185	5.72271e-02
0.78529	5.00540e-02
0.81242	5.41226e-02
0.81242	5.41226e-02
0.81012	4.90598e-02
0.80726	5.63168e-02
0.81526	6.05047e-02
0.80583	5.80653e-02
0.79247	4.96336e-02
0.80366	5.57379e-02
0.81929	6.32862e-02
0.82580	6.21409e-02
0.81534	5.69350e-02
0.81663	5.57684e-02
0.82543	6.14332e-02
0.83143	6.59172e-02
0.82910	6.44695e-02
0.84169	6.65736e-02
0.83674	6.23243e-02
0.83653	6.26214e-02
0.84972	3.80157e-02
0.84868	3.97932e-02
0.84868	3.97932e-02
0.84907	4.01827e-02
0.84461	3.85058e-02
0.84192	3.72615e-02
0.84742	4.69884e-02
0.84476	4.97727e-02
0.85187	5.12414e-02
0.85521	5.34651e-02
0.85019	5.29678e-02
0.85379	5.21497e-02
0.85347	5.02106e-02
0.85173	5.11783e-02
0.85258	4.47780e-02
0.85250	4.58395e-02
0.85729	4.90821e-02
0.85729	4.90821e-02
0.85404	5.88629e-02
0.85484	4.90145e-02
0.86278	5.06300e-02
0.86343	4.78633e-02
0.87197	4.95766e-02
0.87589	4.72037e-02
0.87480	4.48201e-02
0.88312	4.49829e-02
0.88895	4.67282e-02
0.87805	4.48469e-02
0.86939	4.98925e-02
0.86939	4.98925e-02
0.86939	4.98925e-02
0.87345	4.09776e-02
0.87524	3.85990e-02
0.87433	3.91081e-02
0.87004	4.48995e-02
0.87553	4.93612e-02
0.88974	3.62032e-02
0.88626	2.93789e-02
0.88117	3.11736e-02
0.89298	2.61887e-02
0.89395	2.84403e-02
0.89224	2.91411e-02
0.88820	3.46918e-02
0.88303	2.88607e-02
0.88632	3.11864e-02
0.89250	2.40670e-02
0.89721	2.75580e-02
0.89721	2.75580e-02
0.89760	3.01594e-02
0.90331	2.89766e-02
0.90332	2.95240e-02
0.90334	2.94673e-02
0.90580	3.53024e-02
0.91209	2.86876e-02
0.91196	2.76967e-02
0.90830	2.86369e-02
0.90604	2.44407e-02
0.91267	2.88856e-02
0.91384	2.88424e-02
0.91938	2.77293e-02
0.91483	2.41854e-02
0.90959	2.93585e-02
0.90752	3.07758e-02
0.90954	3.23733e-02
0.90509	3.35886e-02
0.90707	3.56178e-02
0.90678	3.33557e-02
0.90506	3.66845e-02
0.89740	4.24995e-02
0.90013	4.31025e-02
0.90015	4.30964e-02
0.89505	4.05058e-02
0.89290	3.91297e-02
0.89575	3.97312e-02
0.91207	3.34455e-02
0.91152	3.44053e-02
0.91137	3.47826e-02
0.90900	3.97027e-02
0.90582	4.07975e-02
0.90204	3.66308e-02
0.90599	3.93640e-02
0.90242	3.42952e-02
0.90122	3.37100e-02
0.90480	3.64775e-02
0.90906	3.99730e-02
0.91265	4.04682e-02
0.92164	3.10914e-02
0.92523	3.30784e-02
0.92934	3.33057e-02
0.92362	3.74995e-02
0.92591	3.64390e-02
0.92278	3.65152e-02
0.92540	3.93478e-02
0.92544	3.94201e-02
0.91689	3.52662e-02
0.91723	3.52101e-02
0.91735	3.43846e-02
0.91844	3.44960e-02
0.91773	3.54351e-02
0.92663	3.81243e-02
0.92971	4.10360e-02
0.93584	4.23459e-02
0.92964	3.99172e-02
0.93317	4.18929e-02
0.94585	3.70066e-02
0.94585	3.70066e-02
0.95065	2.85413e-02
0.93518	2.68946e-02
0.94582	3.15402e-02
0.94422	2.68664e-02
0.94740	2.74776e-02
0.94834	2.66544e-02
0.95065	3.01576e-02
0.95081	3.17070e-02
0.95703	2.81528e-02
0.95626	2.77517e-02
0.96221	2.41410e-02
0.96226	2.42045e-02
0.95780	3.24264e-02
0.95785	3.24775e-02
0.95786	3.24916e-02
0.94946	3.26755e-02
0.94396	3.13851e-02
0.94601	3.12938e-02
0.93899	2.75814e-02
0.94393	3.18460e-02
0.95155	2.29858e-02
0.95394	2.38253e-02
0.95311	2.33715e-02
0.95428	2.36374e-02
0.96062	2.57612e-02
0.96145	2.78299e-02
0.96043	3.63383e-02
0.95762	3.55373e-02
0.95513	3.35656e-02
0.95799	3.58771e-02
0.96085	3.66300e-02
0.96637	3.86258e-02
0.96530	3.87534e-02
0.95387	4.05519e-02
0.95702	2.46762e-02
0.95290	2.64588e-02
0.95380	2.77344e-02
0.93420	1.20719e-03
0.93420	1.20719e-03
0.93420	1.20719e-03
0.93647	3.47827e-03
0.93647	3.47827e-03
0.93647	3.47827e-03
0.92078	1.91705e-02
0.89692	4.30349e-02
0.89692	4.30349e-02
0.93245	7.25213e-03
0.93245	7.25213e-03
0.93245	7.25213e-03
0.91781	3.91804e-02
0.91781	3.91804e-02
0.91781	3.91804e-02
0.91021	3.15751e-02
0.92297	1.88084e-02
0.93494	3.07726e-02
0.94496	2.07516e-02
0.94496	2.07516e-02
0.91856	4.14207e-02
0.91856	4.14207e-02
0.91856	4.14207e-02
0.92528	4.81409e-02
0.91506	3.79215e-02
0.91506	3.79215e-02
0.91506	3.79215e-02
0.93063	4.17829e-02
0.93063	4.17829e-02
0.93063	4.17829e-02
0.93063	4.17829e-02
0.96234	1.00766e-02
0.97215	1.98895e-02
0.97334	2.10782e-02
0.95226	0.00000e+00
0.95226	0.00000e+00
0.95226	0.00000e+00
0.95226	0.00000e+00
0.95226	0.00000e+00
0.95654	0.00000e+00
0.95654	0.00000e+00
0.95654	0.00000e+00
0.95654	0.00000e+00
0.95654	0.00000e+00
0.95654	0.00000e+00
0.95897	0.00000e+00
0.95897	0.00000e+00
0.95897	0.00000e+00
0.95897	0.00000e+00
0.95897	0.00000e+00
0.95897	0.00000e+00
0.95897	0.00000e+00
0.95897	0.00000e+00
0.95878	0.00000e+00
0.95878	0.00000e+00
0.95878	0.00000e+00
0.94298	0.00000e+00
0.97284	0.00000e+00
0.97284	0.00000e+00
0.97284	0.00000e+00
0.96885	0.00000e+00
0.96888	0.00000e+00
0.97248	0.00000e+00
0.97248	0.00000e+00
0.97294	0.00000e+00
0.97389	0.00000e+00
0.97389	0.00000e+00
0.97389	0.00000e+00
0.97389	0.00000e+00
0.97389	0.00000e+00
0.97389	0.00000e+00
0.97389	0.00000e+00
0.99401	0.00000e+00
0.99401	0.00000e+00
0.99401	0.00000e+00
0.99401	0.00000e+00
0.99401	0.00000e+00
0.99450	0.00000e+00
0.99450	0.00000e+00
0.99450	0.00000e+00
0.99450	0.00000e+00
0.99450	0.00000e+00
0.99556	0.00000e+00
