0.99503	6.55153e-04
0.98010	7.70495e-03
0.96828	1.29032e-02
0.96071	1.41747e-02
0.94023	1.58353e-02
0.91383	1.97656e-02
0.88533	1.88817e-02
0.84651	2.30364e-02
0.80115	5.48546e-02
0.71775	5.88192e-02
0.69242	7.37351e-02
0.61999	8.20311e-02
0.57521	1.05075e-01
0.46205	1.20202e-01
0.33255	1.33051e-01
0.31490	1.60533e-01
0.29327	1.41552e-01
0.31012	8.41645e-02
0.27509	9.84665e-02
0.20545	1.30973e-01
0.23418	1.03888e-01
0.19343	8.43287e-02
0.18091	7.15812e-02
0.18108	8.67828e-02
0.23616	6.99589e-02
0.17758	7.60185e-02
0.14930	5.16052e-02
0.17046	8.31076e-02
0.16193	8.36479e-02
0.18837	1.11274e-01
0.13330	4.54503e-02
0.13205	6.71578e-02
0.13675	7.10854e-02
0.13302	5.66809e-02
0.12407	7.97369e-02
0.10415	5.23399e-02
0.13086	1.06823e-01
0.11427	4.88065e-02
0.10803	5.74988e-02
0.10049	7.86699e-02
0.09882	6.69418e-02
0.09733	4.12334e-02
0.10393	5.89350e-02
0.13504	7.28908e-02
0.10398	3.07167e-02
0.08640	3.89909e-02
0.10618	4.31334e-02
0.09665	5.48315e-02
0.12961	5.19640e-02
0.08222	6.01205e-02
0.08938	3.86133e-02
0.10460	4.25558e-02
0.07553	3.12552e-02
0.09991	3.20237e-02
0.11384	3.36205e-02
0.13007	5.67932e-02
0.10925	5.28594e-02
0.08980	2.68802e-02
0.12100	5.90422e-02
0.13679	5.73081e-02
0.10727	5.04243e-02
0.10436	5.27857e-02
0.07289	3.42691e-02
0.10619	5.62863e-02
0.07396	3.66757e-02
0.06684	6.05577e-02
0.07860	4.50492e-02
0.08639	3.62633e-02
0.10919	3.58220e-02
0.06656	3.19892e-02
0.11473	7.31626e-02
0.10335	4.56362e-02
0.10317	3.79039e-02
0.09237	4.21325e-02
0.09339	3.99274e-02
0.09619	4.40298e-02
0.08513	3.24749e-02
0.07383	3.36778e-02
0.07277	3.01199e-02
0.08466	3.70611e-02
0.09547	2.76442e-02
0.07490	3.62184e-02
0.06718	2.53649e-02
0.10986	3.85328e-02
0.09133	3.01803e-02
0.06100	3.87647e-02
0.10514	6.79711e-02
0.08173	4.17910e-02
0.11734	4.61099e-02
0.09679	3.39878e-02
0.11414	4.46642e-02
0.09234	2.52377e-02
0.08030	2.67479e-02
0.09894	4.78523e-02
0.08143	4.10718e-02
0.08429	3.80134e-02
0.11541	3.63708e-02
0.10681	4.88634e-02
0.06112	4.88912e-02
