0.90709	3.19384e-02
0.91283	2.44981e-02
0.91024	2.71007e-02
0.88881	3.37822e-02
0.87731	3.56637e-02
0.86825	3.50757e-02
0.85146	3.56843e-02
0.83866	3.28661e-02
0.83470	3.87247e-02
0.81590	3.89063e-02
0.80840	4.03740e-02
0.77568	4.84239e-02
0.75875	6.50532e-02
0.75915	6.00600e-02
0.72145	5.81499e-02
0.72106	5.86177e-02
0.68830	7.30486e-02
0.68594	4.85004e-02
0.68614	4.86440e-02
0.64754	6.48840e-02
0.66110	7.88838e-02
0.64679	8.33510e-02
0.61598	1.00323e-01
0.60059	6.68797e-02
0.59361	9.41044e-02
0.57895	8.86297e-02
0.61593	8.34537e-02
0.56628	9.44375e-02
0.55626	9.39180e-02
0.58349	9.34495e-02
0.52000	1.15190e-01
0.52660	9.98902e-02
0.52647	1.40199e-01
0.48772	1.51311e-01
0.50653	1.09773e-01
0.49578	1.08174e-01
0.51094	9.46312e-02
0.49600	1.07326e-01
0.46513	9.89693e-02
0.46236	1.23009e-01
0.40622	1.66628e-01
0.36858	1.97441e-01
0.39793	1.83499e-01
0.39090	1.23798e-01
0.39938	1.19728e-01
0.43392	1.60381e-01
0.40197	1.26166e-01
0.40497	1.53479e-01
0.41186	1.59650e-01
0.41307	9.90796e-02
0.36762	1.40578e-01
0.39648	1.30840e-01
0.38461	1.10379e-01
0.34451	1.56318e-01
0.36924	1.54668e-01
0.39265	1.00633e-01
0.37060	8.75765e-02
0.35373	1.15063e-01
0.34963	1.61118e-01
0.35872	1.20222e-01
0.38668	9.75607e-02
0.32254	1.48330e-01
0.33695	1.00315e-01
0.41028	9.13823e-02
0.31795	1.37011e-01
0.30914	1.09269e-01
0.35556	1.14853e-01
0.31832	1.04324e-01
0.28771	1.25828e-01
0.27658	1.29514e-01
0.30155	1.49939e-01
0.32537	1.10893e-01
0.28923	1.21594e-01
0.29298	1.44111e-01
0.30697	1.34155e-01
0.33839	8.54060e-02
0.30094	1.09756e-01
0.34000	1.10773e-01
0.36064	1.27780e-01
0.32262	1.16580e-01
0.27785	1.62608e-01
0.29654	1.55832e-01
0.34162	8.19304e-02
0.34371	6.96671e-02
0.36920	9.99064e-02
0.36206	1.38408e-01
0.34511	1.18484e-01
0.41125	7.20985e-02
0.37583	7.09680e-02
0.35309	1.37623e-01
0.33738	9.73211e-02
0.37102	1.07502e-01
0.31850	1.49346e-01
0.32081	1.43388e-01
0.36219	9.26826e-02
0.39729	4.90419e-02
0.32562	1.16424e-01
0.32555	1.18048e-01
0.35317	1.29559e-01
0.38143	1.21972e-01
0.37261	1.31818e-01
0.35967	1.19442e-01
0.40293	6.82248e-02
0.40430	6.64824e-02
0.40285	7.21338e-02
0.38238	6.99285e-02
0.41203	6.49514e-02
0.40022	8.54322e-02
0.40247	8.51966e-02
0.41016	8.23273e-02
0.42137	7.99870e-02
0.42507	9.15775e-02
0.44034	7.91560e-02
0.44436	7.64285e-02
0.44976	9.91299e-02
0.44804	1.46280e-01
0.47150	6.49591e-02
0.47924	6.89561e-02
0.50405	8.15252e-02
0.48820	6.23256e-02
0.48820	6.23256e-02
0.49105	7.88566e-02
0.49105	7.88566e-02
0.47697	8.77871e-02
0.47203	9.21792e-02
0.46477	9.73285e-02
0.48399	8.27768e-02
0.48928	8.64996e-02
0.49020	8.53738e-02
0.47846	1.01822e-01
0.50686	8.59687e-02
0.51306	8.58160e-02
0.52709	7.06614e-02
0.53715	8.40208e-02
0.54603	6.53351e-02
0.54755	6.84996e-02
0.54418	6.75943e-02
0.55014	7.26204e-02
0.55014	7.26204e-02
0.55677	6.58369e-02
0.54983	6.14406e-02
0.54983	6.14406e-02
0.54862	6.37805e-02
0.55632	5.85283e-02
0.55720	5.78620e-02
0.56992	6.83449e-02
0.58329	6.96902e-02
0.58291	7.07423e-02
0.59183	6.86939e-02
0.57901	6.41633e-02
0.57861	6.35960e-02
0.58060	6.26494e-02
0.59665	5.36850e-02
0.59775	5.79694e-02
0.61547	5.20232e-02
0.60926	5.23381e-02
0.62730	5.30605e-02
0.62211	5.45582e-02
0.63250	6.66394e-02
0.62250	6.27097e-02
0.62116	5.29551e-02
0.62919	4.99785e-02
0.62365	4.61284e-02
0.61895	5.24643e-02
0.63088	6.62406e-02
0.63531	6.98589e-02
0.62895	6.10600e-02
0.65018	5.00419e-02
0.64609	4.07474e-02
0.64362	3.98401e-02
0.65048	5.16646e-02
0.65552	4.67843e-02
0.66685	6.31411e-02
0.65535	6.93465e-02
0.65049	6.32719e-02
0.64741	5.90245e-02
0.66539	5.74227e-02
0.66017	5.47246e-02
0.67423	6.84837e-02
0.68302	6.52374e-02
0.67736	5.97345e-02
0.67928	4.54161e-02
0.68641	4.41829e-02
0.69155	4.29892e-02
0.70243	5.65065e-02
0.71670	5.81982e-02
0.71670	5.81982e-02
0.70259	7.15946e-02
0.70420	6.35444e-02
0.71027	6.00193e-02
0.71406	6.05317e-02
0.71989	5.21697e-02
0.71419	5.62948e-02
0.70067	3.39138e-02
0.70067	3.39138e-02
0.70067	3.39138e-02
0.70008	3.35737e-02
0.70008	3.35737e-02
0.71676	4.03529e-02
0.72660	3.80652e-02
0.72660	3.80652e-02
0.72840	3.93131e-02
0.70707	4.68062e-02
0.70826	4.71932e-02
0.71884	5.74664e-02
0.70810	5.90590e-02
0.71974	5.50110e-02
0.72432	4.30385e-02
0.72844	4.03011e-02
0.74922	3.47093e-02
0.74679	3.73869e-02
0.74349	2.96054e-02
0.73003	4.52381e-02
0.73003	4.52381e-02
0.72597	4.72573e-02
0.73280	5.31483e-02
0.74109	6.10315e-02
0.73266	6.50917e-02
0.73584	4.99621e-02
0.74155	5.54940e-02
0.74909	3.60880e-02
0.75967	3.26129e-02
0.75769	2.39593e-02
0.75675	2.28448e-02
0.75892	2.30127e-02
0.76191	3.34838e-02
0.75795	3.76121e-02
0.76876	3.23216e-02
0.77109	3.06164e-02
0.76539	3.85748e-02
0.76839	3.94362e-02
0.76667	4.67967e-02
0.76690	4.68832e-02
0.76920	4.41939e-02
0.76889	4.94336e-02
0.76824	4.58785e-02
0.77171	4.83213e-02
0.76768	4.41185e-02
0.77345	3.74171e-02
0.77537	3.05634e-02
0.77186	3.47656e-02
0.77739	2.89635e-02
0.78279	3.29357e-02
0.77774	3.88202e-02
0.79318	4.94568e-02
0.80156	4.18131e-02
0.79301	5.45173e-02
0.79135	4.70637e-02
0.78970	4.67829e-02
0.77919	4.05431e-02
0.79427	3.09631e-02
0.79429	3.09729e-02
0.79819	3.49399e-02
0.79819	3.49399e-02
0.80265	3.83192e-02
0.80146	3.82727e-02
0.79935	3.82213e-02
0.80067	3.84267e-02
0.80405	3.89464e-02
0.81484	3.79699e-02
0.81508	3.81725e-02
0.81659	3.97212e-02
0.81283	3.70720e-02
0.82062	3.89734e-02
0.81757	3.76948e-02
0.81757	3.76948e-02
0.81799	3.34113e-02
0.81870	2.63845e-02
0.82177	2.82518e-02
0.82536	2.79407e-02
0.82408	1.68352e-02
0.82535	2.21604e-02
0.83395	2.16078e-02
0.83294	2.01274e-02
0.83752	2.39133e-02
0.82979	3.40835e-02
0.82368	3.16931e-02
0.82264	2.88585e-02
0.81857	3.11939e-02
0.82099	2.93191e-02
0.81922	2.74945e-02
0.81543	2.65721e-02
0.82706	2.79925e-02
0.82962	3.16994e-02
0.82838	3.28986e-02
0.83476	3.44411e-02
0.83770	3.41423e-02
0.83946	3.20479e-02
0.84290	2.79850e-02
0.84329	2.78798e-02
0.83907	2.54759e-02
0.83900	2.68875e-02
0.83691	2.92242e-02
0.84075	3.37829e-02
0.83880	2.95107e-02
0.84292	3.28388e-02
0.84518	2.97971e-02
0.85171	2.61134e-02
0.84774	3.57787e-02
0.84458	3.00411e-02
0.84629	2.68278e-02
0.84029	3.26629e-02
0.84029	3.26629e-02
0.82006	2.19462e-02
0.82896	2.08540e-02
0.84002	3.02047e-02
0.84154	3.00449e-02
0.84243	2.95422e-02
0.84292	3.18333e-02
0.84162	2.89486e-02
0.84356	2.93167e-02
0.84454	2.61886e-02
0.84487	2.66819e-02
0.84788	2.95183e-02
0.84807	2.93927e-02
0.84182	2.88564e-02
0.85198	2.30473e-02
0.85198	2.30473e-02
0.85523	1.78287e-02
0.85336	2.19986e-02
0.85536	2.32494e-02
0.85751	2.15123e-02
0.85935	2.15594e-02
0.85746	3.10671e-02
0.85416	2.98339e-02
0.85606	2.81634e-02
0.85420	2.72052e-02
0.85930	1.94495e-02
0.84999	3.40666e-02
0.85002	3.40812e-02
0.86174	1.84485e-02
0.85970	2.66431e-02
0.86276	2.92336e-02
0.87170	2.01088e-02
0.86837	2.30232e-02
0.87032	2.19133e-02
0.86985	2.29840e-02
0.87260	2.71399e-02
0.87765	2.46617e-02
0.86569	4.12961e-02
0.86759	4.34061e-02
0.87223	4.38868e-02
0.87300	3.64752e-02
0.87477	3.52406e-02
0.87059	3.39458e-02
0.87505	3.35867e-02
0.87091	3.72969e-02
0.87304	3.66644e-02
0.86954	3.43118e-02
0.87857	3.46532e-02
0.87844	3.56522e-02
0.88608	3.96356e-02
0.88425	3.80514e-02
0.88372	3.75182e-02
0.87954	3.73922e-02
0.87981	3.70042e-02
0.87613	4.40154e-02
0.89033	3.04017e-02
0.88697	3.07525e-02
0.87783	4.30019e-02
0.87666	4.20126e-02
0.87593	3.97498e-02
0.87050	3.89942e-02
0.85943	4.31102e-02
0.85943	4.31102e-02
0.86031	4.27907e-02
0.88086	2.53196e-02
0.88069	2.55300e-02
0.88072	2.55746e-02
0.88047	2.57435e-02
0.88104	2.58952e-02
0.88318	2.96370e-02
0.87900	2.08528e-02
0.88181	2.03950e-02
0.87990	1.96599e-02
0.87990	1.96599e-02
0.88094	1.99493e-02
0.88104	1.97823e-02
0.87546	2.27801e-02
0.88392	3.10801e-02
0.88392	3.10801e-02
0.88839	2.76703e-02
0.89137	2.52039e-02
0.88573	2.28363e-02
0.88556	2.28102e-02
0.88047	1.47939e-02
0.88485	1.74270e-02
0.88508	1.77162e-02
0.88508	1.77162e-02
0.88400	1.98162e-02
0.88400	1.98162e-02
0.88387	1.97653e-02
0.88382	2.18012e-02
0.89476	1.90590e-02
0.89189	2.08112e-02
0.90132	2.21403e-02
0.89921	1.89342e-02
0.89518	1.42766e-02
0.91016	1.61782e-02
0.91016	1.61782e-02
0.91016	1.61782e-02
0.91613	1.72207e-02
0.91613	1.72207e-02
0.91613	1.72207e-02
0.90766	3.03521e-02
0.92364	2.03739e-02
0.92441	1.91169e-02
0.92039	1.58245e-02
0.92208	1.72511e-02
0.92241	1.66991e-02
0.92188	2.22224e-02
0.92384	2.46761e-02
0.92451	2.55679e-02
0.92451	2.55679e-02
0.92457	2.56005e-02
0.92523	2.59905e-02
0.93533	2.60294e-02
0.93082	2.52230e-02
0.93082	2.52230e-02
0.93086	2.52676e-02
0.93925	8.77118e-03
0.94091	1.33290e-02
0.94091	1.33290e-02
0.94091	1.33290e-02
0.94091	1.33290e-02
0.94091	1.33290e-02
0.93959	1.46444e-02
0.93959	1.46444e-02
0.93959	1.46444e-02
0.93959	1.46444e-02
0.93959	1.46444e-02
0.93959	1.46444e-02
0.93959	1.46444e-02
0.93959	1.46444e-02
0.93959	1.46444e-02
0.93962	1.46191e-02
0.93962	1.46191e-02
0.93962	1.46191e-02
0.93963	1.46305e-02
0.93322	8.22388e-03
0.91507	0.00000e+00
