0.95372	1.18731e-02
0.95050	1.72770e-02
0.93995	1.93258e-02
0.93455	2.22842e-02
0.92109	2.83121e-02
0.91027	2.64797e-02
0.90049	3.02900e-02
0.89404	2.52920e-02
0.88679	2.17868e-02
0.86963	2.82480e-02
0.86144	3.57436e-02
0.83738	4.46809e-02
0.82382	4.00965e-02
0.81678	3.68738e-02
0.79909	4.42916e-02
0.81243	4.39965e-02
0.78918	3.58459e-02
0.76765	6.24679e-02
0.78645	4.50090e-02
0.76394	3.76725e-02
0.78649	4.88441e-02
0.77985	5.04380e-02
0.75574	6.39815e-02
0.74918	4.60100e-02
0.74061	5.90029e-02
0.73103	6.73279e-02
0.71911	6.56614e-02
0.70732	4.85192e-02
0.70232	4.68589e-02
0.67718	4.74789e-02
0.64963	3.20357e-02
0.65300	4.10187e-02
0.62437	7.05086e-02
0.58558	6.52469e-02
0.62598	6.93423e-02
0.60480	7.97695e-02
0.58636	7.41167e-02
0.57378	1.04858e-01
0.57705	1.00141e-01
0.58245	6.72789e-02
0.56843	7.18865e-02
0.52569	8.05560e-02
0.57289	8.95391e-02
0.52941	1.37871e-01
0.48738	1.38258e-01
0.53844	9.69511e-02
0.51846	7.71871e-02
0.47769	1.25089e-01
0.49971	9.33206e-02
0.46452	6.59799e-02
0.44617	1.22490e-01
0.47906	1.13272e-01
0.50829	8.63180e-02
0.45443	1.20338e-01
0.50093	5.57830e-02
0.46815	9.50051e-02
0.45713	7.17636e-02
0.48626	5.80955e-02
0.46111	7.89373e-02
0.42446	1.25188e-01
0.46126	7.84158e-02
0.42978	8.99593e-02
0.44417	4.09621e-02
0.42713	8.32616e-02
0.39502	9.38479e-02
0.38213	8.26515e-02
0.40245	1.19272e-01
0.33172	1.32106e-01
0.36995	1.14005e-01
0.38713	1.13885e-01
0.38984	1.08330e-01
0.42303	1.08092e-01
0.38564	1.01737e-01
0.39318	1.32966e-01
0.38072	1.31673e-01
0.38593	1.16215e-01
0.38241	1.04658e-01
0.38317	9.43751e-02
0.40719	9.29702e-02
0.40944	6.41259e-02
0.41512	5.55474e-02
0.39929	9.08996e-02
0.37255	6.34224e-02
0.39141	1.03803e-01
0.39716	9.99213e-02
0.39877	1.19547e-01
0.39438	8.05467e-02
0.40410	6.62470e-02
0.46056	8.83871e-02
0.41898	7.22345e-02
0.41598	8.42515e-02
0.41148	8.93654e-02
0.36470	7.50418e-02
0.37536	8.14223e-02
0.39671	6.95670e-02
0.38361	3.59609e-02
0.39385	7.22087e-02
0.42688	1.06789e-01
0.40345	5.08387e-02
0.43478	4.73951e-02
0.44910	5.26995e-02
0.44672	5.19676e-02
0.46256	5.70580e-02
0.44420	6.85186e-02
0.45675	5.28130e-02
0.46272	4.59261e-02
0.48339	5.06533e-02
0.48102	5.06979e-02
0.47031	8.87020e-02
0.47312	9.09186e-02
0.48242	9.08676e-02
0.50447	5.06228e-02
0.50570	6.13320e-02
0.49639	6.87968e-02
0.50551	8.35011e-02
0.51670	9.09049e-02
0.50557	8.09556e-02
0.49733	8.68602e-02
0.50328	9.40737e-02
0.50719	1.01770e-01
0.52482	9.04143e-02
0.53547	9.32036e-02
0.56835	7.15487e-02
0.57697	6.87834e-02
0.57016	8.92664e-02
0.57127	9.03552e-02
0.56509	9.00208e-02
0.59475	7.14284e-02
0.60086	6.94931e-02
0.62174	6.64739e-02
0.60559	5.73895e-02
0.60559	5.73895e-02
0.59789	5.50480e-02
0.59874	6.48684e-02
0.61274	7.48948e-02
0.60987	6.74893e-02
0.61836	7.74719e-02
0.62727	7.19738e-02
0.63230	7.23266e-02
0.62387	6.52868e-02
0.63114	6.99253e-02
0.63146	7.04243e-02
0.62248	6.98052e-02
0.60911	5.69429e-02
0.62066	6.34794e-02
0.63140	7.20496e-02
0.63140	7.20496e-02
0.63326	6.78998e-02
0.62956	7.15111e-02
0.64262	6.84730e-02
0.64853	7.10140e-02
0.65063	6.56931e-02
0.65503	6.05741e-02
0.65514	6.05007e-02
0.65045	5.55982e-02
0.66072	7.03892e-02
0.65659	7.31058e-02
0.65274	7.25907e-02
0.65610	6.87066e-02
0.65618	6.80569e-02
0.65695	6.77151e-02
0.65967	7.30378e-02
0.67735	6.33795e-02
0.67667	6.62187e-02
0.69217	5.76078e-02
0.69770	5.67365e-02
0.69770	5.67365e-02
0.69770	5.67365e-02
0.69460	5.75230e-02
0.69460	5.75230e-02
0.69356	5.84189e-02
0.68935	4.28918e-02
0.68491	4.77312e-02
0.69914	6.82597e-02
0.70405	6.72323e-02
0.71843	5.74908e-02
0.72012	5.64495e-02
0.72720	5.42875e-02
0.72720	5.42875e-02
0.71965	5.31644e-02
0.72982	3.93089e-02
0.73205	3.88615e-02
0.73061	4.18816e-02
0.74212	4.64834e-02
0.73740	4.70454e-02
0.73090	5.50532e-02
0.73705	4.70007e-02
0.73705	4.70007e-02
0.73363	4.24771e-02
0.73681	4.56318e-02
0.74072	5.38505e-02
0.74469	6.07676e-02
0.74543	6.01877e-02
0.77091	5.25622e-02
0.77230	5.58173e-02
0.77878	5.06875e-02
0.77954	5.18925e-02
0.77019	5.15877e-02
0.76103	4.46885e-02
0.76565	4.28348e-02
0.76588	4.86984e-02
0.76532	4.58453e-02
0.77080	4.86973e-02
0.77554	4.52228e-02
0.77900	4.37791e-02
0.77686	4.55850e-02
0.78401	4.00470e-02
0.78401	4.00470e-02
0.78586	4.14230e-02
0.78441	4.84810e-02
0.78096	4.95721e-02
0.77457	4.86234e-02
0.77693	4.98617e-02
0.77700	5.00157e-02
0.77969	4.73292e-02
0.77996	4.77700e-02
0.77677	4.96921e-02
0.77736	5.00583e-02
0.78596	5.28001e-02
0.79059	5.05275e-02
0.78632	4.68897e-02
0.79098	5.14246e-02
0.80354	4.61040e-02
0.80262	4.56718e-02
0.80898	5.26116e-02
0.81087	4.96310e-02
0.80688	5.16880e-02
0.80487	4.66195e-02
0.79863	5.23891e-02
0.79159	5.04862e-02
0.79643	4.16722e-02
0.79839	4.38112e-02
0.79860	4.38205e-02
0.80454	5.12288e-02
0.80628	4.96778e-02
0.82155	4.83530e-02
0.82408	4.56514e-02
0.81336	3.88763e-02
0.81814	3.48552e-02
0.83005	4.43624e-02
0.83098	4.42603e-02
0.82904	4.89592e-02
0.82882	4.20079e-02
0.83138	4.46288e-02
0.82954	4.72539e-02
0.82813	4.42836e-02
0.83789	4.10657e-02
0.85053	3.09042e-02
0.85429	3.15460e-02
0.84566	2.99375e-02
0.84919	3.09329e-02
0.84919	3.09329e-02
0.84954	3.61945e-02
0.85735	3.69809e-02
0.85286	3.42905e-02
0.85160	3.20871e-02
0.84804	3.19039e-02
0.85633	4.14578e-02
0.84260	3.09259e-02
0.85273	3.31231e-02
0.85310	3.52014e-02
0.84901	3.53111e-02
0.85024	3.30759e-02
0.84989	3.28754e-02
0.85026	3.17401e-02
0.85388	3.16601e-02
0.85300	3.05205e-02
0.85747	2.83668e-02
0.86027	2.93534e-02
0.85330	2.61291e-02
0.84941	3.42681e-02
0.85770	3.92283e-02
0.85557	3.80963e-02
0.86770	4.09909e-02
0.86500	3.97783e-02
0.87086	3.43159e-02
0.87250	3.12816e-02
0.88182	3.63610e-02
0.87587	3.37329e-02
0.88031	3.65043e-02
0.87841	3.99985e-02
0.86380	3.96722e-02
0.86476	4.01927e-02
0.87068	3.55288e-02
0.87468	3.90607e-02
0.86828	4.36142e-02
0.86711	4.33106e-02
0.87328	4.04932e-02
0.86941	3.90839e-02
0.87067	3.69955e-02
0.87073	3.70013e-02
0.87073	3.70013e-02
0.87471	3.79111e-02
0.87407	3.89989e-02
0.87725	3.41213e-02
0.88535	3.36237e-02
0.88493	3.24599e-02
0.87252	1.79874e-02
0.87115	1.76011e-02
0.87205	1.79992e-02
0.87670	2.12530e-02
0.87847	2.27918e-02
0.87970	2.45149e-02
0.88078	2.54303e-02
0.87727	2.41613e-02
0.88084	2.62266e-02
0.89016	2.59200e-02
0.89118	2.64782e-02
0.88553	3.56353e-02
0.88724	3.08230e-02
0.88158	3.70704e-02
0.87865	4.14615e-02
0.87640	3.83045e-02
0.88429	4.55762e-02
0.88272	4.79977e-02
0.88153	5.08459e-02
0.88172	5.10708e-02
0.89230	4.44526e-02
0.89226	4.43936e-02
0.89383	4.27149e-02
0.89354	4.04850e-02
0.89375	4.02095e-02
0.89693	3.97379e-02
0.89693	3.97379e-02
0.89851	3.79613e-02
0.89059	3.52879e-02
0.89059	3.52879e-02
0.88554	3.28686e-02
0.88507	3.25880e-02
0.87282	2.02799e-02
0.87282	2.02799e-02
0.87490	2.39618e-02
0.87490	2.39618e-02
0.87490	2.39618e-02
0.87490	2.39618e-02
0.87371	2.21380e-02
0.88843	2.11267e-02
0.88496	2.24423e-02
0.88496	2.24423e-02
0.88098	2.40358e-02
0.88098	2.40358e-02
0.88098	2.40358e-02
0.88098	2.40358e-02
0.88137	2.43486e-02
0.88139	2.43683e-02
0.87654	1.84641e-02
0.87647	1.84031e-02
0.87647	1.84031e-02
0.87964	1.85248e-02
0.87318	1.74160e-02
0.87318	1.74160e-02
0.87750	2.14579e-02
0.87419	1.78867e-02
0.87419	1.78867e-02
0.87570	1.52898e-02
0.87801	1.93852e-02
0.87750	1.84064e-02
0.87608	1.79220e-02
0.88378	2.20475e-02
0.89551	2.29815e-02
0.89844	2.60247e-02
0.90361	1.62495e-02
0.89670	2.33274e-02
0.89670	2.33274e-02
0.89853	2.35252e-02
0.90277	1.51230e-02
0.90516	1.38111e-02
0.90327	1.46679e-02
0.90337	1.47599e-02
0.91211	1.95988e-02
0.90267	2.47513e-02
0.90742	2.52738e-02
0.90401	2.45912e-02
0.91164	2.84831e-02
0.91039	2.71803e-02
0.91487	2.88160e-02
0.91487	2.88160e-02
0.91915	2.84326e-02
0.91619	3.48609e-02
0.92189	3.77958e-02
0.92292	3.74101e-02
0.92175	4.16984e-02
0.91858	4.07925e-02
0.92709	3.84178e-02
0.92389	3.70010e-02
0.92409	3.70019e-02
0.92420	3.78334e-02
0.92334	3.72995e-02
0.91991	3.92522e-02
0.93103	2.30117e-02
0.93048	2.26768e-02
0.93602	2.60638e-02
0.93330	2.44130e-02
0.92853	4.12094e-02
0.93300	4.20096e-02
0.93477	4.30099e-02
0.93477	4.30099e-02
0.93477	4.30099e-02
0.93528	4.31570e-02
0.94383	2.71202e-02
0.94405	2.66332e-02
0.94182	3.14900e-02
0.93974	3.02871e-02
0.93849	2.98992e-02
0.93358	3.03078e-02
0.94345	2.01139e-02
0.94627	2.44548e-02
0.94124	2.63919e-02
0.94172	2.57305e-02
0.94172	2.57305e-02
0.93600	3.37282e-02
0.93606	3.37802e-02
0.93606	3.37802e-02
0.93606	3.37802e-02
0.92920	3.13994e-02
0.92920	3.13994e-02
0.92920	3.13994e-02
0.92920	3.13994e-02
0.93891	3.55095e-02
0.92570	3.69872e-02
0.92570	3.69872e-02
0.92570	3.69872e-02
0.92463	3.59145e-02
0.92463	3.59145e-02
0.93209	4.33768e-02
0.93209	4.33768e-02
0.93209	4.33768e-02
0.93209	4.33768e-02
0.93209	4.33768e-02
0.93209	4.33768e-02
0.93209	4.33768e-02
0.93209	4.33768e-02
0.93209	4.33768e-02
0.93209	4.33768e-02
0.93209	4.33768e-02
0.93209	4.33768e-02
0.93154	4.39269e-02
0.93669	3.05585e-02
0.92303	3.88791e-02
0.88415	0.00000e+00
0.88415	0.00000e+00
0.88415	0.00000e+00
0.88415	0.00000e+00
0.88415	0.00000e+00
0.88415	0.00000e+00
0.88415	0.00000e+00
0.88415	0.00000e+00
0.88415	0.00000e+00
0.88415	0.00000e+00
0.88415	0.00000e+00
0.88415	0.00000e+00
0.88605	0.00000e+00
0.88605	0.00000e+00
0.88605	0.00000e+00
0.88605	0.00000e+00
0.93054	0.00000e+00
0.93054	0.00000e+00
0.93054	0.00000e+00
0.92345	0.00000e+00
0.92345	0.00000e+00
0.92345	0.00000e+00
0.91563	0.00000e+00
0.91563	0.00000e+00
0.91563	0.00000e+00
0.91563	0.00000e+00
0.91563	0.00000e+00
0.95253	0.00000e+00
0.95253	0.00000e+00
0.95253	0.00000e+00
0.95253	0.00000e+00
0.95253	0.00000e+00
0.95253	0.00000e+00
0.95253	0.00000e+00
0.95253	0.00000e+00
0.93452	0.00000e+00
0.93452	0.00000e+00
0.93452	0.00000e+00
0.93452	0.00000e+00
0.95775	0.00000e+00
