0.98268	7.01236e-03
0.97072	6.59840e-03
0.96353	8.71240e-03
0.95289	1.06848e-02
0.95364	1.71877e-02
0.95117	1.13022e-02
0.92651	2.86141e-02
0.93101	2.11030e-02
0.91443	1.95970e-02
0.88729	3.93210e-02
0.89177	2.97781e-02
0.87573	3.00285e-02
0.85821	3.57627e-02
0.85594	3.15463e-02
0.84602	4.58543e-02
0.83212	3.94767e-02
0.84373	3.05846e-02
0.82639	4.69853e-02
0.83107	3.55571e-02
0.81530	3.76112e-02
0.80512	3.28219e-02
0.81381	5.22271e-02
0.79773	3.76202e-02
0.78817	4.79193e-02
0.79053	3.76068e-02
0.75907	7.18569e-02
0.75427	3.56243e-02
0.74485	5.48688e-02
0.75315	5.11835e-02
0.74107	4.44610e-02
0.74852	5.15552e-02
0.73270	4.65473e-02
0.72487	3.91668e-02
0.71834	6.11253e-02
0.70517	5.37026e-02
0.69853	5.57962e-02
0.70112	6.72942e-02
0.67108	6.15863e-02
0.65211	1.04968e-01
0.63905	1.54420e-01
0.60619	1.63338e-01
0.60858	7.53767e-02
0.64863	7.53161e-02
0.63107	7.19126e-02
0.64846	6.39154e-02
0.60842	7.16030e-02
0.59798	6.87287e-02
0.59194	9.27930e-02
0.62678	6.86620e-02
0.60060	6.85921e-02
0.59524	9.58565e-02
0.61582	7.27420e-02
0.58179	4.94784e-02
0.57357	1.00735e-01
0.61898	7.10117e-02
0.59879	6.43322e-02
0.56897	8.34300e-02
0.59805	7.63478e-02
0.57881	6.62449e-02
0.56338	8.34810e-02
0.57614	6.11934e-02
0.55191	8.17963e-02
0.55757	7.94292e-02
0.53451	6.33564e-02
0.48979	7.47714e-02
0.48470	6.88093e-02
0.48467	8.56161e-02
0.48357	6.82684e-02
0.49880	7.00063e-02
0.47214	8.45940e-02
0.49975	9.20594e-02
0.47768	9.35892e-02
0.50073	7.36083e-02
0.50715	7.37086e-02
0.47147	1.21426e-01
0.46398	1.39279e-01
0.46496	9.56849e-02
0.49956	1.07962e-01
0.47088	9.86111e-02
0.48425	7.50384e-02
0.47615	5.91295e-02
0.50255	1.07141e-01
0.45308	1.43320e-01
0.46534	1.23299e-01
0.45671	1.45992e-01
0.44460	1.52130e-01
0.45827	1.35234e-01
0.43920	1.41404e-01
0.45814	1.40043e-01
0.48023	1.19091e-01
0.44457	1.22721e-01
0.48187	1.35918e-01
0.42849	9.66975e-02
0.42335	1.20749e-01
0.47735	1.29028e-01
0.41311	1.07732e-01
0.44061	1.01906e-01
0.44083	9.65136e-02
0.42475	1.25757e-01
0.47320	1.17441e-01
0.48092	1.21065e-01
0.50886	1.01152e-01
0.50663	1.04885e-01
0.51320	1.10646e-01
0.53268	9.04063e-02
0.53943	8.47377e-02
0.52265	8.86371e-02
0.52880	9.93403e-02
0.53470	1.02051e-01
0.54075	9.41504e-02
0.55410	8.48467e-02
0.57242	7.15512e-02
0.58302	7.96964e-02
0.58410	8.19200e-02
0.57724	8.72939e-02
0.57325	8.24011e-02
0.58307	7.92428e-02
0.60673	6.34854e-02
0.60802	6.39673e-02
0.60141	6.16498e-02
0.61481	7.34753e-02
0.61003	7.50530e-02
0.61151	7.67916e-02
0.61792	7.77072e-02
0.61792	7.77072e-02
0.64432	8.43311e-02
0.66687	7.74987e-02
0.65333	7.74680e-02
0.65124	6.53310e-02
0.65439	6.14924e-02
0.65364	6.93262e-02
0.66022	7.58363e-02
0.65367	7.58619e-02
0.66279	7.96739e-02
0.67972	7.63552e-02
0.70185	8.76117e-02
0.70852	7.63249e-02
0.70825	7.61812e-02
0.71199	7.28700e-02
0.72128	6.15794e-02
0.71153	6.30744e-02
0.72303	4.94175e-02
0.72612	5.73320e-02
0.72749	5.79063e-02
0.73547	4.58832e-02
0.75160	4.06627e-02
0.75348	4.30078e-02
0.75827	3.82487e-02
0.76760	3.41456e-02
0.76427	3.30221e-02
0.76427	3.30221e-02
0.75622	2.34437e-02
0.75695	2.51378e-02
0.76061	2.95411e-02
0.76369	3.67718e-02
0.77200	4.26859e-02
0.78129	3.40883e-02
0.78345	3.79627e-02
0.78736	3.14884e-02
0.78701	2.86713e-02
0.78894	2.83568e-02
0.79278	2.93431e-02
0.79871	4.95212e-02
0.79773	4.69690e-02
0.79773	4.69690e-02
0.79761	4.69490e-02
0.81405	4.08026e-02
0.81149	2.63361e-02
0.81260	2.47990e-02
0.81163	2.40928e-02
0.82212	2.46804e-02
0.82362	2.13236e-02
0.82097	2.48414e-02
0.82957	1.61749e-02
0.81935	2.06023e-02
0.82600	1.95875e-02
0.83573	1.68237e-02
0.83413	2.74918e-02
0.84199	3.77198e-02
0.83350	4.12429e-02
0.83426	4.05642e-02
0.83979	3.93822e-02
0.84087	3.82156e-02
0.84437	3.66759e-02
0.84230	3.37156e-02
0.85640	2.87429e-02
0.85159	2.93501e-02
0.85716	2.39392e-02
0.85852	3.01348e-02
0.85852	3.01348e-02
0.86981	2.70248e-02
0.86501	2.77259e-02
0.86033	2.37922e-02
0.86267	2.38002e-02
0.87141	3.28948e-02
0.88260	2.70518e-02
0.87971	2.60958e-02
0.88661	1.78551e-02
0.88839	1.61236e-02
0.87999	2.91734e-02
0.87564	2.85406e-02
0.86965	2.77692e-02
0.86923	2.80561e-02
0.87545	2.77837e-02
0.88731	2.49044e-02
0.89145	2.09364e-02
0.89178	2.27662e-02
0.89151	2.12526e-02
0.89028	2.11561e-02
0.89698	1.74863e-02
0.90209	1.56972e-02
0.90158	1.66979e-02
0.90519	1.52931e-02
0.90273	1.68067e-02
0.90325	1.63682e-02
0.90336	1.70980e-02
0.90757	1.75893e-02
0.90869	1.80509e-02
0.90869	1.80509e-02
0.90842	1.89123e-02
0.91014	1.87927e-02
0.91090	2.20973e-02
0.90767	1.72891e-02
0.90566	1.83531e-02
0.90162	1.74406e-02
0.90440	1.52909e-02
0.90333	1.21859e-02
0.90819	1.52650e-02
0.91040	1.42475e-02
0.90921	1.77399e-02
0.91041	1.76886e-02
0.90584	1.30633e-02
0.90771	1.35935e-02
0.91099	1.67998e-02
0.91099	1.67998e-02
0.91941	1.16665e-02
0.91636	1.20158e-02
0.91752	1.27325e-02
0.91752	1.27325e-02
0.91337	1.57539e-02
0.91153	1.63703e-02
0.91711	1.94999e-02
0.92728	1.36570e-02
0.92441	1.25046e-02
0.91961	1.39326e-02
0.91461	1.62042e-02
0.91826	1.50610e-02
0.92112	1.56054e-02
0.92733	1.50632e-02
0.92295	2.09016e-02
0.92750	1.50371e-02
0.92487	1.86811e-02
0.92614	1.70263e-02
0.92939	1.35850e-02
0.93296	1.58614e-02
0.93035	1.41725e-02
0.92751	1.63027e-02
0.92729	1.79269e-02
0.92475	1.67985e-02
0.93135	1.39323e-02
0.93315	1.54132e-02
0.93000	1.29679e-02
0.93331	1.61772e-02
0.93472	1.70806e-02
0.93038	1.74904e-02
0.92720	1.79525e-02
0.92943	1.50604e-02
0.92851	1.81189e-02
0.93162	1.79714e-02
0.93161	1.87766e-02
0.92800	1.41903e-02
0.93030	1.38394e-02
0.92878	1.51181e-02
0.93070	1.38309e-02
0.93209	1.35552e-02
0.93250	1.61403e-02
0.93250	1.61403e-02
0.92818	1.77670e-02
0.93064	1.80776e-02
0.93206	1.96362e-02
0.92691	2.05770e-02
0.92933	2.02601e-02
0.93781	1.53167e-02
0.94006	1.37176e-02
0.94089	1.11912e-02
0.94089	1.11912e-02
0.94067	1.13187e-02
0.94007	1.07044e-02
0.93825	9.85116e-03
0.93632	9.69751e-03
0.93749	8.57060e-03
0.93769	8.71534e-03
0.93798	8.98479e-03
0.94025	1.23827e-02
0.93924	1.25827e-02
0.93921	1.16096e-02
0.93848	1.34228e-02
0.94110	1.52595e-02
0.94131	1.56870e-02
0.94761	1.32030e-02
0.94449	1.70156e-02
0.93748	1.78854e-02
0.93849	1.86039e-02
0.94143	1.89904e-02
0.94185	1.89229e-02
0.94368	1.74264e-02
0.94330	1.55804e-02
0.94421	1.39963e-02
0.94076	1.64286e-02
0.94083	1.64294e-02
0.94384	1.57785e-02
0.94557	1.81705e-02
0.94389	1.58575e-02
0.94020	1.78487e-02
0.94474	1.23048e-02
0.94511	1.05940e-02
0.94455	1.51138e-02
0.94477	1.60979e-02
0.94477	1.60979e-02
0.94988	2.04952e-02
0.95201	1.41988e-02
0.94982	1.21403e-02
0.95427	4.42957e-03
0.94769	1.39114e-02
0.95084	1.62835e-02
0.95342	1.55224e-02
0.95410	1.56083e-02
0.95740	1.74392e-02
0.96238	8.80023e-03
0.96108	1.12658e-02
0.95807	1.24218e-02
0.96117	1.12158e-02
0.95889	1.37309e-02
0.95932	1.68064e-02
0.96078	1.17162e-02
0.96084	1.17065e-02
0.96416	1.66813e-02
0.95956	2.21971e-02
0.95454	2.22999e-02
0.95455	2.22907e-02
0.95774	2.17818e-02
0.95890	2.27036e-02
0.95671	2.29994e-02
0.95720	2.35545e-02
0.95728	2.35932e-02
0.95995	1.99700e-02
0.95782	1.99361e-02
0.95699	1.96477e-02
0.95699	1.96395e-02
0.95699	1.96412e-02
0.95293	1.60373e-02
0.95736	1.76678e-02
0.95710	1.77867e-02
0.95963	1.78263e-02
0.95963	1.78263e-02
0.95839	1.68608e-02
0.95683	1.63807e-02
0.95681	1.63698e-02
0.95715	1.83559e-02
0.95831	1.73644e-02
0.96499	2.18573e-02
0.95917	2.41214e-02
0.95917	2.41214e-02
0.95696	2.57393e-02
0.95107	2.07659e-02
0.95107	2.07659e-02
0.95529	1.89896e-02
0.95529	1.89896e-02
0.95265	1.96085e-02
0.96031	1.55085e-02
0.96620	1.29298e-02
0.96432	9.54741e-03
0.96456	9.55004e-03
0.96456	9.55004e-03
0.95808	1.41540e-02
0.95808	1.41540e-02
0.95719	1.33455e-02
0.96167	1.03731e-02
0.95582	1.33686e-02
0.96139	1.24391e-02
0.96139	1.24391e-02
0.96139	1.24374e-02
0.95999	1.65428e-02
0.95999	1.65428e-02
0.96192	1.92741e-02
0.96192	1.92741e-02
0.96408	2.04223e-02
0.96476	2.08624e-02
0.96942	1.85562e-02
0.96278	1.43694e-02
0.96094	1.26340e-02
0.96092	1.26228e-02
0.96593	1.82742e-02
0.96593	1.82742e-02
0.97002	1.30818e-02
0.97546	1.32674e-02
0.97546	1.32674e-02
0.97546	1.32674e-02
0.97046	1.28241e-02
0.95567	1.67603e-02
0.95567	1.67603e-02
0.95567	1.67603e-02
0.95316	1.47775e-02
0.96323	1.68603e-02
0.96372	1.68709e-02
0.96333	1.73530e-02
0.96333	1.73530e-02
0.96985	1.00610e-02
0.96985	1.00610e-02
0.96979	9.97500e-03
0.96979	9.97500e-03
0.96983	9.95508e-03
0.96884	1.08157e-02
0.96143	3.25096e-03
0.96162	3.44523e-03
0.96462	4.54868e-04
0.97471	1.05519e-02
0.97418	1.10826e-02
0.97418	1.10826e-02
0.97418	1.10826e-02
0.97418	1.10826e-02
0.97418	1.10826e-02
0.98395	1.31714e-03
0.97532	9.99385e-03
0.97532	9.99385e-03
0.98506	2.52175e-04
0.98506	2.52175e-04
0.98506	2.52175e-04
0.98506	2.52175e-04
0.98492	3.89426e-04
0.98492	3.89426e-04
0.98492	3.89426e-04
0.98492	3.89426e-04
0.98492	3.89426e-04
0.98492	3.89426e-04
0.98492	3.89426e-04
0.98492	3.89426e-04
0.98492	3.89426e-04
0.98492	3.84937e-04
0.98453	0.00000e+00
0.98453	0.00000e+00
0.98453	0.00000e+00
0.98453	0.00000e+00
0.98441	0.00000e+00
