0.99147	1.72882e-03
0.97807	8.96276e-03
0.97060	1.41217e-02
0.94725	1.54395e-02
0.93332	1.07694e-02
0.92774	2.06032e-02
0.90567	1.38023e-02
0.90432	1.48448e-02
0.89370	9.80636e-03
0.87815	2.07254e-02
0.88779	2.15130e-02
0.85148	3.37615e-02
0.83706	2.67079e-02
0.82846	2.64805e-02
0.81234	3.35259e-02
0.80081	1.52599e-02
0.78707	3.29106e-02
0.78967	3.70680e-02
0.75157	3.30559e-02
0.73310	3.16307e-02
0.74109	3.07524e-02
0.69469	4.46014e-02
0.69502	2.36134e-02
0.68289	4.69837e-02
0.64732	2.74524e-02
0.62146	3.86762e-02
0.60257	4.42577e-02
0.55437	6.34502e-02
0.54479	3.01671e-02
0.52831	5.87790e-02
0.49304	4.21793e-02
0.46634	7.10676e-02
0.41625	5.01615e-02
0.37707	7.03000e-02
0.36653	9.90597e-02
0.29252	1.11258e-01
0.22802	9.58491e-02
0.17416	1.08637e-01
0.18093	7.88718e-02
0.14490	7.26246e-02
0.19710	4.04433e-02
0.18430	6.66548e-02
0.10801	3.28746e-02
0.16889	6.20395e-02
0.18094	5.43769e-02
0.17512	4.37295e-02
0.14564	5.85962e-02
0.11183	5.08621e-02
0.08073	4.89251e-02
0.09155	7.23265e-02
0.13198	6.96194e-02
0.10198	4.89171e-02
0.07674	3.58222e-02
0.10159	4.99209e-02
0.11132	3.91804e-02
0.09549	5.25606e-02
0.06592	3.51964e-02
0.06450	3.39645e-02
0.10990	4.22693e-02
0.09277	3.91566e-02
0.09764	4.14926e-02
0.10738	3.56633e-02
0.07914	4.19729e-02
0.13109	3.14945e-02
0.09346	6.44819e-02
0.07489	2.68294e-02
0.08906	4.18074e-02
0.10351	5.09382e-02
0.10020	4.91063e-02
0.07378	3.42114e-02
0.10573	3.72005e-02
0.06095	2.78201e-02
0.07935	2.16004e-02
0.11339	3.46014e-02
0.13003	6.02569e-02
0.09354	4.68225e-02
0.08696	4.98003e-02
0.06047	3.44991e-02
0.05315	3.37254e-02
0.07170	3.59865e-02
0.07066	4.20318e-02
0.08971	3.51750e-02
0.10416	2.63323e-02
0.09557	3.57306e-02
0.06969	4.04237e-02
0.11405	4.16275e-02
0.09875	5.06669e-02
0.10660	6.00740e-02
0.10690	4.07038e-02
0.08088	4.31409e-02
0.07507	3.73326e-02
0.09800	4.46992e-02
0.05782	2.83747e-02
0.08256	3.06616e-02
0.06492	3.73437e-02
0.09525	3.49186e-02
0.08510	4.71041e-02
0.08447	3.54524e-02
0.09577	5.89316e-02
