0.98129	2.14481e-03
0.98310	4.93814e-04
0.98499	1.01727e-03
0.98090	1.13154e-03
0.98360	1.97578e-03
0.98097	1.06931e-03
0.98026	1.98575e-03
0.97995	1.15649e-03
0.97700	7.38505e-04
0.97710	2.67064e-04
0.97421	2.28715e-03
0.97450	1.89583e-03
0.97125	1.04324e-03
0.97132	7.98860e-04
0.96951	7.40836e-04
0.97085	2.08130e-03
0.96966	3.19343e-03
0.96574	1.80682e-03
0.96627	2.45512e-03
0.96246	1.92353e-03
0.96422	8.19705e-03
0.96496	3.39129e-03
0.96345	1.76472e-03
0.96307	2.68375e-03
0.96513	5.39726e-03
0.95818	4.60843e-03
0.95861	5.38412e-03
0.95440	8.56284e-04
0.95993	1.48628e-03
0.95280	5.47391e-03
0.95546	1.67380e-03
0.95349	2.25055e-03
0.94720	1.44041e-03
0.95251	8.23338e-03
0.95032	1.04268e-02
0.94798	5.29135e-03
0.94039	5.60919e-03
0.95206	1.16339e-02
0.94934	1.91393e-03
0.94692	7.82386e-04
0.94128	5.16167e-03
0.94445	2.94225e-03
0.93991	4.83357e-03
0.93998	5.88850e-03
0.94331	4.17280e-04
0.94830	5.21577e-03
0.94228	5.36059e-03
0.94097	9.54677e-03
0.94273	1.85679e-03
0.94333	1.10010e-03
0.94049	4.39692e-03
0.93882	4.42839e-03
0.93403	9.07095e-03
0.93778	7.31785e-03
0.94068	1.34380e-04
0.93216	6.56996e-03
0.93138	1.02573e-02
0.93264	3.69112e-03
0.93380	4.48594e-03
0.92568	4.56153e-03
0.93188	2.12537e-03
0.92243	1.73792e-03
0.92912	9.25829e-03
0.91929	9.33676e-03
0.91678	1.07465e-02
0.92511	3.32867e-05
0.92101	9.24685e-03
0.92263	4.23522e-03
0.91751	6.23509e-03
0.92308	4.79064e-03
0.91607	7.54609e-03
0.92437	2.99620e-03
0.91964	1.02293e-02
0.92098	4.64785e-03
0.92455	4.19665e-03
0.91738	1.02455e-02
0.92344	4.17436e-03
0.91615	9.83052e-04
0.91960	5.22998e-03
0.91884	4.25767e-03
0.91383	1.72924e-03
0.92048	4.48510e-03
0.91513	5.39740e-03
0.92491	2.65813e-03
0.91653	5.00667e-03
0.90920	5.63586e-03
0.91096	3.63756e-03
0.91017	3.23975e-03
0.91176	2.77242e-03
0.90542	2.86265e-03
0.91042	2.24410e-03
0.89798	2.53865e-03
0.90772	7.96415e-03
0.89603	3.56166e-03
0.89514	2.21102e-03
0.90207	8.36130e-03
0.89624	3.05374e-03
0.90150	2.33547e-03
0.90220	2.16600e-03
0.90196	1.58814e-03
0.89700	1.33372e-04
0.90648	3.49716e-03
0.89636	5.45821e-04
0.90436	4.13477e-03
0.89786	3.23885e-03
0.89652	3.02627e-04
0.89321	3.81934e-03
0.88889	3.96091e-03
0.89398	5.14912e-05
0.90415	1.66162e-03
0.89122	9.41126e-04
0.89477	5.48175e-04
0.88619	2.46516e-03
0.89245	3.15483e-03
0.88690	3.53394e-03
0.88388	5.47955e-03
0.87937	3.18402e-03
0.88730	6.83559e-03
0.89469	5.61213e-03
0.88870	3.37866e-04
0.89169	1.31853e-03
0.89116	4.92582e-03
0.88746	2.86199e-03
0.88599	1.70339e-03
0.89048	1.93218e-03
0.88629	1.09536e-02
0.88132	4.62721e-03
0.89147	1.47336e-03
0.88375	3.81907e-03
0.88946	3.87441e-03
0.88962	2.81433e-03
0.89165	7.29148e-03
0.88663	1.59336e-04
0.88778	8.48968e-03
0.88032	3.23003e-04
0.87517	2.14715e-03
0.88286	2.97226e-03
0.88108	9.86697e-04
0.88233	4.93730e-03
0.87398	7.55333e-03
0.87113	1.78476e-03
0.87611	9.47352e-04
0.87398	2.38551e-03
0.86396	9.22695e-03
0.86848	8.97357e-03
0.86713	9.68548e-03
0.86904	6.70702e-03
0.86660	4.08966e-03
0.87134	1.68959e-03
0.86852	7.84844e-04
0.86712	1.37508e-04
0.86076	5.81795e-03
0.85838	2.47158e-03
0.85985	5.57614e-03
0.85928	6.35126e-03
0.86474	3.19644e-04
0.86468	5.14103e-04
0.84902	2.18348e-03
0.85806	9.18034e-03
0.85841	4.30683e-03
0.85819	6.25584e-03
0.85142	1.10915e-02
0.84349	5.30208e-03
0.84843	1.65496e-03
0.85405	1.68697e-03
0.84315	1.03701e-03
0.84952	7.86436e-04
0.84148	4.58331e-03
0.85078	8.44778e-03
0.83613	1.81890e-03
0.84694	5.80811e-03
0.83944	7.34784e-03
0.83928	8.64142e-03
0.85841	1.29427e-02
0.84947	9.40060e-03
0.84805	2.20379e-03
0.85196	1.27130e-02
0.84451	8.35834e-03
0.85543	3.98895e-03
0.83870	3.21347e-03
0.84453	4.27611e-04
0.83172	1.68678e-03
0.85161	1.33334e-02
0.83222	1.21799e-03
0.84682	3.90964e-03
0.83092	3.39763e-03
0.84267	2.61303e-03
0.83869	5.56060e-03
0.83129	1.88512e-03
0.83995	1.81739e-03
0.84298	4.61913e-03
0.84388	2.41858e-03
0.83389	1.32052e-03
0.85039	4.98778e-03
0.82831	3.29375e-03
0.83278	1.43107e-02
0.82397	9.21134e-03
0.82962	7.34169e-03
0.83316	1.15421e-02
0.82565	9.27491e-03
0.83639	8.47848e-03
0.82658	2.95602e-04
0.83581	6.96627e-04
0.82460	6.67020e-03
0.82865	9.58941e-03
0.82950	7.34527e-03
0.82627	6.31621e-03
0.83433	7.39289e-03
0.83084	4.87558e-03
0.82623	3.46046e-03
0.83855	9.69572e-03
0.83476	6.44555e-03
0.82505	1.46901e-03
0.83269	3.44199e-03
0.82619	3.23755e-03
0.82037	9.23891e-03
0.82728	1.01004e-02
0.81588	5.27502e-03
0.81716	9.49795e-03
0.82003	7.81710e-03
0.82483	1.10647e-02
0.82287	1.24340e-02
0.81551	6.04553e-03
0.80922	7.77858e-03
0.81817	7.40565e-03
0.82768	1.18643e-03
0.80983	1.59991e-02
0.80656	1.74790e-02
0.81253	4.71805e-03
0.81712	8.68167e-03
0.82086	1.04907e-02
0.82079	1.58125e-02
0.81737	1.52112e-04
0.81301	5.63408e-03
0.82218	1.61964e-03
0.81733	1.02856e-02
0.80216	1.82603e-02
0.79742	2.70790e-03
0.81752	7.62194e-03
0.81332	6.14948e-03
0.80384	7.16891e-03
0.81902	7.91009e-03
0.79963	3.73934e-04
0.79434	3.37454e-04
0.80465	5.15023e-04
0.80557	3.33202e-03
0.80723	8.92287e-03
0.80192	1.19981e-02
0.79285	1.77331e-02
0.79864	2.51771e-03
0.81243	6.28619e-03
0.80475	7.47480e-03
0.79547	8.60798e-03
0.80702	5.54530e-04
0.80501	4.84593e-03
0.81530	9.23626e-03
0.80090	9.49096e-03
0.81346	8.87012e-03
0.80908	1.53071e-02
0.80711	9.04940e-03
0.79905	9.64468e-03
0.80271	7.60103e-03
0.79046	5.59924e-04
0.78783	5.30442e-03
0.79179	1.62672e-02
0.80060	9.33274e-03
0.79808	4.55574e-03
0.79227	2.69398e-03
0.79702	2.57019e-03
0.79275	1.37321e-02
0.78702	1.01090e-02
0.79589	1.10226e-02
0.78683	1.43396e-02
0.78824	2.55909e-02
0.78039	3.51475e-03
0.78167	1.63533e-02
0.78282	1.91064e-02
0.79113	1.20456e-02
0.78265	1.74425e-02
0.78009	9.15284e-03
0.78462	4.56921e-03
0.78254	1.18396e-02
0.78278	2.83489e-03
0.77805	9.16927e-03
0.79366	1.75192e-02
0.79189	1.73405e-02
0.77133	1.50141e-02
0.78727	1.56463e-02
0.77292	1.80363e-02
0.79333	2.11347e-03
0.78840	4.01574e-03
0.77849	5.80568e-03
0.78939	3.88482e-03
0.76282	7.40746e-03
0.76753	1.16827e-02
0.78166	1.11047e-02
0.78103	1.78790e-02
0.78180	1.31867e-02
0.78169	5.28380e-03
0.77832	9.16741e-03
0.76631	1.19174e-03
0.77939	1.92351e-02
0.77085	1.75226e-02
0.76851	1.02599e-02
0.77827	7.64400e-04
0.75880	9.39656e-03
0.76748	1.60239e-02
0.77402	1.27100e-02
0.77010	1.31993e-03
0.76402	1.19399e-02
0.77280	3.62756e-03
0.76306	1.54311e-02
0.76167	1.10457e-02
0.76921	1.48355e-02
0.76497	1.83821e-02
0.75694	9.70131e-03
0.74982	1.48108e-02
0.77036	8.36649e-03
0.75386	4.32081e-04
0.76099	1.71577e-02
0.76536	1.00607e-02
0.76360	9.09383e-04
0.75441	7.37227e-03
0.76802	1.43848e-02
0.75851	9.74790e-03
0.75553	7.56152e-03
0.74859	2.25547e-03
0.75498	1.29103e-03
0.74847	4.75966e-03
0.74255	1.60386e-02
0.76771	2.09072e-03
0.76692	7.26367e-03
0.74692	1.50299e-02
0.75258	2.65863e-03
0.74609	6.08152e-03
0.75400	7.36484e-03
0.75912	1.23859e-02
0.75569	2.29007e-02
0.74561	1.74509e-02
0.74610	5.19648e-03
0.73635	1.01147e-02
0.74242	2.02046e-03
0.76040	1.15604e-02
0.73960	7.26246e-03
0.74503	1.11376e-02
0.75071	1.08090e-02
0.74792	2.84372e-03
0.73490	2.41433e-02
0.74194	7.63074e-03
0.74878	1.80033e-02
0.73967	7.77822e-03
0.74204	5.57857e-03
0.73830	1.35054e-03
0.72765	1.54111e-03
0.75430	3.19530e-02
0.74431	1.76239e-03
0.72451	2.75051e-03
0.73182	5.42272e-04
0.73100	5.42522e-03
0.73048	1.36732e-02
0.73748	3.36977e-03
0.73818	9.28434e-03
0.71462	7.45893e-03
0.73512	2.79866e-03
0.73309	5.41911e-03
0.73915	1.60615e-03
0.72275	3.33412e-03
0.73713	4.60851e-03
0.73115	1.25823e-02
0.73791	5.79950e-04
0.72571	2.28980e-02
0.74105	1.13598e-02
0.73477	1.86320e-03
0.72710	2.23837e-03
0.74222	1.61633e-03
0.71820	1.70738e-04
0.72070	1.04658e-02
0.73281	4.96198e-03
0.71352	2.29720e-03
0.72156	1.58304e-03
0.72258	4.70818e-03
0.73107	3.21172e-03
0.72745	9.01325e-03
0.73242	2.10061e-03
0.71998	1.31744e-02
0.72151	7.00467e-03
0.71915	1.12829e-02
0.71974	1.46175e-02
0.70729	8.56190e-03
0.71959	1.73401e-02
0.72069	1.21777e-02
0.71278	2.15560e-03
0.71261	5.19847e-03
0.71200	6.03405e-03
0.70525	6.15696e-03
0.71467	1.49778e-03
0.70038	1.45160e-03
0.70312	6.64473e-03
0.71421	6.50942e-03
0.71437	7.00266e-03
0.71315	1.72263e-02
0.70349	3.80639e-03
0.70709	9.99520e-03
0.70422	9.90874e-03
0.69323	7.83656e-03
0.70608	1.32744e-02
0.70175	1.04991e-02
0.70803	1.37674e-02
0.70551	9.50379e-03
0.69721	1.55583e-04
0.69463	1.41082e-02
0.69864	4.83898e-03
0.71015	1.61115e-03
0.71183	3.03696e-03
0.69772	1.00087e-02
0.68085	8.75183e-03
0.69011	5.82544e-03
0.69962	1.17654e-02
0.69476	5.51250e-03
0.69716	4.39650e-03
0.70360	1.52634e-02
0.69413	1.73842e-05
0.68090	8.36191e-03
0.69103	6.82242e-03
0.72103	3.30436e-03
0.70408	1.10332e-03
0.67183	8.09156e-03
0.69549	1.46377e-03
0.69811	8.17927e-03
0.67733	2.39530e-03
0.69067	2.84899e-03
0.68731	9.43293e-03
0.67620	4.92331e-03
0.69899	8.25938e-03
0.68640	1.32657e-03
0.67469	3.49977e-04
0.68484	1.97044e-02
0.66631	2.89218e-03
0.68383	8.36104e-05
0.68623	1.18602e-03
0.67192	6.69058e-03
0.66993	1.21847e-02
0.68695	5.96232e-03
0.67637	7.77894e-03
0.68338	2.98892e-03
0.65559	1.04014e-02
0.67649	2.34468e-03
0.67102	3.47307e-03
0.66255	1.31902e-03
0.66752	9.10737e-03
0.67503	3.23720e-03
0.69065	7.75106e-03
0.67620	1.40895e-04
0.66795	6.13638e-04
0.66372	3.66371e-03
0.66737	3.12365e-03
0.68066	1.61447e-02
0.67648	3.28876e-03
0.67299	1.99787e-03
0.66965	3.16384e-03
0.66539	2.13188e-02
0.66156	1.00619e-02
0.66574	6.26425e-03
0.67368	6.56323e-03
0.65789	1.77567e-04
0.65519	6.20335e-03
0.66929	1.27987e-02
0.66578	2.72676e-03
0.66594	3.50308e-04
0.64575	5.97371e-03
0.66448	2.19988e-03
0.64996	2.25114e-03
0.65577	6.75267e-04
0.64675	5.72198e-03
0.66032	9.55283e-03
0.64322	4.07120e-04
0.66873	7.94003e-03
0.65058	3.88234e-03
0.66111	7.33969e-03
0.65072	1.32436e-02
0.65522	5.07190e-04
0.65414	3.85781e-03
0.64885	6.07696e-03
0.64976	6.68684e-03
0.65360	1.03608e-02
0.64359	2.02205e-03
0.65648	9.00484e-03
0.65778	1.30141e-02
0.64628	1.28159e-02
0.64155	4.39488e-03
0.65315	1.70830e-02
0.65926	2.00468e-02
0.64054	1.20521e-02
0.63598	4.51163e-04
0.65939	1.59588e-02
0.63692	8.32251e-03
0.63351	1.36330e-02
0.63168	1.15341e-03
0.61523	1.15521e-02
0.65194	2.05234e-02
0.63022	1.05177e-03
0.64629	1.11225e-02
0.63008	5.48861e-03
0.63398	1.08849e-02
0.63103	3.85638e-03
0.62846	2.21746e-02
0.63032	1.88337e-02
0.61708	1.37366e-02
0.63061	4.92639e-03
0.62979	8.66550e-03
0.61826	5.44157e-03
0.61727	2.99421e-03
0.61692	1.19576e-02
0.63688	3.54617e-03
0.59527	6.50842e-03
0.62366	1.53303e-02
0.63484	3.06302e-05
0.61154	1.35517e-02
0.62325	8.10773e-03
0.60433	7.17955e-03
0.62305	7.08012e-03
0.61606	4.69901e-03
0.61279	3.23104e-03
0.60549	1.75326e-02
0.61749	5.06712e-03
0.62543	1.57728e-03
0.61064	1.67802e-02
0.62250	9.06539e-03
0.60090	8.61823e-03
0.62653	1.46201e-03
0.60980	3.10212e-03
0.61738	2.58994e-03
0.61009	1.52923e-02
0.59913	6.04799e-03
0.59181	1.11757e-02
0.62445	9.66673e-03
0.61360	8.45575e-03
0.61498	3.13170e-03
0.60210	1.74510e-02
0.61168	1.02293e-02
0.60502	1.76000e-02
0.61999	9.87306e-03
0.61310	5.25072e-03
0.60626	1.47439e-04
0.61091	1.13970e-02
0.62075	1.08761e-02
0.61262	1.37188e-02
0.61077	2.02720e-02
0.61767	1.39680e-02
0.61832	2.75217e-02
0.62252	9.04378e-03
0.61127	1.61243e-02
0.60180	5.57222e-03
0.60004	4.25417e-03
0.61333	1.00918e-02
0.59887	2.77987e-02
0.62810	1.65601e-02
0.61120	3.00110e-02
0.61037	1.49295e-02
0.59308	2.36921e-02
0.58670	1.76548e-02
0.59955	1.49658e-02
0.60041	2.38476e-02
0.59658	5.36396e-03
0.59639	3.69029e-03
0.59134	1.39412e-02
0.59087	1.39020e-02
0.61538	1.44937e-02
0.60630	6.25273e-03
0.59251	1.57961e-02
0.59781	1.46857e-02
0.61052	2.63083e-02
0.61124	6.55601e-03
0.61118	2.06354e-02
0.60212	1.44940e-02
0.61359	1.28265e-02
0.60217	9.06370e-03
0.58686	1.73942e-02
0.61845	1.46518e-03
0.61743	6.12369e-03
0.61065	6.69120e-03
0.60144	2.04777e-02
0.61801	3.91016e-03
0.61714	2.51051e-03
0.60068	2.95321e-03
0.61606	1.48914e-02
0.61555	1.98697e-02
0.61717	7.99074e-04
0.60820	1.26952e-02
0.59995	8.58321e-03
0.60902	1.17491e-03
0.60382	5.23310e-03
0.61211	2.56464e-02
0.59919	7.91653e-03
0.61483	2.44226e-02
0.60201	2.66160e-02
0.60909	2.49438e-03
0.58581	2.30962e-03
0.59923	1.99273e-02
0.60792	1.08887e-02
0.61305	3.41283e-03
0.62576	1.20985e-02
0.60865	8.47404e-03
0.60624	1.66436e-03
0.60983	8.94408e-03
0.60198	7.10003e-03
0.60910	8.94747e-03
0.60538	1.62560e-02
0.59640	4.77173e-03
0.63055	3.11120e-03
0.60476	2.07780e-02
0.61539	1.97739e-02
0.58583	1.63114e-02
0.61381	1.34839e-03
0.61074	3.19434e-03
0.61648	8.84728e-03
0.60028	2.01157e-02
0.60286	1.50971e-02
0.60269	5.31603e-03
0.60036	1.25885e-02
0.60381	2.31873e-02
0.59067	2.40579e-02
0.58322	1.06364e-02
0.61452	6.45162e-03
0.62290	4.86749e-03
0.60125	2.17921e-02
0.57951	3.85479e-03
0.59150	3.28945e-02
0.60145	7.13306e-03
0.59933	3.24559e-03
0.59049	6.54074e-04
0.58820	2.48090e-03
0.61016	9.14672e-03
0.60009	1.53427e-02
0.58686	1.30465e-02
0.59530	1.33743e-02
0.61150	2.24924e-02
0.59771	4.29038e-04
0.60662	1.44884e-02
0.58618	1.02287e-02
0.61730	1.66851e-03
0.58381	2.37335e-03
0.57229	6.73682e-03
0.60901	1.15686e-02
0.60335	1.06296e-02
0.58387	7.24401e-03
0.60157	6.21141e-03
0.58757	4.54709e-03
0.60567	1.33610e-03
0.60303	7.14650e-04
0.60310	7.80311e-03
0.58120	1.31226e-02
0.59074	1.73820e-03
0.59634	2.11566e-02
0.59392	1.11257e-02
0.58617	1.55442e-03
0.59522	7.11639e-03
0.60255	2.01433e-02
0.59841	5.11043e-04
0.58182	3.43563e-03
0.58479	4.45767e-03
0.58001	6.75979e-03
0.60542	3.58883e-03
0.59397	5.10368e-03
0.59054	9.71728e-03
0.59737	1.34737e-02
0.61748	2.55561e-02
0.60632	1.92436e-03
0.58504	1.12507e-03
0.58744	8.12985e-03
0.56396	1.08810e-02
0.58465	1.11820e-02
0.57185	9.21632e-03
0.59898	1.51804e-02
0.57385	4.75952e-04
0.59306	1.05846e-02
0.57956	2.99049e-04
0.58342	3.62819e-03
0.58364	1.81108e-02
0.57997	8.50139e-03
0.58654	1.68930e-02
0.58596	3.22574e-03
0.59568	6.16919e-03
0.59790	1.29539e-02
0.59452	4.05958e-04
0.58681	6.79584e-03
0.58257	2.64960e-03
0.58902	9.95123e-04
0.59146	6.64658e-03
0.58049	9.71225e-03
0.60072	1.11855e-03
0.58771	5.07397e-03
0.56956	5.28357e-04
0.57624	5.72247e-03
0.56126	7.77660e-03
0.58615	9.79134e-04
0.57046	2.78650e-03
0.55600	2.11447e-03
0.56185	6.50291e-03
0.55913	8.09431e-03
0.57047	7.67558e-03
0.55930	1.04227e-02
0.58674	1.18416e-02
0.57834	2.30641e-03
0.57221	9.99722e-04
0.56132	1.03475e-02
0.56388	6.07038e-03
0.59230	1.30417e-02
0.57690	1.32791e-02
0.55961	8.05331e-03
0.58297	9.54031e-03
0.58470	6.22865e-03
0.57140	1.23944e-02
0.56362	1.30686e-02
0.57732	3.82108e-03
0.58392	1.05134e-02
0.56967	6.75604e-03
0.57247	4.35898e-03
0.57847	8.66021e-03
0.58834	5.02810e-03
0.57738	5.06395e-04
0.56254	1.07547e-03
0.56714	4.84439e-03
0.55050	5.56131e-03
0.56529	2.16113e-03
0.56864	1.24539e-02
0.58315	6.06691e-03
0.55165	1.10896e-02
0.57397	3.83776e-03
0.56738	7.01554e-03
0.56184	5.40570e-04
0.55731	2.51136e-03
0.56784	1.29969e-03
0.56781	5.56535e-03
0.58064	3.11488e-03
0.55646	7.65727e-04
0.56513	5.59817e-03
0.54710	1.43251e-02
0.57911	1.46753e-03
0.56770	9.96634e-04
0.57126	8.98216e-04
0.55920	9.63378e-03
0.53080	1.53431e-03
0.54276	3.57294e-03
0.54576	6.74257e-03
0.56170	9.98845e-03
0.55336	3.78404e-03
0.56313	2.17828e-03
0.57759	9.29351e-03
0.55062	2.73337e-03
0.55617	6.62992e-03
0.56079	1.92218e-03
0.55562	6.71605e-03
0.56363	1.40857e-03
0.54667	1.47504e-02
0.56064	1.30336e-02
0.54231	4.95296e-03
0.55650	1.38203e-02
0.52190	3.67723e-03
0.55073	8.34167e-03
0.55812	5.49476e-03
0.56420	9.50297e-03
0.52949	1.75325e-02
0.53761	3.28596e-03
0.54131	6.77739e-03
0.54123	4.03392e-03
0.54116	3.94565e-03
0.54443	1.83481e-03
0.56155	5.52922e-03
0.55058	7.18416e-03
0.53134	1.38863e-03
0.53911	1.86121e-02
0.53609	6.05039e-03
0.52765	1.79746e-04
0.53572	8.94914e-03
0.52516	4.43118e-03
0.54008	7.09416e-03
0.52283	7.93158e-03
0.55335	8.20784e-04
0.52408	7.85791e-04
0.53363	5.14310e-03
0.52283	7.46588e-03
0.53059	3.92845e-03
0.52927	9.48085e-03
0.52224	1.67680e-02
0.51869	8.98961e-03
0.51453	2.38052e-03
0.52677	1.09513e-02
0.52142	2.11191e-02
0.51971	7.18461e-03
0.53301	3.46705e-03
0.52864	1.61504e-02
0.52461	2.69987e-03
0.53420	1.60201e-02
0.55272	1.32360e-02
0.52414	2.72614e-02
0.51787	1.66584e-02
0.51722	2.89561e-03
0.52944	1.90487e-02
0.52868	2.46277e-02
0.50505	3.15628e-03
0.53369	1.35839e-02
0.54127	5.31510e-03
0.52060	2.59912e-03
0.50563	3.90124e-03
0.53722	1.63855e-02
0.51259	1.30314e-02
0.51338	2.02246e-03
0.51577	3.28304e-03
0.53070	1.73308e-02
0.52655	6.79895e-04
0.52584	1.98337e-03
0.52504	1.49349e-03
0.51444	1.16970e-02
0.49307	8.43071e-03
0.52191	1.16604e-02
0.52828	3.37551e-02
0.49991	1.19046e-02
0.50946	9.77914e-03
0.51613	5.63075e-03
0.50385	1.86036e-02
0.50685	6.50438e-03
0.52424	6.57853e-03
0.51955	7.41801e-03
0.51237	1.09268e-02
0.51767	1.54750e-03
0.51849	1.59668e-03
0.50541	1.26508e-03
0.50479	7.13975e-03
0.51545	1.84021e-03
0.50404	1.44021e-03
0.49446	1.65753e-02
0.50991	2.19259e-02
0.50862	1.08891e-02
0.52298	1.49181e-02
0.53141	8.72705e-03
0.48946	5.02887e-03
0.51621	1.12426e-03
0.51556	3.14531e-03
0.51275	1.32600e-03
0.51602	8.67123e-03
0.50983	7.68015e-03
0.51236	1.00569e-02
0.49527	1.12980e-02
0.49152	3.02741e-02
0.50000	2.65741e-02
0.49489	2.50727e-02
0.48079	3.35719e-03
0.48547	3.95023e-03
0.49562	2.55236e-02
0.47996	1.63526e-02
0.48849	2.19793e-02
0.49196	1.30471e-02
0.49399	3.77253e-02
0.49678	5.81507e-03
0.49266	3.42077e-02
0.48443	4.87053e-03
0.50037	1.56519e-02
0.48051	8.87832e-03
0.49159	2.63551e-03
0.49526	1.32181e-02
0.49204	1.02222e-02
0.49679	8.87458e-03
0.49002	4.42310e-03
0.49478	1.25131e-02
0.49921	4.72591e-03
0.51273	1.18915e-02
0.50243	2.57066e-02
0.50666	7.60315e-03
0.48285	1.66284e-02
0.48331	2.37061e-02
0.48572	1.55873e-02
0.49578	2.59954e-02
0.50733	1.98528e-02
0.49494	2.21285e-02
0.47759	9.27952e-03
0.48130	1.74615e-02
0.46490	1.44992e-02
0.47480	1.87741e-02
0.49326	4.03310e-03
0.49316	9.95238e-03
0.47967	1.32677e-02
0.46308	2.59257e-02
0.46579	2.11221e-02
0.47055	5.62203e-04
0.49539	2.56550e-02
0.47492	1.41213e-02
0.48023	3.40499e-02
0.49364	2.82116e-02
0.47858	2.71121e-02
0.49419	9.36218e-04
0.48964	3.83387e-03
0.48769	3.74656e-03
0.47400	1.08879e-04
0.46909	9.98617e-03
0.47373	3.29045e-03
0.47311	3.61317e-02
0.47082	1.07054e-02
0.45969	3.20648e-02
0.45419	3.64958e-03
0.47487	1.33202e-02
0.45814	2.03025e-02
0.48493	1.04273e-02
0.46537	1.70896e-02
0.47709	1.19085e-03
0.47342	4.98390e-03
0.46298	7.83313e-03
0.45030	9.15425e-03
0.45008	7.87471e-03
0.44448	1.48595e-02
0.44337	2.49358e-02
0.44911	3.77614e-02
0.47192	7.59677e-03
0.44882	9.38136e-03
0.42842	4.47840e-03
0.40973	1.00435e-03
0.45478	1.20358e-02
0.43636	1.24141e-02
0.41806	2.21417e-04
0.42021	3.92581e-03
0.41236	3.68483e-02
0.40709	2.62118e-02
0.43205	2.10394e-02
0.40386	1.58313e-02
0.43865	3.19169e-02
0.40047	2.53337e-02
0.41420	2.03415e-02
0.40780	3.30744e-02
0.39949	1.68201e-02
0.39651	1.12524e-04
0.40983	7.08076e-04
0.42785	5.86960e-03
0.41885	5.52538e-03
0.41378	4.42243e-03
0.40769	1.18685e-02
0.38928	2.13152e-02
0.40980	7.38656e-03
0.42173	1.38855e-02
0.42352	1.25062e-02
0.41148	2.43389e-02
0.38092	7.51838e-03
0.38241	4.02316e-03
0.40194	3.47700e-02
0.38348	8.99904e-03
0.38774	4.04914e-03
0.36608	3.30118e-02
0.40860	7.23261e-03
0.39368	1.43197e-02
0.40189	2.81618e-02
0.40059	3.71326e-02
0.38753	4.51208e-02
0.38635	2.88991e-02
0.39381	1.70053e-03
0.39811	2.59362e-02
0.41601	4.27961e-02
0.37515	2.48387e-02
0.38149	5.31745e-03
0.39888	1.24888e-02
0.39261	5.23334e-04
0.41030	4.43126e-03
0.38521	9.96542e-03
0.37281	3.08756e-02
0.39874	1.03588e-02
0.38871	1.20986e-02
0.38729	1.16862e-02
0.37639	1.78734e-02
0.39710	6.99758e-03
0.37812	1.33330e-02
0.38133	7.11680e-03
0.36137	1.03560e-02
0.36838	8.71307e-03
0.39638	5.33963e-03
0.38340	2.24140e-02
0.38258	3.17895e-02
0.36811	1.23355e-02
0.37070	8.50546e-03
0.38296	2.66830e-02
0.36794	4.36614e-03
0.36066	1.46742e-02
0.36838	7.42470e-04
0.35787	8.37323e-03
0.35745	2.32504e-02
0.35151	3.31102e-03
0.33397	1.36073e-02
0.35658	7.70412e-03
0.36701	2.25693e-03
0.35587	1.48204e-02
0.33052	7.00797e-03
0.33168	2.25543e-02
0.26859	3.61345e-03
0.28320	8.78436e-03
0.26513	5.37386e-03
0.25964	9.43428e-04
0.25174	1.80786e-02
0.26306	2.59174e-02
0.24770	1.30941e-02
0.23759	8.70813e-03
0.22839	6.34245e-04
0.21591	2.08725e-02
0.20064	6.78715e-03
0.23946	1.93256e-02
0.21986	2.49886e-02
0.23603	4.11593e-02
0.27277	3.53062e-03
0.26611	3.09297e-02
0.32042	1.20705e-02
0.29433	3.81631e-02
0.29646	3.60273e-02
0.24739	1.99281e-04
0.24454	2.65706e-03
0.23654	1.05353e-02
0.24146	1.54546e-02
0.25035	4.57766e-03
0.28593	2.08817e-02
0.27544	7.32077e-03
0.28101	1.18214e-02
0.28966	3.17245e-03
0.29762	8.03856e-03
0.27810	1.52234e-02
0.29870	4.71168e-02
0.28933	3.77471e-02
0.31619	6.46088e-02
0.32445	4.25381e-02
0.34381	1.98826e-02
0.35365	2.28409e-02
0.34147	2.60282e-02
0.32916	2.69607e-02
0.32019	3.59230e-02
0.34782	8.30135e-03
0.35792	4.19134e-02
0.37558	2.42588e-02
0.39597	1.05013e-02
0.40559	2.01212e-02
0.39103	5.56097e-03
0.38760	8.93509e-04
0.40170	1.49963e-02
0.40931	4.83532e-03
0.42200	1.75233e-02
0.42043	2.08418e-02
0.45642	1.10731e-02
0.45484	1.26493e-02
0.45713	7.37736e-03
0.46940	2.88943e-02
0.47644	2.18557e-02
0.46535	2.88020e-02
0.47109	1.23661e-02
0.44634	4.39118e-02
0.47717	7.41220e-03
0.46273	3.52355e-02
0.47798	1.70894e-02
0.47933	3.66161e-02
0.47230	3.14377e-02
0.47230	3.14377e-02
0.46752	4.77404e-02
0.48758	6.78051e-02
0.47181	5.36337e-02
0.48442	5.27141e-02
0.49338	3.42523e-02
0.48369	3.50823e-02
0.49539	2.33861e-02
0.49732	2.42578e-02
0.52639	2.08216e-02
0.53320	8.34292e-03
0.54167	1.03666e-02
0.53789	1.35548e-02
0.55735	1.31917e-02
0.55983	1.39338e-02
0.56454	7.04843e-03
0.56930	1.34232e-02
0.58179	1.28504e-02
0.58044	1.15032e-02
0.58511	1.61670e-02
0.59109	1.70759e-02
0.58177	5.52601e-03
0.59286	1.73432e-02
0.60444	2.89224e-02
0.59006	9.59517e-03
0.60281	2.23443e-02
0.59643	9.35688e-03
0.60797	3.23188e-02
0.60941	2.20740e-02
0.58942	2.08133e-03
0.61547	1.56399e-02
0.61430	2.29332e-02
0.62824	2.99544e-02
0.63438	2.38181e-02
0.64774	2.23375e-02
0.63543	3.46414e-02
0.62309	1.29506e-02
0.62482	1.12234e-02
0.65686	2.52530e-02
0.64693	1.14497e-03
0.65579	3.99502e-03
0.65301	1.20822e-03
0.66753	4.69853e-03
0.65955	9.40270e-03
0.67998	1.00156e-02
0.68895	2.08723e-03
0.67583	1.10671e-02
0.68140	5.47723e-03
0.67264	6.91455e-03
0.68556	1.94090e-04
0.67000	1.53663e-02
0.66994	1.53069e-02
0.68104	4.20037e-03
0.69222	7.19554e-03
0.68117	7.22280e-03
0.67714	3.19486e-03
0.68306	1.01015e-02
0.68873	1.23905e-02
0.68041	4.06904e-03
0.70846	1.43251e-02
0.69939	5.26308e-03
0.68953	1.51017e-02
0.70052	1.13624e-02
0.70026	1.10058e-03
0.70862	5.32624e-03
0.71114	1.83288e-02
0.71990	9.48332e-03
0.70381	1.22857e-02
0.74086	5.56537e-03
0.72608	9.21211e-03
0.72714	1.50333e-02
0.73141	1.26656e-02
0.72490	6.15326e-03
0.72594	7.19889e-03
0.73250	1.37533e-02
0.73029	1.15458e-02
0.74487	7.53121e-03
0.73865	8.01552e-04
0.74343	4.71258e-03
0.74797	1.68556e-04
0.74797	1.68556e-04
0.73796	8.93276e-03
0.75689	3.31744e-03
0.75041	1.58613e-02
0.75698	4.22060e-03
0.75945	6.74636e-03
0.75527	6.42046e-03
0.77026	7.31668e-03
0.76228	7.41488e-03
0.76901	1.41046e-02
0.77036	1.27595e-02
0.76270	1.44250e-02
0.77333	6.88380e-03
0.77319	1.92889e-02
0.77228	2.02066e-02
0.76859	1.56961e-02
0.76859	1.56961e-02
0.77757	1.35466e-02
0.77494	1.09179e-02
0.77926	1.28950e-03
0.78818	7.63054e-03
0.78580	9.47604e-03
0.79873	2.18244e-04
0.79873	2.18244e-04
0.79421	5.84971e-03
0.78683	5.62766e-03
0.78255	1.25412e-03
0.80237	8.36520e-03
0.79952	2.64032e-03
0.80051	7.34954e-03
0.81049	4.37058e-03
0.80443	6.20397e-04
0.81186	6.80804e-03
0.81272	7.67139e-03
0.81863	1.76284e-03
0.81317	3.69240e-03
0.80986	1.01828e-02
0.80640	6.04682e-03
0.81235	1.44688e-02
0.80584	3.42258e-03
0.81472	1.23045e-02
0.81845	3.68793e-03
0.81188	2.88002e-03
0.81281	3.81121e-03
0.81301	5.04896e-03
0.81169	3.72676e-03
0.80912	1.85281e-02
0.82605	1.01576e-03
0.82254	4.52917e-03
0.82166	3.65269e-03
0.82473	7.71575e-03
0.82504	4.86630e-03
0.82779	2.10952e-03
0.82609	3.27812e-03
0.83331	7.60136e-04
0.83214	8.28265e-03
0.83676	1.15176e-03
0.83391	1.26078e-03
0.83761	1.60727e-03
0.83851	7.03215e-03
0.84294	5.28169e-03
0.84667	2.27344e-03
0.84797	9.71945e-04
0.84066	8.65044e-03
0.84925	1.91672e-03
0.84835	3.24323e-03
0.84818	3.07455e-03
0.83797	7.12872e-03
0.84813	1.23189e-02
0.84027	7.24043e-03
0.83956	6.53322e-03
0.84389	2.20850e-03
0.84443	4.98903e-03
0.85268	8.05805e-04
0.85180	2.88047e-04
0.84350	5.29649e-03
0.84356	3.20250e-03
0.84356	3.20250e-03
0.84672	7.46829e-03
0.85396	2.30309e-04
0.85171	2.48262e-03
0.85202	2.17052e-03
0.85923	1.28923e-02
0.85436	5.96939e-04
0.86074	6.97857e-03
0.85860	1.01840e-03
0.85917	3.41655e-03
0.86211	4.81365e-04
0.85990	3.35017e-03
0.85816	3.04902e-03
0.87822	4.45956e-03
0.86162	1.26934e-02
0.85834	4.58522e-03
0.86187	5.31023e-03
0.86060	6.57328e-03
0.85904	5.50130e-03
0.86145	1.59719e-03
0.86018	8.91450e-03
0.86877	7.90941e-03
0.86468	8.54064e-03
0.85996	3.64189e-03
0.86398	3.40671e-03
0.86958	4.21425e-03
0.86281	1.16888e-02
0.87833	2.74580e-03
0.87639	8.05986e-04
0.86239	3.45692e-03
0.86981	1.08798e-02
0.87189	7.37267e-03
0.87703	4.33710e-03
0.86976	5.38610e-04
0.87452	2.77943e-03
0.87150	4.60101e-03
0.86949	2.58279e-03
0.87259	3.47328e-03
0.87940	1.20529e-03
0.87940	1.20529e-03
0.87568	5.06707e-03
0.88081	1.02029e-02
0.88371	7.31053e-03
0.87791	9.32680e-04
0.87162	3.08448e-03
0.87205	3.76877e-03
0.87621	7.93029e-03
0.88204	7.69258e-05
0.88830	6.18308e-03
0.88319	1.12949e-02
0.87904	3.98091e-03
0.88233	3.14805e-03
0.88529	1.85856e-03
0.88734	3.29229e-03
0.88269	2.22688e-03
0.87524	6.84896e-03
0.88814	2.97314e-03
0.88330	5.30552e-03
0.88936	3.53348e-03
0.89125	8.48014e-03
0.88881	1.09135e-02
0.88863	4.64156e-03
0.88694	6.98183e-04
0.88957	3.32878e-03
0.89481	2.99403e-03
0.88448	8.07728e-03
0.88966	7.90713e-03
0.89059	5.57711e-03
0.88962	7.20533e-05
0.90045	6.55943e-03
0.89088	5.07226e-04
0.89120	2.13185e-03
0.89315	2.77058e-03
0.89527	6.00807e-03
0.89564	6.37698e-03
0.89630	5.70981e-03
0.89639	5.62170e-03
0.89253	9.48149e-03
0.89613	4.82052e-03
0.89717	5.85987e-03
0.89802	7.10563e-03
0.90085	4.26967e-03
0.90263	2.49570e-03
0.89980	3.36158e-04
0.89253	9.38612e-03
0.89624	5.67401e-03
0.89767	4.23707e-03
0.90323	1.20319e-02
0.89618	1.01515e-03
0.89736	2.19943e-03
0.90233	6.30833e-03
0.90163	7.00522e-03
0.90008	6.34952e-03
0.89938	1.07913e-02
0.90123	8.62240e-03
0.90029	7.68150e-03
0.90229	1.70949e-03
0.90121	2.23941e-03
0.89898	4.46703e-03
0.90233	1.36913e-03
0.90521	1.50795e-03
0.91194	6.45511e-04
0.91312	5.28257e-04
0.91021	4.67281e-03
0.90534	2.46784e-03
0.90113	6.84972e-03
0.90846	1.11543e-02
0.91424	1.84282e-03
0.90969	1.99693e-03
0.90576	1.95543e-03
0.90533	4.33212e-04
0.91134	6.44126e-03
0.91394	8.23341e-04
0.91462	2.38524e-03
0.91338	1.67223e-03
0.92356	3.57706e-03
0.91399	8.96875e-03
0.91744	1.63098e-03
0.92232	9.69745e-05
0.91793	2.50040e-03
0.92076	1.02188e-02
0.91475	1.06442e-02
0.92149	3.63206e-03
0.92445	6.67729e-04
0.91999	5.13497e-03
0.91881	3.68212e-03
0.91741	2.27741e-03
0.91741	2.27741e-03
0.92292	7.78622e-03
0.92270	3.54329e-03
0.92302	3.87110e-03
0.92264	4.43866e-03
0.92729	7.09516e-05
0.92677	1.07025e-03
0.92875	2.22194e-03
0.92666	1.21553e-02
0.93054	9.24404e-03
0.93593	3.85524e-03
0.92728	1.04408e-02
0.93402	1.44609e-02
0.93599	9.97571e-03
0.93660	9.36709e-03
0.93798	2.79449e-03
0.93548	2.52157e-03
0.93480	1.15625e-02
0.93505	4.12993e-04
0.92876	7.68305e-03
0.93878	6.77086e-03
0.93932	2.90439e-03
0.93810	1.67764e-03
0.93748	2.29038e-03
0.93561	4.15980e-03
0.94446	7.21072e-03
0.94347	8.20061e-03
0.94174	3.72652e-03
0.93889	8.75946e-04
0.94419	3.71513e-03
0.94189	1.53584e-03
0.94810	4.64944e-03
0.94766	3.88083e-03
0.94740	1.00441e-03
0.94108	3.72086e-04
0.94919	1.55920e-03
0.94745	1.17401e-03
0.94763	1.35532e-03
0.94133	1.18494e-03
0.94436	1.93044e-03
0.94326	3.02765e-03
0.94630	1.03199e-05
0.94912	2.81106e-03
0.95189	4.44112e-03
0.95243	6.87307e-03
0.94573	3.93552e-03
0.94840	2.09590e-03
0.94953	3.22994e-03
0.95414	5.16535e-03
0.95123	7.50600e-03
0.95156	1.00352e-02
0.95242	2.99020e-03
0.95835	3.70161e-03
0.95451	7.27695e-03
0.95544	2.17298e-03
0.95503	4.99135e-03
0.96090	2.33132e-03
0.96184	4.05465e-04
0.95819	9.52561e-03
0.95589	7.22463e-03
0.96149	5.76159e-03
0.96158	5.84992e-03
0.96160	5.87679e-03
0.96038	4.00124e-03
0.96060	2.91550e-03
0.96169	2.51853e-03
0.95745	6.76207e-03
0.96341	3.20993e-03
0.96292	3.85590e-03
0.96179	3.08016e-03
0.96590	6.50636e-03
0.96664	1.11077e-03
0.96762	2.98441e-03
0.97089	2.69648e-03
0.97464	1.23371e-03
0.97053	3.34674e-03
0.97022	8.81611e-03
0.97255	5.54460e-03
0.96910	2.09653e-03
0.97100	4.15466e-03
0.97294	3.06788e-03
0.97463	1.49242e-03
0.97184	6.92812e-03
0.97291	6.30668e-03
0.97412	7.51962e-03
0.97479	5.80036e-03
0.97520	5.38319e-03
0.97423	7.43554e-03
0.97423	7.43554e-03
0.97548	7.04578e-03
0.96903	0.00000e+00
0.96747	0.00000e+00
0.97216	0.00000e+00
0.96910	0.00000e+00
0.97431	0.00000e+00
0.97300	0.00000e+00
0.97300	0.00000e+00
0.97137	0.00000e+00
0.97137	0.00000e+00
0.97303	0.00000e+00
0.98060	0.00000e+00
0.97404	0.00000e+00
0.97813	0.00000e+00
0.97405	0.00000e+00
0.97704	0.00000e+00
0.97511	0.00000e+00
0.98094	0.00000e+00
0.98108	0.00000e+00
0.98183	0.00000e+00
0.98183	0.00000e+00
0.98029	0.00000e+00
0.98590	0.00000e+00
0.98012	0.00000e+00
0.98031	0.00000e+00
