0.74626	2.04845e-01
0.81210	3.13405e-02
0.73311	4.56619e-02
0.65633	4.68155e-02
0.53524	7.57995e-02
0.48160	7.34542e-02
0.35730	4.70774e-02
0.35897	9.17864e-02
0.21903	9.62675e-02
0.19780	9.62108e-02
0.19516	7.54394e-02
0.18249	7.58418e-02
0.19485	6.96193e-02
0.14073	7.77093e-02
0.14467	6.91365e-02
0.17105	6.88045e-02
0.13288	7.09337e-02
0.11677	4.10699e-02
0.11228	7.34511e-02
0.12890	6.45998e-02
0.09691	5.10656e-02
0.12801	6.35718e-02
0.09420	3.69395e-02
0.11334	7.32730e-02
0.10850	4.36619e-02
0.11060	7.15687e-02
0.11431	6.14703e-02
0.11491	6.11225e-02
0.10712	4.73969e-02
0.12000	5.89148e-02
0.09470	4.98886e-02
0.07216	4.31033e-02
0.11484	5.43990e-02
0.10537	3.26642e-02
0.09754	4.97842e-02
0.12575	6.25375e-02
0.08593	2.91546e-02
0.10724	3.97470e-02
0.11554	5.46428e-02
0.10515	3.81660e-02
0.07980	6.06005e-02
0.09491	6.80451e-02
0.12324	2.94513e-02
0.10445	4.46064e-02
0.10690	3.99911e-02
0.09414	3.53458e-02
0.10264	3.99015e-02
0.10230	5.64340e-02
0.06763	2.34706e-02
0.08315	3.64591e-02
0.06304	5.97298e-02
0.09810	4.99450e-02
0.07662	3.92098e-02
0.06633	3.79329e-02
0.08780	4.46425e-02
0.10864	6.08969e-02
0.12624	5.26404e-02
0.10810	5.32589e-02
0.10881	4.99355e-02
0.10728	4.67547e-02
0.10829	4.31825e-02
0.08962	3.17618e-02
0.08353	2.86597e-02
0.09284	3.72733e-02
0.08938	2.69206e-02
0.10525	4.72892e-02
0.07629	3.90572e-02
0.08795	5.00578e-02
0.09875	4.41244e-02
0.10506	6.14529e-02
0.06567	1.94386e-02
0.07308	3.91093e-02
0.08419	4.37415e-02
0.07745	4.70441e-02
0.06877	3.97611e-02
0.09415	5.48416e-02
0.09441	5.00801e-02
0.07925	3.16135e-02
0.11131	5.20865e-02
0.12320	5.02838e-02
0.07378	3.84723e-02
0.06463	3.47734e-02
0.07484	6.03716e-02
0.11074	4.15481e-02
0.06127	2.68706e-02
0.08199	2.42249e-02
0.09769	4.84518e-02
0.08666	4.54307e-02
0.10744	4.52089e-02
0.11557	4.25299e-02
0.07801	2.90600e-02
0.13044	5.92066e-02
0.06674	5.42730e-02
0.11273	6.39465e-02
0.09829	6.07313e-02
0.08751	4.02309e-02
0.08487	4.84587e-02
0.09420	3.39581e-02
0.06247	4.94800e-02
