0.99285	8.23792e-04
0.98090	8.86875e-03
0.96909	1.17702e-02
0.94428	1.29852e-02
0.92888	1.55217e-02
0.90101	2.09118e-02
0.86067	2.05294e-02
0.82606	3.65926e-02
0.77998	4.13835e-02
0.70904	6.30808e-02
0.63928	5.79276e-02
0.56107	1.00520e-01
0.42615	8.35276e-02
0.40761	1.01356e-01
0.27143	1.23732e-01
0.21054	1.02786e-01
0.21047	8.31239e-02
0.22383	7.73121e-02
0.23350	1.19195e-01
0.20458	5.35102e-02
0.17627	5.89293e-02
0.13782	6.20726e-02
0.13726	6.71538e-02
0.15594	5.52357e-02
0.19213	9.16368e-02
0.14120	5.21365e-02
0.12835	5.20690e-02
0.17096	7.77330e-02
0.09517	3.24473e-02
0.14409	6.08118e-02
0.12914	6.46851e-02
0.13282	7.76832e-02
0.11154	7.20498e-02
0.08380	4.56304e-02
0.14993	7.39214e-02
0.13852	6.03544e-02
0.12947	7.38837e-02
0.11061	3.43066e-02
0.11184	6.06526e-02
0.06881	3.84374e-02
0.10423	5.25095e-02
0.10239	4.27525e-02
0.09228	6.04189e-02
0.11575	7.11335e-02
0.12524	5.81245e-02
0.09612	6.23384e-02
0.10099	5.95882e-02
0.08635	3.99421e-02
0.10003	6.42034e-02
0.09275	4.16407e-02
0.09331	4.59449e-02
0.09195	4.33472e-02
0.10214	4.57668e-02
0.08001	3.47827e-02
0.09729	4.53711e-02
0.07313	4.46265e-02
0.08325	3.31696e-02
0.08480	5.04198e-02
0.07170	3.98544e-02
0.08838	3.12299e-02
0.08177	2.82687e-02
0.10476	5.09046e-02
0.07027	2.99794e-02
0.10009	3.79959e-02
0.10890	4.53946e-02
0.08720	3.57396e-02
0.12947	6.32536e-02
0.08035	4.22562e-02
0.09542	4.69599e-02
0.07488	3.93117e-02
0.06886	5.46439e-02
0.11191	5.20879e-02
0.10109	4.19488e-02
0.10424	4.33085e-02
0.06626	2.58867e-02
0.08664	3.45819e-02
0.08817	5.17078e-02
0.11422	5.94979e-02
0.07247	2.08288e-02
0.06642	1.95404e-02
0.08582	3.86481e-02
0.07299	3.99496e-02
0.08512	5.96213e-02
0.09336	4.92075e-02
0.08176	3.64106e-02
0.10306	5.19304e-02
0.10450	6.22337e-02
0.09477	5.10080e-02
0.06627	3.75518e-02
0.06137	2.40219e-02
0.06661	3.54509e-02
0.10073	4.04741e-02
0.06589	4.29518e-02
0.10618	4.94559e-02
0.09247	6.33119e-02
0.09434	4.23025e-02
0.09339	3.42975e-02
0.08778	5.09028e-02
0.09725	5.59826e-02
