0.98697	1.75691e-03
0.96791	9.04263e-03
0.94565	1.05300e-02
0.91991	9.56905e-03
0.90801	1.59844e-02
0.86329	3.15697e-02
0.81538	2.22190e-02
0.77918	3.46388e-02
0.69261	6.63605e-02
0.60205	7.94968e-02
0.53888	8.29847e-02
0.46002	7.17995e-02
0.34281	1.30334e-01
0.29859	9.71349e-02
0.21734	1.11156e-01
0.14933	1.30940e-01
0.19855	9.22182e-02
0.20511	8.90796e-02
0.16613	6.58693e-02
0.14252	7.23299e-02
0.17711	9.67765e-02
0.11270	5.21759e-02
0.14421	5.13715e-02
0.13556	5.18044e-02
0.16610	8.88314e-02
0.11830	6.41952e-02
0.13386	4.02929e-02
0.13409	8.06758e-02
0.09715	5.67995e-02
0.10489	4.84871e-02
0.10113	6.05277e-02
0.09534	5.65509e-02
0.09563	7.28763e-02
0.14626	4.57177e-02
0.11503	7.29188e-02
0.13716	3.96265e-02
0.13300	4.60525e-02
0.09472	4.70525e-02
0.08075	3.12463e-02
0.12083	4.92333e-02
0.09166	4.72623e-02
0.07580	5.98780e-02
0.08098	4.35981e-02
0.10562	3.57728e-02
0.08766	3.64258e-02
0.08965	5.28504e-02
0.10467	4.09580e-02
0.09420	4.68145e-02
0.10847	4.15104e-02
0.08050	3.71502e-02
0.09154	5.56689e-02
0.10586	3.38367e-02
0.08215	5.85553e-02
0.10968	9.91405e-02
0.08581	4.32107e-02
0.08436	4.94992e-02
0.09442	4.68175e-02
0.10680	4.05957e-02
0.06256	2.88146e-02
0.10416	5.80090e-02
0.08622	3.80377e-02
0.09388	4.60472e-02
0.07597	3.45468e-02
0.05431	3.55627e-02
0.06957	2.91156e-02
0.10056	4.55986e-02
0.06038	3.49968e-02
0.07483	3.42869e-02
0.08114	3.91971e-02
0.09155	4.37355e-02
0.08260	5.10651e-02
0.10802	4.53705e-02
0.08314	2.66916e-02
0.08119	4.43789e-02
0.06984	2.07393e-02
0.06862	3.63303e-02
0.06766	3.68646e-02
0.11260	4.91039e-02
0.07671	4.88967e-02
0.08852	4.58594e-02
0.09953	4.70020e-02
0.11562	3.39688e-02
0.11104	5.13161e-02
0.11835	4.46295e-02
0.07244	4.26576e-02
0.08257	4.10074e-02
0.09308	5.42948e-02
0.07348	3.20997e-02
0.09175	3.42257e-02
0.09803	3.39576e-02
0.06950	1.72268e-02
0.07380	3.43699e-02
0.10324	4.42193e-02
0.09058	5.46155e-02
0.08065	4.94815e-02
0.09118	3.57930e-02
0.09398	3.16094e-02
0.08262	3.53698e-02
0.08000	3.31493e-02
