0.46772	1.65908e-01
0.65610	7.23699e-02
0.65840	1.11211e-01
0.61627	1.32287e-01
0.55807	1.67625e-01
0.51219	1.20691e-01
0.46228	1.92129e-01
0.48355	1.64556e-01
0.43844	1.69616e-01
0.44126	1.73785e-01
0.44341	1.76688e-01
0.37348	1.53713e-01
0.36700	1.87844e-01
0.37909	1.47240e-01
0.31960	1.55644e-01
0.29506	1.56274e-01
0.39071	1.33578e-01
0.34849	1.24591e-01
0.27807	1.60081e-01
0.30396	9.49814e-02
0.24910	1.34514e-01
0.22491	1.17198e-01
0.30200	9.34683e-02
0.19851	1.28596e-01
0.21438	1.11470e-01
0.26584	1.24995e-01
0.21766	9.93789e-02
0.23658	7.25802e-02
0.24167	9.05110e-02
0.21331	1.10588e-01
0.21243	1.33130e-01
0.26270	6.24646e-02
0.21423	8.54923e-02
0.13893	3.38421e-02
0.17006	9.21984e-02
0.16848	9.05998e-02
0.21805	8.61244e-02
0.18923	8.81385e-02
0.19449	1.02409e-01
0.21499	5.81714e-02
0.21453	9.84649e-02
0.21791	1.03578e-01
0.21878	1.21966e-01
0.22333	9.74396e-02
0.20276	6.79599e-02
0.23773	8.53502e-02
0.23120	8.98163e-02
0.26013	7.02462e-02
0.20515	1.18473e-01
0.15869	6.92708e-02
0.22222	9.55863e-02
0.16071	9.47271e-02
0.21142	8.45202e-02
0.18937	1.01347e-01
0.20055	7.24023e-02
0.17774	9.17872e-02
0.22490	8.03288e-02
0.21240	6.48131e-02
0.19265	1.09303e-01
0.28798	5.76314e-02
0.20790	7.35994e-02
0.23628	7.79535e-02
0.18341	1.26750e-01
0.24393	8.14273e-02
0.17769	6.40962e-02
0.19762	9.05948e-02
0.20876	8.27924e-02
0.19943	8.51690e-02
0.22254	9.08383e-02
0.16331	8.57577e-02
0.19717	1.10718e-01
0.20955	7.81857e-02
0.17010	9.33516e-02
0.19231	7.65239e-02
0.17591	6.81461e-02
0.13566	7.45366e-02
0.20035	6.73473e-02
0.16795	8.44876e-02
0.19111	1.03795e-01
0.17913	8.80303e-02
0.18396	6.56843e-02
0.16505	7.96179e-02
0.19431	8.31920e-02
0.17354	6.18195e-02
0.15975	5.64961e-02
0.10707	2.81565e-02
0.15718	7.58535e-02
0.16885	6.27868e-02
0.14043	5.72089e-02
0.12140	6.68090e-02
0.14903	8.84188e-02
0.16094	5.76341e-02
0.10895	3.43295e-02
0.18382	7.64496e-02
0.16321	4.74032e-02
0.14727	5.32771e-02
0.10963	5.06472e-02
0.16826	7.30239e-02
0.14457	6.21436e-02
0.10846	4.03901e-02
0.11998	6.96231e-02
0.11577	7.15036e-02
0.11577	7.15036e-02
0.12488	8.03415e-02
0.14464	7.75481e-02
0.11496	7.24895e-02
0.13771	8.08246e-02
0.13326	8.26828e-02
0.17559	6.47676e-02
0.15723	7.01849e-02
0.15723	7.01849e-02
0.15831	7.41233e-02
0.13796	7.09667e-02
0.13717	6.33475e-02
0.13717	6.33475e-02
0.13717	6.33475e-02
0.14707	8.23617e-02
0.15560	8.65319e-02
0.14389	7.48785e-02
0.13384	6.73357e-02
0.15452	6.51881e-02
0.16107	4.43893e-02
0.14877	4.93848e-02
0.15604	6.22654e-02
0.15585	6.35202e-02
0.15935	6.04217e-02
0.19067	8.07605e-02
0.18026	5.47129e-02
0.17380	6.24006e-02
0.17973	6.81493e-02
0.17873	6.83159e-02
0.18982	6.35730e-02
0.18261	5.94204e-02
0.18949	8.83046e-02
0.17543	8.89949e-02
0.16562	9.46998e-02
0.15418	9.01562e-02
0.15658	8.92518e-02
0.16196	9.09617e-02
0.20275	1.00004e-01
0.18923	1.03493e-01
0.24205	1.00358e-01
0.23950	9.79750e-02
0.22434	8.60901e-02
0.18805	9.69928e-02
0.20353	8.51086e-02
0.24364	1.33505e-01
0.23124	1.27972e-01
0.21253	1.18286e-01
0.21253	1.18286e-01
0.23181	9.94396e-02
0.22677	1.02554e-01
0.24125	1.05175e-01
0.26962	9.84214e-02
0.26229	9.79024e-02
0.22884	6.83392e-02
0.25171	9.00155e-02
0.24116	8.01512e-02
0.23593	1.08392e-01
0.23299	1.09569e-01
0.23471	1.07925e-01
0.20794	1.09820e-01
0.22104	1.02368e-01
0.22617	8.91781e-02
0.25181	7.74285e-02
0.24257	7.60023e-02
0.25127	9.07748e-02
0.27334	9.81047e-02
0.26473	9.31636e-02
0.27407	1.01435e-01
0.20363	1.28037e-01
0.22393	1.24029e-01
0.21263	1.20331e-01
0.20869	1.22779e-01
0.21044	1.31561e-01
0.21044	1.31561e-01
0.20089	1.24610e-01
0.21544	1.21571e-01
0.22117	1.04519e-01
0.23077	7.67118e-02
0.22625	8.36438e-02
0.23592	1.17036e-01
0.25400	1.20434e-01
0.26338	8.98943e-02
0.27147	8.90870e-02
0.24685	9.70294e-02
0.24052	1.13007e-01
0.27434	1.01544e-01
0.25598	1.13380e-01
0.28149	1.34740e-01
0.26650	1.31148e-01
0.28721	1.25090e-01
0.28798	1.21022e-01
0.28292	1.09926e-01
0.27639	9.76760e-02
0.25509	1.11686e-01
0.25509	1.11686e-01
0.25992	1.11225e-01
0.29276	1.12356e-01
0.26231	8.01717e-02
0.24284	9.54573e-02
0.26483	6.10158e-02
0.24730	6.17203e-02
0.24363	6.40474e-02
0.22186	6.63471e-02
0.23930	6.40461e-02
0.23501	1.12579e-01
0.25587	1.18986e-01
0.25465	1.09769e-01
0.27044	1.16493e-01
0.28811	1.01011e-01
0.27625	1.18029e-01
0.33711	1.06301e-01
0.35285	1.21085e-01
0.36807	1.29741e-01
0.39539	7.70724e-02
0.34508	7.74275e-02
0.35778	7.38998e-02
0.33017	8.22914e-02
0.33017	8.22914e-02
0.30198	1.15114e-01
0.28760	1.29742e-01
0.32300	1.38776e-01
0.32300	1.38776e-01
0.33018	1.45778e-01
0.30835	1.51917e-01
0.30562	1.63309e-01
0.32921	1.57492e-01
0.35047	1.33626e-01
0.38991	1.24549e-01
0.39355	1.15147e-01
0.36678	1.22771e-01
0.36257	1.20772e-01
0.37419	1.26405e-01
0.39193	1.06076e-01
0.39193	1.06076e-01
0.36941	1.04360e-01
0.34261	1.36597e-01
0.33077	1.22563e-01
0.34294	1.43657e-01
0.35922	1.40888e-01
0.35922	1.40888e-01
0.38710	1.25158e-01
0.38710	1.25158e-01
0.37422	9.71678e-02
0.35507	1.10087e-01
0.36319	1.24126e-01
0.44998	8.60639e-02
0.44161	9.74418e-02
0.43709	9.45752e-02
0.40217	1.10262e-01
0.37918	1.08538e-01
0.38790	1.10650e-01
0.35587	1.40249e-01
0.39283	1.19784e-01
0.38913	1.09461e-01
0.40070	1.04032e-01
0.40070	1.04032e-01
0.39499	1.00547e-01
0.37719	1.10190e-01
0.37636	1.10594e-01
0.35116	1.49638e-01
0.37524	1.21523e-01
0.38799	1.40128e-01
0.36620	1.48779e-01
0.35622	1.36294e-01
0.35803	1.42140e-01
0.38428	1.16467e-01
0.38201	1.16212e-01
0.39751	1.18571e-01
0.40631	1.44120e-01
0.39152	1.46351e-01
0.43876	1.31711e-01
0.45881	1.25272e-01
0.47374	1.07037e-01
0.47997	1.16169e-01
0.50248	9.94529e-02
0.49900	1.02189e-01
0.47911	1.27646e-01
0.48858	1.18515e-01
0.47637	1.23235e-01
0.45225	1.26183e-01
0.42860	1.21230e-01
0.42178	1.21917e-01
0.41539	1.34003e-01
0.44427	1.05452e-01
0.45748	9.41608e-02
0.46989	9.94609e-02
0.45875	1.22077e-01
0.46512	1.19232e-01
0.44168	1.17999e-01
0.48693	8.41609e-02
0.50738	5.94951e-02
0.49321	6.72172e-02
0.47385	1.05507e-01
0.45789	1.19198e-01
0.44267	1.26291e-01
0.45959	1.58525e-01
0.47377	1.71321e-01
0.48270	1.71563e-01
0.48346	1.75832e-01
0.47266	1.71165e-01
0.53179	6.98083e-02
0.51903	7.98758e-02
0.52649	7.13082e-02
0.54081	7.69562e-02
0.54213	8.47527e-02
0.52368	1.04668e-01
0.55603	8.21978e-02
0.54497	7.90563e-02
0.54497	7.90563e-02
0.52917	1.08841e-01
0.53836	9.32355e-02
0.53665	7.51062e-02
0.54095	7.50445e-02
0.55004	6.47454e-02
0.52667	1.23768e-01
0.55352	1.05931e-01
0.55397	1.06304e-01
0.55251	1.05950e-01
0.56283	1.24147e-01
0.56609	1.30581e-01
0.54908	1.40504e-01
0.53914	1.41132e-01
0.55768	1.33141e-01
0.56689	1.39141e-01
0.59312	9.91401e-02
0.59638	1.14452e-01
0.59253	1.13073e-01
0.56866	1.25487e-01
0.57250	1.26039e-01
0.59203	8.45871e-02
0.60188	7.90330e-02
0.55302	1.45162e-01
0.55627	1.49233e-01
0.55038	1.47669e-01
0.54829	1.46561e-01
0.54829	1.46561e-01
0.55080	1.62330e-01
0.58215	1.30009e-01
0.58548	1.31336e-01
0.57602	1.37045e-01
0.57618	1.55172e-01
0.63102	5.03675e-02
0.63261	4.46982e-02
0.62516	5.36294e-02
0.62002	5.25898e-02
0.62292	5.93751e-02
0.62292	5.93751e-02
0.63592	7.27208e-02
0.61408	9.91420e-02
0.61698	9.99419e-02
0.61247	9.51203e-02
0.61904	1.25645e-01
0.64328	7.11516e-02
0.67134	8.49228e-02
0.65640	7.73138e-02
0.64155	7.14344e-02
0.64517	6.75788e-02
0.67936	8.12315e-02
0.67215	8.14953e-02
0.67122	8.15415e-02
0.69010	7.04738e-02
0.68004	6.32455e-02
0.64629	9.83799e-02
0.65683	9.66875e-02
0.67146	1.08800e-01
0.66730	1.12837e-01
0.66730	1.12837e-01
0.66929	1.13287e-01
0.65641	1.30264e-01
0.65641	1.30264e-01
0.69767	1.05541e-01
0.68815	9.86223e-02
0.68485	9.62219e-02
0.68202	9.46902e-02
0.68309	9.52099e-02
0.67593	1.12038e-01
0.66729	1.15936e-01
0.65768	1.10625e-01
0.64463	1.20565e-01
0.64210	1.25256e-01
0.63573	1.23266e-01
0.63115	1.34565e-01
0.63115	1.34565e-01
0.63871	1.39176e-01
0.63871	1.39176e-01
0.64042	1.41242e-01
0.64250	1.48475e-01
0.65174	1.42351e-01
0.66171	1.48915e-01
0.65893	1.46325e-01
0.65893	1.46325e-01
0.65789	1.45501e-01
0.72416	7.84314e-02
0.72366	7.80037e-02
0.72507	7.83891e-02
0.72507	7.83891e-02
0.69075	1.09869e-01
0.66051	1.69068e-01
0.65929	1.68202e-01
0.63205	1.77941e-01
0.64915	1.41626e-01
0.64915	1.41626e-01
0.66850	1.58061e-01
0.72785	9.75198e-02
0.71672	1.20480e-01
0.71672	1.20480e-01
0.64913	1.76283e-01
0.70867	1.49005e-01
0.68813	1.47042e-01
0.48469	0.00000e+00
0.48469	0.00000e+00
0.48469	0.00000e+00
0.48469	0.00000e+00
0.57154	0.00000e+00
0.60547	0.00000e+00
0.60547	0.00000e+00
0.60547	0.00000e+00
0.60547	0.00000e+00
0.60547	0.00000e+00
0.60547	0.00000e+00
0.60547	0.00000e+00
0.60547	0.00000e+00
0.60547	0.00000e+00
0.60547	0.00000e+00
0.60547	0.00000e+00
0.60547	0.00000e+00
0.60547	0.00000e+00
0.49579	0.00000e+00
0.49579	0.00000e+00
0.49579	0.00000e+00
0.48555	0.00000e+00
