0.98807	2.86334e-03
0.97922	9.45147e-03
0.96904	9.50590e-03
0.95744	1.57853e-02
0.95727	1.66554e-02
0.94592	2.36738e-02
0.94385	2.26698e-02
0.94221	2.26114e-02
0.92533	2.58995e-02
0.91702	3.97350e-02
0.92132	2.24810e-02
0.90613	4.77463e-02
0.92338	2.95264e-02
0.88970	3.71010e-02
0.88325	4.39292e-02
0.87303	3.28744e-02
0.86317	3.56897e-02
0.84972	4.14240e-02
0.83153	5.25857e-02
0.82083	5.09946e-02
0.80544	5.82895e-02
0.78633	6.96043e-02
0.77273	5.35497e-02
0.76422	7.66180e-02
0.75455	7.55750e-02
0.73747	8.10184e-02
0.75318	6.98558e-02
0.72424	8.13935e-02
0.71411	7.22345e-02
0.69802	8.47119e-02
0.68992	8.47385e-02
0.66270	1.10772e-01
0.67165	1.31274e-01
0.64973	1.03535e-01
0.63847	1.36830e-01
0.60932	1.62578e-01
0.60643	1.35434e-01
0.59810	1.51639e-01
0.58731	1.83683e-01
0.58591	1.40939e-01
0.58126	1.36019e-01
0.59970	9.45028e-02
0.59445	8.23397e-02
0.60419	1.07685e-01
0.59248	6.75816e-02
0.58516	9.86787e-02
0.56134	1.03622e-01
0.56322	7.39760e-02
0.58844	9.83571e-02
0.53829	8.45710e-02
0.54374	7.36411e-02
0.55447	8.90813e-02
0.55833	8.35961e-02
0.56676	1.03195e-01
0.54450	7.63938e-02
0.55406	1.12261e-01
0.55807	7.29584e-02
0.58786	8.24996e-02
0.54026	1.03217e-01
0.55641	1.00277e-01
0.56733	5.98576e-02
0.56033	9.82651e-02
0.53258	9.51259e-02
0.56626	7.87473e-02
0.57859	7.22633e-02
0.55451	7.37642e-02
0.55477	9.07774e-02
0.55220	7.76669e-02
0.56855	1.09661e-01
0.56316	1.08339e-01
0.55994	1.19672e-01
0.56429	1.01651e-01
0.54886	1.18986e-01
0.57861	8.98856e-02
0.57686	1.02214e-01
0.57129	9.39814e-02
0.55654	9.12798e-02
0.58720	9.02878e-02
0.54892	9.82929e-02
0.54579	9.79394e-02
0.58352	7.55385e-02
0.56784	7.29830e-02
0.54892	9.87973e-02
0.57459	7.90564e-02
0.55691	6.81385e-02
0.54680	1.05483e-01
0.51492	6.00462e-02
0.52313	8.20048e-02
0.51268	7.40954e-02
0.54779	6.64175e-02
0.54565	7.78001e-02
0.52841	5.88732e-02
0.52818	9.46133e-02
0.52208	7.32927e-02
0.48239	5.27614e-02
0.51130	8.72001e-02
0.50961	1.02717e-01
0.44930	1.00430e-01
0.43818	9.79528e-02
0.45085	1.46097e-01
0.47912	1.49061e-01
0.49382	1.53415e-01
0.51423	1.39954e-01
0.52336	1.47672e-01
0.56148	9.48803e-02
0.56619	9.16409e-02
0.57011	9.33648e-02
0.57927	1.01822e-01
0.60174	8.38124e-02
0.60999	7.92547e-02
0.58149	9.15631e-02
0.60333	6.75708e-02
0.61012	6.97308e-02
0.62539	7.44120e-02
0.62787	6.89561e-02
0.62787	6.89561e-02
0.63678	4.73684e-02
0.63349	4.67585e-02
0.63361	4.65763e-02
0.64788	4.18371e-02
0.65065	4.38401e-02
0.65057	5.71025e-02
0.65057	5.71025e-02
0.64805	5.59431e-02
0.65665	7.41744e-02
0.66084	5.99037e-02
0.67461	4.15964e-02
0.67132	4.02105e-02
0.68303	4.09018e-02
0.68437	4.15637e-02
0.68468	4.18755e-02
0.69026	4.89232e-02
0.68689	4.67408e-02
0.69558	4.68052e-02
0.70738	4.98266e-02
0.71346	5.26234e-02
0.71346	5.26234e-02
0.71011	5.08693e-02
0.74317	6.20060e-02
0.74212	5.68655e-02
0.73317	4.99778e-02
0.74434	5.19269e-02
0.75710	4.44739e-02
0.76418	4.58098e-02
0.76563	5.22298e-02
0.77375	5.49462e-02
0.77508	5.85448e-02
0.76985	6.29858e-02
0.77621	6.29506e-02
0.78055	5.45804e-02
0.77351	4.65542e-02
0.78477	3.95630e-02
0.79303	4.51927e-02
0.78988	4.46562e-02
0.79363	4.63460e-02
0.79485	4.40301e-02
0.80921	3.12403e-02
0.81625	2.50742e-02
0.81811	2.91552e-02
0.82248	3.24253e-02
0.82682	2.53319e-02
0.83151	2.41276e-02
0.82788	3.14930e-02
0.83582	2.46705e-02
0.83665	2.51471e-02
0.83182	2.60815e-02
0.83182	2.60815e-02
0.84351	3.54645e-02
0.83435	3.60635e-02
0.84330	4.11404e-02
0.83616	3.63423e-02
0.84246	3.25426e-02
0.85099	2.55716e-02
0.84716	2.61063e-02
0.85071	2.37488e-02
0.85977	2.92278e-02
0.86060	2.90605e-02
0.86290	2.90905e-02
0.86337	2.88648e-02
0.85683	2.43748e-02
0.85122	2.55974e-02
0.85695	2.10172e-02
0.86091	2.28231e-02
0.86428	2.27208e-02
0.86597	2.02416e-02
0.86633	1.78600e-02
0.87011	2.16997e-02
0.86701	2.85438e-02
0.86826	2.93479e-02
0.86828	2.93700e-02
0.87236	3.30011e-02
0.87311	3.34479e-02
0.88284	2.40376e-02
0.88284	2.40376e-02
0.88186	2.21693e-02
0.88189	2.21575e-02
0.87539	3.19530e-02
0.87276	3.11629e-02
0.87276	3.11629e-02
0.87526	2.76997e-02
0.87777	2.19729e-02
0.87916	2.59780e-02
0.88526	2.52696e-02
0.88231	2.72471e-02
0.88601	2.63263e-02
0.89146	2.27478e-02
0.89072	2.36930e-02
0.88774	2.44281e-02
0.88622	2.41405e-02
0.88695	2.35174e-02
0.88695	2.35174e-02
0.89287	2.19161e-02
0.89144	2.35478e-02
0.89205	2.45364e-02
0.89676	2.44336e-02
0.89531	2.32676e-02
0.89369	2.36946e-02
0.89292	2.70601e-02
0.88988	2.48463e-02
0.88988	2.48528e-02
0.88988	2.48528e-02
0.88415	2.87404e-02
0.88407	2.87706e-02
0.88384	2.88759e-02
0.88342	2.91167e-02
0.88597	2.84793e-02
0.88746	2.81504e-02
0.89235	3.14538e-02
0.89220	3.14520e-02
0.89222	3.14513e-02
0.89222	3.14513e-02
0.88679	2.73447e-02
0.89945	2.26566e-02
0.89522	1.97507e-02
0.88846	2.00289e-02
0.89226	1.46608e-02
0.89380	2.30522e-02
0.89062	2.24061e-02
0.89109	1.90824e-02
0.90724	3.16451e-02
0.91297	2.99106e-02
0.90677	3.27654e-02
0.90405	3.20195e-02
0.90540	3.13318e-02
0.89944	3.08515e-02
0.90813	2.74292e-02
0.90722	2.83937e-02
0.90763	2.81495e-02
0.90575	2.68779e-02
0.90198	2.26702e-02
0.90379	2.69477e-02
0.90559	2.73995e-02
0.90038	2.76157e-02
0.90062	2.92210e-02
0.90296	3.06217e-02
0.90679	2.74823e-02
0.91039	2.54161e-02
0.91695	1.79908e-02
0.91860	1.92432e-02
0.92148	1.46627e-02
0.91001	3.41292e-02
0.90431	2.84810e-02
0.90760	3.34281e-02
0.91264	3.28118e-02
0.91263	3.28112e-02
0.90519	3.35000e-02
0.90084	3.29740e-02
0.89627	3.12738e-02
0.90235	3.19083e-02
0.91445	3.20456e-02
0.91532	2.57014e-02
0.91540	2.58538e-02
0.91406	2.60963e-02
0.91081	2.67406e-02
0.91304	2.69596e-02
0.91304	2.69596e-02
0.91217	2.73395e-02
0.91217	2.73395e-02
0.91270	2.77640e-02
0.91699	3.08505e-02
0.91633	3.20904e-02
0.91959	3.41947e-02
0.91669	1.99249e-02
0.91197	2.81741e-02
0.92103	2.41950e-02
0.91958	2.71038e-02
0.92123	2.79635e-02
0.91607	2.96135e-02
0.92068	2.27739e-02
0.91841	2.30244e-02
0.92515	2.43751e-02
0.92881	2.55542e-02
0.92103	1.82364e-02
0.92426	1.38886e-02
0.93076	2.47406e-02
0.92800	2.38459e-02
0.92994	1.89047e-02
0.93036	1.81745e-02
0.93042	2.12658e-02
0.93520	2.32500e-02
0.93516	1.77108e-02
0.93332	1.33045e-02
0.92825	2.10556e-02
0.92543	1.96119e-02
0.92384	1.73276e-02
0.92361	1.71952e-02
0.92580	1.80965e-02
0.92211	1.85734e-02
0.92609	1.81716e-02
0.92367	2.11953e-02
0.92898	1.77003e-02
0.93555	2.09138e-02
0.93738	2.08315e-02
0.93738	2.08315e-02
0.93710	2.17547e-02
0.93718	2.17527e-02
0.92998	2.39403e-02
0.93075	2.35694e-02
0.93340	2.25394e-02
0.93560	1.42247e-02
0.94142	2.03796e-02
0.93937	1.83376e-02
0.93919	1.84134e-02
0.93664	1.55819e-02
0.93968	1.57329e-02
0.94098	1.57050e-02
0.93974	1.70360e-02
0.94332	1.82950e-02
0.93907	2.36581e-02
0.94531	2.15046e-02
0.94148	2.48197e-02
0.93848	2.20595e-02
0.93935	1.82747e-02
0.93837	1.66234e-02
0.94081	1.51530e-02
0.94502	1.72419e-02
0.94926	1.62390e-02
0.94806	1.92676e-02
0.94811	1.92823e-02
0.95293	1.48195e-02
0.94725	1.85881e-02
0.94725	1.85881e-02
0.94786	2.00474e-02
0.94550	2.21887e-02
0.94795	2.14579e-02
0.94986	2.27004e-02
0.94735	1.98280e-02
0.94710	1.92921e-02
0.94877	2.00292e-02
0.94556	1.99179e-02
0.94858	2.09534e-02
0.94627	1.50871e-02
0.94904	2.04813e-02
0.94904	2.04813e-02
0.94786	1.98858e-02
0.94924	1.99574e-02
0.94203	2.03780e-02
0.94979	1.88345e-02
0.95285	2.07342e-02
0.95724	2.02024e-02
0.95625	2.01956e-02
0.95500	2.01956e-02
0.94832	2.79636e-02
0.95440	2.06444e-02
0.95702	2.13677e-02
0.95414	2.08993e-02
0.95440	2.10921e-02
0.95442	2.11218e-02
0.95010	1.84088e-02
0.95217	1.65252e-02
0.95222	1.64827e-02
0.95048	1.95666e-02
0.95331	2.16994e-02
0.94583	1.99345e-02
0.94583	1.99345e-02
0.94947	2.04076e-02
0.95572	2.14351e-02
0.95572	2.14351e-02
0.95970	2.27875e-02
0.96057	2.36276e-02
0.95705	2.30767e-02
0.95705	2.30767e-02
0.95823	2.15486e-02
0.95823	2.15486e-02
0.95509	1.95445e-02
0.95721	2.05551e-02
0.95051	1.90005e-02
0.95714	2.30723e-02
0.95118	2.30479e-02
0.96636	1.59731e-02
0.96675	1.64693e-02
0.96254	1.45849e-02
0.96272	1.47099e-02
0.96829	7.96389e-03
0.97252	9.38583e-03
0.96084	1.04691e-03
0.95343	1.84828e-02
0.95214	2.16675e-02
0.95207	2.14621e-02
0.95207	2.14621e-02
0.94560	2.60321e-02
0.94560	2.60321e-02
0.94729	2.45564e-02
0.94729	2.45564e-02
0.94729	2.45564e-02
0.95502	1.95231e-02
0.95963	2.17747e-02
0.96071	2.30607e-02
0.95126	1.87468e-02
0.95132	1.63640e-02
0.95572	1.27838e-02
0.95865	1.09004e-02
0.96007	1.28753e-02
0.95567	1.75593e-02
0.96114	1.86912e-02
0.96114	1.86912e-02
0.96114	1.86912e-02
0.96150	1.88754e-02
0.97572	3.02394e-03
0.97579	3.07516e-03
0.97579	3.07516e-03
0.97579	3.07516e-03
0.97762	4.82869e-03
0.97762	4.82869e-03
0.97762	4.82869e-03
0.97762	4.82869e-03
0.97762	4.82869e-03
0.97786	5.11036e-03
0.97786	5.11036e-03
0.97786	5.11036e-03
0.97786	5.11036e-03
0.98298	3.58428e-03
0.98398	4.42422e-03
0.98668	2.23080e-03
0.98670	2.71709e-03
0.98670	2.71709e-03
0.98693	2.48458e-03
0.98693	2.48458e-03
0.98693	2.48458e-03
0.98693	2.48458e-03
0.98765	3.20405e-03
0.98765	3.20405e-03
0.98772	3.26884e-03
0.98445	0.00000e+00
0.98445	0.00000e+00
0.98627	0.00000e+00
0.98627	0.00000e+00
0.98721	0.00000e+00
