0.99116	3.90005e-03
0.98053	8.53019e-03
0.96332	1.42371e-02
0.95369	1.75899e-02
0.94430	1.63538e-02
0.94129	1.90296e-02
0.94280	2.11513e-02
0.91959	2.44296e-02
0.92392	2.79098e-02
0.91056	3.34290e-02
0.88580	2.57784e-02
0.88806	3.70631e-02
0.87157	3.77877e-02
0.86967	3.37391e-02
0.86809	4.55714e-02
0.84261	5.67487e-02
0.83358	2.65975e-02
0.80254	6.20707e-02
0.80444	2.79647e-02
0.78814	3.72220e-02
0.77993	6.03063e-02
0.76458	2.91962e-02
0.76677	3.60370e-02
0.74641	5.91825e-02
0.73290	6.83367e-02
0.69861	7.52796e-02
0.70643	9.15688e-02
0.68287	8.33075e-02
0.71113	8.91768e-02
0.66552	9.55185e-02
0.66579	1.00300e-01
0.67004	1.01954e-01
0.63376	9.47994e-02
0.60291	1.06913e-01
0.60188	1.07698e-01
0.59502	1.07856e-01
0.59632	8.96006e-02
0.57857	9.92572e-02
0.60159	6.21681e-02
0.57964	6.33171e-02
0.59851	7.74362e-02
0.59635	7.53517e-02
0.55454	7.99912e-02
0.58193	6.35967e-02
0.55777	5.60709e-02
0.56456	1.03722e-01
0.59170	6.48559e-02
0.57279	7.99536e-02
0.56398	1.09236e-01
0.56779	9.68958e-02
0.53606	7.59898e-02
0.56301	6.54440e-02
0.54170	7.41240e-02
0.56200	7.17223e-02
0.55732	6.21375e-02
0.54457	8.62843e-02
0.57530	7.08298e-02
0.54090	7.78081e-02
0.52414	6.32142e-02
0.56384	8.63829e-02
0.54939	6.98645e-02
0.54930	6.35325e-02
0.50954	8.52269e-02
0.51467	9.34445e-02
0.55250	8.77429e-02
0.56918	8.73789e-02
0.55076	8.03214e-02
0.55585	6.57057e-02
0.54634	7.99240e-02
0.55298	7.79966e-02
0.56382	7.78630e-02
0.55640	7.61167e-02
0.53560	7.20169e-02
0.55128	6.21823e-02
0.56649	6.45168e-02
0.55050	6.84525e-02
0.53070	8.63775e-02
0.55264	7.94733e-02
0.55326	8.33575e-02
0.54116	6.65890e-02
0.52382	9.04016e-02
0.55949	7.17966e-02
0.54647	7.81501e-02
0.53470	1.04171e-01
0.53987	8.97054e-02
0.52161	9.12360e-02
0.53038	9.87973e-02
0.55325	8.84974e-02
0.54779	1.25582e-01
0.53999	1.06084e-01
0.56580	9.86445e-02
0.54550	6.92499e-02
0.55852	1.08635e-01
0.53873	8.63941e-02
0.55860	5.51226e-02
0.55554	6.19969e-02
0.53710	8.21562e-02
0.52923	6.43366e-02
0.53673	9.62578e-02
0.55055	7.39396e-02
0.52781	8.48559e-02
0.54072	9.28765e-02
0.54906	8.66513e-02
0.56446	7.45991e-02
0.56849	7.68722e-02
0.59549	8.35371e-02
0.60644	8.45773e-02
0.60739	8.21264e-02
0.60238	8.41902e-02
0.60199	1.01996e-01
0.60222	9.78267e-02
0.60087	9.76501e-02
0.62909	1.05186e-01
0.63260	1.05904e-01
0.63564	1.00890e-01
0.64947	7.17094e-02
0.66262	7.14755e-02
0.66401	7.18837e-02
0.66638	8.13505e-02
0.66884	8.87788e-02
0.67948	9.88392e-02
0.69310	1.00059e-01
0.69744	9.27527e-02
0.71522	9.73964e-02
0.71440	9.90636e-02
0.70734	1.11899e-01
0.70496	1.13252e-01
0.72048	7.87696e-02
0.71185	7.23305e-02
0.71185	7.23305e-02
0.71582	8.59707e-02
0.72412	8.30204e-02
0.72412	8.30204e-02
0.72712	8.38046e-02
0.72662	8.43043e-02
0.72662	8.43043e-02
0.72662	8.43043e-02
0.73721	9.02798e-02
0.73375	9.15127e-02
0.73028	8.64311e-02
0.74260	8.01634e-02
0.74987	8.72560e-02
0.74987	8.72560e-02
0.76204	9.08798e-02
0.76204	9.08798e-02
0.76204	9.08798e-02
0.76970	9.13004e-02
0.77372	6.95701e-02
0.77382	6.54208e-02
0.77382	6.54208e-02
0.77891	6.60929e-02
0.78961	6.92865e-02
0.79581	7.19102e-02
0.79909	7.68003e-02
0.80622	6.97471e-02
0.80959	6.67254e-02
0.80823	6.67448e-02
0.81129	6.60751e-02
0.81282	6.75720e-02
0.81282	6.75720e-02
0.82206	5.90173e-02
0.82926	6.55569e-02
0.83738	4.83738e-02
0.84243	5.41803e-02
0.83968	6.02034e-02
0.84087	6.07557e-02
0.84457	6.26360e-02
0.86188	4.41641e-02
0.85845	3.50073e-02
0.85941	3.63893e-02
0.85988	3.63520e-02
0.85917	3.43058e-02
0.86127	3.46722e-02
0.85452	4.37279e-02
0.85385	4.20530e-02
0.85644	3.56994e-02
0.86539	4.30028e-02
0.86989	3.63588e-02
0.87389	3.64087e-02
0.88543	4.35887e-02
0.88496	4.13605e-02
0.88142	4.19848e-02
0.88267	4.13023e-02
0.87770	4.46245e-02
0.87391	4.46781e-02
0.87925	4.65045e-02
0.87936	4.25996e-02
0.87936	4.25996e-02
0.87552	3.66057e-02
0.88533	3.77318e-02
0.88846	4.04194e-02
0.88495	4.35356e-02
0.88663	4.50657e-02
0.88620	4.46489e-02
0.88356	4.24403e-02
0.89177	4.26277e-02
0.88946	3.98712e-02
0.88821	3.90966e-02
0.89292	4.42559e-02
0.90914	4.34619e-02
0.90345	4.32063e-02
0.90310	4.43217e-02
0.90843	4.31111e-02
0.90702	4.28765e-02
0.91010	3.33160e-02
0.90546	3.89926e-02
0.90807	3.89518e-02
0.91312	3.44186e-02
0.91670	3.26347e-02
0.91226	3.13353e-02
0.91506	2.88054e-02
0.91714	2.91019e-02
0.92079	2.49901e-02
0.92023	2.59136e-02
0.92001	2.16989e-02
0.92172	2.07432e-02
0.91828	2.46802e-02
0.91753	2.48018e-02
0.92401	2.23573e-02
0.92416	2.29569e-02
0.92477	2.28828e-02
0.92478	2.29022e-02
0.91715	2.47364e-02
0.92282	1.88753e-02
0.92544	2.04053e-02
0.92643	2.29946e-02
0.92505	2.42240e-02
0.92362	2.31015e-02
0.93154	2.33156e-02
0.93148	2.38403e-02
0.93310	2.43444e-02
0.93525	2.43800e-02
0.93263	2.30135e-02
0.93217	2.33438e-02
0.93227	2.33507e-02
0.93038	2.75340e-02
0.92875	3.00805e-02
0.92875	3.00805e-02
0.92454	2.81970e-02
0.92727	2.82464e-02
0.93067	2.60358e-02
0.93404	2.50232e-02
0.93445	2.50608e-02
0.93799	2.07366e-02
0.93799	2.07366e-02
0.93672	1.81244e-02
0.93632	1.71940e-02
0.93340	1.71680e-02
0.93630	1.73147e-02
0.93556	1.81576e-02
0.93553	1.81862e-02
0.93317	2.13170e-02
0.93411	2.06461e-02
0.93413	2.06733e-02
0.93614	1.86198e-02
0.93546	2.06148e-02
0.93633	2.20493e-02
0.93830	2.14749e-02
0.94309	2.06132e-02
0.94309	2.06132e-02
0.94006	2.12918e-02
0.94021	2.17934e-02
0.93443	2.35642e-02
0.93809	2.47598e-02
0.93780	2.05980e-02
0.93783	2.05917e-02
0.93695	2.37228e-02
0.93418	2.36501e-02
0.92963	2.51558e-02
0.93655	2.21357e-02
0.94053	1.92035e-02
0.94098	1.90303e-02
0.94061	1.95264e-02
0.94096	1.92988e-02
0.94188	1.85303e-02
0.94206	1.85891e-02
0.94197	2.11790e-02
0.94190	2.57916e-02
0.94194	2.58150e-02
0.93853	2.93972e-02
0.94304	3.04802e-02
0.94304	3.04802e-02
0.93576	3.26640e-02
0.94256	3.03323e-02
0.94256	3.03323e-02
0.93767	3.00529e-02
0.94245	2.54044e-02
0.94476	2.34436e-02
0.94263	2.65013e-02
0.94774	2.05137e-02
0.94683	2.23388e-02
0.94737	2.15888e-02
0.94814	2.23478e-02
0.94581	2.68322e-02
0.93945	2.64481e-02
0.93876	2.65202e-02
0.93886	2.66359e-02
0.93865	2.45287e-02
0.93865	2.45287e-02
0.94160	2.36095e-02
0.93878	2.31032e-02
0.93918	2.51465e-02
0.93980	2.48552e-02
0.94318	2.44306e-02
0.94312	2.52471e-02
0.94313	2.52426e-02
0.94312	2.52383e-02
0.94311	2.42595e-02
0.94053	2.63609e-02
0.94053	2.63609e-02
0.94358	2.73414e-02
0.94163	2.54626e-02
0.94101	2.45949e-02
0.94101	2.45949e-02
0.94104	2.46663e-02
0.94666	2.09743e-02
0.94666	2.09743e-02
0.94848	2.17677e-02
0.94432	2.28734e-02
0.94699	2.22480e-02
0.94802	2.20141e-02
0.94390	2.05402e-02
0.94119	2.12834e-02
0.93864	2.18812e-02
0.94814	2.20283e-02
0.94802	2.19927e-02
0.94694	1.81611e-02
0.94499	1.88678e-02
0.95200	2.19490e-02
0.95236	2.21017e-02
0.95236	2.21072e-02
0.95268	2.22069e-02
0.95118	2.23933e-02
0.95881	1.91854e-02
0.95772	1.94221e-02
0.95680	2.14509e-02
0.96117	1.55851e-02
0.96117	1.55851e-02
0.96075	1.65798e-02
0.96075	1.65798e-02
0.95582	2.67689e-02
0.96061	2.31155e-02
0.96011	2.31930e-02
0.96417	2.28592e-02
0.96417	2.28669e-02
0.96101	2.35394e-02
0.95872	2.64617e-02
0.95912	2.67520e-02
0.96205	2.75089e-02
0.96339	2.85979e-02
0.96459	2.76580e-02
0.96830	2.10929e-02
0.96707	1.88239e-02
0.96707	1.88239e-02
0.96853	1.88651e-02
0.96575	1.81453e-02
0.96575	1.81453e-02
0.96470	1.89426e-02
0.95927	1.86300e-02
0.96030	1.75036e-02
0.95580	1.78628e-02
0.95186	1.98875e-02
0.95430	1.79333e-02
0.95430	1.79341e-02
0.95660	1.74714e-02
0.95660	1.74714e-02
0.95330	2.10594e-02
0.95814	1.84011e-02
0.95879	1.85347e-02
0.96081	1.97741e-02
0.96216	2.15699e-02
0.96472	2.20064e-02
0.96960	2.16442e-02
0.96289	2.15338e-02
0.96873	1.42824e-02
0.96497	1.59983e-02
0.97260	1.64124e-02
0.96841	2.14576e-02
0.96895	2.18147e-02
0.97077	1.91164e-02
0.96523	2.51309e-02
0.96818	2.08339e-02
0.96731	2.06881e-02
0.97176	1.72767e-02
0.96817	1.60625e-02
0.96900	1.56468e-02
0.95428	2.53967e-02
0.95451	2.57239e-02
0.94702	2.13873e-02
0.94713	2.14940e-02
0.94196	1.80195e-02
0.94196	1.80195e-02
0.94470	2.02504e-02
0.94470	2.02504e-02
0.94440	2.02559e-02
0.94445	2.03173e-02
0.95632	2.04836e-02
0.96112	2.48057e-02
0.96231	2.35054e-02
0.96147	2.34978e-02
0.96229	2.35735e-02
0.96232	2.36089e-02
0.95535	2.12973e-02
0.96812	1.37870e-02
0.96448	1.29581e-02
0.96463	1.30269e-02
0.96463	1.30269e-02
0.97165	8.08862e-03
0.97165	8.08862e-03
0.96864	8.59831e-03
0.96864	8.59831e-03
0.96864	8.59831e-03
0.97966	7.57942e-03
0.97807	1.04350e-02
0.97807	1.04350e-02
0.97822	1.05357e-02
0.97344	1.10465e-02
0.97344	1.10465e-02
0.97527	9.24719e-03
0.98064	8.00989e-03
0.98064	8.01137e-03
0.98076	8.44244e-03
0.98145	8.77303e-03
0.98047	9.63954e-03
0.98702	6.71489e-04
0.98726	4.26950e-04
0.98726	4.26950e-04
0.98726	4.26950e-04
0.98726	4.26950e-04
0.98726	4.26950e-04
0.98726	4.26950e-04
0.98726	4.26950e-04
0.98726	4.26950e-04
0.98882	1.13354e-03
0.98882	1.13354e-03
0.99149	1.53551e-03
0.98995	0.00000e+00
0.99318	0.00000e+00
