0.99340	1.21033e-03
0.98330	9.35536e-03
0.96475	7.92173e-03
0.96717	1.31555e-02
0.95583	1.18719e-02
0.95516	2.07150e-02
0.93665	2.21288e-02
0.94189	2.35703e-02
0.92168	1.89763e-02
0.91980	3.28728e-02
0.90539	2.78731e-02
0.91587	1.60031e-02
0.89332	2.58406e-02
0.88561	2.69659e-02
0.88553	2.69947e-02
0.85864	3.60544e-02
0.84915	3.19234e-02
0.83501	3.58807e-02
0.81772	3.27288e-02
0.81072	3.31545e-02
0.79973	3.76144e-02
0.78638	4.49938e-02
0.78051	4.41789e-02
0.76601	6.43711e-02
0.75792	3.22310e-02
0.77027	4.90038e-02
0.77412	6.03353e-02
0.76593	7.45065e-02
0.74436	6.52197e-02
0.73856	6.27663e-02
0.72794	5.36725e-02
0.72395	9.87494e-02
0.69478	1.18345e-01
0.71838	7.99512e-02
0.69373	8.67763e-02
0.66659	1.06977e-01
0.68324	4.70498e-02
0.65971	5.73236e-02
0.65618	5.18247e-02
0.65419	7.10398e-02
0.63093	6.62452e-02
0.62951	5.76065e-02
0.64140	5.85665e-02
0.65977	7.67159e-02
0.65418	7.35295e-02
0.64718	6.84776e-02
0.65650	9.42939e-02
0.63571	8.09638e-02
0.61075	1.08846e-01
0.64203	9.02178e-02
0.62152	8.53875e-02
0.62076	1.02434e-01
0.63033	1.03252e-01
0.61657	9.68531e-02
0.62825	9.68866e-02
0.60085	8.13361e-02
0.63176	7.03482e-02
0.60625	1.00068e-01
0.60143	7.40802e-02
0.58482	9.30212e-02
0.56780	8.33592e-02
0.60179	6.50280e-02
0.59804	7.14819e-02
0.59877	7.15733e-02
0.60726	5.36375e-02
0.59921	6.91238e-02
0.59444	8.97123e-02
0.61846	6.55397e-02
0.59997	8.41597e-02
0.57653	8.26113e-02
0.59740	6.89704e-02
0.60774	5.85666e-02
0.59232	9.81499e-02
0.61113	5.75376e-02
0.57937	8.17585e-02
0.57375	8.71701e-02
0.60051	7.69686e-02
0.59807	8.63576e-02
0.59821	6.98552e-02
0.56134	7.38500e-02
0.60901	7.15491e-02
0.58910	7.91260e-02
0.59573	4.90812e-02
0.60186	1.08959e-01
0.57645	9.86521e-02
0.58237	7.65593e-02
0.57445	1.13191e-01
0.55753	9.91443e-02
0.56942	1.05075e-01
0.59383	7.99338e-02
0.59992	9.23257e-02
0.56869	6.80411e-02
0.58107	8.01319e-02
0.55026	9.02178e-02
0.56014	1.06676e-01
0.54686	7.57360e-02
0.53893	1.33688e-01
0.51746	1.05081e-01
0.50553	1.36212e-01
0.54658	1.56375e-01
0.56088	1.55312e-01
0.57025	1.44117e-01
0.60006	1.54005e-01
0.61329	1.24030e-01
0.60029	1.19192e-01
0.60725	1.24124e-01
0.60424	1.21588e-01
0.62784	9.90495e-02
0.64307	8.48848e-02
0.64415	9.70750e-02
0.64415	9.70750e-02
0.65489	9.90759e-02
0.66979	1.15370e-01
0.66387	1.07931e-01
0.67432	1.06595e-01
0.66398	9.32037e-02
0.67325	8.21827e-02
0.67293	8.17865e-02
0.67303	8.39101e-02
0.67723	8.87918e-02
0.67454	8.97136e-02
0.66364	9.29412e-02
0.68336	9.61337e-02
0.69178	7.69378e-02
0.70313	8.16587e-02
0.70086	7.81096e-02
0.69783	8.03562e-02
0.72278	7.86950e-02
0.72928	7.80352e-02
0.72361	7.68000e-02
0.72524	7.94463e-02
0.73036	8.15006e-02
0.73183	8.28200e-02
0.73042	8.22294e-02
0.73786	7.94690e-02
0.73786	7.94690e-02
0.75837	5.40721e-02
0.77032	7.32014e-02
0.75955	6.67670e-02
0.76530	6.49558e-02
0.77433	7.32554e-02
0.77192	6.68658e-02
0.77922	5.66651e-02
0.78719	5.03631e-02
0.79375	6.59961e-02
0.80014	6.76375e-02
0.80862	6.62766e-02
0.79956	6.95555e-02
0.79936	6.17268e-02
0.80587	6.29098e-02
0.80519	6.96271e-02
0.81137	5.66334e-02
0.82118	4.95733e-02
0.81697	5.05304e-02
0.81730	4.78272e-02
0.82036	5.24667e-02
0.82259	5.60714e-02
0.82471	5.22151e-02
0.83522	3.73568e-02
0.84179	4.26715e-02
0.84170	5.15686e-02
0.84465	5.23549e-02
0.84518	5.37094e-02
0.84871	5.22331e-02
0.84116	4.63872e-02
0.83570	3.92535e-02
0.83638	3.84961e-02
0.83603	3.84124e-02
0.85186	4.20025e-02
0.84870	3.89754e-02
0.85160	4.16705e-02
0.84727	4.30252e-02
0.85640	4.49024e-02
0.85060	4.17905e-02
0.85335	3.22335e-02
0.85097	3.60923e-02
0.85097	3.60923e-02
0.86616	2.43500e-02
0.88098	2.78123e-02
0.88058	3.08897e-02
0.87938	2.53045e-02
0.87899	3.27445e-02
0.88602	2.18442e-02
0.88669	2.17507e-02
0.88636	2.11506e-02
0.88817	2.18356e-02
0.88715	2.51289e-02
0.89870	2.10565e-02
0.88988	2.31936e-02
0.88134	2.79498e-02
0.88245	2.88245e-02
0.89116	3.12147e-02
0.89804	2.50291e-02
0.89643	2.21762e-02
0.90103	1.93839e-02
0.90169	1.87411e-02
0.89948	1.75311e-02
0.89901	2.46967e-02
0.89689	2.44302e-02
0.89846	2.62504e-02
0.89506	2.66110e-02
0.89737	2.99983e-02
0.91310	2.90570e-02
0.90836	2.72378e-02
0.91117	2.34548e-02
0.91123	2.34764e-02
0.91266	2.31053e-02
0.91679	2.08922e-02
0.91670	1.94648e-02
0.91668	1.94453e-02
0.92060	2.26666e-02
0.91785	2.53168e-02
0.91288	2.50678e-02
0.90729	2.70097e-02
0.90729	2.70097e-02
0.91159	2.24613e-02
0.91516	2.26099e-02
0.92003	2.72074e-02
0.91852	2.59799e-02
0.91408	2.62194e-02
0.91607	2.88375e-02
0.91948	2.83403e-02
0.91774	2.75279e-02
0.91373	2.58918e-02
0.91216	2.29818e-02
0.90846	2.50227e-02
0.91333	2.31247e-02
0.91523	2.27853e-02
0.91523	2.27853e-02
0.91537	2.31269e-02
0.91517	2.22974e-02
0.91471	2.32352e-02
0.91318	2.60674e-02
0.90981	2.67281e-02
0.91289	2.80975e-02
0.91289	3.18046e-02
0.91397	3.23386e-02
0.92262	2.78378e-02
0.92105	2.47278e-02
0.92877	2.65001e-02
0.93083	2.56885e-02
0.93209	2.61780e-02
0.92913	2.65628e-02
0.92795	2.78156e-02
0.92228	2.59753e-02
0.92415	2.37110e-02
0.92184	2.42541e-02
0.91666	2.41278e-02
0.91896	2.44248e-02
0.91679	2.31507e-02
0.92165	2.80677e-02
0.92518	3.00898e-02
0.92314	3.00656e-02
0.92209	2.85759e-02
0.92224	3.01964e-02
0.92028	2.92436e-02
0.92231	3.27298e-02
0.92045	3.52633e-02
0.92041	3.53299e-02
0.92525	3.65375e-02
0.91790	3.73423e-02
0.91931	3.74686e-02
0.92365	2.92320e-02
0.92504	3.00929e-02
0.93024	2.70906e-02
0.92554	2.57563e-02
0.92840	2.91245e-02
0.92724	2.87576e-02
0.91871	3.05744e-02
0.92255	2.51424e-02
0.92709	2.32205e-02
0.92835	2.33141e-02
0.92760	2.31175e-02
0.92588	2.37871e-02
0.92566	2.38417e-02
0.92363	2.73715e-02
0.93335	2.97862e-02
0.93451	3.39135e-02
0.93363	3.21656e-02
0.93900	3.01165e-02
0.93902	3.00684e-02
0.93085	2.85237e-02
0.93521	3.43164e-02
0.93107	3.13453e-02
0.93901	3.12667e-02
0.94299	2.97206e-02
0.94209	2.31781e-02
0.94153	2.29110e-02
0.94431	1.94475e-02
0.94742	2.00279e-02
0.94623	1.65346e-02
0.94870	1.47874e-02
0.94612	1.39289e-02
0.95123	1.11143e-02
0.94772	1.97040e-02
0.94576	2.06718e-02
0.94576	2.06718e-02
0.94527	2.20953e-02
0.94843	2.16034e-02
0.94900	2.09267e-02
0.94943	2.08615e-02
0.95363	1.84022e-02
0.94992	1.64301e-02
0.95720	1.17181e-02
0.95725	1.18080e-02
0.96057	1.48528e-02
0.95854	1.69249e-02
0.95397	2.06684e-02
0.95397	2.06684e-02
0.95103	2.10918e-02
0.95040	2.13197e-02
0.95396	2.04107e-02
0.95312	2.06205e-02
0.94978	1.81522e-02
0.94956	1.82481e-02
0.95497	1.72841e-02
0.95934	1.73742e-02
0.96231	1.72756e-02
0.95799	2.44318e-02
0.96165	1.84734e-02
0.96060	1.91764e-02
0.96188	1.88279e-02
0.96194	1.87967e-02
0.95771	2.38588e-02
0.96059	2.54188e-02
0.96721	2.24320e-02
0.96722	2.24447e-02
0.96957	1.97712e-02
0.96990	1.95994e-02
0.96530	2.40692e-02
0.97438	1.55249e-02
0.97327	1.78558e-02
0.97121	1.76415e-02
0.97121	1.76415e-02
0.96719	2.58605e-02
0.96701	2.18456e-02
0.96824	1.95994e-02
0.96407	1.89129e-02
0.96193	2.04864e-02
0.95426	2.42103e-02
0.95736	2.25071e-02
0.95692	2.99687e-02
0.95782	2.69164e-02
0.96348	2.36502e-02
0.96731	2.55003e-02
0.96370	2.52794e-02
0.96390	2.54973e-02
0.96524	2.62788e-02
0.95851	3.00052e-02
0.95277	2.86273e-02
0.95275	2.86245e-02
0.95728	3.15380e-02
0.97086	2.39278e-02
0.97087	2.39394e-02
0.97087	2.39394e-02
0.96831	2.85476e-02
0.96831	2.85476e-02
0.96846	2.86687e-02
0.96844	2.86827e-02
0.97525	2.04089e-02
0.97281	2.06626e-02
0.97457	1.73276e-02
0.97469	1.74554e-02
0.97425	1.76867e-02
0.97753	1.83718e-02
0.97753	1.83718e-02
0.97658	1.83178e-02
0.97659	1.83307e-02
0.97659	1.83307e-02
0.97828	1.96253e-02
0.97525	2.01716e-02
0.97524	2.01661e-02
0.97952	1.94299e-02
0.98169	1.51534e-02
0.98232	1.53295e-02
0.98232	1.53295e-02
0.98233	1.53363e-02
0.98245	1.54063e-02
0.98245	1.54063e-02
0.98248	1.54167e-02
0.98247	1.54147e-02
0.98358	1.59247e-02
0.98608	9.58012e-03
0.98655	9.88635e-03
0.98423	1.04263e-02
0.99070	1.89642e-03
0.99070	1.89642e-03
0.99070	1.89642e-03
0.99122	1.75323e-03
0.99131	1.87439e-03
0.99132	1.87393e-03
0.99158	2.51501e-03
0.99158	2.51501e-03
0.99161	2.54460e-03
0.99161	2.54460e-03
0.99175	2.67869e-03
0.99197	2.90375e-03
0.99197	2.90375e-03
0.98661	8.26102e-03
0.98661	8.26102e-03
0.98661	8.26102e-03
0.98661	8.26102e-03
0.98678	8.42358e-03
0.98678	8.42358e-03
0.98689	8.54154e-03
0.98689	8.54154e-03
0.99348	1.96538e-03
0.99161	0.00000e+00
0.99161	0.00000e+00
0.99161	0.00000e+00
0.99161	0.00000e+00
0.99161	0.00000e+00
0.99385	0.00000e+00
0.99385	0.00000e+00
0.99385	0.00000e+00
0.99385	0.00000e+00
0.99385	0.00000e+00
0.99400	0.00000e+00
