0.99365	2.01064e-03
0.97849	6.71919e-03
0.96997	1.41035e-02
0.95968	1.32147e-02
0.96079	1.86621e-02
0.94373	2.09347e-02
0.94373	1.79937e-02
0.93929	1.77811e-02
0.94030	1.56883e-02
0.92281	2.07771e-02
0.91088	2.33452e-02
0.91141	2.22122e-02
0.89619	2.39212e-02
0.88242	3.23365e-02
0.86702	1.37722e-02
0.86120	2.86618e-02
0.84240	3.80737e-02
0.83821	3.39257e-02
0.84016	4.80351e-02
0.83179	2.83372e-02
0.82564	2.71518e-02
0.80134	3.33670e-02
0.79740	3.89063e-02
0.77198	4.43878e-02
0.79040	6.50114e-02
0.77414	5.76996e-02
0.78694	5.07112e-02
0.76757	7.49233e-02
0.78535	4.57606e-02
0.75230	5.03132e-02
0.74837	4.45832e-02
0.75754	4.21025e-02
0.75654	5.93997e-02
0.74774	3.81034e-02
0.74507	5.15737e-02
0.71375	6.99949e-02
0.70770	5.96195e-02
0.71034	4.64715e-02
0.70354	5.80700e-02
0.69118	4.58140e-02
0.70068	5.53098e-02
0.69143	4.13908e-02
0.69632	5.67458e-02
0.70309	5.69833e-02
0.68914	4.18545e-02
0.68470	5.85397e-02
0.68087	4.45031e-02
0.67755	4.04739e-02
0.65562	6.12645e-02
0.64871	6.09831e-02
0.64905	6.33313e-02
0.66040	6.96110e-02
0.64146	4.74213e-02
0.64833	6.47484e-02
0.64408	6.84082e-02
0.62820	7.97706e-02
0.63424	5.47435e-02
0.63029	6.94192e-02
0.62826	4.27707e-02
0.61885	7.01545e-02
0.61121	8.17738e-02
0.60556	7.55134e-02
0.59194	3.94199e-02
0.61293	7.83170e-02
0.59730	4.37083e-02
0.63292	5.46536e-02
0.64820	5.68284e-02
0.61949	6.60410e-02
0.62444	3.09614e-02
0.63569	7.13715e-02
0.62112	4.93833e-02
0.61938	8.04753e-02
0.64328	5.97563e-02
0.60975	6.14823e-02
0.61727	8.42526e-02
0.60337	8.55483e-02
0.60071	4.66188e-02
0.60493	7.56106e-02
0.59531	1.02667e-01
0.57850	6.00189e-02
0.59410	9.19712e-02
0.58926	6.73084e-02
0.59033	8.18092e-02
0.58259	6.29868e-02
0.57807	4.66527e-02
0.55920	6.43902e-02
0.55354	7.28250e-02
0.54705	8.91655e-02
0.55339	6.06927e-02
0.56731	1.14710e-01
0.57388	9.63699e-02
0.57080	1.01040e-01
0.55008	1.35170e-01
0.53843	1.09411e-01
0.53014	9.79511e-02
0.53913	9.22147e-02
0.51735	9.06838e-02
0.52481	1.29639e-01
0.52235	1.12331e-01
0.48594	9.09427e-02
0.50551	1.05572e-01
0.51265	9.24271e-02
0.52400	9.12461e-02
0.52400	9.12461e-02
0.54745	9.26061e-02
0.55017	9.40878e-02
0.55893	1.00036e-01
0.55629	9.97307e-02
0.57347	1.04128e-01
0.56232	1.05965e-01
0.54947	1.23704e-01
0.56122	1.17964e-01
0.56376	1.20318e-01
0.57665	1.27931e-01
0.57665	1.27931e-01
0.59954	1.19671e-01
0.60343	1.21188e-01
0.61986	1.29655e-01
0.60788	1.35968e-01
0.62470	1.12933e-01
0.62412	1.08586e-01
0.61739	1.05979e-01
0.64833	7.28478e-02
0.65045	8.17754e-02
0.65825	8.77826e-02
0.65969	8.85099e-02
0.67039	1.07324e-01
0.68090	1.12914e-01
0.67234	1.08053e-01
0.68167	8.84781e-02
0.68914	7.69963e-02
0.68430	8.43477e-02
0.69003	6.98924e-02
0.69012	6.98823e-02
0.70077	7.90172e-02
0.70836	8.80536e-02
0.71661	9.54254e-02
0.72183	8.80318e-02
0.73045	8.19035e-02
0.74018	9.46905e-02
0.74272	9.35049e-02
0.74649	9.33647e-02
0.75341	8.24766e-02
0.75783	6.97949e-02
0.75918	6.54184e-02
0.76388	7.46979e-02
0.75450	6.51613e-02
0.76852	7.30766e-02
0.79378	6.33517e-02
0.78649	5.57561e-02
0.80584	7.06307e-02
0.81119	5.40269e-02
0.81788	5.27776e-02
0.81168	5.24789e-02
0.80875	4.54787e-02
0.81112	4.74463e-02
0.81250	4.66558e-02
0.82851	5.48046e-02
0.82851	5.48046e-02
0.82360	5.46915e-02
0.82445	5.19803e-02
0.82977	5.83366e-02
0.83543	5.51610e-02
0.83543	5.51610e-02
0.84067	5.00315e-02
0.83827	4.88039e-02
0.84105	5.01758e-02
0.83746	4.84069e-02
0.83170	4.42514e-02
0.83437	4.17379e-02
0.83437	4.17379e-02
0.83813	4.64837e-02
0.84851	4.04193e-02
0.85746	4.14358e-02
0.86180	4.51849e-02
0.86961	4.11914e-02
0.87082	3.87034e-02
0.87262	3.53721e-02
0.87676	3.63621e-02
0.87728	3.54613e-02
0.87123	3.17194e-02
0.87104	2.86168e-02
0.86654	3.43332e-02
0.86526	3.50270e-02
0.86440	3.72736e-02
0.86754	3.34899e-02
0.86754	3.34899e-02
0.87418	3.83833e-02
0.88266	3.11415e-02
0.88926	2.13423e-02
0.89045	2.05591e-02
0.88293	1.53832e-02
0.88511	1.68104e-02
0.88422	1.65295e-02
0.89154	1.49367e-02
0.88688	3.17487e-02
0.89324	1.88752e-02
0.89545	1.80442e-02
0.90047	1.80611e-02
0.89735	1.74507e-02
0.89712	1.64067e-02
0.89940	1.48687e-02
0.90262	1.74350e-02
0.90045	1.87510e-02
0.90155	1.76535e-02
0.90155	1.76535e-02
0.90369	2.09423e-02
0.90424	2.09223e-02
0.90301	1.98512e-02
0.89966	1.37270e-02
0.90448	1.77080e-02
0.90258	1.99415e-02
0.90258	1.99415e-02
0.90796	2.10195e-02
0.90823	2.12385e-02
0.90826	2.12479e-02
0.91046	2.56795e-02
0.91046	2.56795e-02
0.91235	2.25576e-02
0.91139	2.38900e-02
0.91667	2.61958e-02
0.91889	2.41158e-02
0.91507	2.13037e-02
0.91877	1.70634e-02
0.91877	1.70634e-02
0.91927	1.93543e-02
0.91276	1.84663e-02
0.91911	2.11876e-02
0.91606	1.69808e-02
0.91901	1.77000e-02
0.91559	1.69484e-02
0.91799	1.89384e-02
0.92152	1.75082e-02
0.91975	1.76982e-02
0.92122	1.61201e-02
0.92510	1.89621e-02
0.92510	1.89621e-02
0.92097	2.52391e-02
0.91604	2.39762e-02
0.91890	2.26109e-02
0.91530	2.03364e-02
0.91543	2.03743e-02
0.91788	2.33586e-02
0.91227	2.17132e-02
0.90704	1.81595e-02
0.90345	1.13095e-02
0.90510	1.22642e-02
0.90487	1.24518e-02
0.90733	1.24747e-02
0.90890	1.29291e-02
0.90860	1.21954e-02
0.90860	1.21954e-02
0.90922	1.50729e-02
0.91043	1.51821e-02
0.91745	1.94510e-02
0.91654	2.13897e-02
0.91663	2.13994e-02
0.91747	2.03693e-02
0.91765	1.94182e-02
0.91566	1.84762e-02
0.91345	1.47865e-02
0.91614	1.13076e-02
0.91658	1.95540e-02
0.92572	1.60194e-02
0.91623	1.66841e-02
0.91832	1.34749e-02
0.91747	1.38315e-02
0.92494	1.37423e-02
0.92525	1.41159e-02
0.92535	2.21530e-02
0.92303	2.44599e-02
0.91962	1.70264e-02
0.92528	1.97661e-02
0.92421	1.85902e-02
0.92470	1.79412e-02
0.92716	1.65846e-02
0.92279	2.24322e-02
0.92504	2.65413e-02
0.93117	2.16739e-02
0.92769	2.26949e-02
0.92769	2.26949e-02
0.93125	2.18174e-02
0.93654	1.96999e-02
0.93159	2.30003e-02
0.92392	1.76700e-02
0.92551	2.05280e-02
0.93010	2.25592e-02
0.93010	2.25592e-02
0.93036	2.28523e-02
0.93252	2.35959e-02
0.93667	2.25452e-02
0.93570	2.07477e-02
0.93734	2.20106e-02
0.93831	2.22887e-02
0.93720	2.16348e-02
0.93697	2.31012e-02
0.93611	1.65886e-02
0.93865	2.37114e-02
0.94329	2.00410e-02
0.93718	2.23658e-02
0.94857	1.71791e-02
0.94344	2.21333e-02
0.94439	2.30798e-02
0.93820	2.70698e-02
0.93752	2.68429e-02
0.93966	2.68044e-02
0.93647	2.59019e-02
0.94181	2.24538e-02
0.93986	2.20663e-02
0.93894	2.21169e-02
0.93867	2.14518e-02
0.94038	2.20013e-02
0.94426	1.46827e-02
0.94263	1.51322e-02
0.94632	1.56561e-02
0.94737	1.48994e-02
0.95177	1.84584e-02
0.95044	1.85069e-02
0.95753	1.69821e-02
0.95304	1.82156e-02
0.95304	1.82156e-02
0.95408	1.81602e-02
0.95232	1.57642e-02
0.95065	1.76614e-02
0.95331	1.68789e-02
0.94855	2.07173e-02
0.95134	1.75076e-02
0.94819	1.84462e-02
0.94711	2.12902e-02
0.94972	2.09952e-02
0.94806	1.85822e-02
0.95183	1.79074e-02
0.95161	1.81350e-02
0.95709	2.38187e-02
0.95707	2.38340e-02
0.95581	2.49248e-02
0.95273	2.48468e-02
0.94930	2.58983e-02
0.95272	2.56886e-02
0.95273	2.57018e-02
0.95483	2.14574e-02
0.95545	2.22217e-02
0.95612	2.54930e-02
0.95764	2.40478e-02
0.95816	2.47944e-02
0.95735	2.55453e-02
0.95871	2.37078e-02
0.95440	2.05649e-02
0.95623	2.10731e-02
0.95383	1.99640e-02
0.95478	2.04868e-02
0.94423	1.99451e-02
0.94423	1.99451e-02
0.95792	1.62379e-02
0.95880	1.76314e-02
0.95614	1.75703e-02
0.95956	1.71020e-02
0.96241	2.01809e-02
0.95297	2.44153e-02
0.95497	2.34352e-02
0.95259	2.47348e-02
0.95259	2.47348e-02
0.95531	2.50470e-02
0.95187	2.63960e-02
0.95200	2.65992e-02
0.95829	2.42643e-02
0.95829	2.42643e-02
0.95631	2.42231e-02
0.96710	2.05519e-02
0.96710	2.05519e-02
0.97147	2.14693e-02
0.97190	2.17558e-02
0.96597	2.29632e-02
0.96618	2.32086e-02
0.96487	1.86868e-02
0.96163	1.56640e-02
0.96024	1.72135e-02
0.96058	1.69552e-02
0.96105	1.63204e-02
0.95495	9.82731e-03
0.95495	9.82731e-03
0.95382	2.20827e-02
0.95382	2.20827e-02
0.95377	2.20947e-02
0.95817	1.62955e-02
0.95824	1.62441e-02
0.96026	1.63130e-02
0.95597	2.00147e-02
0.94742	1.12893e-02
0.94926	9.03371e-03
0.94763	6.44658e-03
0.94505	1.01622e-02
0.95164	1.64454e-02
0.95679	2.41213e-02
0.95680	2.41216e-02
0.95680	2.41216e-02
0.95816	2.42782e-02
0.96640	1.78464e-02
0.96640	1.78464e-02
0.95825	2.41544e-02
0.95346	1.73908e-02
0.96569	7.45444e-03
0.97029	1.53629e-02
0.97029	1.53629e-02
0.97029	1.53629e-02
0.96847	1.59891e-02
0.96847	1.59891e-02
0.96847	1.59891e-02
0.97235	1.81898e-02
0.97235	1.81898e-02
0.97743	1.33817e-02
0.97308	1.71705e-02
0.97308	1.71705e-02
0.97540	1.58732e-02
0.97564	1.61826e-02
0.97856	1.28080e-02
0.97856	1.28080e-02
0.97886	1.20929e-02
0.97920	1.22367e-02
0.97988	1.26840e-02
0.97993	1.27499e-02
0.97422	9.29585e-03
0.97422	9.29585e-03
0.97569	1.13456e-02
0.96757	1.67476e-03
0.97743	8.19298e-03
0.97743	8.19298e-03
0.97743	8.19298e-03
0.97743	8.19298e-03
0.97743	8.19298e-03
0.97743	8.19298e-03
0.97743	8.19298e-03
0.97743	8.19298e-03
0.97743	8.19298e-03
0.97760	8.36123e-03
0.97780	8.56222e-03
0.98760	1.23398e-03
0.98760	1.23398e-03
0.98760	1.23398e-03
0.98997	1.13377e-03
0.98883	0.00000e+00
0.98883	0.00000e+00
0.98883	0.00000e+00
0.98883	0.00000e+00
0.98876	0.00000e+00
0.98876	0.00000e+00
0.98876	0.00000e+00
0.98876	0.00000e+00
0.98876	0.00000e+00
0.98876	0.00000e+00
0.98876	0.00000e+00
0.98893	0.00000e+00
0.98893	0.00000e+00
0.99314	0.00000e+00
