0.98372	6.45168e-03
0.97952	8.27905e-03
0.96536	1.58143e-02
0.95894	2.57166e-02
0.94917	2.61145e-02
0.95125	2.27829e-02
0.94194	2.22207e-02
0.93052	2.66889e-02
0.92150	2.84813e-02
0.92848	1.58195e-02
0.91783	1.33960e-02
0.91484	3.41658e-02
0.89013	1.83204e-02
0.88032	2.13768e-02
0.86892	2.49234e-02
0.86835	4.09785e-02
0.86532	3.76963e-02
0.84769	3.87220e-02
0.84689	3.36197e-02
0.84037	3.79496e-02
0.81773	3.62747e-02
0.80717	4.43163e-02
0.79434	5.25591e-02
0.79129	4.02184e-02
0.76347	4.59966e-02
0.75424	5.87942e-02
0.75309	4.57343e-02
0.72919	6.70056e-02
0.71625	7.31278e-02
0.71276	6.73672e-02
0.70885	8.03612e-02
0.71153	4.87637e-02
0.69227	5.74648e-02
0.70328	6.79483e-02
0.69559	6.33036e-02
0.69415	5.13524e-02
0.69625	5.62605e-02
0.69883	6.47709e-02
0.66838	5.39011e-02
0.65764	8.21085e-02
0.67051	4.31663e-02
0.64230	5.51636e-02
0.62867	6.91926e-02
0.65323	7.07992e-02
0.65127	6.44023e-02
0.62855	5.56183e-02
0.62869	4.92105e-02
0.60373	4.91736e-02
0.59631	7.70519e-02
0.58804	6.48611e-02
0.60296	5.54019e-02
0.58154	6.40663e-02
0.58010	7.22590e-02
0.58787	3.85778e-02
0.57692	6.67679e-02
0.56641	4.67003e-02
0.56277	6.12295e-02
0.58772	4.92132e-02
0.58666	3.25596e-02
0.51389	6.41479e-02
0.52419	5.91020e-02
0.53281	5.79983e-02
0.53356	4.95957e-02
0.54355	3.04404e-02
0.56895	5.58692e-02
0.53275	5.80091e-02
0.53903	7.89200e-02
0.54758	5.62433e-02
0.50222	7.60078e-02
0.51421	6.93264e-02
0.50317	7.93629e-02
0.47402	5.68932e-02
0.50073	9.51185e-02
0.52069	7.49672e-02
0.46400	5.87774e-02
0.51688	9.57543e-02
0.52800	8.70013e-02
0.51241	9.01869e-02
0.53815	9.84531e-02
0.50287	6.66856e-02
0.53983	8.80794e-02
0.52635	6.70134e-02
0.53333	8.62123e-02
0.50857	8.93580e-02
0.51639	8.10285e-02
0.51806	1.13691e-01
0.49496	8.01966e-02
0.50463	1.04834e-01
0.47833	1.33833e-01
0.45793	1.05152e-01
0.46017	9.13921e-02
0.44960	1.25892e-01
0.45135	9.67282e-02
0.45072	1.13351e-01
0.43021	1.25875e-01
0.40068	1.74000e-01
0.44036	1.48258e-01
0.41979	1.59241e-01
0.42982	1.33826e-01
0.45574	1.52714e-01
0.45566	1.48328e-01
0.47427	1.08406e-01
0.47427	1.08406e-01
0.50153	1.12893e-01
0.50906	1.12052e-01
0.51961	1.00798e-01
0.51093	1.11039e-01
0.52946	1.11216e-01
0.52946	1.11216e-01
0.53850	1.31234e-01
0.52971	1.36664e-01
0.54769	1.22691e-01
0.53635	1.17432e-01
0.53635	1.17432e-01
0.55478	1.12650e-01
0.56155	1.14106e-01
0.56626	1.13280e-01
0.56590	1.14107e-01
0.58405	1.20511e-01
0.57785	1.22108e-01
0.57804	1.22219e-01
0.59788	8.77324e-02
0.62378	7.52176e-02
0.63388	7.72201e-02
0.63490	7.58396e-02
0.63762	7.83843e-02
0.65579	6.52664e-02
0.64981	6.24914e-02
0.65885	5.65357e-02
0.66127	5.64030e-02
0.66499	5.48068e-02
0.66160	5.63081e-02
0.68511	5.94989e-02
0.69416	7.04701e-02
0.69740	4.88276e-02
0.70553	4.18209e-02
0.70775	4.27813e-02
0.70775	4.27813e-02
0.70596	5.79827e-02
0.71585	6.13170e-02
0.71690	5.40667e-02
0.72228	4.15382e-02
0.71990	3.86943e-02
0.72641	4.00734e-02
0.72543	3.97249e-02
0.73629	4.43785e-02
0.74161	4.78782e-02
0.74801	5.23918e-02
0.74801	5.23918e-02
0.73759	5.09599e-02
0.74403	5.57991e-02
0.75129	5.15331e-02
0.75181	4.89632e-02
0.76176	5.06760e-02
0.76723	4.83322e-02
0.76681	4.81103e-02
0.77167	4.93227e-02
0.77358	4.96125e-02
0.77416	5.01723e-02
0.76760	6.82132e-02
0.77505	6.82531e-02
0.77833	7.03535e-02
0.77893	7.05373e-02
0.78516	5.04696e-02
0.78247	4.80451e-02
0.79387	3.17878e-02
0.79387	3.17878e-02
0.80058	3.42651e-02
0.79223	3.18115e-02
0.79069	2.90867e-02
0.79402	2.84938e-02
0.80667	2.96647e-02
0.80667	2.96647e-02
0.82263	3.96499e-02
0.82003	3.91064e-02
0.82151	3.92266e-02
0.81885	4.56932e-02
0.82242	4.27752e-02
0.82216	4.27091e-02
0.82312	4.19128e-02
0.81673	3.91562e-02
0.81219	4.50206e-02
0.82208	4.72749e-02
0.82546	4.19966e-02
0.83239	3.98697e-02
0.83282	2.97452e-02
0.83704	3.49021e-02
0.84164	3.34488e-02
0.84164	3.34488e-02
0.84247	3.13671e-02
0.84311	3.13618e-02
0.84382	2.10967e-02
0.83687	1.97781e-02
0.84718	2.21010e-02
0.84995	2.73856e-02
0.86048	3.17829e-02
0.85805	2.86953e-02
0.85399	3.04959e-02
0.85482	3.38080e-02
0.85298	3.48462e-02
0.84918	3.12628e-02
0.84597	2.98250e-02
0.85114	3.80528e-02
0.85600	3.52948e-02
0.85250	2.65127e-02
0.85024	3.50241e-02
0.85287	3.52631e-02
0.85261	3.50493e-02
0.85395	3.46171e-02
0.86030	4.17710e-02
0.86354	3.49181e-02
0.86468	3.19635e-02
0.86465	3.19492e-02
0.86465	3.19492e-02
0.87076	3.62496e-02
0.87115	3.62924e-02
0.86280	3.02202e-02
0.86571	3.44622e-02
0.86571	3.44622e-02
0.86720	3.02684e-02
0.86756	3.35358e-02
0.86756	3.35358e-02
0.87287	3.85568e-02
0.87211	3.92184e-02
0.86527	4.31421e-02
0.85963	4.35148e-02
0.85963	4.35148e-02
0.85963	4.35148e-02
0.86735	4.20476e-02
0.87516	3.43460e-02
0.87685	3.44655e-02
0.88565	3.14083e-02
0.89009	3.30581e-02
0.88490	3.02164e-02
0.88601	3.13028e-02
0.88601	3.13028e-02
0.87925	3.81733e-02
0.88982	3.25467e-02
0.88659	3.39834e-02
0.89294	2.69514e-02
0.88868	3.04036e-02
0.88416	3.09784e-02
0.89554	3.04471e-02
0.89371	3.22230e-02
0.89011	2.83934e-02
0.88685	2.59594e-02
0.88400	2.73765e-02
0.87803	2.74120e-02
0.88055	2.71088e-02
0.88068	2.70062e-02
0.88284	2.45219e-02
0.87770	2.55056e-02
0.88852	3.09396e-02
0.89413	2.35246e-02
0.89807	2.79590e-02
0.89756	2.38754e-02
0.89956	2.64620e-02
0.89637	2.27033e-02
0.89637	2.27033e-02
0.89852	1.62094e-02
0.89823	2.57298e-02
0.90152	2.34563e-02
0.89916	2.73586e-02
0.89766	2.15925e-02
0.89766	2.15925e-02
0.89903	1.97237e-02
0.90028	1.91011e-02
0.90045	3.05273e-02
0.89902	2.71432e-02
0.89935	2.43277e-02
0.89948	2.43301e-02
0.89848	2.40131e-02
0.90174	2.33758e-02
0.90183	2.34155e-02
0.90042	1.91511e-02
0.89714	1.91180e-02
0.89396	2.02965e-02
0.89561	1.84848e-02
0.90569	1.94908e-02
0.91262	2.55830e-02
0.90642	2.50535e-02
0.90642	2.50535e-02
0.90948	2.67123e-02
0.90888	2.76357e-02
0.90217	2.49845e-02
0.90080	2.75890e-02
0.90434	3.06748e-02
0.91306	2.89088e-02
0.91846	2.75394e-02
0.92380	2.42610e-02
0.92243	2.45465e-02
0.91879	2.38742e-02
0.91948	2.40793e-02
0.92556	2.04427e-02
0.91858	1.69225e-02
0.91457	1.63600e-02
0.91589	1.61786e-02
0.91406	1.83221e-02
0.91363	2.37448e-02
0.92100	2.32211e-02
0.92076	2.32451e-02
0.92688	2.27668e-02
0.92222	1.78926e-02
0.91884	2.36202e-02
0.91937	2.35007e-02
0.91738	2.57413e-02
0.91542	2.59515e-02
0.91699	2.32986e-02
0.91699	2.32986e-02
0.91865	2.50175e-02
0.92374	2.60349e-02
0.91978	2.37011e-02
0.91969	2.36980e-02
0.91698	2.19942e-02
0.91829	1.98956e-02
0.92015	2.43594e-02
0.92337	2.07997e-02
0.92337	2.07997e-02
0.93280	1.25271e-02
0.93559	1.44755e-02
0.93494	2.04682e-02
0.93411	2.01953e-02
0.92939	1.84757e-02
0.93519	1.80125e-02
0.94036	2.00588e-02
0.94477	1.93868e-02
0.93574	1.64179e-02
0.94022	2.22634e-02
0.93889	2.18966e-02
0.93756	2.21676e-02
0.94490	2.25243e-02
0.94118	2.17503e-02
0.93793	2.00401e-02
0.94415	2.44009e-02
0.93953	2.36487e-02
0.94558	2.38763e-02
0.94269	2.40340e-02
0.94270	2.40248e-02
0.94270	2.40248e-02
0.93861	2.20387e-02
0.93890	2.19376e-02
0.94519	1.55781e-02
0.94676	1.98170e-02
0.94515	2.01980e-02
0.94035	2.33772e-02
0.94231	2.12493e-02
0.94313	2.03572e-02
0.94313	2.03572e-02
0.94718	1.88210e-02
0.94925	2.14809e-02
0.94749	2.65620e-02
0.94868	2.80362e-02
0.94865	2.80354e-02
0.95114	2.65655e-02
0.94324	2.71348e-02
0.94411	2.72227e-02
0.94744	2.74266e-02
0.95012	2.61358e-02
0.94968	2.64934e-02
0.94968	2.64934e-02
0.94663	2.63150e-02
0.94664	2.63361e-02
0.94349	2.24110e-02
0.94826	2.34989e-02
0.94826	2.34989e-02
0.94728	2.28384e-02
0.94728	2.28384e-02
0.94307	2.53578e-02
0.94715	2.78041e-02
0.94719	2.77836e-02
0.94489	2.55463e-02
0.95005	2.76003e-02
0.94795	2.90881e-02
0.93259	2.82423e-02
0.93539	2.67134e-02
0.94142	2.51286e-02
0.94142	2.51286e-02
0.94532	2.32140e-02
0.94577	2.37828e-02
0.94867	2.72623e-02
0.93727	2.85048e-02
0.92801	2.14656e-02
0.92507	2.06613e-02
0.93007	1.65685e-02
0.93285	1.65789e-02
0.93550	1.83129e-02
0.93310	1.64391e-02
0.93710	1.92252e-02
0.94013	2.29238e-02
0.93706	2.40254e-02
0.92703	1.66208e-02
0.93070	1.58611e-02
0.92936	1.35956e-02
0.92936	1.35956e-02
0.93952	1.14762e-02
0.93952	1.14762e-02
0.93952	1.14736e-02
0.93952	1.14736e-02
0.93822	1.08233e-02
0.94802	1.60805e-02
0.94802	1.60805e-02
0.94028	1.87992e-02
0.94612	1.54090e-02
0.94612	1.54090e-02
0.94612	1.54090e-02
0.94224	1.68505e-02
0.94224	1.68505e-02
0.94355	1.62276e-02
0.93962	1.91457e-02
0.93962	1.91457e-02
0.94831	2.20259e-02
0.95748	1.94687e-02
0.95090	1.49537e-02
0.95681	1.81508e-02
0.95841	1.94089e-02
0.95863	1.93182e-02
0.96506	1.65531e-02
0.96506	1.65531e-02
0.96506	1.65531e-02
0.97145	5.17974e-03
0.96651	1.39488e-02
0.97083	6.10050e-03
0.97243	6.74020e-03
0.97248	6.77852e-03
0.96980	1.15012e-02
0.97222	7.14715e-03
0.97239	6.86051e-03
0.97394	8.45250e-03
0.97394	8.45250e-03
0.97394	8.45250e-03
0.96870	1.19984e-02
0.97206	1.35016e-02
0.97352	1.30273e-02
0.97352	1.30273e-02
0.97491	1.06726e-02
0.97265	9.37690e-03
0.97265	9.37690e-03
0.97265	9.37690e-03
0.97418	8.84664e-03
0.97471	1.07813e-02
0.97471	1.07813e-02
0.97471	1.07813e-02
0.97471	1.07813e-02
0.97970	7.00813e-03
0.97994	8.03906e-03
0.97994	8.03906e-03
0.97994	8.03906e-03
0.98008	8.05066e-03
0.98670	4.11951e-03
0.98671	4.12767e-03
0.98521	4.33376e-03
0.98087	0.00000e+00
0.98087	0.00000e+00
0.98087	0.00000e+00
0.98181	0.00000e+00
0.98181	0.00000e+00
0.98181	0.00000e+00
0.98181	0.00000e+00
0.98181	0.00000e+00
0.98181	0.00000e+00
0.98184	0.00000e+00
0.98184	0.00000e+00
0.98184	0.00000e+00
0.98184	0.00000e+00
0.98178	0.00000e+00
