0.99013	2.21739e-03
0.97630	8.88609e-03
0.96139	1.77739e-02
0.96020	1.20912e-02
0.95472	2.60497e-02
0.94099	1.78472e-02
0.94609	2.26893e-02
0.92217	1.16090e-02
0.92414	2.13236e-02
0.92115	2.95563e-02
0.92539	2.86721e-02
0.90418	2.87778e-02
0.88770	3.82134e-02
0.88466	2.88136e-02
0.86784	4.79117e-02
0.84741	3.35270e-02
0.84661	5.80822e-02
0.85072	5.16862e-02
0.82798	5.45411e-02
0.82386	5.61916e-02
0.81844	6.88491e-02
0.81169	5.77540e-02
0.78828	7.92064e-02
0.79674	1.05534e-01
0.77895	6.13247e-02
0.73907	8.42332e-02
0.75609	8.70583e-02
0.74653	8.99748e-02
0.71123	9.18840e-02
0.70572	7.74435e-02
0.71189	7.42069e-02
0.68177	7.20941e-02
0.67900	7.59925e-02
0.68003	7.62780e-02
0.70483	6.15920e-02
0.65548	5.27323e-02
0.67276	1.06590e-01
0.65993	1.12174e-01
0.65291	1.02694e-01
0.60120	1.09236e-01
0.64402	8.87069e-02
0.59362	9.40018e-02
0.58441	1.09965e-01
0.61071	7.48108e-02
0.58066	8.31371e-02
0.59699	8.43161e-02
0.58293	7.55841e-02
0.59261	9.00033e-02
0.61123	9.23208e-02
0.60895	7.30302e-02
0.59715	9.72484e-02
0.60366	6.42816e-02
0.57619	8.67629e-02
0.60622	6.55362e-02
0.58965	8.64469e-02
0.56432	1.03161e-01
0.56056	8.54035e-02
0.57681	9.18742e-02
0.56907	9.07498e-02
0.59456	1.06457e-01
0.56810	1.01923e-01
0.56858	1.01408e-01
0.57344	7.04827e-02
0.58259	8.39308e-02
0.56329	6.90724e-02
0.57014	1.14808e-01
0.58240	1.02838e-01
0.57755	1.13996e-01
0.56314	1.22306e-01
0.56346	1.18467e-01
0.56856	1.35101e-01
0.57481	1.07164e-01
0.58123	1.32256e-01
0.55644	1.25787e-01
0.56532	1.03308e-01
0.55562	1.36920e-01
0.55307	1.15367e-01
0.54252	1.21894e-01
0.52972	1.51614e-01
0.55646	1.30586e-01
0.55300	8.52242e-02
0.55807	8.03818e-02
0.54964	9.94154e-02
0.54796	9.28661e-02
0.56221	1.08099e-01
0.55942	9.52779e-02
0.55128	1.13883e-01
0.55045	9.94335e-02
0.55226	1.13710e-01
0.54522	1.16882e-01
0.54726	9.68384e-02
0.54905	1.41318e-01
0.57206	1.13703e-01
0.53946	1.37813e-01
0.52836	1.29906e-01
0.54929	1.31614e-01
0.53952	1.10287e-01
0.51212	1.19060e-01
0.56391	1.02919e-01
0.55756	1.13941e-01
0.56957	1.26854e-01
0.58586	1.17372e-01
0.58326	1.16192e-01
0.58326	1.16192e-01
0.58731	9.99181e-02
0.58708	9.97542e-02
0.59471	9.83159e-02
0.61929	5.36815e-02
0.62648	8.48025e-02
0.62957	8.29226e-02
0.65080	6.04126e-02
0.64599	4.59862e-02
0.66683	4.75177e-02
0.66714	4.79176e-02
0.66592	4.79698e-02
0.66592	4.79698e-02
0.67130	4.83302e-02
0.67811	4.93651e-02
0.67392	4.64169e-02
0.66689	4.17186e-02
0.66882	4.20378e-02
0.66501	3.82484e-02
0.67552	4.21077e-02
0.66735	4.93357e-02
0.67371	5.25254e-02
0.68605	5.25810e-02
0.68605	5.25810e-02
0.68668	4.07370e-02
0.69056	4.32927e-02
0.68660	4.07177e-02
0.68670	4.08244e-02
0.70094	5.15245e-02
0.72586	5.85465e-02
0.73047	6.04770e-02
0.73193	5.79496e-02
0.74309	3.97972e-02
0.74309	3.97972e-02
0.74696	4.58919e-02
0.74671	5.35606e-02
0.74888	5.17072e-02
0.75048	3.98677e-02
0.76326	4.23249e-02
0.76326	4.23249e-02
0.77682	5.09693e-02
0.77591	5.34575e-02
0.77213	5.13568e-02
0.77873	4.95536e-02
0.79257	4.85795e-02
0.79027	4.60962e-02
0.78886	4.38162e-02
0.79340	3.87531e-02
0.79382	3.62714e-02
0.77911	3.46687e-02
0.77916	4.32337e-02
0.77484	5.11141e-02
0.78541	5.42720e-02
0.78267	5.21575e-02
0.78915	3.40275e-02
0.79439	4.27512e-02
0.80237	4.30154e-02
0.80492	4.15804e-02
0.80802	4.32711e-02
0.80802	4.32711e-02
0.80941	4.12479e-02
0.81084	5.18718e-02
0.80639	4.30113e-02
0.80639	4.30113e-02
0.81965	4.47397e-02
0.82345	4.17142e-02
0.81723	3.93654e-02
0.82433	4.30558e-02
0.82302	5.01531e-02
0.81939	3.95915e-02
0.81290	2.92144e-02
0.81207	3.34242e-02
0.80973	3.17744e-02
0.80132	4.29110e-02
0.80755	5.20028e-02
0.81218	5.43402e-02
0.82592	4.85935e-02
0.83452	4.09963e-02
0.83846	3.20580e-02
0.84197	2.79195e-02
0.84381	3.07819e-02
0.85463	2.42676e-02
0.86179	2.40294e-02
0.86573	2.34745e-02
0.85779	2.25693e-02
0.86064	2.12435e-02
0.85620	2.02377e-02
0.85620	2.02377e-02
0.85973	1.61956e-02
0.85948	2.09213e-02
0.86391	2.21931e-02
0.87587	2.94931e-02
0.87497	3.04290e-02
0.87142	2.90802e-02
0.87002	3.22767e-02
0.87630	2.62759e-02
0.88885	2.58185e-02
0.88874	2.60401e-02
0.87247	2.07323e-02
0.87813	3.31251e-02
0.87976	3.27888e-02
0.87892	3.08555e-02
0.88582	3.41005e-02
0.88768	3.30729e-02
0.88148	3.11236e-02
0.88060	3.50839e-02
0.88060	3.50839e-02
0.88292	3.04059e-02
0.88629	3.24552e-02
0.89475	2.66003e-02
0.88672	1.92310e-02
0.88172	2.28961e-02
0.88936	1.96148e-02
0.88896	2.05236e-02
0.88313	2.39153e-02
0.88263	2.25950e-02
0.88621	1.37789e-02
0.88298	2.53902e-02
0.88683	3.24363e-02
0.89174	3.54284e-02
0.88941	3.66161e-02
0.89332	3.57146e-02
0.90804	2.26822e-02
0.90804	2.27016e-02
0.90477	2.36017e-02
0.90478	2.36010e-02
0.89867	2.76738e-02
0.90136	2.48210e-02
0.90136	2.48210e-02
0.90952	1.87626e-02
0.90373	2.16529e-02
0.90837	2.07842e-02
0.90648	2.09379e-02
0.91030	2.11016e-02
0.91219	1.93951e-02
0.91909	1.93183e-02
0.90703	2.59668e-02
0.89968	3.30227e-02
0.90207	3.07531e-02
0.89970	2.86535e-02
0.89754	2.78439e-02
0.90736	3.07002e-02
0.90592	3.02375e-02
0.90072	3.21412e-02
0.90593	2.94779e-02
0.91281	3.21192e-02
0.91071	3.08585e-02
0.91304	3.36328e-02
0.91726	2.65730e-02
0.92165	2.60606e-02
0.92087	2.64604e-02
0.92495	2.68544e-02
0.91854	2.99377e-02
0.91316	3.22125e-02
0.91449	3.23546e-02
0.91185	3.55676e-02
0.91422	3.01555e-02
0.91722	2.54997e-02
0.91722	2.54997e-02
0.91226	2.70946e-02
0.90989	2.48046e-02
0.90756	2.70777e-02
0.91471	2.78470e-02
0.91528	2.74956e-02
0.91333	2.85019e-02
0.91615	2.98719e-02
0.91355	2.80711e-02
0.90679	2.76416e-02
0.90737	2.84748e-02
0.90778	3.01650e-02
0.90780	3.01812e-02
0.91059	2.52632e-02
0.91186	2.46883e-02
0.92211	2.30830e-02
0.92181	2.75009e-02
0.91486	2.35445e-02
0.91472	2.44569e-02
0.91886	2.60722e-02
0.91819	2.66294e-02
0.92472	2.75299e-02
0.92204	2.91301e-02
0.92861	2.78234e-02
0.92330	3.03348e-02
0.90812	2.50556e-02
0.91447	2.03407e-02
0.91527	1.96926e-02
0.91851	1.81422e-02
0.92236	1.83904e-02
0.92330	1.57541e-02
0.92041	1.56061e-02
0.91862	2.41447e-02
0.91674	2.39288e-02
0.92200	2.33328e-02
0.92305	2.36189e-02
0.91985	2.40490e-02
0.92151	2.56889e-02
0.92869	2.13244e-02
0.92727	2.02496e-02
0.92481	1.74688e-02
0.92442	1.71929e-02
0.93137	1.90999e-02
0.93061	1.97790e-02
0.93061	1.97790e-02
0.92779	1.96719e-02
0.93162	2.48654e-02
0.93737	1.89006e-02
0.93884	1.79973e-02
0.93074	2.40789e-02
0.92879	2.31376e-02
0.93301	2.34399e-02
0.93371	1.92757e-02
0.93513	1.83226e-02
0.93395	2.23934e-02
0.93884	1.72107e-02
0.93796	2.00664e-02
0.93763	2.02250e-02
0.93610	2.18965e-02
0.93609	2.18840e-02
0.93704	2.02185e-02
0.93782	2.07342e-02
0.93874	2.05842e-02
0.93370	1.67017e-02
0.93568	1.64568e-02
0.93558	1.63478e-02
0.93540	1.68463e-02
0.94009	1.72057e-02
0.94179	1.91984e-02
0.94179	1.91984e-02
0.94104	1.87149e-02
0.94104	1.87149e-02
0.94494	2.01135e-02
0.94404	1.90194e-02
0.94116	1.95142e-02
0.93232	1.75850e-02
0.94317	2.17401e-02
0.94771	2.55766e-02
0.95101	1.77182e-02
0.95133	2.07309e-02
0.95122	2.02378e-02
0.94923	1.69104e-02
0.94751	2.13306e-02
0.94681	2.10524e-02
0.95064	1.76803e-02
0.95180	1.78531e-02
0.95195	1.80164e-02
0.95161	2.10679e-02
0.95031	2.25575e-02
0.95512	2.05050e-02
0.95686	2.36103e-02
0.96569	1.70652e-02
0.96128	2.12472e-02
0.96265	2.27915e-02
0.95804	2.43077e-02
0.96252	2.36570e-02
0.96076	2.45587e-02
0.95925	2.61029e-02
0.95777	2.35393e-02
0.95727	2.34780e-02
0.95740	2.36576e-02
0.96135	2.27769e-02
0.95766	2.34426e-02
0.95472	2.50188e-02
0.95952	2.35579e-02
0.96530	2.15156e-02
0.96530	2.15156e-02
0.96819	2.30052e-02
0.97532	1.46207e-02
0.97000	1.90205e-02
0.97119	1.81068e-02
0.97142	1.80586e-02
0.97633	1.42822e-02
0.97648	1.44048e-02
0.97648	1.44048e-02
0.97537	1.47957e-02
0.97261	1.35444e-02
0.97176	1.66392e-02
0.96831	1.54829e-02
0.97399	1.58172e-02
0.97787	9.40384e-03
0.97471	7.64233e-03
0.97479	7.58776e-03
0.97489	1.28320e-02
0.97502	1.29776e-02
0.97503	1.29788e-02
0.97501	1.29569e-02
0.97182	1.18546e-02
0.96724	8.39722e-03
0.96724	8.39722e-03
0.97720	8.78321e-03
0.97720	8.78321e-03
0.97720	8.78321e-03
0.97720	8.78321e-03
0.97263	1.30315e-02
0.98551	5.09855e-03
0.98071	9.01889e-03
0.97576	1.37751e-02
0.97207	1.40808e-02
0.96257	5.17308e-03
0.96257	5.17308e-03
0.96257	5.17308e-03
0.97254	1.51463e-02
0.97254	1.51463e-02
0.97251	1.51133e-02
0.95740	0.00000e+00
0.95740	0.00000e+00
0.95740	0.00000e+00
0.97737	0.00000e+00
0.97737	0.00000e+00
0.97737	0.00000e+00
0.95812	0.00000e+00
0.95812	0.00000e+00
0.95812	0.00000e+00
0.95812	0.00000e+00
0.97897	0.00000e+00
0.97897	0.00000e+00
0.97897	0.00000e+00
0.97897	0.00000e+00
0.97897	0.00000e+00
0.97897	0.00000e+00
0.97897	0.00000e+00
0.97897	0.00000e+00
0.97897	0.00000e+00
0.97897	0.00000e+00
0.97897	0.00000e+00
0.95954	0.00000e+00
0.95954	0.00000e+00
0.98855	0.00000e+00
0.98855	0.00000e+00
0.98855	0.00000e+00
0.98855	0.00000e+00
0.98855	0.00000e+00
0.98855	0.00000e+00
0.98855	0.00000e+00
0.96877	0.00000e+00
0.96877	0.00000e+00
0.96877	0.00000e+00
0.96877	0.00000e+00
0.96877	0.00000e+00
0.98987	0.00000e+00
0.98987	0.00000e+00
0.98987	0.00000e+00
0.98987	0.00000e+00
0.98987	0.00000e+00
0.98967	0.00000e+00
0.98959	0.00000e+00
