0.99453	1.36875e-03
0.98714	9.31758e-03
0.96858	1.54631e-02
0.97722	1.19510e-02
0.95886	1.44217e-02
0.96313	2.01932e-02
0.95890	1.62915e-02
0.95370	1.73011e-02
0.93076	1.73677e-02
0.93576	2.37420e-02
0.92535	2.27313e-02
0.92697	2.57999e-02
0.91309	3.29461e-02
0.87907	3.12517e-02
0.88451	3.18038e-02
0.88122	4.08164e-02
0.86168	3.89522e-02
0.86869	4.52095e-02
0.86055	4.38373e-02
0.85322	4.33875e-02
0.84495	6.01254e-02
0.84404	3.94000e-02
0.84529	4.34385e-02
0.83117	6.48178e-02
0.83159	3.65806e-02
0.81303	4.93215e-02
0.81001	5.33472e-02
0.78913	4.60813e-02
0.79191	6.20193e-02
0.77731	6.29772e-02
0.76403	6.18337e-02
0.74744	6.32902e-02
0.75364	6.07140e-02
0.74869	5.06818e-02
0.73708	7.66566e-02
0.73407	6.08826e-02
0.74305	5.45389e-02
0.74832	4.52259e-02
0.72078	4.44352e-02
0.72647	3.62765e-02
0.71145	8.11774e-02
0.69150	8.22057e-02
0.67886	6.75743e-02
0.70766	5.97362e-02
0.69086	4.05096e-02
0.71498	5.20813e-02
0.69330	6.67798e-02
0.69434	5.01348e-02
0.68330	4.68452e-02
0.68303	5.95320e-02
0.62805	4.32436e-02
0.67080	5.47703e-02
0.67765	5.87960e-02
0.68804	5.62216e-02
0.71018	5.93913e-02
0.65386	4.41438e-02
0.65310	4.33493e-02
0.64890	5.41962e-02
0.67101	5.46890e-02
0.62623	5.58578e-02
0.63912	3.87226e-02
0.65580	4.70628e-02
0.62787	6.66644e-02
0.64787	5.16569e-02
0.65348	5.85211e-02
0.63214	6.86698e-02
0.65455	3.35511e-02
0.60900	7.26180e-02
0.64908	6.00144e-02
0.61712	6.59843e-02
0.66025	5.73992e-02
0.61881	4.03408e-02
0.62465	5.09642e-02
0.59364	4.52177e-02
0.63353	3.73044e-02
0.61972	6.56324e-02
0.62800	7.29685e-02
0.63476	3.07819e-02
0.64429	6.03700e-02
0.62931	4.03937e-02
0.61615	6.61601e-02
0.61771	4.34474e-02
0.63500	6.57986e-02
0.59975	4.57375e-02
0.60282	7.06827e-02
0.61490	5.74228e-02
0.62115	7.15765e-02
0.62215	7.44264e-02
0.60031	5.91228e-02
0.62887	5.99013e-02
0.61630	7.27365e-02
0.60783	4.37778e-02
0.59637	6.42128e-02
0.58234	8.06201e-02
0.57304	8.00619e-02
0.59891	3.14837e-02
0.59857	6.49353e-02
0.58971	7.45361e-02
0.57567	9.39188e-02
0.60006	5.02536e-02
0.60322	5.08305e-02
0.60610	5.17157e-02
0.61140	5.84065e-02
0.60908	6.17078e-02
0.61494	6.97036e-02
0.61494	6.97036e-02
0.61965	6.97545e-02
0.62505	6.68821e-02
0.63593	7.50386e-02
0.63844	7.48932e-02
0.64083	7.27757e-02
0.64059	7.18420e-02
0.66079	8.36964e-02
0.66257	8.37160e-02
0.67372	8.12196e-02
0.67479	7.47538e-02
0.68290	6.92037e-02
0.68642	7.43719e-02
0.69680	5.61411e-02
0.70193	6.71565e-02
0.69526	7.48591e-02
0.69711	6.99051e-02
0.69949	6.72793e-02
0.69979	6.78700e-02
0.71198	5.41262e-02
0.71667	5.23121e-02
0.71516	4.90570e-02
0.72332	5.43078e-02
0.72266	5.37667e-02
0.73364	5.05438e-02
0.73674	5.02618e-02
0.73315	4.91174e-02
0.73313	4.91073e-02
0.73928	5.70018e-02
0.74243	6.32706e-02
0.76423	6.37794e-02
0.77858	4.59031e-02
0.78211	4.69460e-02
0.77318	6.11783e-02
0.77318	6.11783e-02
0.77251	6.07727e-02
0.77251	6.07727e-02
0.78895	6.61105e-02
0.78829	3.62955e-02
0.78829	3.62955e-02
0.78655	3.47878e-02
0.79316	4.06553e-02
0.78515	4.64391e-02
0.79334	4.02204e-02
0.79742	3.21315e-02
0.79496	5.04090e-02
0.79582	4.56276e-02
0.79850	4.50713e-02
0.80498	3.61103e-02
0.82001	1.97985e-02
0.81412	2.23585e-02
0.81539	3.42500e-02
0.81493	3.52904e-02
0.81766	3.09987e-02
0.82130	3.78869e-02
0.81049	4.86022e-02
0.81054	4.85900e-02
0.82070	3.61875e-02
0.82592	4.06045e-02
0.82993	3.98036e-02
0.83274	3.69536e-02
0.83402	3.65056e-02
0.83621	3.49996e-02
0.83584	3.87984e-02
0.83603	3.51788e-02
0.84159	2.87913e-02
0.83841	2.82626e-02
0.84018	3.03935e-02
0.84412	2.85536e-02
0.84404	2.63006e-02
0.84753	3.09836e-02
0.84996	2.92876e-02
0.85579	2.56184e-02
0.85256	2.36929e-02
0.85889	2.79852e-02
0.85972	2.79844e-02
0.86101	2.80345e-02
0.86327	2.03159e-02
0.87107	2.54885e-02
0.87172	2.52030e-02
0.87601	2.70267e-02
0.87335	2.99661e-02
0.87203	2.91322e-02
0.87072	3.82786e-02
0.87580	3.33530e-02
0.87580	3.33530e-02
0.88453	2.30946e-02
0.88715	2.76759e-02
0.88116	3.38984e-02
0.88241	3.36594e-02
0.87344	4.05869e-02
0.88294	4.08603e-02
0.88350	4.09707e-02
0.89244	3.45334e-02
0.89255	3.26328e-02
0.89036	3.06918e-02
0.88303	3.22092e-02
0.89328	3.47122e-02
0.90026	4.22743e-02
0.89770	4.03745e-02
0.90405	3.54754e-02
0.89913	3.76568e-02
0.90390	3.69775e-02
0.90466	3.90371e-02
0.90013	3.69681e-02
0.89940	2.44371e-02
0.89457	1.83486e-02
0.89331	1.97617e-02
0.89016	1.41757e-02
0.89244	1.73179e-02
0.88718	4.03226e-02
0.89055	4.37462e-02
0.89357	4.51297e-02
0.89944	4.71131e-02
0.89705	4.64675e-02
0.89888	4.68717e-02
0.89888	4.68717e-02
0.90477	1.99380e-02
0.90249	2.10375e-02
0.90557	2.18502e-02
0.91055	2.28520e-02
0.91055	2.28520e-02
0.90924	2.44220e-02
0.90924	2.44220e-02
0.91091	2.53711e-02
0.90181	2.24241e-02
0.90958	2.72226e-02
0.90958	2.72226e-02
0.90512	3.36292e-02
0.90906	2.77417e-02
0.91265	2.63573e-02
0.90789	3.31544e-02
0.90609	3.19308e-02
0.91186	3.31313e-02
0.91365	3.26001e-02
0.91366	3.26060e-02
0.90776	3.65685e-02
0.90961	3.32642e-02
0.91292	2.75700e-02
0.90948	2.67523e-02
0.91007	2.21226e-02
0.91392	2.75421e-02
0.91392	2.75421e-02
0.91833	2.73784e-02
0.91357	2.61543e-02
0.91847	2.61630e-02
0.91847	2.61630e-02
0.92489	2.70883e-02
0.92039	2.48279e-02
0.91972	2.46620e-02
0.91329	2.66507e-02
0.91766	3.04940e-02
0.91998	2.59539e-02
0.92369	3.34351e-02
0.92335	3.30776e-02
0.92463	3.70244e-02
0.91940	3.30004e-02
0.91940	3.30004e-02
0.92486	2.66102e-02
0.91967	2.80018e-02
0.92077	2.68158e-02
0.93085	3.20659e-02
0.92938	2.90627e-02
0.93080	2.62628e-02
0.92638	2.50033e-02
0.92443	2.63356e-02
0.91753	3.21901e-02
0.91905	3.35803e-02
0.91609	3.28372e-02
0.92773	2.49097e-02
0.93100	2.37013e-02
0.92749	3.38504e-02
0.92743	2.52211e-02
0.92771	2.49375e-02
0.92771	2.49375e-02
0.93015	2.52655e-02
0.93386	2.25640e-02
0.93390	1.91645e-02
0.93311	2.02017e-02
0.93381	2.08255e-02
0.93309	2.43871e-02
0.93380	2.72034e-02
0.92776	2.48464e-02
0.93102	2.29440e-02
0.92461	2.57672e-02
0.92281	2.49345e-02
0.92030	2.58889e-02
0.92249	2.49321e-02
0.91929	2.30569e-02
0.92289	2.32493e-02
0.92654	2.71935e-02
0.93413	2.42479e-02
0.93595	2.19050e-02
0.92794	2.23164e-02
0.92910	2.26256e-02
0.93001	2.36021e-02
0.93574	2.26420e-02
0.93085	2.43952e-02
0.93195	2.50600e-02
0.93351	2.52602e-02
0.93385	2.21888e-02
0.93374	2.00107e-02
0.93249	2.34187e-02
0.93143	2.48817e-02
0.92716	2.56317e-02
0.93224	2.10907e-02
0.93448	1.98597e-02
0.93791	2.46441e-02
0.93691	1.96526e-02
0.94084	2.00048e-02
0.93956	1.88072e-02
0.93683	1.93470e-02
0.93709	2.55347e-02
0.93565	2.65338e-02
0.94129	2.89287e-02
0.94273	2.93461e-02
0.94438	2.92389e-02
0.94618	2.81774e-02
0.94627	2.92451e-02
0.95132	3.16127e-02
0.95187	3.18204e-02
0.94296	3.09122e-02
0.94587	3.33597e-02
0.94745	3.42783e-02
0.94693	3.38600e-02
0.94902	3.05803e-02
0.95249	3.06961e-02
0.94827	3.18674e-02
0.94633	2.95891e-02
0.95165	2.80616e-02
0.94995	2.95900e-02
0.95296	2.60988e-02
0.95762	2.24652e-02
0.95914	2.14357e-02
0.95939	2.15535e-02
0.95939	2.15535e-02
0.95860	2.18747e-02
0.95559	2.04735e-02
0.95894	2.28153e-02
0.95569	2.86543e-02
0.94704	2.77911e-02
0.95339	2.19213e-02
0.95558	2.27372e-02
0.95558	2.27372e-02
0.95859	2.47773e-02
0.95964	2.31636e-02
0.95933	2.32875e-02
0.95147	1.79423e-02
0.95111	1.81578e-02
0.94786	1.82869e-02
0.95494	2.03866e-02
0.96076	2.24226e-02
0.95898	2.38360e-02
0.95897	2.36879e-02
0.96339	2.72531e-02
0.96176	2.55285e-02
0.96482	2.80828e-02
0.96003	2.39621e-02
0.96024	2.41852e-02
0.96529	2.38727e-02
0.96527	2.38521e-02
0.96598	1.94313e-02
0.96733	2.34281e-02
0.96610	2.86195e-02
0.97066	2.38140e-02
0.97378	2.20201e-02
0.97201	2.28097e-02
0.97292	2.77177e-02
0.97284	2.78229e-02
0.97059	2.69982e-02
0.97059	2.69982e-02
0.97139	2.16901e-02
0.97284	2.34788e-02
0.97568	2.47263e-02
0.97568	2.47263e-02
0.97580	2.48098e-02
0.97577	2.47884e-02
0.96557	2.87878e-02
0.95823	2.76848e-02
0.95822	2.76693e-02
0.94624	2.11403e-02
0.95850	2.87985e-02
0.96914	1.70554e-02
0.96553	2.05637e-02
0.96553	2.05637e-02
0.96553	2.05637e-02
0.96553	2.05637e-02
0.96039	2.30926e-02
0.96039	2.30926e-02
0.98203	7.82370e-03
0.98203	7.82370e-03
0.98203	7.82370e-03
0.97716	1.30549e-02
0.97713	1.30180e-02
0.96921	8.14237e-03
0.97488	2.48067e-03
0.97488	2.48067e-03
0.96636	6.03881e-03
0.96636	6.03881e-03
0.94992	4.05860e-03
0.94992	4.05860e-03
0.94992	4.05860e-03
0.96850	2.26311e-02
0.96850	2.26311e-02
0.96850	2.26311e-02
0.97603	1.50926e-02
0.97603	1.50926e-02
0.97400	1.71283e-02
0.97400	1.71283e-02
0.96608	9.21108e-03
0.97594	1.90677e-02
0.95687	0.00000e+00
0.95687	0.00000e+00
0.95687	0.00000e+00
0.95687	0.00000e+00
0.98945	0.00000e+00
0.98945	0.00000e+00
0.97214	0.00000e+00
0.97214	0.00000e+00
0.97214	0.00000e+00
0.97214	0.00000e+00
0.97214	0.00000e+00
0.99283	0.00000e+00
0.99283	0.00000e+00
0.99283	0.00000e+00
0.99283	0.00000e+00
0.99283	0.00000e+00
0.97319	0.00000e+00
0.99312	0.00000e+00
0.99299	0.00000e+00
0.99299	0.00000e+00
0.99294	0.00000e+00
