0.0720
0.0761
0.0803
0.0847
0.0892
0.0938
0.0985
0.1034
0.1084
0.1135
0.1187
0.1241
0.1296
0.1353
0.1410
0.1469
0.1530
0.1591
0.1654
0.1718
0.1783
0.1850
0.1918
0.1987
0.2057
0.2129
0.2202
0.2276
0.2352
0.2429
0.2507
0.2587
0.2668
0.2750
0.2833
0.2918
0.3004
0.3090
0.3177
0.3265
0.3354
0.3443
0.3531
0.3620
0.3709
0.3798
0.3887
0.3976
0.4064
0.4152
0.4241
0.4329
0.4417
0.4506
0.4594
0.4683
0.4772
0.4862
0.4952
0.5042
0.5133
0.5223
0.5313
0.5403
0.5493
0.5581
0.5668
0.5755
0.5839
0.5922
0.6004
0.6083
0.6161
0.6237
0.6311
0.6383
0.6453
0.6521
0.6587
0.6651
0.6713
0.6773
0.6832
0.6889
0.6944
0.6998
0.7050
0.7101
0.7151
0.7200
0.7247
0.7294
0.7340
0.7384
0.7428
0.7471
0.7514
0.7555
0.7596
0.7636
0.7675
0.7714
0.7752
0.7789
0.7825
0.7861
0.7896
0.7931
0.7964
0.7997
0.8030
0.8061
0.8092
0.8122
0.8152
0.8180
0.8208
0.8236
0.8263
0.8289
0.8314
0.8339
0.8363
0.8386
0.8409
0.8431
0.8452
0.8473
0.8493
0.8512
0.8531
0.8549
0.8567
0.8584
0.8600
0.8617
0.8632
0.8647
0.8662
0.8676
0.8690
0.8703
0.8716
0.8729
0.8741
0.8753
0.8765
0.8776
0.8787
0.8798
0.8809
0.8819
0.8829
0.8839
0.8848
0.8858
0.8867
0.8876
0.8885
0.8893
0.8902
0.8910
0.8918
0.8926
0.8934
0.8942
0.8950
0.8958
0.8966
0.8973
0.8981
0.8989
0.8996
0.9004
0.9011
0.9019
0.9027
0.9034
0.9042
0.9049
0.9057
0.9065
0.9072
0.9080
0.9087
0.9094
0.9102
0.9109
0.9115
0.9122
0.9128
0.9135
0.9141
0.9146
0.9152
0.9157
0.9162
0.9166
0.9171
0.9175
0.9179
0.9182
0.9185
0.9189
0.9191
0.9194
0.9197
0.9199
0.9201
0.9203
0.9205
0.9207
0.9208
0.9210
0.9211
0.9212
0.9213
0.9214
0.9215
0.9216
0.9217
0.9218
0.9219
0.9219
0.9220
0.9220
0.9221
0.9221
0.9222
0.9222
0.9222
0.9223
0.9223
0.9223
0.9223
0.9224
0.9224
0.9224
0.9224
0.9224
0.9224
0.9224
0.9225
0.9225
0.9225
0.9225
0.9225
0.9225
0.9225
0.9225
0.9225
0.9225
0.9225
0.9225
0.9225
0.9225
0.9224
0.9224
0.9224
0.9224
0.9224
0.9224
0.9224
0.9224
0.9224
0.9224
0.9224
0.9224
0.9223
0.9223
0.9223
0.9223
0.9223
0.9223
0.9223
0.9223
0.9223
0.9222
0.9222
0.9222
0.9222
0.9222
0.9222
0.9222
0.9222
0.9221
0.9221
0.9221
0.9221
0.9221
0.9221
0.9221
0.9221
0.9220
0.9220
0.9220
0.9220
0.9220
0.9220
0.9220
0.9220
0.9219
0.9219
0.9219
0.9219
0.9219
0.9219
0.9219
0.9218
0.9218
0.9218
0.9218
0.9218
0.9218
0.9218
0.9218
0.9217
0.9217
0.9217
0.9217
0.9217
0.9217
0.9217
0.9217
0.9216
0.9216
0.9216
0.9216
0.9216
0.9216
0.9216
0.9216
0.9216
0.9215
0.9215
0.9215
0.9215
0.9215
0.9215
0.9215
0.9215
0.9214
0.9214
0.9214
0.9214
0.9214
0.9214
0.9214
0.9214
0.9214
0.9213
0.9213
0.9213
0.9213
0.9213
0.9213
0.9213
0.9213
0.9213
0.9212
0.9212
0.9212
0.9212
0.9212
0.9212
0.9212
0.9212
0.9212
0.9211
0.9211
0.9211
0.9211
0.9211
0.9211
0.9211
0.9211
0.9211
0.9210
0.9210
0.9210
0.9210
0.9210
0.9210
0.9210
0.9210
0.9210
0.9210
0.9209
0.9209
0.9209
0.9209
0.9209
0.9209
0.9209
0.9209
0.9209
0.9209
0.9208
0.9208
0.9208
0.9208
0.9208
0.9208
0.9208
0.9208
0.9208
0.9208
0.9207
0.9207
0.9207
0.9207
0.9207
0.9207
0.9207
0.9207
0.9207
0.9207
0.9206
0.9206
0.9206
0.9206
0.9206
0.9206
0.9206
0.9206
0.9206
0.9206
0.9205
0.9205
0.9205
0.9205
0.9205
0.9205
0.9205
0.9205
0.9205
0.9205
0.9204
0.9204
0.9204
0.9204
0.9204
0.9204
0.9204
0.9204
0.9204
0.9204
0.9203
0.9203
0.9203
0.9203
0.9203
0.9203
0.9203
0.9203
0.9203
0.9203
0.9202
0.9202
0.9202
0.9202
0.9202
0.9202
0.9202
0.9202
0.9202
0.9201
0.9201
0.9201
0.9201
0.9201
0.9201
0.9201
0.9201
0.9201
0.9201
0.9200
0.9200
0.9200
0.9200
0.9200
0.9200
0.9200
0.9200
0.9200
0.9199
0.9199
0.9199
0.9199
0.9199
0.9199
0.9199
0.9199
0.9199
0.9198
0.9198
0.9198
0.9198
0.9198
0.9198
0.9198
0.9198
0.9197
0.9197
0.9197
0.9197
0.9197
0.9197
0.9197
0.9197
0.9197
0.9196
0.9196
0.9196
0.9196
0.9196
0.9196
0.9196
0.9196
0.9195
0.9195
0.9195
0.9195
0.9195
0.9195
0.9195
0.9195
0.9194
0.9194
0.9194
0.9194
0.9194
0.9194
0.9194
0.9193
0.9193
0.9193
0.9193
0.9193
0.9193
0.9193
0.9192
0.9192
0.9192
0.9192
0.9192
0.9192
0.9192
0.9191
0.9191
0.9191
0.9191
0.9191
0.9191
0.9191
0.9190
0.9190
0.9190
0.9190
0.9190
0.9190
0.9189
0.9189
0.9189
0.9189
0.9189
0.9189
0.9188
0.9188
0.9188
0.9188
0.9188
0.9188
0.9187
0.9187
0.9187
0.9187
0.9187
0.9186
0.9186
0.9186
0.9186
0.9186
0.9186
0.9185
0.9185
0.9185
0.9185
0.9185
0.9184
0.9184
0.9184
0.9184
0.9184
0.9183
0.9183
0.9183
0.9183
0.9182
0.9182
0.9182
0.9182
0.9182
0.9181
0.9181
0.9181
0.9181
0.9180
0.9180
0.9180
0.9180
0.9179
0.9179
0.9179
0.9179
0.9179
0.9178
0.9178
0.9178
0.9177
0.9177
0.9177
0.9177
0.9176
0.9176
0.9176
0.9176
0.9175
0.9175
0.9175
0.9174
0.9174
0.9174
0.9174
0.9173
0.9173
0.9173
0.9172
0.9172
0.9172
0.9171
0.9171
0.9171
0.9170
0.9170
0.9170
0.9169
0.9169
0.9169
0.9168
0.9168
0.9168
0.9167
0.9167
0.9167
0.9166
0.9166
0.9166
0.9165
0.9165
0.9165
0.9164
0.9164
0.9163
0.9163
0.9163
0.9162
0.9162
0.9162
0.9161
0.9161
0.9160
0.9160
0.9160
0.9159
0.9159
0.9159
0.9158
0.9158
0.9157
0.9157
0.9157
0.9156
0.9156
0.9156
0.9155
0.9155
0.9155
0.9154
0.9154
0.9154
0.9153
0.9153
0.9153
0.9153
0.9152
0.9152
0.9152
0.9152
0.9152
0.9152
0.9151
0.9151
0.9151
0.9151
0.9151
0.9151
0.9151
0.9152
0.9152
0.9152
0.9152
0.9152
0.9153
0.9153
0.9154
0.9154
0.9155
0.9155
0.9156
0.9157
0.9158
0.9158
0.9159
0.9160
0.9161
0.9163
0.9164
0.9165
0.9166
0.9168
0.9169
0.9171
0.9173
0.9174
0.9176
0.9178
0.9179
0.9181
0.9183
0.9185
0.9187
0.9189
0.9191
0.9193
0.9195
0.9197
0.9199
0.9201
0.9203
0.9205
0.9207
0.9209
0.9211
0.9213
0.9215
0.9217
0.9219
0.9220
0.9222
0.9224
0.9225
0.9227
0.9228
0.9230
0.9231
0.9233
0.9234
0.9235
0.9236
0.9237
0.9238
0.9239
0.9240
0.9241
0.9242
0.9243
0.9244
0.9244
0.9245
0.9246
0.9246
0.9247
0.9247
0.9248
0.9248
0.9249
0.9249
0.9250
0.9250
0.9250
0.9250
0.9251
0.9251
0.9251
0.9251
0.9251
0.9251
0.9252
0.9252
0.9252
0.9252
0.9252
0.9252
0.9252
0.9252
0.9252
0.9252
0.9252
0.9252
0.9251
0.9251
0.9251
0.9251
0.9251
0.9251
0.9251
0.9251
0.9251
0.9250
0.9250
0.9250
0.9250
0.9250
0.9250
0.9249
0.9249
0.9249
0.9249
0.9249
0.9248
0.9248
0.9248
0.9248
0.9248
0.9247
0.9247
0.9247
0.9247
0.9247
0.9246
0.9246
0.9246
0.9246
0.9246
0.9245
0.9245
0.9245
0.9245
0.9244
0.9244
0.9244
0.9244
0.9244
0.9243
0.9243
0.9243
0.9243
0.9243
0.9242
0.9242
0.9242
0.9242
0.9241
0.9241
0.9241
0.9241
0.9241
0.9240
0.9240
0.9240
0.9240
0.9240
0.9239
0.9239
0.9239
0.9239
0.9239
0.9238
0.9238
0.9238
0.9238
0.9238
0.9237
0.9237
0.9237
0.9237
0.9237
0.9236
0.9236
0.9236
0.9236
0.9236
0.9236
0.9235
0.9235
0.9235
0.9235
0.9235
0.9234
0.9234
0.9234
0.9234
0.9234
0.9234
0.9233
0.9233
0.9233
0.9233
0.9233
0.9233
0.9232
0.9232
0.9232
0.9232
0.9232
0.9232
0.9231
0.9231
0.9231
0.9231
0.9231
0.9231
0.9230
0.9230
0.9230
0.9230
0.9230
0.9230
0.9230
0.9229
0.9229
0.9229
0.9229
0.9229
0.9229
0.9229
0.9228
0.9228
0.9228
0.9228
0.9228
0.9228
0.9228
0.9227
0.9227
0.9227
0.9227
0.9227
0.9227
0.9227
0.9226
0.9226
0.9226
0.9226
0.9226
0.9226
0.9226
0.9226
0.9225
0.9225
0.9225
0.9225
0.9225
0.9225
0.9225
0.9225
0.9224
0.9224
0.9224
0.9224
0.9224
0.9224
0.9224
0.9224
0.9223
0.9223
0.9223
0.9223
0.9223
0.9223
0.9223
0.9223
0.9223
0.9222
0.9222
0.9222
0.9222
0.9222
0.9222
0.9222
0.9222
0.9221
0.9221
0.9221
0.9221
0.9221
0.9221
0.9221
0.9221
0.9221
0.9221
0.9220
0.9220
0.9220
0.9220
0.9220
0.9220
0.9220
0.9220
0.9220
0.9219
0.9219
0.9219
0.9219
0.9219
0.9219
0.9219
0.9219
0.9219
0.9219
0.9218
0.9218
0.9218
0.9218
0.9218
0.9218
0.9218
0.9218
0.9218
0.9218
0.9217
0.9217
0.9217
0.9217
0.9217
0.9217
0.9217
0.9217
0.9217
0.9217
0.9216
0.9216
0.9216
0.9216
0.9216
0.9216
0.9216
0.9216
0.9216
0.9216
0.9216
0.9215
0.9215
0.9215
0.9215
0.9215
0.9215
0.9215
0.9215
0.9215
0.9215
0.9215
0.9214
0.9214
0.9214
0.9214
0.9214
0.9214
0.9214
0.9214
0.9214
0.9214
0.9214
0.9213
0.9213
0.9213
0.9213
0.9213
0.9213
0.9213
0.9213
0.9213
0.9213
0.9213
0.9212
0.9212
0.9212
0.9212
0.9212
0.9212
0.9212
0.9212
0.9212
0.9212
0.9212
0.9212
0.9211
0.9211
0.9211
0.9211
0.9211
0.9211
0.9211
0.9211
0.9211
0.9211
0.9211
0.9210
0.9210
0.9210
0.9210
0.9210
0.9210
0.9210
0.9210
0.9210
0.9210
0.9210
0.9210
0.9209
0.9209
0.9209
0.9209
0.9209
0.9209
0.9209
0.9209
0.9209
0.9209
0.9209
0.9208
0.9208
0.9208
0.9208
0.9208
0.9208
0.9208
0.9208
0.9208
0.9208
0.9208
0.9208
0.9207
0.9207
0.9207
0.9207
0.9207
0.9207
0.9207
0.9207
0.9207
0.9207
0.9207
0.9206
0.9206
0.9206
0.9206
0.9206
0.9206
0.9206
0.9206
0.9206
0.9206
0.9206
0.9205
0.9205
0.9205
0.9205
0.9205
0.9205
0.9205
0.9205
0.9205
0.9205
0.9205
0.9204
0.9204
0.9204
0.9204
0.9204
0.9204
0.9204
0.9204
0.9204
0.9204
0.9204
0.9203
0.9203
0.9203
0.9203
0.9203
0.9203
0.9203
0.9203
0.9203
0.9203
0.9202
0.9202
0.9202
0.9202
0.9202
0.9202
0.9202
0.9202
0.9202
0.9202
0.9201
0.9201
0.9201
0.9201
0.9201
0.9201
0.9201
0.9201
0.9201
0.9201
0.9200
0.9200
0.9200
0.9200
0.9200
0.9200
0.9200
0.9200
0.9200
0.9200
0.9199
0.9199
0.9199
0.9199
0.9199
0.9199
0.9199
0.9199
0.9199
0.9198
0.9198
0.9198
0.9198
0.9198
0.9198
0.9198
0.9198
0.9198
0.9197
0.9197
0.9197
0.9197
0.9197
0.9197
0.9197
0.9197
0.9196
0.9196
0.9196
0.9196
0.9196
0.9196
0.9196
0.9196
0.9196
0.9195
0.9195
0.9195
0.9195
0.9195
0.9195
0.9195
0.9195
0.9194
0.9194
0.9194
0.9194
0.9194
0.9194
0.9194
0.9193
0.9193
0.9193
0.9193
0.9193
0.9193
0.9193
0.9192
0.9192
0.9192
0.9192
0.9192
0.9192
0.9192
0.9191
0.9191
0.9191
0.9191
0.9191
0.9191
0.9191
0.9190
0.9190
0.9190
0.9190
0.9190
0.9190
0.9189
0.9189
0.9189
0.9189
0.9189
0.9189
0.9188
0.9188
0.9188
0.9188
0.9188
0.9188
0.9187
0.9187
0.9187
0.9187
0.9187
0.9187
0.9186
0.9186
0.9186
0.9186
0.9186
0.9185
0.9185
0.9185
0.9185
0.9185
0.9184
0.9184
0.9184
0.9184
0.9184
0.9183
0.9183
0.9183
0.9183
0.9183
0.9182
0.9182
0.9182
0.9182
0.9182
0.9181
0.9181
0.9181
0.9181
0.9180
0.9180
0.9180
0.9180
0.9179
0.9179
0.9179
0.9179
0.9178
0.9178
0.9178
0.9178
0.9177
0.9177
0.9177
0.9177
0.9176
0.9176
0.9176
0.9176
0.9175
0.9175
0.9175
0.9174
0.9174
0.9174
0.9174
0.9173
0.9173
0.9173
0.9172
0.9172
0.9172
0.9171
0.9171
0.9171
0.9170
0.9170
0.9170
0.9169
0.9169
0.9169
0.9168
0.9168
0.9168
0.9167
0.9167
0.9167
0.9166
0.9166
0.9166
0.9165
0.9165
0.9164
0.9164
0.9164
0.9163
0.9163
0.9163
0.9162
0.9162
0.9161
0.9161
0.9161
0.9160
0.9160
0.9160
0.9159
0.9159
0.9158
0.9158
0.9158
0.9157
0.9157
0.9157
0.9156
0.9156
0.9156
0.9155
0.9155
0.9155
0.9154
0.9154
0.9154
0.9153
0.9153
0.9153
0.9153
0.9152
0.9152
0.9152
0.9152
0.9152
0.9152
0.9151
0.9151
0.9151
0.9151
0.9151
0.9151
0.9151
0.9152
0.9152
0.9152
0.9152
0.9153
0.9153
0.9153
0.9154
0.9154
0.9155
0.9155
0.9156
0.9157
0.9158
0.9159
0.9160
0.9161
0.9162
0.9163
0.9164
0.9165
0.9167
0.9168
0.9170
0.9171
0.9173
0.9174
0.9176
0.9178
0.9180
0.9182
0.9184
0.9186
0.9187
0.9189
0.9191
0.9194
0.9196
0.9198
0.9200
0.9202
0.9204
0.9206
0.9208
0.9210
0.9212
0.9213
0.9215
0.9217
0.9219
0.9221
0.9222
0.9224
0.9226
0.9227
0.9229
0.9230
0.9231
0.9233
0.9234
0.9235
0.9236
0.9238
0.9239
0.9240
0.9241
0.9241
0.9242
0.9243
0.9244
0.9245
0.9245
0.9246
0.9246
0.9247
0.9248
0.9248
0.9248
0.9249
0.9249
0.9250
0.9250
0.9250
0.9250
0.9251
0.9251
0.9251
0.9251
0.9251
0.9251
0.9252
0.9252
0.9252
0.9252
0.9252
0.9252
0.9252
0.9252
0.9252
0.9252
0.9252
0.9252
0.9251
0.9251
0.9251
0.9251
0.9251
0.9251
0.9251
0.9251
0.9250
0.9250
0.9250
0.9250
0.9250
0.9250
0.9250
0.9249
0.9249
0.9249
0.9249
0.9249
0.9248
0.9248
0.9248
0.9248
0.9248
0.9247
0.9247
0.9247
0.9247
0.9247
0.9246
0.9246
0.9246
0.9246
0.9246
0.9245
0.9245
0.9245
0.9245
0.9244
0.9244
0.9244
0.9244
0.9244
0.9243
0.9243
0.9243
0.9243
0.9242
0.9242
0.9242
0.9242
0.9242
0.9241
0.9241
0.9241
0.9241
0.9241
0.9240
0.9240
0.9240
0.9240
0.9240
0.9239
0.9239
0.9239
0.9239
0.9239
0.9238
0.9238
0.9238
0.9238
0.9238
0.9237
0.9237
0.9237
0.9237
0.9237
0.9236
0.9236
0.9236
0.9236
0.9236
0.9236
0.9235
0.9235
0.9235
0.9235
0.9235
0.9234
0.9234
0.9234
0.9234
0.9234
0.9234
0.9233
0.9233
0.9233
0.9233
0.9233
0.9233
0.9232
0.9232
0.9232
0.9232
0.9232
0.9232
0.9231
0.9231
0.9231
0.9231
0.9231
0.9231
0.9230
0.9230
0.9230
0.9230
0.9230
0.9230
0.9230
0.9229
0.9229
0.9229
0.9229
0.9229
0.9229
0.9229
0.9228
0.9228
0.9228
0.9228
0.9228
0.9228
0.9228
0.9227
0.9227
0.9227
0.9227
0.9227
0.9227
0.9227
0.9226
0.9226
0.9226
0.9226
0.9226
0.9226
0.9226
0.9226
0.9225
0.9225
0.9225
0.9225
0.9225
0.9225
0.9225
0.9225
0.9224
0.9224
0.9224
0.9224
0.9224
0.9224
0.9224
0.9224
0.9223
0.9223
0.9223
0.9223
0.9223
0.9223
0.9223
0.9223
0.9222
0.9222
0.9222
0.9222
0.9222
0.9222
0.9222
0.9222
0.9222
0.9221
0.9221
0.9221
0.9221
0.9221
0.9221
0.9221
0.9221
0.9221
0.9220
0.9220
0.9220
0.9220
0.9220
0.9220
0.9220
0.9220
0.9220
0.9220
0.9219
0.9219
0.9219
0.9219
0.9219
0.9219
0.9219
0.9219
0.9219
0.9219
0.9218
0.9218
0.9218
0.9218
0.9218
0.9218
0.9218
0.9218
0.9218
0.9218
0.9217
0.9217
0.9217
0.9217
0.9217
0.9217
0.9217
0.9217
0.9217
0.9217
0.9216
0.9216
0.9216
0.9216
0.9216
0.9216
0.9216
0.9216
0.9216
0.9216
0.9216
0.9215
0.9215
0.9215
0.9215
0.9215
0.9215
0.9215
0.9215
0.9215
0.9215
0.9215
0.9214
0.9214
0.9214
0.9214
0.9214
0.9214
0.9214
0.9214
0.9214
0.9214
0.9214
0.9213
0.9213
0.9213
0.9213
0.9213
0.9213
0.9213
0.9213
0.9213
0.9213
0.9213
0.9212
0.9212
0.9212
0.9212
0.9212
0.9212
0.9212
0.9212
0.9212
0.9212
0.9212
0.9212
0.9211
0.9211
0.9211
0.9211
0.9211
0.9211
0.9211
0.9211
0.9211
0.9211
0.9211
0.9210
0.9210
0.9210
0.9210
0.9210
0.9210
0.9210
0.9210
0.9210
0.9210
0.9210
0.9209
0.9209
0.9209
0.9209
0.9209
0.9209
0.9209
0.9209
0.9209
0.9209
0.9209
0.9209
0.9208
0.9208
0.9208
0.9208
0.9208
0.9208
0.9208
0.9208
0.9208
0.9208
0.9208
0.9207
0.9207
0.9207
0.9207
0.9207
0.9207
0.9207
0.9207
0.9207
0.9207
0.9207
0.9207
0.9206
0.9206
0.9206
0.9206
0.9206
0.9206
0.9206
0.9206
0.9206
0.9206
0.9206
0.9205
0.9205
0.9205
0.9205
0.9205
0.9205
0.9205
0.9205
0.9205
0.9205
0.9205
0.9204
0.9204
0.9204
0.9204
0.9204
0.9204
0.9204
0.9204
0.9204
0.9204
0.9203
0.9203
0.9203
0.9203
0.9203
0.9203
0.9203
0.9203
0.9203
0.9203
0.9203
0.9202
0.9202
0.9202
0.9202
0.9202
0.9202
0.9202
0.9202
0.9202
0.9202
0.9201
0.9201
0.9201
0.9201
0.9201
0.9201
0.9201
0.9201
0.9201
0.9201
0.9200
0.9200
0.9200
0.9200
0.9200
0.9200
0.9200
0.9200
0.9200
0.9200
0.9199
0.9199
0.9199
0.9199
0.9199
0.9199
0.9199
0.9199
0.9199
0.9198
0.9198
0.9198
0.9198
0.9198
0.9198
0.9198
0.9198
0.9198
0.9197
0.9197
0.9197
0.9197
0.9197
0.9197
0.9197
0.9197
0.9196
0.9196
0.9196
0.9196
0.9196
0.9196
0.9196
0.9196
0.9195
0.9195
0.9195
0.9195
0.9195
0.9195
0.9195
0.9195
0.9194
0.9194
0.9194
0.9194
0.9194
0.9194
0.9194
0.9194
0.9193
0.9193
0.9193
0.9193
0.9193
0.9193
0.9193
0.9192
0.9192
0.9192
0.9192
0.9192
0.9192
0.9192
0.9191
0.9191
0.9191
0.9191
0.9191
0.9191
0.9191
0.9190
0.9190
0.9190
0.9190
0.9190
0.9190
0.9189
0.9189
0.9189
0.9189
0.9189
0.9189
0.9188
0.9188
0.9188
0.9188
0.9188
0.9188
0.9187
0.9187
0.9187
0.9187
0.9187
0.9187
0.9186
0.9186
0.9186
0.9186
0.9186
0.9185
0.9185
0.9185
0.9185
0.9185
0.9184
0.9184
0.9184
0.9184
0.9184
0.9183
0.9183
0.9183
0.9183
0.9183
0.9182
0.9182
0.9182
0.9182
0.9181
0.9181
0.9181
0.9181
0.9181
0.9180
0.9180
0.9180
0.9180
0.9179
0.9179
0.9179
0.9179
0.9178
0.9178
0.9178
0.9178
0.9177
0.9177
0.9177
0.9177
0.9176
0.9176
0.9176
0.9175
0.9175
0.9175
0.9175
0.9174
0.9174
0.9174
0.9173
0.9173
0.9173
0.9173
0.9172
0.9172
0.9172
0.9171
0.9171
0.9171
0.9170
0.9170
0.9170
0.9169
0.9169
0.9169
0.9168
0.9168
0.9168
0.9167
0.9167
0.9167
0.9166
0.9166
0.9166
0.9165
0.9165
0.9164
0.9164
0.9164
0.9163
0.9163
0.9163
0.9162
0.9162
0.9161
0.9161
0.9161
0.9160
0.9160
0.9160
0.9159
0.9159
0.9158
0.9158
0.9158
0.9157
0.9157
0.9157
0.9156
0.9156
0.9155
0.9155
0.9155
0.9154
0.9154
0.9154
0.9154
0.9153
0.9153
0.9153
0.9153
0.9152
0.9152
0.9152
0.9152
0.9152
0.9151
0.9151
0.9151
0.9151
0.9151
0.9151
0.9151
0.9151
0.9152
0.9152
0.9152
0.9152
0.9153
0.9153
0.9153
0.9154
0.9154
0.9155
0.9156
0.9156
0.9157
0.9158
0.9159
0.9160
0.9161
0.9162
0.9163
0.9164
0.9166
0.9167
0.9168
0.9170
0.9172
0.9173
0.9175
0.9177
0.9178
0.9180
0.9182
0.9184
0.9186
0.9188
0.9190
0.9192
0.9194
0.9196
0.9198
0.9200
0.9202
0.9204
0.9206
0.9208
0.9210
0.9212
0.9214
0.9216
0.9217
0.9219
0.9221
0.9223
0.9224
0.9226
0.9227
0.9229
0.9230
0.9232
0.9233
0.9234
0.9235
0.9237
0.9238
0.9239
0.9240
0.9241
0.9242
0.9242
0.9243
0.9244
0.9245
0.9245
0.9246
0.9247
0.9247
0.9248
0.9248
0.9249
0.9249
0.9249
0.9250
0.9250
0.9250
0.9250
0.9251
0.9251
0.9251
0.9251
0.9251
0.9251
0.9252
0.9252
0.9252
0.9252
0.9252
0.9252
0.9252
0.9252
0.9252
0.9252
0.9252
0.9251
0.9251
0.9251
0.9251
0.9251
0.9251
0.9251
0.9251
0.9251
0.9250
0.9250
0.9250
0.9250
0.9250
0.9250
0.9249
0.9249
0.9249
0.9249
0.9249
0.9249
0.9248
0.9248
0.9248
0.9248
0.9248
0.9247
0.9247
0.9247
0.9247
0.9247
0.9246
0.9246
0.9246
0.9246
0.9245
0.9245
0.9245
0.9245
0.9245
0.9244
0.9244
0.9244
0.9244
0.9244
0.9243
0.9243
0.9243
0.9243
0.9242
0.9242
0.9242
0.9242
0.9242
0.9241
0.9241
0.9241
0.9241
0.9241
0.9240
0.9240
0.9240
0.9240
0.9240
0.9239
0.9239
0.9239
0.9239
0.9239
0.9238
0.9238
0.9238
0.9238
0.9238
0.9237
0.9237
0.9237
0.9237
0.9237
0.9236
0.9236
0.9236
0.9236
0.9236
0.9235
0.9235
0.9235
0.9235
0.9235
0.9235
0.9234
0.9234
0.9234
0.9234
0.9234
0.9234
0.9233
0.9233
0.9233
0.9233
0.9233
0.9233
0.9232
0.9232
0.9232
0.9232
0.9232
0.9232
0.9231
0.9231
0.9231
0.9231
0.9231
0.9231
0.9230
0.9230
0.9230
0.9230
0.9230
0.9230
0.9230
0.9229
0.9229
0.9229
0.9229
0.9229
0.9229
0.9228
0.9228
0.9228
0.9228
0.9228
0.9228
0.9228
0.9227
0.9227
0.9227
0.9227
0.9227
0.9227
0.9227
0.9227
0.9226
0.9226
0.9226
0.9226
0.9226
0.9226
0.9226
0.9226
0.9225
0.9225
0.9225
0.9225
0.9225
0.9225
0.9225
0.9224
0.9224
0.9224
0.9224
0.9224
0.9224
0.9224
0.9224
0.9224
0.9223
0.9223
0.9223
0.9223
0.9223
0.9223
0.9223
0.9223
0.9222
0.9222
0.9222
0.9222
0.9222
0.9222
0.9222
0.9222
0.9222
0.9221
0.9221
0.9221
0.9221
0.9221
0.9221
0.9221
0.9221
0.9221
0.9220
0.9220
0.9220
0.9220
0.9220
0.9220
0.9220
0.9220
0.9220
0.9220
0.9219
0.9219
0.9219
0.9219
0.9219
0.9219
0.9219
0.9219
0.9219
0.9219
0.9218
0.9218
0.9218
0.9218
0.9218
0.9218
0.9218
0.9218
0.9218
0.9218
0.9217
0.9217
0.9217
0.9217
0.9217
0.9217
0.9217
0.9217
0.9217
0.9217
0.9216
0.9216
0.9216
0.9216
0.9216
0.9216
0.9216
0.9216
0.9216
0.9216
0.9216
0.9215
0.9215
0.9215
0.9215
0.9215
0.9215
0.9215
0.9215
0.9215
0.9215
0.9215
0.9214
0.9214
0.9214
0.9214
0.9214
0.9214
0.9214
0.9214
0.9214
0.9214
0.9214
0.9213
0.9213
0.9213
0.9213
0.9213
0.9213
0.9213
0.9213
0.9213
0.9213
0.9213
0.9212
0.9212
0.9212
0.9212
0.9212
0.9212
0.9212
0.9212
0.9212
0.9212
0.9212
0.9211
0.9211
0.9211
0.9211
0.9211
0.9211
0.9211
0.9211
0.9211
0.9211
0.9211
0.9211
0.9210
0.9210
0.9210
0.9210
0.9210
0.9210
0.9210
0.9210
0.9210
0.9210
0.9210
0.9209
0.9209
0.9209
0.9209
0.9209
0.9209
0.9209
0.9209
0.9209
0.9209
0.9209
0.9209
0.9208
0.9208
0.9208
0.9208
0.9208
0.9208
0.9208
0.9208
0.9208
0.9208
0.9208
0.9207
0.9207
0.9207
0.9207
0.9207
0.9207
0.9207
0.9207
0.9207
0.9207
0.9207
0.9206
0.9206
0.9206
0.9206
0.9206
0.9206
0.9206
0.9206
0.9206
0.9206
0.9206
0.9206
0.9205
0.9205
0.9205
0.9205
0.9205
0.9205
0.9205
0.9205
0.9205
0.9205
0.9205
0.9204
0.9204
0.9204
0.9204
0.9204
0.9204
0.9204
0.9204
0.9204
0.9204
0.9203
0.9203
0.9203
0.9203
0.9203
0.9203
0.9203
0.9203
0.9203
0.9203
0.9203
0.9202
0.9202
0.9202
0.9202
0.9202
0.9202
0.9202
0.9202
0.9202
0.9202
0.9201
0.9201
0.9201
0.9201
0.9201
0.9201
0.9201
0.9201
0.9201
0.9201
0.9200
0.9200
0.9200
0.9200
0.9200
0.9200
0.9200
0.9200
0.9200
0.9199
0.9199
0.9199
0.9199
0.9199
0.9199
0.9199
0.9199
0.9199
0.9199
0.9198
0.9198
0.9198
0.9198
0.9198
0.9198
0.9198
0.9198
0.9198
0.9197
0.9197
0.9197
0.9197
0.9197
0.9197
0.9197
0.9197
0.9196
0.9196
0.9196
0.9196
0.9196
0.9196
0.9196
0.9196
0.9195
0.9195
0.9195
0.9195
0.9195
0.9195
0.9195
0.9195
0.9194
0.9194
0.9194
0.9194
0.9194
0.9194
0.9194
0.9194
0.9193
0.9193
0.9193
0.9193
0.9193
0.9193
0.9193
0.9192
0.9192
0.9192
0.9192
0.9192
0.9192
0.9192
0.9191
0.9191
0.9191
0.9191
0.9191
0.9191
0.9191
0.9190
0.9190
0.9190
0.9190
0.9190
0.9190
0.9189
0.9189
0.9189
0.9189
0.9189
0.9189
0.9188
0.9188
0.9188
0.9188
0.9188
0.9188
0.9187
0.9187
0.9187
0.9187
0.9187
0.9186
0.9186
0.9186
0.9186
0.9186
0.9186
0.9185
0.9185
0.9185
0.9185
0.9185
0.9184
0.9184
0.9184
0.9184
0.9184
0.9183
0.9183
0.9183
0.9183
0.9183
0.9182
0.9182
0.9182
0.9182
0.9181
0.9181
0.9181
0.9181
0.9181
0.9180
0.9180
0.9180
0.9180
0.9179
0.9179
0.9179
0.9179
0.9178
0.9178
0.9178
0.9178
0.9177
0.9177
0.9177
0.9177
0.9176
0.9176
0.9176
0.9175
0.9175
0.9175
0.9175
0.9174
0.9174
0.9174
0.9173
0.9173
0.9173
0.9172
0.9172
0.9172
0.9172
0.9171
0.9171
0.9171
0.9170
0.9170
0.9170
0.9169
0.9169
0.9169
0.9168
0.9168
0.9168
0.9167
0.9167
0.9167
0.9166
0.9166
0.9165
0.9165
0.9165
0.9164
0.9164
0.9164
0.9163
0.9163
0.9162
0.9162
0.9162
0.9161
0.9161
0.9161
0.9160
0.9160
0.9159
0.9159
0.9159
0.9158
0.9158
0.9158
0.9157
0.9157
0.9156
0.9156
0.9156
0.9155
0.9155
0.9155
0.9154
0.9154
0.9154
0.9154
0.9153
0.9153
0.9153
0.9152
0.9152
0.9152
0.9152
0.9152
0.9152
0.9151
0.9151
0.9151
0.9151
0.9151
0.9151
0.9151
0.9151
0.9152
0.9152
0.9152
0.9152
0.9153
0.9153
0.9153
0.9154
0.9154
0.9155
0.9156
0.9156
0.9157
0.9158
0.9159
0.9160
0.9161
0.9162
0.9163
0.9165
0.9166
0.9167
0.9169
0.9170
0.9172
0.9173
0.9175
0.9177
0.9179
0.9181
0.9182
0.9184
0.9186
0.9188
0.9190
0.9192
0.9194
0.9196
0.9198
0.9200
0.9202
0.9204
0.9206
0.9208
0.9210
0.9212
0.9214
0.9216
0.9218
0.9220
0.9221
0.9223
0.9225
0.9226
0.9228
0.9229
0.9231
0.9232
0.9233
0.9235
0.9236
0.9237
0.9238
0.9239
0.9240
0.9241
0.9242
0.9243
0.9243
0.9244
0.9245
0.9246
0.9246
0.9247
0.9247
0.9248
0.9248
0.9249
0.9249
0.9249
0.9250
0.9250
0.9250
0.9251
0.9251
0.9251
0.9251
0.9251
0.9251
0.9251
0.9252
0.9252
0.9252
0.9252
0.9252
0.9252
0.9252
0.9252
0.9252
0.9252
0.9252
0.9251
0.9251
0.9251
0.9251
0.9251
0.9251
0.9251
0.9251
0.9251
0.9250
0.9250
0.9250
0.9250
0.9250
0.9250
0.9249
0.9249
0.9249
0.9249
0.9249
0.9249
0.9248
0.9248
0.9248
0.9248
0.9248
0.9247
0.9247
0.9247
0.9247
0.9246
0.9246
0.9246
0.9246
0.9246
0.9245
0.9245
0.9245
0.9245
0.9245
0.9244
0.9244
0.9244
0.9244
0.9243
0.9243
0.9243
0.9243
0.9243
0.9242
0.9242
0.9242
0.9242
0.9242
0.9241
0.9241
0.9241
0.9241
0.9241
0.9240
0.9240
0.9240
0.9240
0.9239
0.9239
0.9239
0.9239
0.9239
0.9238
0.9238
0.9238
0.9238
0.9238
0.9238
0.9237
0.9237
0.9237
0.9237
0.9237
0.9236
0.9236
0.9236
0.9236
0.9236
0.9235
0.9235
0.9235
0.9235
0.9235
0.9235
0.9234
0.9234
0.9234
0.9234
0.9234
0.9233
0.9233
0.9233
0.9233
0.9233
0.9233
0.9232
0.9232
0.9232
0.9232
0.9232
0.9232
0.9231
0.9231
0.9231
0.9231
0.9231
0.9231
0.9231
0.9230
0.9230
0.9230
0.9230
0.9230
0.9230
0.9229
0.9229
0.9229
0.9229
0.9229
0.9229
0.9229
0.9228
0.9228
0.9228
0.9228
0.9228
0.9228
0.9228
0.9227
0.9227
0.9227
0.9227
0.9227
0.9227
0.9227
0.9227
0.9226
0.9226
0.9226
0.9226
0.9226
0.9226
0.9226
0.9225
0.9225
0.9225
0.9225
0.9225
0.9225
0.9225
0.9225
0.9224
0.9224
0.9224
0.9224
0.9224
0.9224
0.9224
0.9224
0.9223
0.9223
0.9223
0.9223
0.9223
0.9223
0.9223
0.9223
0.9223
0.9222
0.9222
0.9222
0.9222
0.9222
0.9222
0.9222
0.9222
0.9222
0.9221
0.9221
0.9221
0.9221
0.9221
0.9221
0.9221
0.9221
0.9221
0.9220
0.9220
0.9220
0.9220
0.9220
0.9220
0.9220
0.9220
0.9220
0.9220
0.9219
0.9219
0.9219
0.9219
0.9219
0.9219
0.9219
0.9219
0.9219
0.9218
0.9218
0.9218
0.9218
0.9218
0.9218
0.9218
0.9218
0.9218
0.9218
0.9218
0.9217
0.9217
0.9217
0.9217
0.9217
0.9217
0.9217
0.9217
0.9217
0.9217
0.9216
0.9216
0.9216
0.9216
0.9216
0.9216
0.9216
0.9216
0.9216
0.9216
0.9216
0.9215
0.9215
0.9215
0.9215
0.9215
0.9215
0.9215
0.9215
0.9215
0.9215
0.9214
0.9214
0.9214
0.9214
0.9214
0.9214
0.9214
0.9214
0.9214
0.9214
0.9214
0.9214
0.9213
0.9213
0.9213
0.9213
0.9213
0.9213
0.9213
0.9213
0.9213
0.9213
0.9213
0.9212
0.9212
0.9212
0.9212
0.9212
0.9212
0.9212
0.9212
0.9212
0.9212
0.9212
0.9211
0.9211
0.9211
0.9211
0.9211
0.9211
0.9211
0.9211
0.9211
0.9211
0.9211
0.9211
0.9210
0.9210
0.9210
0.9210
0.9210
0.9210
0.9210
0.9210
0.9210
0.9210
0.9210
0.9209
0.9209
0.9209
0.9209
0.9209
0.9209
0.9209
0.9209
0.9209
0.9209
0.9209
0.9209
0.9208
0.9208
0.9208
0.9208
0.9208
0.9208
0.9208
0.9208
0.9208
0.9208
0.9208
0.9207
0.9207
0.9207
0.9207
0.9207
0.9207
0.9207
0.9207
0.9207
0.9207
0.9207
0.9206
0.9206
0.9206
0.9206
0.9206
0.9206
0.9206
0.9206
0.9206
0.9206
0.9206
0.9205
0.9205
0.9205
0.9205
0.9205
0.9205
0.9205
0.9205
0.9205
0.9205
0.9205
0.9204
0.9204
0.9204
0.9204
0.9204
0.9204
0.9204
0.9204
0.9204
0.9204
0.9204
0.9203
0.9203
0.9203
0.9203
0.9203
0.9203
0.9203
0.9203
0.9203
0.9203
0.9203
0.9202
0.9202
0.9202
0.9202
0.9202
0.9202
0.9202
0.9202
0.9202
0.9202
0.9201
0.9201
0.9201
0.9201
0.9201
0.9201
0.9201
0.9201
0.9201
0.9201
0.9200
0.9200
0.9200
0.9200
0.9200
0.9200
0.9200
0.9200
0.9200
0.9199
0.9199
0.9199
0.9199
0.9199
0.9199
0.9199
0.9199
0.9199
0.9198
0.9198
0.9198
0.9198
0.9198
0.9198
0.9198
0.9198
0.9198
0.9197
0.9197
0.9197
0.9197
0.9197
0.9197
0.9197
0.9197
0.9197
0.9196
0.9196
0.9196
0.9196
0.9196
0.9196
0.9196
0.9196
0.9195
0.9195
0.9195
0.9195
0.9195
0.9195
0.9195
0.9195
0.9194
0.9194
0.9194
0.9194
0.9194
0.9194
0.9194
0.9194
0.9193
0.9193
0.9193
0.9193
0.9193
0.9193
0.9193
0.9192
0.9192
0.9192
0.9192
0.9192
0.9192
0.9192
0.9191
0.9191
0.9191
0.9191
0.9191
0.9191
0.9190
0.9190
0.9190
0.9190
0.9190
0.9190
0.9190
0.9189
0.9189
0.9189
0.9189
0.9189
0.9189
0.9188
0.9188
0.9188
0.9188
0.9188
0.9188
0.9187
0.9187
0.9187
0.9187
0.9187
0.9186
0.9186
0.9186
0.9186
0.9186
0.9186
0.9185
0.9185
0.9185
0.9185
0.9185
0.9184
0.9184
0.9184
0.9184
0.9184
0.9183
0.9183
0.9183
0.9183
0.9182
0.9182
0.9182
0.9182
0.9182
0.9181
0.9181
0.9181
0.9181
0.9180
0.9180
0.9180
0.9180
0.9180
0.9179
0.9179
0.9179
0.9179
0.9178
0.9178
0.9178
0.9178
0.9177
0.9177
0.9177
0.9176
0.9176
0.9176
0.9176
0.9175
0.9175
0.9175
0.9175
0.9174
0.9174
0.9174
0.9173
0.9173
0.9173
0.9172
0.9172
0.9172
0.9171
0.9171
0.9171
0.9171
0.9170
0.9170
0.9170
0.9169
0.9169
0.9169
0.9168
0.9168
0.9168
0.9167
0.9167
0.9166
0.9166
0.9166
0.9165
0.9165
0.9165
0.9164
0.9164
0.9164
0.9163
0.9163
0.9162
0.9162
0.9162
0.9161
0.9161
0.9161
0.9160
0.9160
0.9159
0.9159
0.9159
0.9158
0.9158
0.9158
0.9157
0.9157
0.9156
0.9156
0.9156
0.9155
0.9155
0.9155
0.9154
0.9154
0.9154
0.9153
0.9153
0.9153
0.9153
0.9152
0.9152
0.9152
0.9152
0.9152
0.9152
0.9151
0.9151
0.9151
0.9151
0.9151
0.9151
0.9151
0.9152
0.9152
0.9152
0.9152
0.9152
0.9153
0.9153
0.9154
0.9154
0.9155
0.9155
0.9156
0.9157
0.9157
0.9158
0.9159
0.9160
0.9161
0.9162
0.9164
0.9165
0.9166
0.9168
0.9169
0.9171
0.9172
0.9174
0.9175
0.9177
0.9179
0.9181
0.9183
0.9185
0.9187
0.9189
0.9191
0.9193
0.9195
0.9197
0.9199
0.9201
0.9203
0.9205
0.9207
0.9209
0.9211
0.9213
0.9215
0.9216
0.9218
0.9220
0.9222
0.9223
0.9225
0.9226
0.9228
0.9229
0.9231
0.9232
0.9234
0.9235
0.9236
0.9237
0.9238
0.9239
0.9240
0.9241
0.9242
0.9243
0.9244
0.9244
0.9245
0.9246
0.9246
0.9247
0.9247
0.9248
0.9248
0.9249
0.9249
0.9249
0.9250
0.9250
0.9250
0.9251
0.9251
0.9251
0.9251
0.9251
0.9251
0.9252
0.9252
0.9252
0.9252
0.9252
0.9252
0.9252
0.9252
0.9252
0.9252
0.9252
0.9252
0.9251
0.9251
0.9251
0.9251
0.9251
0.9251
0.9251
0.9251
0.9251
0.9250
0.9250
0.9250
0.9250
0.9250
0.9250
0.9249
0.9249
0.9249
0.9249
0.9249
0.9248
0.9248
0.9248
0.9248
0.9248
0.9247
0.9247
0.9247
0.9247
0.9247
0.9246
0.9246
0.9246
0.9246
0.9246
0.9245
0.9245
0.9245
0.9245
0.9245
0.9244
0.9244
0.9244
0.9244
0.9243
0.9243
0.9243
0.9243
0.9243
0.9242
0.9242
0.9242
0.9242
0.9242
0.9241
0.9241
0.9241
0.9241
0.9240
0.9240
0.9240
0.9240
0.9240
0.9239
0.9239
0.9239
0.9239
0.9239
0.9238
0.9238
0.9238
0.9238
0.9238
0.9237
0.9237
0.9237
0.9237
0.9237
0.9237
0.9236
0.9236
0.9236
0.9236
0.9236
0.9235
0.9235
0.9235
0.9235
0.9235
0.9234
0.9234
0.9234
0.9234
0.9234
0.9234
0.9233
0.9233
0.9233
0.9233
0.9233
0.9233
0.9232
0.9232
0.9232
0.9232
0.9232
0.9232
0.9231
0.9231
0.9231
0.9231
0.9231
0.9231
0.9231
0.9230
0.9230
0.9230
0.9230
0.9230
0.9230
0.9229
0.9229
0.9229
0.9229
0.9229
0.9229
0.9229
0.9228
0.9228
0.9228
0.9228
0.9228
0.9228
0.9228
0.9227
0.9227
0.9227
0.9227
0.9227
0.9227
0.9227
0.9226
0.9226
0.9226
0.9226
0.9226
0.9226
0.9226
0.9226
0.9225
0.9225
0.9225
0.9225
0.9225
0.9225
0.9225
0.9225
0.9224
0.9224
0.9224
0.9224
0.9224
0.9224
0.9224
0.9224
0.9223
0.9223
0.9223
0.9223
0.9223
0.9223
0.9223
0.9223
0.9223
0.9222
0.9222
0.9222
0.9222
0.9222
0.9222
0.9222
0.9222
0.9222
0.9221
0.9221
0.9221
0.9221
0.9221
0.9221
0.9221
0.9221
0.9221
0.9220
0.9220
0.9220
0.9220
0.9220
0.9220
0.9220
0.9220
0.9220
0.9219
0.9219
0.9219
0.9219
0.9219
0.9219
0.9219
0.9219
0.9219
0.9219
0.9218
0.9218
0.9218
0.9218
0.9218
0.9218
0.9218
0.9218
0.9218
0.9218
0.9217
0.9217
0.9217
0.9217
0.9217
0.9217
0.9217
0.9217
0.9217
0.9217
0.9217
0.9216
0.9216
0.9216
0.9216
0.9216
0.9216
0.9216
0.9216
0.9216
0.9216
0.9215
0.9215
0.9215
0.9215
0.9215
0.9215
0.9215
0.9215
0.9215
0.9215
0.9215
0.9214
0.9214
0.9214
0.9214
0.9214
0.9214
0.9214
0.9214
0.9214
0.9214
0.9214
0.9213
0.9213
0.9213
0.9213
0.9213
0.9213
0.9213
0.9213
0.9213
0.9213
0.9213
0.9213
0.9212
0.9212
0.9212
0.9212
0.9212
0.9212
0.9212
0.9212
0.9212
0.9212
0.9212
0.9211
0.9211
0.9211
0.9211
0.9211
0.9211
0.9211
0.9211
0.9211
0.9211
0.9211
0.9210
0.9210
0.9210
0.9210
0.9210
0.9210
0.9210
0.9210
0.9210
0.9210
0.9210
0.9210
0.9209
0.9209
0.9209
0.9209
0.9209
0.9209
0.9209
0.9209
0.9209
0.9209
0.9209
0.9208
0.9208
0.9208
0.9208
0.9208
0.9208
0.9208
0.9208
0.9208
0.9208
0.9208
0.9208
0.9207
0.9207
0.9207
0.9207
0.9207
0.9207
0.9207
0.9207
0.9207
0.9207
0.9207
0.9206
0.9206
0.9206
0.9206
0.9206
0.9206
0.9206
0.9206
0.9206
0.9206
0.9206
0.9205
0.9205
0.9205
0.9205
0.9205
0.9205
0.9205
0.9205
0.9205
0.9205
0.9205
0.9204
0.9204
0.9204
0.9204
0.9204
0.9204
0.9204
0.9204
0.9204
0.9204
0.9204
0.9203
0.9203
0.9203
0.9203
0.9203
0.9203
0.9203
0.9203
0.9203
0.9203
0.9202
0.9202
0.9202
0.9202
0.9202
0.9202
0.9202
0.9202
0.9202
0.9202
0.9202
0.9201
0.9201
0.9201
0.9201
0.9201
0.9201
0.9201
0.9201
0.9201
0.9200
0.9200
0.9200
0.9200
0.9200
0.9200
0.9200
0.9200
0.9200
0.9200
0.9199
0.9199
0.9199
0.9199
0.9199
0.9199
0.9199
0.9199
0.9199
0.9198
0.9198
0.9198
0.9198
0.9198
0.9198
0.9198
0.9198
0.9198
0.9197
0.9197
0.9197
0.9197
0.9197
0.9197
0.9197
0.9197
0.9197
0.9196
0.9196
0.9196
0.9196
0.9196
0.9196
0.9196
0.9196
0.9195
0.9195
0.9195
0.9195
0.9195
0.9195
0.9195
0.9195
0.9194
0.9194
0.9194
0.9194
0.9194
0.9194
0.9194
0.9193
0.9193
0.9193
0.9193
0.9193
0.9193
0.9193
0.9193
0.9192
0.9192
0.9192
0.9192
0.9192
0.9192
0.9192
0.9191
0.9191
0.9191
0.9191
0.9191
0.9191
0.9190
0.9190
0.9190
0.9190
0.9190
0.9190
0.9190
0.9189
0.9189
0.9189
0.9189
0.9189
0.9189
0.9188
0.9188
0.9188
0.9188
0.9188
0.9188
0.9187
0.9187
0.9187
0.9187
0.9187
0.9186
0.9186
0.9186
0.9186
0.9186
0.9185
0.9185
0.9185
0.9185
0.9185
0.9185
0.9184
0.9184
0.9184
0.9184
0.9184
0.9183
0.9183
0.9183
0.9183
0.9182
0.9182
0.9182
0.9182
0.9182
0.9181
0.9181
0.9181
0.9181
0.9180
0.9180
0.9180
0.9180
0.9179
0.9179
0.9179
0.9179
0.9178
0.9178
0.9178
0.9178
0.9177
0.9177
0.9177
0.9177
0.9176
0.9176
0.9176
0.9176
0.9175
0.9175
0.9175
0.9174
0.9174
0.9174
0.9174
0.9173
0.9173
0.9173
0.9172
0.9172
0.9172
0.9171
0.9171
0.9171
0.9170
0.9170
0.9170
0.9169
0.9169
0.9169
0.9168
0.9168
0.9168
0.9167
0.9167
0.9167
0.9166
0.9166
0.9166
0.9165
0.9165
0.9165
0.9164
0.9164
0.9163
0.9163
0.9163
0.9162
0.9162
0.9162
0.9161
0.9161
0.9160
0.9160
0.9160
0.9159
0.9159
0.9159
0.9158
0.9158
0.9157
0.9157
0.9157
0.9156
0.9156
0.9156
0.9155
0.9155
0.9155
0.9154
0.9154
0.9154
0.9153
0.9153
0.9153
0.9153
0.9152
0.9152
0.9152
0.9152
0.9152
0.9152
0.9151
0.9151
0.9151
0.9151
0.9151
0.9151
0.9151
0.9152
0.9152
0.9152
0.9152
0.9152
0.9153
0.9153
0.9154
0.9154
0.9155
0.9155
0.9156
0.9157
0.9158
0.9158
0.9159
0.9160
0.9161
0.9163
0.9164
0.9165
0.9166
0.9168
0.9169
0.9171
0.9172
0.9174
0.9176
0.9178
0.9179
0.9181
0.9183
0.9185
0.9187
0.9189
0.9191
0.9193
0.9195
0.9197
0.9199
0.9201
0.9203
0.9205
0.9207
0.9209
0.9211
0.9213
0.9215
0.9217
0.9219
0.9220
0.9222
0.9224
0.9225
0.9227
0.9228
0.9230
0.9231
0.9232
0.9234
0.9235
0.9236
0.9237
0.9238
0.9239
0.9240
0.9241
0.9242
0.9243
0.9244
0.9244
0.9245
0.9246
0.9246
0.9247
0.9247
0.9248
0.9248
0.9249
0.9249
0.9250
0.9250
0.9250
0.9250
0.9251
0.9251
0.9251
0.9251
0.9251
0.9251
0.9252
0.9252
0.9252
0.9252
0.9252
0.9252
0.9252
0.9252
0.9252
0.9252
0.9252
0.9252
0.9251
0.9251
0.9251
0.9251
0.9251
0.9251
0.9251
0.9251
0.9251
0.9250
0.9250
0.9250
0.9250
0.9250
0.9250
0.9249
0.9249
0.9249
0.9249
0.9249
0.9248
0.9248
0.9248
0.9248
0.9248
0.9247
0.9247
0.9247
0.9247
0.9247
0.9246
0.9246
0.9246
0.9246
0.9246
0.9245
0.9245
0.9245
0.9245
0.9244
0.9244
0.9244
0.9244
0.9244
0.9243
0.9243
0.9243
0.9243
0.9243
0.9242
0.9242
0.9242
0.9242
0.9241
0.9241
0.9241
0.9241
0.9241
0.9240
0.9240
0.9240
0.9240
0.9240
0.9239
0.9239
0.9239
0.9239
0.9239
0.9238
0.9238
0.9238
0.9238
0.9238
0.9237
0.9237
0.9237
0.9237
0.9237
0.9236
0.9236
0.9236
0.9236
0.9236
0.9236
0.9235
0.9235
0.9235
0.9235
0.9235
0.9234
0.9234
0.9234
0.9234
0.9234
0.9234
0.9233
0.9233
0.9233
0.9233
0.9233
0.9233
0.9232
0.9232
0.9232
0.9232
0.9232
0.9232
0.9231
0.9231
0.9231
0.9231
0.9231
0.9231
0.9230
0.9230
0.9230
0.9230
0.9230
0.9230
0.9230
0.9229
0.9229
0.9229
0.9229
0.9229
0.9229
0.9229
0.9228
0.9228
0.9228
0.9228
0.9228
0.9228
0.9228
0.9227
0.9227
0.9227
0.9227
0.9227
0.9227
0.9227
0.9226
0.9226
0.9226
0.9226
0.9226
0.9226
0.9226
0.9226
0.9225
0.9225
0.9225
0.9225
0.9225
0.9225
0.9225
0.9225
0.9224
0.9224
0.9224
0.9224
0.9224
0.9224
0.9224
0.9224
0.9223
0.9223
0.9223
0.9223
0.9223
0.9223
0.9223
0.9223
0.9223
0.9222
0.9222
0.9222
0.9222
0.9222
0.9222
0.9222
0.9222
0.9222
0.9221
0.9221
0.9221
0.9221
0.9221
0.9221
0.9221
0.9221
0.9221
0.9220
0.9220
0.9220
0.9220
0.9220
0.9220
0.9220
0.9220
0.9220
0.9219
0.9219
0.9219
0.9219
0.9219
0.9219
0.9219
0.9219
0.9219
0.9219
0.9218
0.9218
0.9218
0.9218
0.9218
0.9218
0.9218
0.9218
0.9218
0.9218
0.9217
0.9217
0.9217
0.9217
0.9217
0.9217
0.9217
0.9217
0.9217
0.9217
0.9217
0.9216
0.9216
0.9216
0.9216
0.9216
0.9216
0.9216
0.9216
0.9216
0.9216
0.9215
0.9215
0.9215
0.9215
0.9215
0.9215
0.9215
0.9215
0.9215
0.9215
0.9215
0.9214
0.9214
0.9214
0.9214
0.9214
0.9214
0.9214
0.9214
0.9214
0.9214
0.9214
0.9213
0.9213
0.9213
0.9213
0.9213
0.9213
0.9213
0.9213
0.9213
0.9213
0.9213
0.9212
0.9212
0.9212
0.9212
0.9212
0.9212
0.9212
0.9212
0.9212
0.9212
0.9212
0.9212
0.9211
0.9211
0.9211
0.9211
0.9211
0.9211
0.9211
0.9211
0.9211
0.9211
0.9211
0.9210
0.9210
0.9210
0.9210
0.9210
0.9210
0.9210
0.9210
0.9210
0.9210
0.9210
0.9210
0.9209
0.9209
0.9209
0.9209
0.9209
0.9209
0.9209
0.9209
0.9209
0.9209
0.9209
0.9208
0.9208
0.9208
0.9208
0.9208
0.9208
0.9208
0.9208
0.9208
0.9208
0.9208
0.9208
0.9207
0.9207
0.9207
0.9207
0.9207
0.9207
0.9207
0.9207
0.9207
0.9207
0.9207
0.9206
0.9206
0.9206
0.9206
0.9206
0.9206
0.9206
0.9206
0.9206
0.9206
0.9206
0.9205
0.9205
0.9205
0.9205
0.9205
0.9205
0.9205
0.9205
0.9205
0.9205
0.9205
0.9204
0.9204
0.9204
0.9204
0.9204
0.9204
0.9204
0.9204
0.9204
0.9204
0.9204
0.9203
0.9203
0.9203
0.9203
0.9203
0.9203
0.9203
0.9203
0.9203
0.9203
0.9202
0.9202
0.9202
0.9202
0.9202
0.9202
0.9202
0.9202
0.9202
0.9202
0.9201
0.9201
0.9201
0.9201
0.9201
0.9201
0.9201
0.9201
0.9201
0.9201
0.9200
0.9200
0.9200
0.9200
0.9200
0.9200
0.9200
0.9200
0.9200
0.9200
0.9199
0.9199
0.9199
0.9199
0.9199
0.9199
0.9199
0.9199
0.9199
0.9198
0.9198
0.9198
0.9198
0.9198
0.9198
0.9198
0.9198
0.9198
0.9197
0.9197
0.9197
0.9197
0.9197
0.9197
0.9197
0.9197
0.9196
0.9196
0.9196
0.9196
0.9196
0.9196
0.9196
0.9196
0.9196
0.9195
0.9195
0.9195
0.9195
0.9195
0.9195
0.9195
0.9195
0.9194
0.9194
0.9194
0.9194
0.9194
0.9194
0.9194
0.9193
0.9193
0.9193
0.9193
0.9193
0.9193
0.9193
0.9192
0.9192
0.9192
0.9192
0.9192
0.9192
0.9192
0.9191
0.9191
0.9191
0.9191
0.9191
0.9191
0.9191
0.9190
0.9190
0.9190
0.9190
0.9190
0.9190
0.9189
0.9189
0.9189
0.9189
0.9189
0.9189
0.9188
0.9188
0.9188
0.9188
0.9188
0.9188
0.9187
0.9187
0.9187
0.9187
0.9187
0.9187
0.9186
0.9186
0.9186
0.9186
0.9186
0.9185
0.9185
0.9185
0.9185
0.9185
0.9184
0.9184
0.9184
0.9184
0.9184
0.9183
0.9183
0.9183
0.9183
0.9183
0.9182
0.9182
0.9182
0.9182
0.9182
0.9181
0.9181
0.9181
0.9181
0.9180
0.9180
0.9180
0.9180
0.9179
0.9179
0.9179
0.9179
0.9178
0.9178
0.9178
0.9178
0.9177
0.9177
0.9177
0.9177
0.9176
0.9176
0.9176
0.9176
0.9175
0.9175
0.9175
0.9174
0.9174
0.9174
0.9174
0.9173
0.9173
0.9173
0.9172
0.9172
0.9172
0.9171
0.9171
0.9171
0.9170
0.9170
0.9170
0.9169
0.9169
0.9169
0.9168
0.9168
0.9168
0.9167
0.9167
0.9167
0.9166
0.9166
0.9166
0.9165
0.9165
0.9165
0.9164
0.9164
0.9163
0.9163
0.9163
0.9162
0.9162
0.9162
0.9161
0.9161
0.9160
0.9160
0.9160
0.9159
0.9159
0.9158
0.9158
0.9158
0.9157
0.9157
0.9157
0.9156
0.9156
0.9156
0.9155
0.9155
0.9155
0.9154
0.9154
0.9154
0.9153
0.9153
0.9153
0.9153
0.9152
0.9152
0.9152
0.9152
0.9152
0.9152
0.9151
0.9151
0.9151
0.9151
0.9151
0.9151
0.9151
0.9152
0.9152
0.9152
0.9152
0.9152
0.9153
0.9153
0.9154
0.9154
0.9155
0.9155
0.9156
0.9157
0.9158
0.9159
0.9160
0.9161
0.9162
0.9163
0.9164
0.9165
0.9167
0.9168
0.9170
0.9171
0.9173
0.9174
0.9176
0.9178
0.9180
0.9182
0.9183
0.9185
0.9187
0.9189
0.9191
0.9193
0.9195
0.9197
0.9200
0.9202
0.9204
0.9206
0.9208
0.9210
0.9211
0.9213
0.9215
0.9217
0.9219
0.9221
0.9222
0.9224
0.9226
0.9227
0.9229
0.9230
0.9231
0.9233
0.9234
0.9235
0.9236
0.9237
0.9239
0.9240
0.9241
0.9241
0.9242
0.9243
0.9244
0.9245
0.9245
0.9246
0.9246
0.9247
0.9248
0.9248
0.9248
0.9249
0.9249
0.9250
0.9250
0.9250
0.9250
0.9251
0.9251
0.9251
0.9251
0.9251
0.9251
0.9252
0.9252
0.9252
0.9252
0.9252
0.9252
0.9252
0.9252
0.9252
0.9252
0.9252
0.9252
0.9251
0.9251
0.9251
0.9251
0.9251
0.9251
0.9251
0.9251
0.9251
0.9250
0.9250
0.9250
0.9250
0.9250
0.9250
0.9249
0.9249
0.9249
0.9249
0.9249
0.9248
0.9248
0.9248
0.9248
0.9248
0.9247
0.9247
0.9247
0.9247
0.9247
0.9246
0.9246
0.9246
0.9246
0.9246
0.9245
0.9245
0.9245
0.9245
0.9244
0.9244
0.9244
0.9244
0.9244
0.9243
0.9243
0.9243
0.9243
0.9242
0.9242
0.9242
0.9242
0.9242
0.9241
0.9241
0.9241
0.9241
0.9241
0.9240
0.9240
0.9240
0.9240
0.9240
0.9239
0.9239
0.9239
0.9239
0.9239
0.9238
0.9238
0.9238
0.9238
0.9238
0.9237
0.9237
0.9237
0.9237
0.9237
0.9236
0.9236
0.9236
0.9236
0.9236
0.9236
0.9235
0.9235
0.9235
0.9235
0.9235
0.9234
0.9234
0.9234
0.9234
0.9234
0.9234
0.9233
0.9233
0.9233
0.9233
0.9233
0.9233
0.9232
0.9232
0.9232
0.9232
0.9232
0.9232
0.9231
0.9231
0.9231
0.9231
0.9231
0.9231
0.9230
0.9230
0.9230
0.9230
0.9230
0.9230
0.9230
0.9229
0.9229
0.9229
0.9229
0.9229
0.9229
0.9229
0.9228
0.9228
0.9228
0.9228
0.9228
0.9228
0.9228
0.9227
0.9227
0.9227
0.9227
0.9227
0.9227
0.9227
0.9226
0.9226
0.9226
0.9226
0.9226
0.9226
0.9226
0.9226
0.9225
0.9225
0.9225
0.9225
0.9225
0.9225
0.9225
0.9225
0.9224
0.9224
0.9224
0.9224
0.9224
0.9224
0.9224
0.9224
0.9223
0.9223
0.9223
0.9223
0.9223
0.9223
0.9223
0.9223
0.9222
0.9222
0.9222
0.9222
0.9222
0.9222
0.9222
0.9222
0.9222
0.9221
0.9221
0.9221
0.9221
0.9221
0.9221
0.9221
0.9221
0.9221
0.9221
0.9220
0.9220
0.9220
0.9220
0.9220
0.9220
0.9220
0.9220
0.9220
0.9219
0.9219
0.9219
0.9219
0.9219
0.9219
0.9219
0.9219
0.9219
0.9219
0.9218
0.9218
0.9218
0.9218
0.9218
0.9218
0.9218
0.9218
0.9218
0.9218
0.9217
0.9217
0.9217
0.9217
0.9217
0.9217
0.9217
0.9217
0.9217
0.9217
0.9216
0.9216
0.9216
0.9216
0.9216
0.9216
0.9216
0.9216
0.9216
0.9216
0.9216
0.9215
0.9215
0.9215
0.9215
0.9215
0.9215
0.9215
0.9215
0.9215
0.9215
0.9215
0.9214
0.9214
0.9214
0.9214
0.9214
0.9214
0.9214
0.9214
0.9214
0.9214
0.9214
0.9213
0.9213
0.9213
0.9213
0.9213
0.9213
0.9213
0.9213
0.9213
0.9213
0.9213
0.9212
0.9212
0.9212
0.9212
0.9212
0.9212
0.9212
0.9212
0.9212
0.9212
0.9212
0.9212
0.9211
0.9211
0.9211
0.9211
0.9211
0.9211
0.9211
0.9211
0.9211
0.9211
0.9211
0.9210
0.9210
0.9210
0.9210
0.9210
0.9210
0.9210
0.9210
0.9210
0.9210
0.9210
0.9209
0.9209
0.9209
0.9209
0.9209
0.9209
0.9209
0.9209
0.9209
0.9209
0.9209
0.9209
0.9208
0.9208
0.9208
0.9208
0.9208
0.9208
0.9208
0.9208
0.9208
0.9208
0.9208
0.9207
0.9207
0.9207
0.9207
0.9207
0.9207
0.9207
0.9207
0.9207
0.9207
0.9207
0.9207
0.9206
0.9206
0.9206
0.9206
0.9206
0.9206
0.9206
0.9206
0.9206
0.9206
0.9206
0.9205
0.9205
0.9205
0.9205
0.9205
0.9205
0.9205
0.9205
0.9205
0.9205
0.9205
0.9204
0.9204
0.9204
0.9204
0.9204
0.9204
0.9204
0.9204
0.9204
0.9204
0.9204
0.9203
0.9203
0.9203
0.9203
0.9203
0.9203
0.9203
0.9203
0.9203
0.9203
0.9202
0.9202
0.9202
0.9202
0.9202
0.9202
0.9202
0.9202
0.9202
0.9202
0.9201
0.9201
0.9201
0.9201
0.9201
0.9201
0.9201
0.9201
0.9201
0.9201
0.9200
0.9200
0.9200
0.9200
0.9200
0.9200
0.9200
0.9200
0.9200
0.9200
0.9199
0.9199
0.9199
0.9199
0.9199
0.9199
0.9199
0.9199
0.9199
0.9198
0.9198
0.9198
0.9198
0.9198
0.9198
0.9198
0.9198
0.9198
0.9197
0.9197
0.9197
0.9197
0.9197
0.9197
0.9197
0.9197
0.9196
0.9196
0.9196
0.9196
0.9196
0.9196
0.9196
0.9196
0.9196
0.9195
0.9195
0.9195
0.9195
0.9195
0.9195
0.9195
0.9194
0.9194
0.9194
0.9194
0.9194
0.9194
0.9194
0.9194
0.9193
0.9193
0.9193
0.9193
0.9193
0.9193
0.9193
0.9192
0.9192
0.9192
0.9192
0.9192
0.9192
0.9192
0.9191
0.9191
0.9191
0.9191
0.9191
0.9191
0.9191
0.9190
0.9190
0.9190
0.9190
0.9190
0.9190
0.9189
0.9189
0.9189
0.9189
0.9189
0.9189
0.9188
0.9188
0.9188
0.9188
0.9188
0.9188
0.9187
0.9187
0.9187
0.9187
0.9187
0.9187
0.9186
0.9186
0.9186
0.9186
0.9186
0.9185
0.9185
0.9185
0.9185
0.9185
0.9184
0.9184
0.9184
0.9184
0.9184
0.9183
0.9183
0.9183
0.9183
0.9183
0.9182
0.9182
0.9182
0.9182
0.9181
0.9181
0.9181
0.9181
0.9181
0.9180
0.9180
0.9180
0.9180
0.9179
0.9179
0.9179
0.9179
0.9178
0.9178
0.9178
0.9178
0.9177
0.9177
0.9177
0.9177
0.9176
0.9176
0.9176
0.9175
0.9175
0.9175
0.9175
0.9174
0.9174
0.9174
0.9173
0.9173
0.9173
0.9173
0.9172
0.9172
0.9172
0.9171
0.9171
0.9171
0.9170
0.9170
0.9170
0.9169
0.9169
0.9169
0.9168
0.9168
0.9168
0.9167
0.9167
0.9167
0.9166
0.9166
0.9166
0.9165
0.9165
0.9164
0.9164
0.9164
0.9163
0.9163
0.9163
0.9162
0.9162
0.9161
0.9161
0.9161
0.9160
0.9160
0.9160
0.9159
0.9159
0.9158
0.9158
0.9158
0.9157
0.9157
0.9157
0.9156
0.9156
0.9156
0.9155
0.9155
0.9155
0.9154
0.9154
0.9154
0.9153
0.9153
0.9153
0.9153
0.9152
0.9152
0.9152
0.9152
0.9152
0.9151
0.9151
0.9151
0.9151
0.9151
0.9151
0.9151
0.9151
0.9152
0.9152
0.9152
0.9152
0.9153
0.9153
0.9153
0.9154
0.9154
0.9155
0.9156
0.9156
0.9157
0.9158
0.9159
0.9160
0.9161
0.9162
0.9163
0.9164
0.9166
0.9167
0.9168
0.9170
0.9171
0.9173
0.9175
0.9176
0.9178
0.9180
0.9182
0.9184
0.9186
0.9188
0.9190
0.9192
0.9194
0.9196
0.9198
0.9200
0.9202
0.9204
0.9206
0.9208
0.9210
0.9212
0.9214
0.9216
0.9217
0.9219
0.9221
0.9223
0.9224
0.9226
0.9227
0.9229
0.9230
0.9232
0.9233
0.9234
0.9235
0.9237
0.9238
0.9239
0.9240
0.9241
0.9242
0.9242
0.9243
0.9244
0.9245
0.9245
0.9246
0.9247
0.9247
0.9248
0.9248
0.9249
0.9249
0.9249
0.9250
0.9250
0.9250
0.9250
0.9251
0.9251
0.9251
0.9251
0.9251
0.9251
0.9252
0.9252
0.9252
0.9252
0.9252
0.9252
0.9252
0.9252
0.9252
0.9252
0.9252
0.9252
0.9251
0.9251
0.9251
0.9251
0.9251
0.9251
0.9251
0.9251
0.9250
0.9250
0.9250
0.9250
0.9250
0.9250
0.9249
0.9249
0.9249
0.9249
0.9249
0.9249
0.9248
0.9248
0.9248
0.9248
0.9248
0.9247
0.9247
0.9247
0.9247
0.9247
0.9246
0.9246
0.9246
0.9246
0.9245
0.9245
0.9245
0.9245
0.9245
0.9244
0.9244
0.9244
0.9244
0.9244
0.9243
0.9243
0.9243
0.9243
0.9242
0.9242
0.9242
0.9242
0.9242
0.9241
0.9241
0.9241
0.9241
0.9241
0.9240
0.9240
0.9240
0.9240
0.9240
0.9239
0.9239
0.9239
0.9239
0.9239
0.9238
0.9238
0.9238
0.9238
0.9238
0.9237
0.9237
0.9237
0.9237
0.9237
0.9236
0.9236
0.9236
0.9236
0.9236
0.9235
0.9235
0.9235
0.9235
0.9235
0.9235
0.9234
0.9234
0.9234
0.9234
0.9234
0.9234
0.9233
0.9233
0.9233
0.9233
0.9233
0.9233
0.9232
0.9232
0.9232
0.9232
0.9232
0.9232
0.9231
0.9231
0.9231
0.9231
0.9231
0.9231
0.9230
0.9230
0.9230
0.9230
0.9230
0.9230
0.9230
0.9229
0.9229
0.9229
0.9229
0.9229
0.9229
0.9228
0.9228
0.9228
0.9228
0.9228
0.9228
0.9228
0.9228
0.9227
0.9227
0.9227
0.9227
0.9227
0.9227
0.9227
0.9226
0.9226
0.9226
0.9226
0.9226
0.9226
0.9226
0.9226
0.9225
0.9225
0.9225
0.9225
0.9225
0.9225
0.9225
0.9224
0.9224
0.9224
0.9224
0.9224
0.9224
0.9224
0.9224
0.9224
0.9223
0.9223
0.9223
0.9223
0.9223
0.9223
0.9223
0.9223
0.9222
0.9222
0.9222
0.9222
0.9222
0.9222
0.9222
0.9222
0.9222
0.9221
0.9221
0.9221
0.9221
0.9221
0.9221
0.9221
0.9221
0.9221
0.9220
0.9220
0.9220
0.9220
0.9220
0.9220
0.9220
0.9220
0.9220
0.9220
0.9219
0.9219
0.9219
0.9219
0.9219
0.9219
0.9219
0.9219
0.9219
0.9219
0.9218
0.9218
0.9218
0.9218
0.9218
0.9218
0.9218
0.9218
0.9218
0.9218
0.9217
0.9217
0.9217
0.9217
0.9217
0.9217
0.9217
0.9217
0.9217
0.9217
0.9216
0.9216
0.9216
0.9216
0.9216
0.9216
0.9216
0.9216
0.9216
0.9216
0.9216
0.9215
0.9215
0.9215
0.9215
0.9215
0.9215
0.9215
0.9215
0.9215
0.9215
0.9215
0.9214
0.9214
0.9214
0.9214
0.9214
0.9214
0.9214
0.9214
0.9214
0.9214
0.9214
0.9213
0.9213
0.9213
0.9213
0.9213
0.9213
0.9213
0.9213
0.9213
0.9213
0.9213
0.9212
0.9212
0.9212
0.9212
0.9212
0.9212
0.9212
0.9212
0.9212
0.9212
0.9212
0.9211
0.9211
0.9211
0.9211
0.9211
0.9211
0.9211
0.9211
0.9211
0.9211
0.9211
0.9211
0.9210
0.9210
0.9210
0.9210
0.9210
0.9210
0.9210
0.9210
0.9210
0.9210
0.9210
0.9209
0.9209
0.9209
0.9209
0.9209
0.9209
0.9209
0.9209
0.9209
0.9209
0.9209
0.9209
0.9208
0.9208
0.9208
0.9208
0.9208
0.9208
0.9208
0.9208
0.9208
0.9208
0.9208
0.9207
0.9207
0.9207
0.9207
0.9207
0.9207
0.9207
0.9207
0.9207
0.9207
0.9207
0.9206
0.9206
0.9206
0.9206
0.9206
0.9206
0.9206
0.9206
0.9206
0.9206
0.9206
0.9206
0.9205
0.9205
0.9205
0.9205
0.9205
0.9205
0.9205
0.9205
0.9205
0.9205
0.9205
0.9204
0.9204
0.9204
0.9204
0.9204
0.9204
0.9204
0.9204
0.9204
0.9204
0.9203
0.9203
0.9203
0.9203
0.9203
0.9203
0.9203
0.9203
0.9203
0.9203
0.9203
0.9202
0.9202
0.9202
0.9202
0.9202
0.9202
0.9202
0.9202
0.9202
0.9202
0.9201
0.9201
0.9201
0.9201
0.9201
0.9201
0.9201
0.9201
0.9201
0.9201
0.9200
0.9200
0.9200
0.9200
0.9200
0.9200
0.9200
0.9200
0.9200
0.9199
0.9199
0.9199
0.9199
0.9199
0.9199
0.9199
0.9199
0.9199
0.9199
0.9198
0.9198
0.9198
0.9198
0.9198
0.9198
0.9198
0.9198
0.9198
0.9197
0.9197
0.9197
0.9197
0.9197
0.9197
0.9197
0.9197
0.9196
0.9196
0.9196
0.9196
0.9196
0.9196
0.9196
0.9196
0.9195
0.9195
0.9195
0.9195
0.9195
0.9195
0.9195
0.9195
0.9194
0.9194
0.9194
0.9194
0.9194
0.9194
0.9194
0.9194
0.9193
0.9193
0.9193
0.9193
0.9193
0.9193
0.9193
0.9192
0.9192
0.9192
0.9192
0.9192
0.9192
0.9192
0.9191
0.9191
0.9191
0.9191
0.9191
0.9191
0.9191
0.9190
0.9190
0.9190
0.9190
0.9190
0.9190
0.9189
0.9189
0.9189
0.9189
0.9189
0.9189
0.9188
0.9188
0.9188
0.9188
0.9188
0.9188
0.9187
0.9187
0.9187
0.9187
0.9187
0.9187
0.9186
0.9186
0.9186
0.9186
0.9186
0.9185
0.9185
0.9185
0.9185
0.9185
0.9184
0.9184
0.9184
0.9184
0.9184
0.9183
0.9183
0.9183
0.9183
0.9183
0.9182
0.9182
0.9182
0.9182
0.9181
0.9181
0.9181
0.9181
0.9181
0.9180
0.9180
0.9180
0.9180
0.9179
0.9179
0.9179
0.9179
0.9178
0.9178
0.9178
0.9178
0.9177
0.9177
0.9177
0.9177
0.9176
0.9176
0.9176
0.9175
0.9175
0.9175
0.9175
0.9174
0.9174
0.9174
0.9173
0.9173
0.9173
0.9172
0.9172
0.9172
0.9172
0.9171
0.9171
0.9171
0.9170
0.9170
0.9170
0.9169
0.9169
0.9169
0.9168
0.9168
0.9168
0.9167
0.9167
0.9167
0.9166
0.9166
0.9165
0.9165
0.9165
0.9164
0.9164
0.9164
0.9163
0.9163
0.9162
0.9162
0.9162
0.9161
0.9161
0.9161
0.9160
0.9160
0.9159
0.9159
0.9159
0.9158
0.9158
0.9158
0.9157
0.9157
0.9156
0.9156
0.9156
0.9155
0.9155
0.9155
0.9154
0.9154
0.9154
0.9154
0.9153
0.9153
0.9153
0.9152
0.9152
0.9152
0.9152
0.9152
0.9152
0.9151
0.9151
0.9151
0.9151
0.9151
0.9151
0.9151
0.9151
0.9152
0.9152
0.9152
0.9152
0.9153
0.9153
0.9153
0.9154
0.9154
0.9155
0.9156
0.9156
0.9157
0.9158
0.9159
0.9160
0.9161
0.9162
0.9163
0.9165
0.9166
0.9167
0.9169
0.9170
0.9172
0.9173
0.9175
0.9177
0.9179
0.9180
0.9182
0.9184
0.9186
0.9188
0.9190
0.9192
0.9194
0.9196
0.9198
0.9200
0.9202
0.9204
0.9206
0.9208
0.9210
0.9212
0.9214
0.9216
0.9218
0.9220
0.9221
0.9223
0.9225
0.9226
0.9228
0.9229
0.9231
0.9232
0.9233
0.9234
0.9236
0.9237
0.9238
0.9239
0.9240
0.9241
0.9242
0.9243
0.9243
0.9244
0.9245
0.9245
0.9246
0.9247
0.9247
0.9248
0.9248
0.9249
0.9249
0.9249
0.9250
0.9250
0.9250
0.9251
0.9251
0.9251
0.9251
0.9251
0.9251
0.9251
0.9252
0.9252
0.9252
0.9252
0.9252
0.9252
0.9252
0.9252
0.9252
0.9252
0.9252
0.9251
0.9251
0.9251
0.9251
0.9251
0.9251
0.9251
0.9251
0.9251
0.9250
0.9250
0.9250
0.9250
0.9250
0.9250
0.9249
0.9249
0.9249
0.9249
0.9249
0.9249
0.9248
0.9248
0.9248
0.9248
0.9248
0.9247
0.9247
0.9247
0.9247
0.9246
0.9246
0.9246
0.9246
0.9246
0.9245
0.9245
0.9245
0.9245
0.9245
0.9244
0.9244
0.9244
0.9244
0.9243
0.9243
0.9243
0.9243
0.9243
0.9242
0.9242
0.9242
0.9242
0.9242
0.9241
0.9241
0.9241
0.9241
0.9241
0.9240
0.9240
0.9240
0.9240
0.9239
0.9239
0.9239
0.9239
0.9239
0.9238
0.9238
0.9238
0.9238
0.9238
0.9238
0.9237
0.9237
0.9237
0.9237
0.9237
0.9236
0.9236
0.9236
0.9236
0.9236
0.9235
0.9235
0.9235
0.9235
0.9235
0.9235
0.9234
0.9234
0.9234
0.9234
0.9234
0.9233
0.9233
0.9233
0.9233
0.9233
0.9233
0.9232
0.9232
0.9232
0.9232
0.9232
0.9232
0.9231
0.9231
0.9231
0.9231
0.9231
0.9231
0.9231
0.9230
0.9230
0.9230
0.9230
0.9230
0.9230
0.9229
0.9229
0.9229
0.9229
0.9229
0.9229
0.9229
0.9228
0.9228
0.9228
0.9228
0.9228
0.9228
0.9228
0.9227
0.9227
0.9227
0.9227
0.9227
0.9227
0.9227
0.9227
0.9226
0.9226
0.9226
0.9226
0.9226
0.9226
0.9226
0.9225
0.9225
0.9225
0.9225
0.9225
0.9225
0.9225
0.9225
0.9224
0.9224
0.9224
0.9224
0.9224
0.9224
0.9224
0.9224
0.9224
0.9223
0.9223
0.9223
0.9223
0.9223
0.9223
0.9223
0.9223
0.9222
0.9222
0.9222
0.9222
0.9222
0.9222
0.9222
0.9222
0.9222
0.9221
0.9221
0.9221
0.9221
0.9221
0.9221
0.9221
0.9221
0.9221
0.9220
0.9220
0.9220
0.9220
0.9220
0.9220
0.9220
0.9220
0.9220
0.9220
0.9219
0.9219
0.9219
0.9219
0.9219
0.9219
0.9219
0.9219
0.9219
0.9218
0.9218
0.9218
0.9218
0.9218
0.9218
0.9218
0.9218
0.9218
0.9218
0.9218
0.9217
0.9217
0.9217
0.9217
0.9217
0.9217
0.9217
0.9217
0.9217
0.9217
0.9216
0.9216
0.9216
0.9216
0.9216
0.9216
0.9216
0.9216
0.9216
0.9216
0.9216
0.9215
0.9215
0.9215
0.9215
0.9215
0.9215
0.9215
0.9215
0.9215
0.9215
0.9214
0.9214
0.9214
0.9214
0.9214
0.9214
0.9214
0.9214
0.9214
0.9214
0.9214
0.9214
0.9213
0.9213
0.9213
0.9213
0.9213
0.9213
0.9213
0.9213
0.9213
0.9213
0.9213
0.9212
0.9212
0.9212
0.9212
0.9212
0.9212
0.9212
0.9212
0.9212
0.9212
0.9212
0.9211
0.9211
0.9211
0.9211
0.9211
0.9211
0.9211
0.9211
0.9211
0.9211
0.9211
0.9211
0.9210
0.9210
0.9210
0.9210
0.9210
0.9210
0.9210
0.9210
0.9210
0.9210
0.9210
0.9209
0.9209
0.9209
0.9209
0.9209
0.9209
0.9209
0.9209
0.9209
0.9209
0.9209
0.9209
0.9208
0.9208
0.9208
0.9208
0.9208
0.9208
0.9208
0.9208
0.9208
0.9208
0.9208
0.9207
0.9207
0.9207
0.9207
0.9207
0.9207
0.9207
0.9207
0.9207
0.9207
0.9207
0.9206
0.9206
0.9206
0.9206
0.9206
0.9206
0.9206
0.9206
0.9206
0.9206
0.9206
0.9205
0.9205
0.9205
0.9205
0.9205
0.9205
0.9205
0.9205
0.9205
0.9205
0.9205
0.9204
0.9204
0.9204
0.9204
0.9204
0.9204
0.9204
0.9204
0.9204
0.9204
0.9204
0.9203
0.9203
0.9203
0.9203
0.9203
0.9203
0.9203
0.9203
0.9203
0.9203
0.9203
0.9202
0.9202
0.9202
0.9202
0.9202
0.9202
0.9202
0.9202
0.9202
0.9202
0.9201
0.9201
0.9201
0.9201
0.9201
0.9201
0.9201
0.9201
0.9201
0.9201
0.9200
0.9200
0.9200
0.9200
0.9200
0.9200
0.9200
0.9200
0.9200
0.9199
0.9199
0.9199
0.9199
0.9199
0.9199
0.9199
0.9199
0.9199
0.9198
0.9198
0.9198
0.9198
0.9198
0.9198
0.9198
0.9198
0.9198
0.9197
0.9197
0.9197
0.9197
0.9197
0.9197
0.9197
0.9197
0.9197
0.9196
0.9196
0.9196
0.9196
0.9196
0.9196
0.9196
0.9196
0.9195
0.9195
0.9195
0.9195
0.9195
0.9195
0.9195
0.9195
0.9194
0.9194
0.9194
0.9194
0.9194
0.9194
0.9194
0.9194
0.9193
0.9193
0.9193
0.9193
0.9193
0.9193
0.9193
0.9192
0.9192
0.9192
0.9192
0.9192
0.9192
0.9192
0.9191
0.9191
0.9191
0.9191
0.9191
0.9191
0.9190
0.9190
0.9190
0.9190
0.9190
0.9190
0.9190
0.9189
0.9189
0.9189
0.9189
0.9189
0.9189
0.9188
0.9188
0.9188
0.9188
0.9188
0.9188
0.9187
0.9187
0.9187
0.9187
0.9187
0.9186
0.9186
0.9186
0.9186
0.9186
0.9186
0.9185
0.9185
0.9185
0.9185
0.9185
0.9184
0.9184
0.9184
0.9184
0.9184
0.9183
0.9183
0.9183
0.9183
0.9183
0.9182
0.9182
0.9182
0.9182
0.9181
0.9181
0.9181
0.9181
0.9180
0.9180
0.9180
0.9180
0.9180
0.9179
0.9179
0.9179
0.9179
0.9178
0.9178
0.9178
0.9178
0.9177
0.9177
0.9177
0.9176
0.9176
0.9176
0.9176
0.9175
0.9175
0.9175
0.9175
0.9174
0.9174
0.9174
0.9173
0.9173
0.9173
0.9172
0.9172
0.9172
0.9172
0.9171
0.9171
0.9171
0.9170
0.9170
0.9170
0.9169
0.9169
0.9169
0.9168
0.9168
0.9168
0.9167
0.9167
0.9166
0.9166
0.9166
0.9165
0.9165
0.9165
0.9164
0.9164
0.9164
0.9163
0.9163
0.9162
0.9162
0.9162
0.9161
0.9161
0.9161
0.9160
0.9160
0.9159
0.9159
0.9159
0.9158
0.9158
0.9158
0.9157
0.9157
0.9156
0.9156
0.9156
0.9155
0.9155
0.9155
0.9154
0.9154
0.9154
0.9153
0.9153
0.9153
0.9153
0.9152
0.9152
0.9152
0.9152
0.9152
0.9152
0.9151
0.9151
0.9151
0.9151
0.9151
0.9151
0.9151
0.9151
0.9152
0.9152
0.9152
0.9152
0.9153
0.9153
0.9154
0.9154
0.9155
0.9155
0.9156
0.9157
0.9157
0.9158
0.9159
0.9160
0.9161
0.9162
0.9163
0.9165
0.9166
0.9167
0.9169
0.9170
0.9172
0.9174
0.9175
0.9177
0.9179
0.9181
0.9183
0.9185
0.9187
0.9189
0.9191
0.9193
0.9195
0.9197
0.9199
0.9201
0.9203
0.9205
0.9207
0.9209
0.9211
0.9213
0.9214
0.9216
0.9218
0.9220
0.9222
0.9223
0.9225
0.9226
0.9228
0.9229
0.9231
0.9232
0.9233
0.9235
0.9236
0.9237
0.9238
0.9239
0.9240
0.9241
0.9242
0.9243
0.9244
0.9244
0.9245
0.9246
0.9246
0.9247
0.9247
0.9248
0.9248
0.9249
0.9249
0.9249
0.9250
0.9250
0.9250
0.9251
0.9251
0.9251
0.9251
0.9251
0.9251
0.9251
0.9252
0.9252
0.9252
0.9252
0.9252
0.9252
0.9252
0.9252
0.9252
0.9252
0.9252
0.9251
0.9251
0.9251
0.9251
0.9251
0.9251
0.9251
0.9251
0.9251
0.9250
0.9250
0.9250
0.9250
0.9250
0.9250
0.9249
0.9249
0.9249
0.9249
0.9249
0.9248
0.9248
0.9248
0.9248
0.9248
0.9247
0.9247
0.9247
0.9247
0.9247
0.9246
0.9246
0.9246
0.9246
0.9246
0.9245
0.9245
0.9245
0.9245
0.9245
0.9244
0.9244
0.9244
0.9244
0.9243
0.9243
0.9243
0.9243
0.9243
0.9242
0.9242
0.9242
0.9242
0.9242
0.9241
0.9241
0.9241
0.9241
0.9240
0.9240
0.9240
0.9240
0.9240
0.9239
0.9239
0.9239
0.9239
0.9239
0.9238
0.9238
0.9238
0.9238
0.9238
0.9237
0.9237
0.9237
0.9237
0.9237
0.9237
0.9236
0.9236
0.9236
0.9236
0.9236
0.9235
0.9235
0.9235
0.9235
0.9235
0.9235
0.9234
0.9234
0.9234
0.9234
0.9234
0.9233
0.9233
0.9233
0.9233
0.9233
0.9233
0.9232
0.9232
0.9232
0.9232
0.9232
0.9232
0.9231
0.9231
0.9231
0.9231
0.9231
0.9231
0.9231
0.9230
0.9230
0.9230
0.9230
0.9230
0.9230
0.9229
0.9229
0.9229
0.9229
0.9229
0.9229
0.9229
0.9228
0.9228
0.9228
0.9228
0.9228
0.9228
0.9228
0.9227
0.9227
0.9227
0.9227
0.9227
0.9227
0.9227
0.9227
0.9226
0.9226
0.9226
0.9226
0.9226
0.9226
0.9226
0.9225
0.9225
0.9225
0.9225
0.9225
0.9225
0.9225
0.9225
0.9224
0.9224
0.9224
0.9224
0.9224
0.9224
0.9224
0.9224
0.9223
0.9223
0.9223
0.9223
0.9223
0.9223
0.9223
0.9223
0.9223
0.9222
0.9222
0.9222
0.9222
0.9222
0.9222
0.9222
0.9222
0.9222
0.9221
0.9221
0.9221
0.9221
0.9221
0.9221
0.9221
0.9221
0.9221
0.9220
0.9220
0.9220
0.9220
0.9220
0.9220
0.9220
0.9220
0.9220
0.9219
0.9219
0.9219
0.9219
0.9219
0.9219
0.9219
0.9219
0.9219
0.9219
0.9218
0.9218
0.9218
0.9218
0.9218
0.9218
0.9218
0.9218
0.9218
0.9218
0.9217
0.9217
0.9217
0.9217
0.9217
0.9217
0.9217
0.9217
0.9217
0.9217
0.9217
0.9216
0.9216
0.9216
0.9216
0.9216
0.9216
0.9216
0.9216
0.9216
0.9216
0.9215
0.9215
0.9215
0.9215
0.9215
0.9215
0.9215
0.9215
0.9215
0.9215
0.9215
0.9214
0.9214
0.9214
0.9214
0.9214
0.9214
0.9214
0.9214
0.9214
0.9214
0.9214
0.9213
0.9213
0.9213
0.9213
0.9213
0.9213
0.9213
0.9213
0.9213
0.9213
0.9213
0.9213
0.9212
0.9212
0.9212
0.9212
0.9212
0.9212
0.9212
0.9212
0.9212
0.9212
0.9212
0.9211
0.9211
0.9211
0.9211
0.9211
0.9211
0.9211
0.9211
0.9211
0.9211
0.9211
0.9210
0.9210
0.9210
0.9210
0.9210
0.9210
0.9210
0.9210
0.9210
0.9210
0.9210
0.9210
0.9209
0.9209
0.9209
0.9209
0.9209
0.9209
0.9209
0.9209
0.9209
0.9209
0.9209
0.9208
0.9208
0.9208
0.9208
0.9208
0.9208
0.9208
0.9208
0.9208
0.9208
0.9208
0.9208
0.9207
0.9207
0.9207
0.9207
0.9207
0.9207
0.9207
0.9207
0.9207
0.9207
0.9207
0.9206
0.9206
0.9206
0.9206
0.9206
0.9206
0.9206
0.9206
0.9206
0.9206
0.9206
0.9205
0.9205
0.9205
0.9205
0.9205
0.9205
0.9205
0.9205
0.9205
0.9205
0.9205
0.9204
0.9204
0.9204
0.9204
0.9204
0.9204
0.9204
0.9204
0.9204
0.9204
0.9204
0.9203
0.9203
0.9203
0.9203
0.9203
0.9203
0.9203
0.9203
0.9203
0.9203
0.9202
0.9202
0.9202
0.9202
0.9202
0.9202
0.9202
0.9202
0.9202
0.9202
0.9202
0.9201
0.9201
0.9201
0.9201
0.9201
0.9201
0.9201
0.9201
0.9201
0.9200
0.9200
0.9200
0.9200
0.9200
0.9200
0.9200
0.9200
0.9200
0.9200
0.9199
0.9199
0.9199
0.9199
0.9199
0.9199
0.9199
0.9199
0.9199
0.9198
0.9198
0.9198
0.9198
0.9198
0.9198
0.9198
0.9198
0.9198
0.9197
0.9197
0.9197
0.9197
0.9197
0.9197
0.9197
0.9197
0.9197
0.9196
0.9196
0.9196
0.9196
0.9196
0.9196
0.9196
0.9196
0.9195
0.9195
0.9195
0.9195
0.9195
0.9195
0.9195
0.9195
0.9194
0.9194
0.9194
0.9194
0.9194
0.9194
0.9194
0.9193
0.9193
0.9193
0.9193
0.9193
0.9193
0.9193
0.9193
0.9192
0.9192
0.9192
0.9192
0.9192
0.9192
0.9192
0.9191
0.9191
0.9191
0.9191
0.9191
0.9191
0.9190
0.9190
0.9190
0.9190
0.9190
0.9190
0.9190
0.9189
0.9189
0.9189
0.9189
0.9189
0.9189
0.9188
0.9188
0.9188
0.9188
0.9188
0.9188
0.9187
0.9187
0.9187
0.9187
0.9187
0.9186
0.9186
0.9186
0.9186
0.9186
0.9186
0.9185
0.9185
0.9185
0.9185
0.9185
0.9184
0.9184
0.9184
0.9184
0.9184
0.9183
0.9183
0.9183
0.9183
0.9182
0.9182
0.9182
0.9182
0.9182
0.9181
0.9181
0.9181
0.9181
0.9180
0.9180
0.9180
0.9180
0.9179
0.9179
0.9179
0.9179
0.9179
0.9178
0.9178
0.9178
0.9177
0.9177
0.9177
0.9177
0.9176
0.9176
0.9176
0.9176
0.9175
0.9175
0.9175
0.9174
0.9174
0.9174
0.9174
0.9173
0.9173
0.9173
0.9172
0.9172
0.9172
0.9171
0.9171
0.9171
0.9170
0.9170
0.9170
0.9169
0.9169
0.9169
0.9168
0.9168
0.9168
0.9167
0.9167
0.9167
0.9166
0.9166
0.9166
0.9165
0.9165
0.9165
0.9164
0.9164
0.9163
0.9163
0.9163
0.9162
0.9162
0.9162
0.9161
0.9161
0.9160
0.9160
0.9160
0.9159
0.9159
0.9159
0.9158
0.9158
0.9157
0.9157
0.9157
0.9156
0.9156
0.9156
0.9155
0.9155
0.9155
0.9154
0.9154
0.9154
0.9153
0.9153
0.9153
0.9153
0.9152
0.9152
0.9152
0.9152
0.9152
0.9152
0.9151
0.9151
0.9151
0.9151
0.9151
0.9151
0.9151
0.9152
0.9152
0.9152
0.9152
0.9152
0.9153
0.9153
0.9154
0.9154
0.9155
0.9155
0.9156
0.9157
0.9158
0.9158
0.9159
0.9160
0.9161
0.9163
0.9164
0.9165
0.9166
0.9168
0.9169
0.9171
0.9172
0.9174
0.9176
0.9177
0.9179
0.9181
0.9183
0.9185
0.9187
0.9189
0.9191
0.9193
0.9195
0.9197
0.9199
0.9201
0.9203
0.9205
0.9207
0.9209
0.9211
0.9213
0.9215
0.9217
0.9218
0.9220
0.9222
0.9224
0.9225
0.9227
0.9228
0.9230
0.9231
0.9232
0.9234
0.9235
0.9236
0.9237
0.9238
0.9239
0.9240
0.9241
0.9242
0.9243
0.9244
0.9244
0.9245
0.9246
0.9246
0.9247
0.9247
0.9248
0.9248
0.9249
0.9249
0.9249
0.9250
0.9250
0.9250
0.9251
0.9251
0.9251
0.9251
0.9251
0.9251
0.9252
0.9252
0.9252
0.9252
0.9252
0.9252
0.9252
0.9252
0.9252
0.9252
0.9252
0.9252
0.9251
0.9251
0.9251
0.9251
0.9251
0.9251
0.9251
0.9251
0.9251
0.9250
0.9250
0.9250
0.9250
0.9250
0.9250
0.9249
0.9249
0.9249
0.9249
0.9249
0.9248
0.9248
0.9248
0.9248
0.9248
0.9247
0.9247
0.9247
0.9247
0.9247
0.9246
0.9246
0.9246
0.9246
0.9246
0.9245
0.9245
0.9245
0.9245
0.9244
0.9244
0.9244
0.9244
0.9244
0.9243
0.9243
0.9243
0.9243
0.9243
0.9242
0.9242
0.9242
0.9242
0.9241
0.9241
0.9241
0.9241
0.9241
0.9240
0.9240
0.9240
0.9240
0.9240
0.9239
0.9239
0.9239
0.9239
0.9239
0.9238
0.9238
0.9238
0.9238
0.9238
0.9237
0.9237
0.9237
0.9237
0.9237
0.9236
0.9236
0.9236
0.9236
0.9236
0.9236
0.9235
0.9235
0.9235
0.9235
0.9235
0.9234
0.9234
0.9234
0.9234
0.9234
0.9234
0.9233
0.9233
0.9233
0.9233
0.9233
0.9233
0.9232
0.9232
0.9232
0.9232
0.9232
0.9232
0.9231
0.9231
0.9231
0.9231
0.9231
0.9231
0.9230
0.9230
0.9230
0.9230
0.9230
0.9230
0.9230
0.9229
0.9229
0.9229
0.9229
0.9229
0.9229
0.9229
0.9228
0.9228
0.9228
0.9228
0.9228
0.9228
0.9228
0.9227
0.9227
0.9227
0.9227
0.9227
0.9227
0.9227
0.9226
0.9226
0.9226
0.9226
0.9226
0.9226
0.9226
0.9226
0.9225
0.9225
0.9225
0.9225
0.9225
0.9225
0.9225
0.9225
0.9224
0.9224
0.9224
0.9224
0.9224
0.9224
0.9224
0.9224
0.9223
0.9223
0.9223
0.9223
0.9223
0.9223
0.9223
0.9223
0.9223
0.9222
0.9222
0.9222
0.9222
0.9222
0.9222
0.9222
0.9222
0.9222
0.9221
0.9221
0.9221
0.9221
0.9221
0.9221
0.9221
0.9221
0.9221
0.9220
0.9220
0.9220
0.9220
0.9220
0.9220
0.9220
0.9220
0.9220
0.9219
0.9219
0.9219
0.9219
0.9219
0.9219
0.9219
0.9219
0.9219
0.9219
0.9218
0.9218
0.9218
0.9218
0.9218
0.9218
0.9218
0.9218
0.9218
0.9218
0.9217
0.9217
0.9217
0.9217
0.9217
0.9217
0.9217
0.9217
0.9217
0.9217
0.9217
0.9216
0.9216
0.9216
0.9216
0.9216
0.9216
0.9216
0.9216
0.9216
0.9216
0.9215
0.9215
0.9215
0.9215
0.9215
0.9215
0.9215
0.9215
0.9215
0.9215
0.9215
0.9214
0.9214
0.9214
0.9214
0.9214
0.9214
0.9214
0.9214
0.9214
0.9214
0.9214
0.9213
0.9213
0.9213
0.9213
0.9213
0.9213
0.9213
0.9213
0.9213
0.9213
0.9213
0.9212
0.9212
0.9212
0.9212
0.9212
0.9212
0.9212
0.9212
0.9212
0.9212
0.9212
0.9212
0.9211
0.9211
0.9211
0.9211
0.9211
0.9211
0.9211
0.9211
0.9211
0.9211
0.9211
0.9210
0.9210
0.9210
0.9210
0.9210
0.9210
0.9210
0.9210
0.9210
0.9210
0.9210
0.9210
0.9209
0.9209
0.9209
0.9209
0.9209
0.9209
0.9209
0.9209
0.9209
0.9209
0.9209
0.9208
0.9208
0.9208
0.9208
0.9208
0.9208
0.9208
0.9208
0.9208
0.9208
0.9208
0.9208
0.9207
0.9207
0.9207
0.9207
0.9207
0.9207
0.9207
0.9207
0.9207
0.9207
0.9207
0.9206
0.9206
0.9206
0.9206
0.9206
0.9206
0.9206
0.9206
0.9206
0.9206
0.9206
0.9205
0.9205
0.9205
0.9205
0.9205
0.9205
0.9205
0.9205
0.9205
0.9205
0.9205
0.9204
0.9204
0.9204
0.9204
0.9204
0.9204
0.9204
0.9204
0.9204
0.9204
0.9204
0.9203
0.9203
0.9203
0.9203
0.9203
0.9203
0.9203
0.9203
0.9203
0.9203
0.9202
0.9202
0.9202
0.9202
0.9202
0.9202
0.9202
0.9202
0.9202
0.9202
0.9201
0.9201
0.9201
0.9201
0.9201
0.9201
0.9201
0.9201
0.9201
0.9201
0.9200
0.9200
0.9200
0.9200
0.9200
0.9200
0.9200
0.9200
0.9200
0.9200
0.9199
0.9199
0.9199
0.9199
0.9199
0.9199
0.9199
0.9199
0.9199
0.9198
0.9198
0.9198
0.9198
0.9198
0.9198
0.9198
0.9198
0.9198
0.9197
0.9197
0.9197
0.9197
0.9197
0.9197
0.9197
0.9197
0.9197
0.9196
0.9196
0.9196
0.9196
0.9196
0.9196
0.9196
0.9196
0.9195
0.9195
0.9195
0.9195
0.9195
0.9195
0.9195
0.9195
0.9194
0.9194
0.9194
0.9194
0.9194
0.9194
0.9194
0.9193
0.9193
0.9193
0.9193
0.9193
0.9193
0.9193
0.9192
0.9192
0.9192
0.9192
0.9192
0.9192
0.9192
0.9191
0.9191
0.9191
0.9191
0.9191
0.9191
0.9191
0.9190
0.9190
0.9190
0.9190
0.9190
0.9190
0.9189
0.9189
0.9189
0.9189
0.9189
0.9189
0.9189
0.9188
0.9188
0.9188
0.9188
0.9188
0.9187
0.9187
0.9187
0.9187
0.9187
0.9187
0.9186
0.9186
0.9186
0.9186
0.9186
0.9185
0.9185
0.9185
0.9185
0.9185
0.9184
0.9184
0.9184
0.9184
0.9184
0.9183
0.9183
0.9183
0.9183
0.9183
0.9182
0.9182
0.9182
0.9182
0.9182
0.9181
0.9181
0.9181
0.9181
0.9180
0.9180
0.9180
0.9180
0.9179
0.9179
0.9179
0.9179
0.9178
0.9178
0.9178
0.9178
0.9177
0.9177
0.9177
0.9177
0.9176
0.9176
0.9176
0.9176
0.9175
0.9175
0.9175
0.9174
0.9174
0.9174
0.9174
0.9173
0.9173
0.9173
0.9172
0.9172
0.9172
0.9171
0.9171
0.9171
0.9170
0.9170
0.9170
0.9169
0.9169
0.9169
0.9168
0.9168
0.9168
0.9167
0.9167
0.9167
0.9166
0.9166
0.9166
0.9165
0.9165
0.9165
0.9164
0.9164
0.9163
0.9163
0.9163
0.9162
0.9162
0.9162
0.9161
0.9161
0.9160
0.9160
0.9160
0.9159
0.9159
0.9158
0.9158
0.9158
0.9157
0.9157
0.9157
0.9156
0.9156
0.9156
0.9155
0.9155
0.9155
0.9154
0.9154
0.9154
0.9153
0.9153
0.9153
0.9153
0.9152
0.9152
0.9152
0.9152
0.9152
0.9152
0.9151
0.9151
0.9151
0.9151
0.9151
0.9151
0.9151
0.9152
0.9152
0.9152
0.9152
0.9152
0.9153
0.9153
0.9154
0.9154
0.9155
0.9155
0.9156
0.9157
0.9158
0.9159
0.9160
0.9161
0.9162
0.9163
0.9164
0.9165
0.9167
0.9168
0.9170
0.9171
0.9173
0.9174
0.9176
0.9178
0.9180
0.9182
0.9183
0.9185
0.9187
0.9189
0.9191
0.9193
0.9195
0.9197
0.9199
0.9201
0.9204
0.9206
0.9207
0.9209
0.9211
0.9213
0.9215
0.9217
0.9219
0.9221
0.9222
0.9224
0.9225
0.9227
0.9229
0.9230
0.9231
0.9233
0.9234
0.9235
0.9236
0.9237
0.9239
0.9240
0.9240
0.9241
0.9242
0.9243
0.9244
0.9245
0.9245
0.9246
0.9246
0.9247
0.9248
0.9248
0.9248
0.9249
0.9249
0.9250
0.9250
0.9250
0.9250
0.9251
0.9251
0.9251
0.9251
0.9251
0.9251
0.9252
0.9252
0.9252
0.9252
0.9252
0.9252
0.9252
0.9252
0.9252
0.9252
0.9252
0.9252
0.9251
0.9251
0.9251
0.9251
0.9251
0.9251
0.9251
0.9251
0.9251
0.9250
0.9250
0.9250
0.9250
0.9250
0.9250
0.9249
0.9249
0.9249
0.9249
0.9249
0.9248
0.9248
0.9248
0.9248
0.9248
0.9247
0.9247
0.9247
0.9247
0.9247
0.9246
0.9246
0.9246
0.9246
0.9246
0.9245
0.9245
0.9245
0.9245
0.9244
0.9244
0.9244
0.9244
0.9244
0.9243
0.9243
0.9243
0.9243
0.9243
0.9242
0.9242
0.9242
0.9242
0.9241
0.9241
0.9241
0.9241
0.9241
0.9240
0.9240
0.9240
0.9240
0.9240
0.9239
0.9239
0.9239
0.9239
0.9239
0.9238
0.9238
0.9238
0.9238
0.9238
0.9237
0.9237
0.9237
0.9237
0.9237
0.9236
0.9236
0.9236
0.9236
0.9236
0.9236
0.9235
0.9235
0.9235
0.9235
0.9235
0.9234
0.9234
0.9234
0.9234
0.9234
0.9234
0.9233
0.9233
0.9233
0.9233
0.9233
0.9233
0.9232
0.9232
0.9232
0.9232
0.9232
0.9232
0.9231
0.9231
0.9231
0.9231
0.9231
0.9231
0.9230
0.9230
0.9230
0.9230
0.9230
0.9230
0.9230
0.9229
0.9229
0.9229
0.9229
0.9229
0.9229
0.9229
0.9228
0.9228
0.9228
0.9228
0.9228
0.9228
0.9228
0.9227
0.9227
0.9227
0.9227
0.9227
0.9227
0.9227
0.9226
0.9226
0.9226
0.9226
0.9226
0.9226
0.9226
0.9226
0.9225
0.9225
0.9225
0.9225
0.9225
0.9225
0.9225
0.9225
0.9224
0.9224
0.9224
0.9224
0.9224
0.9224
0.9224
0.9224
0.9223
0.9223
0.9223
0.9223
0.9223
0.9223
0.9223
0.9223
0.9223
0.9222
0.9222
0.9222
0.9222
0.9222
0.9222
0.9222
0.9222
0.9221
0.9221
0.9221
0.9221
0.9221
0.9221
0.9221
0.9221
0.9221
0.9221
0.9220
0.9220
0.9220
0.9220
0.9220
0.9220
0.9220
0.9220
0.9220
0.9219
0.9219
0.9219
0.9219
0.9219
0.9219
0.9219
0.9219
0.9219
0.9219
0.9218
0.9218
0.9218
0.9218
0.9218
0.9218
0.9218
0.9218
0.9218
0.9218
0.9217
0.9217
0.9217
0.9217
0.9217
0.9217
0.9217
0.9217
0.9217
0.9217
0.9216
0.9216
0.9216
0.9216
0.9216
0.9216
0.9216
0.9216
0.9216
0.9216
0.9216
0.9215
0.9215
0.9215
0.9215
0.9215
0.9215
0.9215
0.9215
0.9215
0.9215
0.9215
0.9214
0.9214
0.9214
0.9214
0.9214
0.9214
0.9214
0.9214
0.9214
0.9214
0.9214
0.9213
0.9213
0.9213
0.9213
0.9213
0.9213
0.9213
0.9213
0.9213
0.9213
0.9213
0.9212
0.9212
0.9212
0.9212
0.9212
0.9212
0.9212
0.9212
0.9212
0.9212
0.9212
0.9212
0.9211
0.9211
0.9211
0.9211
0.9211
0.9211
0.9211
0.9211
0.9211
0.9211
0.9211
0.9210
0.9210
0.9210
0.9210
0.9210
0.9210
0.9210
0.9210
0.9210
0.9210
0.9210
0.9210
0.9209
0.9209
0.9209
0.9209
0.9209
0.9209
0.9209
0.9209
0.9209
0.9209
0.9209
0.9208
0.9208
0.9208
0.9208
0.9208
0.9208
0.9208
0.9208
0.9208
0.9208
0.9208
0.9207
0.9207
0.9207
0.9207
0.9207
0.9207
0.9207
0.9207
0.9207
0.9207
0.9207
0.9207
0.9206
0.9206
0.9206
0.9206
0.9206
0.9206
0.9206
0.9206
0.9206
0.9206
0.9206
0.9205
0.9205
0.9205
0.9205
0.9205
0.9205
0.9205
0.9205
0.9205
0.9205
0.9205
0.9204
0.9204
0.9204
0.9204
0.9204
0.9204
0.9204
0.9204
0.9204
0.9204
0.9204
0.9203
0.9203
0.9203
0.9203
0.9203
0.9203
0.9203
0.9203
0.9203
0.9203
0.9202
0.9202
0.9202
0.9202
0.9202
0.9202
0.9202
0.9202
0.9202
0.9202
0.9201
0.9201
0.9201
0.9201
0.9201
0.9201
0.9201
0.9201
0.9201
0.9201
0.9200
0.9200
0.9200
0.9200
0.9200
0.9200
0.9200
0.9200
0.9200
0.9200
0.9199
0.9199
0.9199
0.9199
0.9199
0.9199
0.9199
0.9199
0.9199
0.9198
0.9198
0.9198
0.9198
0.9198
0.9198
0.9198
0.9198
0.9198
0.9197
0.9197
0.9197
0.9197
0.9197
0.9197
0.9197
0.9197
0.9196
0.9196
0.9196
0.9196
0.9196
0.9196
0.9196
0.9196
0.9196
0.9195
0.9195
0.9195
0.9195
0.9195
0.9195
0.9195
0.9194
0.9194
0.9194
0.9194
0.9194
0.9194
0.9194
0.9194
0.9193
0.9193
0.9193
0.9193
0.9193
0.9193
0.9193
0.9192
0.9192
0.9192
0.9192
0.9192
0.9192
0.9192
0.9191
0.9191
0.9191
0.9191
0.9191
0.9191
0.9191
0.9190
0.9190
0.9190
0.9190
0.9190
0.9190
0.9189
0.9189
0.9189
0.9189
0.9189
0.9189
0.9188
0.9188
0.9188
0.9188
0.9188
0.9188
0.9187
0.9187
0.9187
0.9187
0.9187
0.9187
0.9186
0.9186
0.9186
0.9186
0.9186
0.9185
0.9185
0.9185
0.9185
0.9185
0.9184
0.9184
0.9184
0.9184
0.9184
0.9183
0.9183
0.9183
0.9183
0.9183
0.9182
0.9182
0.9182
0.9182
0.9181
0.9181
0.9181
0.9181
0.9181
0.9180
0.9180
0.9180
0.9180
0.9179
0.9179
0.9179
0.9179
0.9178
0.9178
0.9178
0.9178
0.9177
0.9177
0.9177
0.9177
0.9176
0.9176
0.9176
0.9175
0.9175
0.9175
0.9175
0.9174
0.9174
0.9174
0.9173
0.9173
0.9173
0.9173
0.9172
0.9172
0.9172
0.9171
0.9171
0.9171
0.9170
0.9170
0.9170
0.9169
0.9169
0.9169
0.9168
0.9168
0.9168
0.9167
0.9167
0.9167
0.9166
0.9166
0.9166
0.9165
0.9165
0.9164
0.9164
0.9164
0.9163
0.9163
0.9163
0.9162
0.9162
0.9161
0.9161
0.9161
0.9160
0.9160
0.9160
0.9159
0.9159
0.9158
0.9158
0.9158
0.9157
0.9157
0.9157
0.9156
0.9156
0.9156
0.9155
0.9155
0.9155
0.9154
0.9154
0.9154
0.9153
0.9153
0.9153
0.9153
0.9152
0.9152
0.9152
0.9152
0.9152
0.9151
0.9151
0.9151
0.9151
0.9151
0.9151
0.9151
0.9151
0.9152
0.9152
0.9152
0.9152
0.9153
0.9153
0.9153
0.9154
0.9154
0.9155
0.9156
0.9156
0.9157
0.9158
0.9159
0.9160
0.9161
0.9162
0.9163
0.9164
0.9166
0.9167
0.9168
0.9170
0.9171
0.9173
0.9175
0.9176
0.9178
0.9180
0.9182
0.9184
0.9186
0.9188
0.9190
0.9192
0.9194
0.9196
0.9198
0.9200
0.9202
0.9204
0.9206
0.9208
0.9210
0.9212
0.9214
0.9216
0.9217
0.9219
0.9221
0.9223
0.9224
0.9226
0.9227
0.9229
0.9230
0.9232
0.9233
0.9234
0.9235
0.9237
0.9238
0.9239
0.9240
0.9241
0.9242
0.9242
0.9243
0.9244
0.9245
0.9245
0.9246
0.9247
0.9247
0.9248
0.9248
0.9249
0.9249
0.9249
0.9250
0.9250
0.9250
0.9250
0.9251
0.9251
0.9251
0.9251
0.9251
0.9251
0.9252
0.9252
0.9252
0.9252
0.9252
0.9252
0.9252
0.9252
0.9252
0.9252
0.9252
0.9252
0.9251
0.9251
0.9251
0.9251
0.9251
0.9251
0.9251
0.9251
0.9250
0.9250
0.9250
0.9250
0.9250
0.9250
0.9250
0.9249
0.9249
0.9249
0.9249
0.9249
0.9248
0.9248
0.9248
0.9248
0.9248
0.9247
0.9247
0.9247
0.9247
0.9247
0.9246
0.9246
0.9246
0.9246
0.9245
0.9245
0.9245
0.9245
0.9245
0.9244
0.9244
0.9244
0.9244
0.9244
0.9243
0.9243
0.9243
0.9243
0.9242
0.9242
0.9242
0.9242
0.9242
0.9241
0.9241
0.9241
0.9241
0.9241
0.9240
0.9240
0.9240
0.9240
0.9240
0.9239
0.9239
0.9239
0.9239
0.9239
0.9238
0.9238
0.9238
0.9238
0.9238
0.9237
0.9237
0.9237
0.9237
0.9237
0.9236
0.9236
0.9236
0.9236
0.9236
0.9235
0.9235
0.9235
0.9235
0.9235
0.9235
0.9234
0.9234
0.9234
0.9234
0.9234
0.9234
0.9233
0.9233
0.9233
0.9233
0.9233
0.9233
0.9232
0.9232
0.9232
0.9232
0.9232
0.9232
0.9231
0.9231
0.9231
0.9231
0.9231
0.9231
0.9230
0.9230
0.9230
0.9230
0.9230
0.9230
0.9230
0.9229
0.9229
0.9229
0.9229
0.9229
0.9229
0.9228
0.9228
0.9228
0.9228
0.9228
0.9228
0.9228
0.9228
0.9227
0.9227
0.9227
0.9227
0.9227
0.9227
0.9227
0.9226
0.9226
0.9226
0.9226
0.9226
0.9226
0.9226
0.9226
0.9225
0.9225
0.9225
0.9225
0.9225
0.9225
0.9225
0.9225
0.9224
0.9224
0.9224
0.9224
0.9224
0.9224
0.9224
0.9224
0.9223
0.9223
0.9223
0.9223
0.9223
0.9223
0.9223
0.9223
0.9222
0.9222
0.9222
0.9222
0.9222
0.9222
0.9222
0.9222
0.9222
0.9221
0.9221
0.9221
0.9221
0.9221
0.9221
0.9221
0.9221
0.9221
0.9220
0.9220
0.9220
0.9220
0.9220
0.9220
0.9220
0.9220
0.9220
0.9220
0.9219
0.9219
0.9219
0.9219
0.9219
0.9219
0.9219
0.9219
0.9219
0.9219
0.9218
0.9218
0.9218
0.9218
0.9218
0.9218
0.9218
0.9218
0.9218
0.9218
0.9217
0.9217
0.9217
0.9217
0.9217
0.9217
0.9217
0.9217
0.9217
0.9217
0.9216
0.9216
0.9216
0.9216
0.9216
0.9216
0.9216
0.9216
0.9216
0.9216
0.9216
0.9215
0.9215
0.9215
0.9215
0.9215
0.9215
0.9215
0.9215
0.9215
0.9215
0.9215
0.9214
0.9214
0.9214
0.9214
0.9214
0.9214
0.9214
0.9214
0.9214
0.9214
0.9214
