0.99000	2.14169e-04
0.98890	9.44185e-04
0.98786	1.42260e-03
0.98759	1.47251e-03
0.98756	9.94280e-04
0.98700	2.66994e-04
0.98629	8.15099e-04
0.98325	2.60147e-03
0.98525	1.96419e-03
0.98100	2.65042e-03
0.98293	2.41311e-03
0.98564	1.71723e-03
0.98090	9.93998e-04
0.98040	3.36470e-03
0.97961	7.48814e-04
0.98044	3.42487e-03
0.97816	3.91556e-03
0.97609	8.34529e-04
0.97558	9.01129e-04
0.97632	3.17251e-03
0.97321	3.99344e-03
0.96991	5.51045e-03
0.96918	1.06881e-03
0.97294	2.19549e-03
0.97662	2.24556e-03
0.97521	1.75479e-03
0.96941	8.22009e-05
0.97149	7.83393e-04
0.96575	3.70279e-03
0.97235	3.86396e-03
0.97101	1.03899e-03
0.97020	4.25224e-03
0.96956	2.76139e-03
0.96717	4.86328e-04
0.96504	2.04988e-03
0.96353	1.55986e-03
0.96070	4.09644e-04
0.96536	4.91984e-03
0.96148	3.56453e-03
0.96077	1.18169e-03
0.95964	2.13322e-03
0.95720	7.71614e-04
0.96051	1.87073e-03
0.95749	2.83644e-03
0.95684	6.67063e-03
0.95723	2.81822e-03
0.95480	4.68086e-03
0.95701	3.21366e-03
0.95275	1.11804e-02
0.95311	2.51084e-03
0.95536	2.95417e-03
0.95610	8.36251e-03
0.95613	4.92996e-03
0.95051	6.89710e-03
0.95114	5.14415e-03
0.95164	7.94298e-03
0.95443	6.54369e-03
0.94544	3.12902e-03
0.95126	7.56357e-03
0.94793	8.77693e-04
0.94846	4.73681e-03
0.95678	1.86685e-03
0.94670	5.28513e-04
0.95037	5.36988e-03
0.94988	1.22437e-03
0.94448	1.18770e-03
0.94816	5.01862e-03
0.94749	4.85628e-03
0.95296	3.82603e-03
0.94960	2.61447e-03
0.93938	9.83514e-04
0.95061	5.39063e-03
0.94918	1.39214e-03
0.94787	5.12884e-04
0.94905	5.77540e-04
0.94215	1.70007e-03
0.94634	2.17887e-04
0.94395	4.02875e-03
0.94154	2.37248e-03
0.93849	4.22795e-03
0.94337	2.73580e-03
0.94518	1.04231e-03
0.93919	4.73432e-03
0.93829	6.61087e-03
0.93847	1.24025e-03
0.94570	1.26784e-03
0.94762	2.55054e-03
0.94285	3.91607e-03
0.94250	1.38474e-03
0.93946	5.37009e-03
0.94350	7.13778e-04
0.93746	4.83364e-03
0.94046	8.48151e-04
0.93904	3.37338e-03
0.93352	2.33968e-03
0.93265	4.28268e-03
0.93690	4.60437e-04
0.93346	5.96941e-04
0.92964	1.48211e-03
0.92844	1.00839e-03
0.92968	2.47771e-03
0.93335	4.08248e-03
0.92314	6.29676e-03
0.92721	9.33220e-05
0.92537	6.46562e-03
0.92929	3.70310e-04
0.92684	8.97766e-04
0.93069	2.60367e-03
0.91927	5.98535e-03
0.92075	2.65998e-03
0.92087	2.44438e-03
0.92223	7.05760e-03
0.91603	1.08773e-03
0.91640	7.84455e-04
0.91877	4.71356e-03
0.91822	6.54912e-03
0.90683	7.96563e-04
0.90876	3.54287e-03
0.90986	3.73893e-03
0.91442	9.98293e-04
0.91476	9.61061e-04
0.90984	2.57221e-03
0.90807	7.42536e-03
0.91468	4.27844e-03
0.90590	7.08170e-03
0.91477	1.06228e-02
0.90018	4.75908e-03
0.91205	3.61552e-03
0.90924	4.56314e-04
0.90407	4.53192e-04
0.90575	4.40086e-03
0.90806	6.18445e-03
0.90996	8.57717e-03
0.90805	1.83083e-03
0.89977	5.63301e-04
0.89846	1.20514e-03
0.90370	8.56078e-04
0.89337	9.98097e-04
0.90077	7.63313e-04
0.89889	3.46424e-03
0.89589	7.17441e-03
0.90108	6.16621e-03
0.89089	1.22741e-03
0.90413	2.57402e-03
0.90073	7.71145e-03
0.89633	3.17605e-03
0.89404	1.18512e-02
0.88886	5.23161e-03
0.89530	6.07920e-03
0.89671	4.84478e-03
0.89567	7.85746e-03
0.88518	7.73129e-03
0.89291	2.58933e-03
0.89828	4.59099e-04
0.89238	1.15989e-02
0.89136	1.33139e-02
0.89022	1.90743e-03
0.88588	6.73649e-03
0.88819	3.81862e-03
0.88503	3.39468e-03
0.88516	5.74063e-03
0.88353	4.13366e-03
0.88302	5.43096e-03
0.88204	3.09940e-04
0.87452	4.30392e-03
0.87233	3.30131e-03
0.88052	8.18834e-03
0.87920	3.59801e-04
0.88238	8.61511e-03
0.87509	2.68106e-03
0.88260	2.43068e-03
0.87437	3.50856e-03
0.87653	4.80348e-03
0.87163	4.60880e-03
0.86766	5.95641e-04
0.86561	7.46274e-03
0.86220	1.52250e-02
0.87262	1.81801e-03
0.86525	7.01261e-03
0.85329	1.56981e-03
0.87865	4.82095e-03
0.87346	6.90366e-04
0.86147	1.15268e-02
0.86122	4.38973e-03
0.87118	5.02947e-03
0.85955	1.01329e-02
0.86280	1.01464e-02
0.86971	1.80437e-03
0.85197	4.47021e-03
0.86165	5.84732e-03
0.86758	6.50108e-03
0.85553	9.23912e-03
0.85348	1.63880e-03
0.86153	1.01603e-02
0.84195	5.09770e-03
0.84655	7.40856e-03
0.85929	1.70462e-03
0.85544	6.77314e-03
0.85710	7.16158e-03
0.83687	6.66235e-03
0.85418	9.70463e-03
0.84718	3.40181e-03
0.85623	5.93637e-03
0.85384	3.36997e-04
0.84981	7.91378e-03
0.84616	4.18258e-03
0.84702	4.04500e-03
0.84170	2.61424e-03
0.84528	8.47828e-03
0.85050	7.43177e-03
0.82817	7.15850e-05
0.84822	8.22647e-03
0.84065	1.16045e-02
0.83199	8.99793e-03
0.83217	1.55894e-03
0.82611	4.84090e-03
0.84127	1.92996e-03
0.82360	7.53040e-03
0.84244	9.12986e-03
0.83347	1.08271e-03
0.82970	1.32863e-02
0.83075	6.34715e-03
0.84653	1.22759e-02
0.83088	1.83909e-02
0.84074	1.62255e-02
0.83070	5.92619e-03
0.81574	8.57253e-03
0.83560	7.28475e-03
0.84079	8.06271e-03
0.82946	5.93520e-03
0.82244	4.74874e-03
0.83223	9.98308e-05
0.83347	3.79783e-06
0.83348	1.06986e-03
0.82328	5.70401e-03
0.82601	2.68636e-03
0.82676	1.17412e-02
0.82094	5.08300e-05
0.82224	1.29184e-02
0.82309	1.02899e-02
0.81556	2.19450e-04
0.83271	1.47689e-02
0.82434	1.74105e-03
0.82633	1.18078e-02
0.82757	1.76154e-02
0.82601	1.27255e-02
0.81236	6.31303e-03
0.81187	9.53069e-03
0.81995	2.06063e-03
0.81486	4.68341e-03
0.82996	1.43333e-03
0.81769	3.84961e-03
0.81929	2.18678e-03
0.81565	5.10516e-03
0.82443	6.74293e-03
0.81542	6.96492e-04
0.81507	8.83593e-03
0.80611	6.40431e-03
0.81627	2.59806e-03
0.81369	1.28753e-04
0.80449	2.50678e-03
0.81021	2.40545e-03
0.80471	8.71708e-03
0.80839	5.54612e-03
0.81321	1.61347e-03
0.81277	1.17804e-03
0.81130	1.17051e-02
0.81519	5.38763e-03
0.79431	3.28178e-03
0.81656	2.92293e-03
0.80484	1.99174e-02
0.81597	1.69219e-03
0.80169	3.24397e-04
0.80547	7.07732e-03
0.81332	1.75820e-02
0.81499	6.68198e-03
0.81415	1.67773e-02
0.80726	9.66905e-03
0.80759	9.93203e-03
0.80972	6.36718e-03
0.80035	2.12019e-02
0.80678	1.50397e-02
0.81375	3.41811e-03
0.79513	4.15333e-03
0.80114	8.92561e-03
0.79508	1.42158e-02
0.80151	1.62214e-02
0.79221	1.74411e-02
0.79877	1.22565e-03
0.79463	2.01301e-02
0.81365	7.76409e-03
0.80927	4.91553e-03
0.78525	6.84738e-03
0.79554	2.11287e-02
0.79056	1.96801e-02
0.81124	1.48528e-02
0.78736	5.55272e-04
0.79853	2.20675e-03
0.79437	1.40931e-02
0.79482	5.04712e-03
0.77503	4.69903e-03
0.78609	7.16413e-04
0.78612	6.45397e-03
0.78417	3.58213e-03
0.78224	4.35502e-04
0.78823	2.61305e-03
0.78239	1.32541e-02
0.78181	1.42498e-02
0.77719	1.13979e-02
0.77497	6.60881e-03
0.77484	5.75819e-03
0.78018	2.32133e-02
0.78196	6.87607e-03
0.78883	9.92395e-03
0.77850	1.25535e-02
0.77769	6.65524e-03
0.77645	2.42031e-04
0.77608	1.95537e-03
0.77311	8.63156e-03
0.77830	1.01443e-02
0.77928	6.95703e-03
0.77697	4.27754e-03
0.78809	1.27443e-03
0.76627	4.53676e-03
0.76740	4.65363e-03
0.76532	7.10288e-03
0.77209	4.10053e-03
0.76654	2.17180e-03
0.76801	1.91020e-02
0.76528	7.95988e-03
0.75652	2.09248e-04
0.77131	6.16147e-03
0.77285	9.97827e-03
0.77053	1.40520e-03
0.77160	1.63981e-02
0.75594	2.07938e-02
0.76698	4.91802e-04
0.76799	9.54190e-03
0.76350	4.71349e-03
0.76636	1.35120e-02
0.75885	1.74909e-02
0.77468	1.93118e-02
0.76116	1.14473e-02
0.76838	1.94158e-02
0.75844	2.69723e-02
0.76540	1.21368e-03
0.75810	1.71743e-02
0.76612	1.84126e-02
0.78313	5.59732e-03
0.77612	2.51395e-02
0.76114	1.43229e-02
0.76215	1.15751e-02
0.76864	1.03645e-02
0.77162	2.83894e-02
0.76907	1.92453e-02
0.76839	1.53391e-02
0.76160	2.97403e-02
0.76890	2.43692e-02
0.75952	2.43686e-02
0.78031	1.70789e-02
0.77161	2.64375e-02
0.76281	1.03877e-03
0.76879	2.08014e-02
0.76783	2.66177e-02
0.75413	1.68315e-02
0.76526	2.36947e-02
0.76652	8.83749e-03
0.74631	1.96758e-02
0.75424	1.89634e-02
0.76425	1.07434e-02
0.77796	4.45873e-03
0.76051	1.97935e-02
0.75370	1.30356e-02
0.75295	2.27816e-02
0.76975	2.04740e-02
0.75906	2.34505e-02
0.75849	1.69217e-02
0.74885	1.61427e-02
0.75500	7.05118e-03
0.76097	1.15397e-02
0.76023	9.82758e-03
0.75225	1.16122e-02
0.74742	8.22880e-03
0.75604	1.50580e-03
0.75723	7.67113e-03
0.76089	4.78866e-03
0.75192	3.66920e-03
0.75554	2.84659e-03
0.75401	7.18953e-03
0.74370	9.40560e-03
0.76109	9.49025e-03
0.75437	1.09041e-02
0.76586	8.99068e-03
0.74125	5.47032e-03
0.73784	8.45343e-04
0.74027	1.02656e-03
0.73723	9.88851e-03
0.72636	2.16290e-03
0.73514	2.50039e-02
0.73301	1.43811e-02
0.73437	1.58235e-02
0.73403	7.10703e-03
0.73538	9.11999e-03
0.74724	2.14725e-02
0.74792	5.34290e-03
0.73607	1.00112e-02
0.74023	7.32905e-03
0.74834	3.77783e-03
0.74436	5.09865e-03
0.72596	1.00158e-02
0.72651	1.89112e-03
0.73475	1.12529e-02
0.73290	5.85664e-03
0.73450	1.70243e-02
0.74493	2.84508e-02
0.74264	1.67539e-02
0.72414	2.55556e-02
0.73350	1.38417e-02
0.72440	1.96084e-02
0.73159	8.70905e-03
0.72458	1.23847e-02
0.71529	2.00388e-02
0.72082	3.23814e-02
0.71631	9.56116e-03
0.73167	8.50387e-05
0.72239	1.64033e-02
0.71179	4.90567e-03
0.73307	1.81319e-02
0.73413	6.70937e-03
0.71582	1.16692e-02
0.73435	5.89441e-03
0.72537	2.21957e-02
0.72181	1.58308e-02
0.71273	8.52085e-03
0.70352	1.87307e-02
0.72230	1.62048e-02
0.72925	2.47756e-02
0.71674	2.74775e-02
0.73075	7.89458e-03
0.72192	1.23337e-02
0.71367	2.57344e-04
0.72896	5.89894e-03
0.72234	8.24818e-03
0.71441	8.16731e-03
0.70804	1.36872e-02
0.72234	1.00167e-02
0.70228	1.31525e-02
0.70853	9.02527e-03
0.71413	1.53903e-03
0.71435	3.62448e-03
0.70885	4.67499e-03
0.72572	8.82840e-03
0.68972	1.29641e-02
0.69688	7.29996e-03
0.70687	6.47645e-03
0.70751	1.17414e-02
0.71402	1.14636e-03
0.72235	1.14044e-02
0.70702	2.29389e-03
0.70473	6.03231e-03
0.70637	3.13333e-03
0.70823	1.56046e-02
0.69543	9.42067e-04
0.69838	9.88861e-04
0.69798	4.07684e-03
0.70440	1.01722e-02
0.69571	5.27573e-03
0.70124	3.29578e-03
0.69566	2.55625e-03
0.69962	5.30602e-03
0.69598	7.56940e-03
0.69036	6.47505e-03
0.69723	1.28142e-02
0.70383	1.61124e-02
0.69329	8.81789e-03
0.69753	5.94172e-03
0.68366	6.62437e-03
0.68874	6.68836e-04
0.70392	1.62833e-02
0.70042	1.61210e-03
0.68439	1.39697e-02
0.69471	4.06208e-03
0.68555	6.80723e-04
0.69264	4.99587e-03
0.68633	8.60028e-03
0.68429	4.77335e-05
0.68443	1.31303e-02
0.68521	5.57973e-03
0.67903	4.73562e-04
0.68243	9.63998e-04
0.69943	1.79941e-02
0.69847	1.84498e-03
0.69472	2.63455e-03
0.69062	2.00500e-03
0.69838	9.67247e-03
0.69947	1.56087e-04
0.70517	1.69676e-02
0.70267	8.68717e-03
0.69977	1.96465e-03
0.70050	6.59950e-03
0.69702	3.75176e-03
0.69905	1.48221e-02
0.70445	4.12695e-03
0.68254	6.75924e-03
0.69321	2.46182e-03
0.69873	5.72073e-03
0.69303	7.80828e-03
0.69700	6.16136e-03
0.69099	1.78528e-02
0.69560	7.52228e-03
0.69700	3.73545e-03
0.68993	1.14412e-02
0.69139	5.07904e-03
0.68788	4.86660e-03
0.67901	2.96505e-03
0.67406	4.59055e-03
0.68591	6.47792e-04
0.69620	3.74186e-03
0.67470	9.79632e-03
0.69627	1.34286e-02
0.68323	8.21079e-03
0.68239	1.54557e-02
0.67782	6.48262e-03
0.69415	5.36469e-03
0.68448	7.02900e-03
0.68903	1.81561e-03
0.69788	1.13069e-02
0.67640	8.93854e-03
0.69180	1.45360e-02
0.67140	1.91555e-02
0.68504	2.10221e-03
0.67646	1.89332e-02
0.67599	1.59212e-02
0.66221	4.80973e-03
0.67354	5.22182e-03
0.67159	4.50767e-03
0.66567	1.67464e-03
0.65972	6.45407e-03
0.67368	1.10167e-02
0.68088	1.45185e-03
0.68079	1.04354e-03
0.67418	1.87732e-02
0.67926	2.83994e-03
0.67140	1.29727e-02
0.67533	1.78229e-02
0.66910	1.24683e-02
0.66030	1.11497e-02
0.66498	3.12183e-03
0.67330	1.60591e-02
0.67312	4.91769e-03
0.66023	2.32486e-02
0.67356	1.10816e-02
0.65216	9.26841e-03
0.67121	2.07223e-03
0.66741	3.27695e-03
0.67601	1.90175e-02
0.64766	2.70456e-02
0.64825	1.74578e-02
0.65294	5.46897e-03
0.65779	1.63516e-02
0.65149	1.12009e-02
0.65213	5.00664e-03
0.66068	5.73556e-03
0.63851	9.75473e-04
0.65160	6.07149e-03
0.65312	1.98776e-02
0.63948	2.25568e-02
0.63928	2.83261e-02
0.64789	2.01934e-02
0.64504	3.32908e-02
0.65032	1.51032e-02
0.67182	2.88375e-02
0.63947	2.76327e-02
0.65303	1.69265e-02
0.65450	2.75701e-02
0.63846	3.06789e-02
0.65153	2.87686e-02
0.66330	9.73757e-03
0.65232	8.08517e-03
0.64449	2.20513e-02
0.65181	2.40845e-02
0.65044	1.68932e-02
0.66349	1.40205e-02
0.65316	1.32571e-02
0.65671	2.60379e-02
0.64521	2.67444e-02
0.67034	1.64073e-02
0.66286	2.10721e-02
0.66050	8.64463e-03
0.64720	1.95488e-02
0.64100	1.74863e-02
0.64786	1.09782e-02
0.65445	2.26986e-02
0.64561	1.67924e-02
0.66388	1.69150e-03
0.63201	7.62134e-03
0.64849	1.59297e-02
0.64565	3.26587e-02
0.66479	1.94683e-02
0.65794	1.76519e-02
0.64161	2.11161e-03
0.64518	1.44581e-02
0.64824	2.80791e-02
0.63967	3.51570e-02
0.64289	4.26819e-03
0.64680	2.38321e-02
0.64773	2.40109e-02
0.65814	2.25646e-02
0.65281	9.37406e-03
0.65548	1.39124e-02
0.63937	1.69616e-02
0.65577	1.33166e-02
0.66148	3.28830e-02
0.64664	7.48520e-03
0.65333	1.83255e-02
0.65431	1.37311e-02
0.65324	2.16106e-02
0.64169	1.51011e-02
0.65184	2.00452e-02
0.66474	1.86115e-02
0.64811	3.20040e-02
0.65778	2.64280e-02
0.65649	3.25666e-02
0.65196	2.50932e-02
0.65804	1.22730e-02
0.65293	2.95777e-02
0.65270	2.84637e-02
0.64431	3.25474e-02
0.63229	4.74247e-02
0.65032	2.18970e-02
0.65607	1.96467e-02
0.65849	1.98435e-02
0.65203	3.48140e-02
0.65552	7.44964e-03
0.63539	3.12228e-02
0.64547	1.16401e-02
0.64458	2.42261e-02
0.62417	2.84661e-02
0.62638	3.69910e-02
0.65186	9.28267e-03
0.64624	2.02614e-02
0.65006	9.27579e-03
0.64629	3.16060e-02
0.64163	4.48196e-02
0.65090	1.28162e-02
0.63248	3.13341e-02
0.66275	1.72660e-02
0.65313	2.66587e-02
0.63273	1.99362e-02
0.63440	1.89803e-02
0.64581	1.68703e-02
0.64037	2.98560e-02
0.64466	2.37453e-02
0.62227	2.94811e-02
0.63982	3.08547e-02
0.65462	3.26549e-02
0.63411	2.93502e-02
0.65808	3.39093e-02
0.63186	2.71360e-02
0.64509	3.08795e-02
0.64495	8.16964e-03
0.65238	3.79945e-02
0.64103	2.43663e-02
0.66468	3.06518e-02
0.63730	2.95439e-02
0.64483	3.12927e-02
0.64367	3.75636e-02
0.65660	2.38188e-02
0.64758	4.13503e-02
0.65201	2.81049e-02
0.65179	3.20565e-02
0.63664	3.97564e-02
0.64397	3.57318e-02
0.64009	2.90558e-02
0.65334	3.70577e-02
0.65404	2.46681e-02
0.64944	4.80308e-02
0.64177	2.27773e-02
0.64181	2.81726e-02
0.63263	2.21500e-02
0.63634	2.85565e-02
0.64347	2.65160e-02
0.63627	3.96004e-02
0.63593	4.06825e-02
0.64792	2.86685e-02
0.63140	2.19799e-02
0.63670	2.46000e-02
0.64192	3.35949e-02
0.62931	4.13949e-02
0.66268	3.31406e-02
0.64309	3.37310e-02
0.64508	3.10504e-02
0.63669	3.69443e-02
0.63007	3.31270e-02
0.64378	2.64065e-02
0.65212	2.78299e-02
0.63306	5.62236e-02
0.64131	3.67794e-02
0.64338	4.68030e-02
0.64104	4.50895e-02
0.63824	4.19286e-02
0.63273	4.33628e-02
0.65107	4.19855e-02
0.62500	4.75094e-02
0.63708	4.06956e-02
0.61692	4.27830e-02
0.61902	3.18589e-02
0.63400	4.62774e-02
0.61321	4.23099e-02
0.62320	4.09716e-02
0.61221	4.19600e-02
0.62002	4.08543e-02
0.62363	4.97197e-02
0.63016	3.93865e-02
0.62163	2.22269e-02
0.62757	4.55554e-02
0.62158	4.93964e-02
0.62665	2.92908e-02
0.63705	3.42304e-02
0.63207	3.21516e-02
0.62233	4.46428e-02
0.59460	5.79215e-02
0.64427	4.10751e-02
0.61010	4.69450e-02
0.60637	3.86415e-02
0.61991	4.20321e-02
0.62001	4.46026e-02
0.61080	3.06447e-02
0.61209	4.40111e-02
0.62106	5.75072e-02
0.62781	2.47267e-02
0.61298	3.95637e-02
0.62071	4.85174e-02
0.62863	4.13662e-02
0.62427	4.27851e-02
0.60643	2.99658e-02
0.61988	3.90252e-02
0.61216	4.68434e-02
0.63394	4.00008e-02
0.62499	1.64749e-02
0.62727	3.67755e-02
0.61865	3.22746e-02
0.60633	3.58628e-02
0.61066	2.40364e-02
0.63647	2.61990e-02
0.63860	3.35928e-02
0.63152	2.26046e-02
0.62331	4.25324e-02
0.61558	2.52217e-02
0.62110	3.16036e-02
0.60718	3.92227e-02
0.62270	3.41018e-02
0.61759	3.49612e-02
0.62342	2.57538e-02
0.60752	3.86743e-02
0.64394	3.96315e-02
0.62653	3.76470e-02
0.61384	2.56471e-02
0.61089	4.16246e-02
0.62149	2.69531e-02
0.61647	4.19021e-02
0.61878	4.06709e-02
0.62086	4.69459e-02
0.61854	4.10444e-02
0.62961	3.38829e-02
0.61926	3.57825e-02
0.61793	1.56555e-02
0.61398	2.17881e-02
0.63927	2.48599e-02
0.61940	1.68882e-02
0.60931	3.14170e-02
0.61102	3.57041e-02
0.62167	3.82081e-02
0.62557	2.15413e-02
0.61178	3.06153e-02
0.62935	4.76295e-02
0.61337	3.25225e-02
0.61010	2.50610e-02
0.60381	5.03226e-02
0.61949	3.06335e-02
0.60325	1.27072e-02
0.60721	3.34119e-02
0.61747	3.25012e-02
0.62556	3.67772e-02
0.61528	3.53836e-02
0.61380	3.83277e-02
0.61881	2.53999e-02
0.61419	2.49809e-02
0.59244	4.18864e-02
0.60032	2.05433e-02
0.59879	4.15297e-02
0.58998	2.51216e-02
0.59153	5.11830e-02
0.61798	1.26142e-02
0.60443	2.10737e-02
0.61447	3.38906e-02
0.60435	3.75915e-02
0.60057	3.45671e-02
0.57965	2.12479e-02
0.60419	4.13028e-02
0.60925	7.15577e-03
0.60077	3.05989e-02
0.59295	2.68614e-02
0.59663	3.10611e-02
0.60172	2.25891e-02
0.60064	2.30994e-02
0.60282	4.94181e-02
0.59430	3.98107e-02
0.58769	3.78449e-02
0.58705	2.98991e-02
0.59167	4.05095e-02
0.60642	4.41445e-02
0.59823	2.61444e-02
0.58104	3.31431e-02
0.57705	3.31630e-02
0.58412	3.92872e-02
0.59436	4.27387e-02
0.58617	3.22622e-02
0.59279	3.72422e-02
0.60186	4.00961e-02
0.60476	2.47338e-02
0.59416	4.16930e-02
0.60360	3.46500e-02
0.57832	2.01752e-02
0.58497	2.90939e-02
0.58140	5.00624e-02
0.59931	4.52893e-02
0.57756	3.49047e-02
0.58190	1.45871e-02
0.59928	2.31058e-02
0.57715	2.59113e-02
0.58082	2.36136e-02
0.57175	2.41636e-02
0.57167	3.93591e-02
0.59719	2.52957e-02
0.59333	3.08296e-02
0.58636	3.39615e-02
0.59746	2.83564e-02
0.59280	1.80181e-02
0.60922	2.20122e-02
0.59018	2.52793e-02
0.59773	3.07900e-02
0.58358	2.25242e-02
0.59858	1.55614e-02
0.59268	1.08482e-02
0.59034	2.53550e-02
0.59628	4.32224e-02
0.57238	3.99269e-02
0.58953	1.65590e-02
0.58795	2.97043e-02
0.58185	2.46470e-02
0.57871	1.67139e-02
0.56662	2.26587e-02
0.57219	2.48860e-02
0.60736	3.83164e-02
0.58563	2.77962e-02
0.59116	9.65236e-03
0.57126	1.73004e-02
0.57466	3.69954e-02
0.57449	2.90878e-02
0.57414	1.22107e-02
0.57331	2.10715e-02
0.60371	4.12404e-02
0.56048	2.55508e-02
0.56948	1.96797e-02
0.58084	2.26785e-02
0.56141	2.35671e-02
0.56627	1.00919e-02
0.58239	2.64472e-02
0.57803	1.95884e-02
0.57368	4.87953e-02
0.57423	2.65130e-02
0.56742	2.37662e-02
0.57970	1.93568e-02
0.58932	4.89026e-02
0.57150	2.17615e-02
0.57868	1.77522e-02
0.58578	1.20640e-02
0.58366	1.25693e-02
0.58245	2.29976e-02
0.56678	2.05217e-02
0.57239	3.46931e-02
0.58493	2.26397e-02
0.57933	1.74042e-02
0.56969	2.06083e-02
0.57323	4.08293e-02
0.58626	1.78915e-02
0.58355	3.27456e-02
0.57590	3.23492e-02
0.58154	7.93593e-03
0.58834	1.83097e-02
0.59075	3.15200e-02
0.57568	1.04938e-02
0.56570	2.96301e-02
0.57013	2.21186e-02
0.56114	2.17125e-02
0.57812	1.11609e-02
0.59060	1.26724e-02
0.57412	2.66715e-02
0.58386	1.65417e-02
0.58317	3.52553e-03
0.58622	2.89628e-02
0.56345	2.12070e-02
0.56117	2.18469e-02
0.57438	1.47897e-02
0.57722	3.52353e-03
0.57955	7.18579e-03
0.57692	1.27803e-02
0.58495	1.86705e-02
0.57728	3.80885e-02
0.58477	1.70592e-02
0.58666	2.22151e-02
0.58141	1.69151e-02
0.57542	4.02253e-02
0.58614	1.83048e-02
0.57305	2.85628e-02
0.58520	1.50866e-02
0.56612	4.35672e-02
0.57845	3.28401e-02
0.58846	2.25495e-02
0.57265	3.65896e-02
0.57220	4.06600e-02
0.55956	1.56588e-02
0.57908	1.61293e-02
0.57090	2.31607e-02
0.57714	2.44992e-02
0.57305	2.11735e-02
0.58139	3.00244e-02
0.56288	2.30339e-02
0.57826	1.38615e-02
0.57502	3.27148e-02
0.58076	2.12807e-02
0.57840	3.06269e-02
0.57009	1.85524e-02
0.55183	5.07137e-02
0.56340	2.24059e-02
0.56763	3.43559e-02
0.55275	3.87823e-02
0.58005	5.02252e-02
0.56602	3.23461e-02
0.58353	4.80142e-02
0.57038	3.50461e-02
0.56624	2.77516e-02
0.59196	2.26150e-02
0.56257	2.83170e-02
0.56442	2.58623e-02
0.57936	2.13645e-02
0.55357	1.77722e-02
0.56453	3.95572e-02
0.58943	2.81279e-02
0.57413	1.67232e-02
0.57951	1.21683e-02
0.57430	3.46994e-02
0.55648	3.32485e-02
0.56788	3.20515e-02
0.58264	3.15798e-02
0.57022	3.54749e-02
0.57001	3.17483e-02
0.59330	4.15653e-02
0.59088	3.23007e-02
0.58232	2.25251e-02
0.56179	2.93162e-02
0.58280	1.30981e-02
0.57702	2.75816e-02
0.57512	3.03893e-02
0.58757	2.07908e-02
0.57867	4.51923e-02
0.56270	4.17104e-02
0.58650	2.29699e-02
0.57790	3.12617e-02
0.58507	2.87432e-02
0.58476	3.59391e-02
0.58435	5.73703e-02
0.57865	4.09234e-02
0.57177	2.21107e-02
0.55601	2.78924e-02
0.56414	3.13206e-02
0.58049	3.96445e-02
0.57140	4.18498e-02
0.56872	2.32933e-02
0.55364	3.77184e-02
0.56948	3.77452e-02
0.56866	4.62032e-02
0.55686	3.49038e-02
0.57921	3.26239e-02
0.57368	2.71297e-02
0.58565	5.52537e-02
0.56913	3.20484e-02
0.58666	3.62669e-02
0.57499	3.55929e-02
0.58192	2.59705e-02
0.58200	3.11223e-02
0.58264	2.49558e-02
0.57686	5.73850e-02
0.58974	2.60117e-02
0.57784	3.09327e-02
0.56840	3.21926e-02
0.58836	1.54660e-02
0.60315	2.65572e-02
0.57220	4.20867e-02
0.59551	2.98553e-02
0.59693	3.12725e-02
0.59853	3.79371e-02
0.58839	3.59777e-02
0.59143	3.29412e-02
0.62647	3.37889e-02
0.61085	3.40899e-02
0.63608	7.70976e-05
0.63101	2.35939e-02
0.62599	2.85800e-03
0.64269	1.95553e-02
0.63565	1.61527e-02
0.65102	2.75413e-02
0.64663	1.40384e-02
0.64526	6.81925e-03
0.66526	2.55310e-02
0.66726	1.25537e-02
0.64519	2.21715e-03
0.65782	1.48481e-02
0.66428	1.13347e-02
0.67779	1.87151e-02
0.68206	9.11693e-03
0.68042	1.07574e-02
0.68243	9.84881e-05
0.69841	1.82710e-02
0.68580	1.95872e-02
0.68923	1.27289e-03
0.71126	1.22507e-02
0.70475	2.98712e-03
0.69569	9.51869e-04
0.71068	1.59425e-02
0.70139	6.64762e-03
0.69894	6.95642e-03
0.71919	7.68380e-04
0.71602	5.47334e-03
0.71506	2.12933e-03
0.70237	5.27964e-03
0.71990	4.47667e-03
0.72568	5.33814e-04
0.73175	8.58651e-03
0.72109	3.92242e-03
0.73323	1.02087e-02
0.72241	7.35314e-03
0.74501	6.36072e-03
0.73723	7.14766e-03
0.74649	1.39405e-03
0.73158	5.02867e-04
0.74232	5.37861e-03
0.74801	1.07493e-02
0.74875	9.79271e-03
0.75057	3.04904e-03
0.75113	2.48099e-03
0.76459	6.45409e-03
0.75863	4.61480e-03
0.75396	8.95862e-03
0.76783	1.48061e-02
0.75578	3.72392e-03
0.77026	6.65205e-03
0.75367	6.82540e-03
0.76260	6.39448e-03
0.75952	8.80267e-03
0.77532	5.30829e-03
0.76559	6.71713e-03
0.77381	1.20707e-02
0.77915	1.74081e-02
0.77812	4.45624e-03
0.78528	1.18872e-02
0.79252	4.65456e-03
0.78469	1.81848e-02
0.78441	1.03237e-02
0.78464	9.79214e-03
0.79345	9.77638e-04
0.78988	1.86771e-02
0.78451	8.59460e-03
0.79892	1.46265e-02
0.79441	9.37095e-03
0.80489	8.24806e-03
0.80205	2.76609e-03
0.81130	7.78426e-04
0.80722	6.93799e-03
0.81435	1.94190e-04
0.80572	9.69643e-03
0.81432	2.23651e-03
0.81787	4.93796e-03
0.81663	1.55751e-02
0.81567	1.34380e-02
0.80917	7.03992e-03
0.82391	2.82033e-03
0.82787	1.04218e-02
0.82970	6.75277e-03
0.83276	3.68689e-03
0.83666	7.58508e-03
0.83561	6.52990e-03
0.83915	2.85692e-04
0.84699	7.54954e-03
0.83125	4.00733e-03
0.83430	3.67584e-03
0.83255	5.42466e-03
0.84087	1.93082e-03
0.85052	9.23193e-03
0.84746	6.48924e-03
0.84746	6.48924e-03
0.85204	1.90973e-03
0.84307	3.48320e-03
0.83887	3.78564e-03
0.85284	1.17717e-02
0.84977	7.15029e-03
0.84976	1.70538e-03
0.85089	1.08356e-03
0.85308	2.79105e-03
0.85553	7.75333e-03
0.85792	5.37226e-03
0.86095	2.33957e-03
0.85101	2.80612e-03
0.84540	3.99383e-03
0.85127	4.28773e-03
0.85348	8.97365e-03
0.85487	3.84828e-03
0.86417	2.15807e-03
0.85688	6.42128e-04
0.85940	1.04993e-02
0.86032	6.84264e-03
0.86108	7.59888e-03
0.85913	8.73364e-03
0.85565	5.26182e-03
0.85604	1.91945e-03
0.87235	4.15958e-03
0.86513	1.70270e-03
0.85915	4.27928e-03
0.86576	1.08889e-02
0.85892	4.05117e-03
0.86933	1.10944e-03
0.87042	1.82704e-05
0.86927	1.16777e-03
0.87568	4.78365e-03
0.87243	6.90908e-04
0.87818	3.79696e-03
0.87691	3.17850e-03
0.87793	2.15791e-03
0.87638	1.22750e-02
0.87419	7.34905e-04
0.87064	6.93287e-03
0.87622	1.51270e-03
0.87024	4.42797e-03
0.87807	3.03907e-03
0.88331	8.27803e-03
0.88542	8.38527e-03
0.87645	7.38326e-03
0.89077	8.93112e-03
0.88250	1.25656e-02
0.89476	5.60999e-03
0.88149	9.44606e-03
0.89090	3.41922e-05
0.87932	9.53244e-03
0.88330	4.13245e-03
0.89269	1.43303e-02
0.89011	1.23935e-02
0.89124	2.65726e-03
0.89948	7.33708e-03
0.90268	1.05390e-02
0.89393	1.74774e-02
0.90129	1.01102e-02
0.88322	1.17332e-03
0.88481	2.77101e-03
0.89938	4.27437e-03
0.90248	1.44527e-02
0.90683	1.31282e-02
0.90621	5.49160e-04
0.90437	6.89232e-03
0.90535	6.91643e-03
0.90128	8.51162e-03
0.89837	5.59595e-03
0.91036	3.92789e-03
0.90476	5.45314e-03
0.91194	6.17479e-03
0.90666	9.18913e-03
0.91583	2.55907e-03
0.91254	1.13269e-04
0.90442	2.10568e-03
0.90931	6.99284e-03
0.90979	9.49215e-04
0.91006	4.82449e-03
0.90391	6.46562e-03
0.91444	7.82798e-04
0.91379	5.41978e-03
0.91030	6.10870e-03
0.91397	2.44397e-03
0.91065	8.98376e-03
0.92009	1.10345e-03
0.92467	5.67572e-03
0.91557	9.01791e-03
0.91903	4.37224e-04
0.91810	6.71505e-03
0.91452	3.29758e-03
0.91724	4.88324e-03
0.92362	1.50201e-03
0.93007	4.72549e-03
0.92244	3.43609e-04
0.91753	4.56664e-03
0.92036	6.21239e-03
0.91573	1.47039e-03
0.92928	4.73392e-03
0.92242	2.88237e-03
0.92470	4.14228e-03
0.92470	4.14228e-03
0.92165	1.49720e-02
0.91747	1.07927e-02
0.92406	2.97376e-03
0.92611	7.06189e-03
0.92660	6.56911e-03
0.92395	8.36925e-03
0.93539	8.45507e-03
0.93062	6.31074e-04
0.92459	6.92745e-03
0.93663	7.77658e-03
0.93281	3.79158e-03
0.92782	6.67669e-03
0.92756	3.59304e-03
0.93396	2.81065e-03
0.93421	2.12381e-03
0.93133	4.03622e-03
0.92898	3.38927e-03
0.93767	2.27848e-03
0.93883	4.80144e-03
0.93612	1.43516e-03
0.93665	5.63279e-04
0.93675	5.86113e-03
0.93512	4.22848e-03
0.93883	3.70625e-04
0.94097	4.56910e-03
0.93889	5.05464e-03
0.93842	5.52922e-03
0.94040	1.36783e-03
0.94041	2.21940e-03
0.94160	4.30996e-03
0.93862	2.66534e-03
0.93669	4.34403e-03
0.93479	6.92732e-03
0.94239	6.74152e-04
0.94989	2.58627e-03
0.94431	8.15956e-03
0.94739	1.26506e-03
0.94319	5.46356e-03
0.93902	2.41050e-03
0.94448	3.29491e-03
0.94267	1.33480e-03
0.94364	3.69363e-04
0.94772	2.11575e-03
0.94360	3.23674e-03
0.94881	1.96701e-03
0.94694	1.58146e-03
0.94536	5.33608e-03
0.94711	3.58771e-03
0.94182	1.25897e-03
0.94210	1.94303e-04
0.94262	7.11126e-04
0.94657	4.56812e-03
0.94593	3.93320e-03
0.94833	2.05029e-03
0.95093	5.40881e-04
0.94597	2.46984e-04
0.94694	2.25140e-03
0.94503	2.45644e-04
0.95058	5.80168e-03
0.94807	3.21572e-04
0.95440	8.84835e-04
0.95320	3.00452e-03
0.95271	9.62051e-04
0.95505	3.30613e-03
0.95276	3.54462e-03
0.95460	1.71052e-03
0.95038	1.75078e-03
0.95180	8.10595e-03
0.94855	4.85083e-03
0.95581	6.79860e-05
0.95458	2.32699e-04
0.95715	5.45907e-03
0.95525	6.06180e-03
0.95643	7.23749e-03
0.95293	2.97370e-03
0.95990	3.88717e-03
0.95529	8.24530e-03
0.95595	8.90565e-03
0.95864	6.71939e-04
0.95778	7.64049e-03
0.95399	7.94558e-03
0.95576	5.94776e-03
0.95392	4.74041e-03
0.96473	4.11217e-03
0.96249	6.35090e-03
0.95660	8.24472e-03
0.95965	9.74511e-04
0.95572	1.14193e-03
0.95828	7.15353e-04
0.95802	5.10382e-03
0.96110	4.45549e-03
0.95454	8.60788e-03
0.95735	1.60984e-03
0.95837	3.24131e-03
0.95754	4.07681e-03
0.96052	2.24557e-03
0.95825	1.83144e-05
0.96272	2.64033e-03
0.96258	1.70385e-03
0.95966	1.21915e-03
0.96268	2.91891e-03
0.96268	2.91891e-03
0.95752	8.76397e-04
0.95649	1.54203e-04
0.95342	3.22420e-03
0.96642	2.61766e-03
0.96642	2.61766e-03
0.96231	6.72287e-03
0.95950	3.91650e-03
0.96088	2.54426e-03
0.95853	3.61872e-03
0.96434	8.36675e-04
0.96404	5.49339e-03
0.96477	6.22167e-03
0.96187	2.83349e-03
0.96657	1.86509e-03
0.96702	2.31212e-03
0.96268	1.31439e-03
0.96327	4.69925e-04
0.96390	6.28217e-04
0.96180	2.72574e-03
0.96633	1.72114e-03
0.96179	3.43504e-03
0.96316	3.73270e-03
0.96420	3.82477e-05
0.96659	3.76795e-03
0.96276	5.81501e-05
0.96508	1.69176e-03
0.97002	9.43349e-04
0.97006	9.06258e-04
0.97045	1.77566e-03
0.97180	4.25684e-04
0.96964	2.59133e-03
0.97081	2.71095e-03
0.96670	6.58886e-03
0.96924	2.54519e-03
0.97363	1.65843e-04
0.96830	3.90041e-03
0.96511	1.47243e-03
0.96735	5.87805e-03
0.97067	4.33272e-03
0.97005	3.70602e-03
0.97196	9.04825e-04
0.96677	5.21685e-03
0.96801	3.97027e-03
0.96561	2.42863e-03
0.97218	4.06590e-03
0.97424	2.00425e-03
0.97668	3.09412e-03
0.97451	9.21462e-04
0.97157	1.89450e-03
0.97397	5.94360e-04
0.97313	1.44284e-03
0.97532	1.13956e-03
0.97458	1.25508e-03
0.97483	3.46945e-03
0.97493	3.57554e-03
0.97562	6.01817e-04
0.97945	2.23679e-03
0.97487	5.44438e-04
0.97304	1.29181e-03
0.97254	2.15283e-03
0.97598	9.08448e-04
0.97695	9.72864e-04
0.97765	3.78951e-03
0.97502	1.59992e-03
0.97882	1.18813e-04
0.97381	4.89866e-03
0.97608	2.03048e-03
0.97644	8.96387e-04
0.97698	3.42908e-03
0.97600	4.65932e-04
0.97654	5.13706e-03
0.97724	2.12460e-03
0.98046	1.38936e-04
0.97759	1.61152e-04
0.98136	2.97956e-04
0.98016	6.02904e-04
0.97669	3.30441e-03
0.97669	3.30441e-03
0.97669	3.30441e-03
0.98127	1.59477e-03
0.98178	1.40062e-03
0.98172	9.92904e-04
0.98500	3.06239e-03
0.98288	3.71061e-03
0.98268	6.13720e-03
0.98458	5.47382e-03
0.98498	6.77425e-03
0.98130	0.00000e+00
0.98524	0.00000e+00
0.98135	0.00000e+00
0.98124	0.00000e+00
0.98312	0.00000e+00
0.97956	0.00000e+00
0.98420	0.00000e+00
0.98592	0.00000e+00
0.98654	0.00000e+00
0.98561	0.00000e+00
0.98846	0.00000e+00
0.99053	0.00000e+00
0.98999	0.00000e+00
0.99018	0.00000e+00
