0.0585
0.0608
0.0634
0.0664
0.0696
0.0731
0.0767
0.0806
0.0845
0.0886
0.0928
0.0970
0.1014
0.1058
0.1102
0.1147
0.1192
0.1238
0.1284
0.1331
0.1378
0.1425
0.1473
0.1522
0.1572
0.1622
0.1672
0.1724
0.1776
0.1829
0.1882
0.1937
0.1992
0.2048
0.2104
0.2161
0.2220
0.2278
0.2338
0.2398
0.2458
0.2520
0.2581
0.2644
0.2706
0.2769
0.2833
0.2897
0.2961
0.3026
0.3091
0.3156
0.3221
0.3287
0.3352
0.3418
0.3484
0.3550
0.3616
0.3683
0.3749
0.3815
0.3882
0.3948
0.4015
0.4081
0.4148
0.4214
0.4280
0.4346
0.4411
0.4476
0.4541
0.4605
0.4669
0.4732
0.4795
0.4856
0.4918
0.4978
0.5038
0.5097
0.5155
0.5212
0.5269
0.5324
0.5379
0.5434
0.5487
0.5540
0.5592
0.5644
0.5695
0.5745
0.5795
0.5844
0.5893
0.5941
0.5989
0.6037
0.6084
0.6131
0.6178
0.6225
0.6271
0.6317
0.6363
0.6408
0.6454
0.6499
0.6544
0.6588
0.6633
0.6677
0.6720
0.6763
0.6806
0.6848
0.6889
0.6930
0.6970
0.7010
0.7049
0.7087
0.7125
0.7162
0.7198
0.7233
0.7268
0.7302
0.7335
0.7368
0.7400
0.7431
0.7462
0.7492
0.7521
0.7549
0.7576
0.7603
0.7629
0.7655
0.7679
0.7703
0.7726
0.7748
0.7769
0.7790
0.7810
0.7829
0.7847
0.7865
0.7883
0.7899
0.7916
0.7931
0.7946
0.7961
0.7975
0.7989
0.8002
0.8015
0.8028
0.8040
0.8052
0.8064
0.8075
0.8086
0.8097
0.8108
0.8118
0.8128
0.8138
0.8148
0.8157
0.8166
0.8175
0.8183
0.8191
0.8199
0.8207
0.8214
0.8221
0.8228
0.8234
0.8240
0.8245
0.8250
0.8255
0.8260
0.8264
0.8268
0.8272
0.8275
0.8278
0.8281
0.8284
0.8286
0.8288
0.8290
0.8292
0.8294
0.8295
0.8296
0.8298
0.8299
0.8300
0.8300
0.8301
0.8302
0.8302
0.8303
0.8303
0.8304
0.8304
0.8304
0.8304
0.8305
0.8305
0.8305
0.8305
0.8305
0.8305
0.8305
0.8305
0.8305
0.8305
0.8305
0.8305
0.8305
0.8305
0.8304
0.8304
0.8304
0.8304
0.8304
0.8303
0.8303
0.8303
0.8302
0.8302
0.8301
0.8301
0.8300
0.8300
0.8299
0.8299
0.8298
0.8297
0.8297
0.8296
0.8295
0.8294
0.8294
0.8293
0.8292
0.8291
0.8290
0.8289
0.8288
0.8287
0.8286
0.8285
0.8284
0.8283
0.8281
0.8280
0.8279
0.8278
0.8277
0.8276
0.8275
0.8274
0.8273
0.8272
0.8271
0.8270
0.8269
0.8268
0.8267
0.8266
0.8265
0.8265
0.8264
0.8264
0.8263
0.8263
0.8263
0.8263
0.8263
0.8263
0.8263
0.8263
0.8264
0.8264
0.8265
0.8266
0.8267
0.8268
0.8269
0.8271
0.8272
0.8274
0.8276
0.8278
0.8279
0.8281
0.8284
0.8286
0.8288
0.8290
0.8292
0.8294
0.8296
0.8299
0.8301
0.8303
0.8305
0.8307
0.8309
0.8311
0.8312
0.8314
0.8315
0.8317
0.8318
0.8320
0.8321
0.8322
0.8323
0.8324
0.8325
0.8325
0.8326
0.8327
0.8327
0.8328
0.8328
0.8328
0.8328
0.8329
0.8329
0.8329
0.8329
0.8329
0.8329
0.8328
0.8328
0.8328
0.8328
0.8327
0.8327
0.8327
0.8326
0.8326
0.8325
0.8325
0.8324
0.8324
0.8323
0.8323
0.8322
0.8322
0.8321
0.8320
0.8320
0.8319
0.8318
0.8318
0.8317
0.8316
0.8316
0.8315
0.8314
0.8313
0.8313
0.8312
0.8311
0.8310
0.8310
0.8309
0.8308
0.8307
0.8306
0.8306
0.8305
0.8304
0.8303
0.8302
0.8301
0.8301
0.8300
0.8299
0.8298
0.8297
0.8296
0.8295
0.8294
0.8293
0.8293
0.8292
0.8291
0.8290
0.8289
0.8288
0.8287
0.8286
0.8285
0.8284
0.8283
0.8282
0.8281
0.8280
0.8279
0.8278
0.8277
0.8276
0.8275
0.8274
0.8273
0.8272
0.8271
0.8270
0.8269
0.8268
0.8267
0.8266
0.8265
0.8264
0.8263
0.8262
0.8261
0.8260
0.8259
0.8258
0.8257
0.8256
0.8255
0.8254
0.8254
0.8253
0.8252
0.8251
0.8250
0.8249
0.8248
0.8248
0.8247
0.8246
0.8246
0.8245
0.8245
0.8244
0.8244
0.8244
0.8243
0.8243
0.8243
0.8243
0.8244
0.8244
0.8244
0.8245
0.8246
0.8246
0.8247
0.8249
0.8250
0.8251
0.8253
0.8255
0.8256
0.8258
0.8260
0.8263
0.8265
0.8267
0.8269
0.8272
0.8274
0.8277
0.8279
0.8282
0.8284
0.8286
0.8289
0.8291
0.8293
0.8295
0.8297
0.8299
0.8300
0.8302
0.8303
0.8304
0.8306
0.8307
0.8307
0.8308
0.8309
0.8310
0.8310
0.8310
0.8311
0.8311
0.8311
0.8311
0.8311
0.8311
0.8310
0.8310
0.8310
0.8309
0.8309
0.8308
0.8308
0.8307
0.8306
0.8305
0.8305
0.8304
0.8303
0.8302
0.8301
0.8300
0.8300
0.8299
0.8298
0.8297
0.8296
0.8295
0.8294
0.8293
0.8292
0.8291
0.8289
0.8288
0.8287
0.8286
0.8285
0.8284
0.8283
0.8282
0.8281
0.8280
0.8279
0.8279
0.8278
0.8277
0.8276
0.8275
0.8275
0.8274
0.8273
0.8273
0.8272
0.8272
0.8272
0.8271
0.8271
0.8271
0.8271
0.8272
0.8272
0.8272
0.8273
0.8273
0.8274
0.8275
0.8276
0.8277
0.8279
0.8280
0.8282
0.8283
0.8285
0.8287
0.8289
0.8291
0.8293
0.8295
0.8297
0.8300
0.8302
0.8304
0.8307
0.8309
0.8311
0.8313
0.8315
0.8318
0.8320
0.8322
0.8323
0.8325
0.8327
0.8329
0.8330
0.8332
0.8333
0.8334
0.8335
0.8337
0.8338
0.8338
0.8339
0.8340
0.8341
0.8341
0.8342
0.8342
0.8343
0.8343
0.8343
0.8344
0.8344
0.8344
0.8344
0.8344
0.8344
0.8344
0.8344
0.8344
0.8344
0.8343
0.8343
0.8343
0.8343
0.8342
0.8342
0.8342
0.8341
0.8341
0.8341
0.8340
0.8340
0.8339
0.8339
0.8339
0.8338
0.8338
0.8337
0.8337
0.8336
0.8336
0.8335
0.8335
0.8334
0.8334
0.8333
0.8333
0.8332
0.8332
0.8331
0.8331
0.8330
0.8330
0.8329
0.8328
0.8328
0.8327
0.8327
0.8326
0.8326
0.8325
0.8325
0.8324
0.8324
0.8323
0.8323
0.8322
0.8321
0.8321
0.8320
0.8320
0.8319
0.8319
0.8318
0.8318
0.8317
0.8317
0.8316
0.8316
0.8315
0.8315
0.8314
0.8314
0.8313
0.8313
0.8312
0.8311
0.8311
0.8310
0.8310
0.8309
0.8309
0.8308
0.8308
0.8307
0.8307
0.8306
0.8306
0.8305
0.8305
0.8304
0.8304
0.8303
0.8303
0.8302
0.8302
0.8302
0.8301
0.8301
0.8300
0.8300
0.8299
0.8299
0.8298
0.8298
0.8297
0.8297
0.8296
0.8296
0.8295
0.8295
0.8294
0.8294
0.8293
0.8293
0.8292
0.8292
0.8291
0.8291
0.8291
0.8290
0.8290
0.8289
0.8289
0.8288
0.8288
0.8287
0.8287
0.8286
0.8286
0.8285
0.8285
0.8284
0.8284
0.8283
0.8283
0.8283
0.8282
0.8282
0.8281
0.8281
0.8280
0.8280
0.8279
0.8279
0.8278
0.8278
0.8277
0.8277
0.8276
0.8276
0.8275
0.8275
0.8274
0.8274
0.8273
0.8273
0.8272
0.8272
0.8271
0.8271
0.8270
0.8270
0.8269
0.8269
0.8268
0.8268
0.8267
0.8267
0.8266
0.8266
0.8265
0.8265
0.8264
0.8264
0.8263
0.8263
0.8262
0.8262
0.8261
0.8261
0.8260
0.8259
0.8259
0.8258
0.8258
0.8257
0.8257
0.8256
0.8256
0.8255
0.8254
0.8254
0.8253
0.8253
0.8252
0.8251
0.8251
0.8250
0.8250
0.8249
0.8248
0.8248
0.8247
0.8246
0.8246
0.8245
0.8244
0.8244
0.8243
0.8242
0.8242
0.8241
0.8240
0.8240
0.8239
0.8238
0.8238
0.8237
0.8236
0.8236
0.8235
0.8234
0.8234
0.8233
0.8232
0.8231
0.8231
0.8230
0.8229
0.8229
0.8228
0.8227
0.8227
0.8226
0.8225
0.8225
0.8224
0.8223
0.8223
0.8222
0.8222
0.8221
0.8221
0.8220
0.8220
0.8219
0.8219
0.8219
0.8219
0.8219
0.8219
0.8219
0.8219
0.8219
0.8219
0.8220
0.8220
0.8221
0.8221
0.8222
0.8223
0.8224
0.8226
0.8227
0.8229
0.8230
0.8232
0.8234
0.8236
0.8239
0.8241
0.8243
0.8246
0.8249
0.8251
0.8254
0.8257
0.8260
0.8263
0.8265
0.8268
0.8271
0.8274
0.8276
0.8279
0.8281
0.8284
0.8286
0.8288
0.8290
0.8292
0.8294
0.8295
0.8297
0.8298
0.8299
0.8301
0.8302
0.8303
0.8304
0.8304
0.8305
0.8306
0.8306
0.8306
0.8307
0.8307
0.8307
0.8307
0.8308
0.8308
0.8308
0.8308
0.8307
0.8307
0.8307
0.8307
0.8307
0.8306
0.8306
0.8306
0.8305
0.8305
0.8305
0.8304
0.8304
0.8303
0.8303
0.8302
0.8302
0.8301
0.8301
0.8300
0.8300
0.8299
0.8299
0.8298
0.8298
0.8297
0.8297
0.8296
0.8296
0.8295
0.8294
0.8294
0.8293
0.8293
0.8292
0.8292
0.8291
0.8290
0.8290
0.8289
0.8289
0.8288
0.8287
0.8287
0.8286
0.8286
0.8285
0.8285
0.8284
0.8283
0.8283
0.8282
0.8282
0.8281
0.8281
0.8280
0.8279
0.8279
0.8278
0.8278
0.8277
0.8277
0.8276
0.8275
0.8275
0.8274
0.8274
0.8273
0.8273
0.8272
0.8271
0.8271
0.8270
0.8270
0.8269
0.8269
0.8268
0.8267
0.8267
0.8266
0.8266
0.8265
0.8265
0.8264
0.8264
0.8263
0.8262
0.8262
0.8261
0.8261
0.8260
0.8260
0.8259
0.8259
0.8258
0.8257
0.8257
0.8256
0.8256
0.8255
0.8255
0.8254
0.8253
0.8253
0.8252
0.8252
0.8251
0.8251
0.8250
0.8249
0.8249
0.8248
0.8248
0.8247
0.8246
0.8246
0.8245
0.8245
0.8244
0.8243
0.8243
0.8242
0.8242
0.8241
0.8240
0.8240
0.8239
0.8239
0.8238
0.8237
0.8237
0.8236
0.8235
0.8235
0.8234
0.8234
0.8233
0.8232
0.8232
0.8231
0.8230
0.8230
0.8229
0.8228
0.8227
0.8227
0.8226
0.8225
0.8225
0.8224
0.8223
0.8223
0.8222
0.8221
0.8220
0.8220
0.8219
0.8218
0.8217
0.8217
0.8216
0.8215
0.8214
0.8214
0.8213
0.8212
0.8211
0.8210
0.8209
0.8209
0.8208
0.8207
0.8206
0.8205
0.8204
0.8204
0.8203
0.8202
0.8201
0.8200
0.8199
0.8198
0.8197
0.8196
0.8195
0.8194
0.8194
0.8193
0.8192
0.8191
0.8190
0.8189
0.8188
0.8187
0.8186
0.8185
0.8184
0.8183
0.8182
0.8181
0.8180
0.8179
0.8178
0.8177
0.8176
0.8175
0.8174
0.8173
0.8172
0.8172
0.8171
0.8170
0.8169
0.8168
0.8168
0.8167
0.8166
0.8166
0.8165
0.8165
0.8165
0.8164
0.8164
0.8164
0.8164
0.8164
0.8164
0.8164
0.8165
0.8165
0.8166
0.8166
0.8167
0.8168
0.8169
0.8170
0.8172
0.8173
0.8174
0.8176
0.8178
0.8180
0.8182
0.8184
0.8186
0.8188
0.8190
0.8192
0.8194
0.8196
0.8199
0.8201
0.8203
0.8205
0.8207
0.8209
0.8211
0.8212
0.8214
0.8216
0.8217
0.8218
0.8220
0.8221
0.8222
0.8223
0.8224
0.8225
0.8225
0.8226
0.8226
0.8227
0.8227
0.8227
0.8227
0.8228
0.8228
0.8227
0.8227
0.8227
0.8227
0.8227
0.8226
0.8226
0.8225
0.8225
0.8224
0.8224
0.8223
0.8222
0.8221
0.8221
0.8220
0.8219
0.8218
0.8217
0.8216
0.8215
0.8214
0.8213
0.8212
0.8211
0.8210
0.8209
0.8208
0.8206
0.8205
0.8204
0.8203
0.8201
0.8200
0.8199
0.8197
0.8196
0.8195
0.8193
0.8192
0.8191
0.8189
0.8188
0.8186
0.8185
0.8184
0.8182
0.8181
0.8179
0.8178
0.8176
0.8175
0.8173
0.8172
0.8171
0.8169
0.8168
0.8166
0.8165
0.8164
0.8162
0.8161
0.8160
0.8159
0.8157
0.8156
0.8155
0.8154
0.8153
0.8153
0.8152
0.8151
0.8151
0.8150
0.8150
0.8150
0.8150
0.8150
0.8151
0.8151
0.8152
0.8153
0.8154
0.8156
0.8157
0.8159
0.8162
0.8164
0.8167
0.8170
0.8173
0.8177
0.8180
0.8184
0.8189
0.8193
0.8198
0.8203
0.8208
0.8213
0.8219
0.8224
0.8230
0.8235
0.8241
0.8247
0.8253
0.8258
0.8264
0.8270
0.8276
0.8281
0.8287
0.8292
0.8298
0.8303
0.8308
0.8313
0.8318
0.8323
0.8328
0.8333
0.8338
0.8342
0.8347
0.8351
0.8356
0.8360
0.8365
0.8369
0.8373
0.8377
0.8381
0.8385
0.8389
0.8392
0.8396
0.8399
0.8403
0.8406
0.8409
0.8412
0.8415
0.8417
0.8420
0.8422
0.8424
0.8426
0.8428
0.8429
0.8431
0.8432
0.8433
0.8434
0.8435
0.8436
0.8436
0.8437
0.8437
0.8437
0.8437
0.8437
0.8437
0.8437
0.8437
0.8436
0.8436
0.8436
0.8435
0.8434
0.8434
0.8433
0.8432
0.8431
0.8431
0.8430
0.8429
0.8428
0.8427
0.8426
0.8425
0.8424
0.8423
0.8422
0.8421
0.8420
0.8419
0.8418
0.8417
0.8416
0.8415
0.8414
0.8413
0.8412
0.8411
0.8410
0.8409
0.8408
0.8407
0.8406
0.8405
0.8404
0.8403
0.8401
0.8400
0.8399
0.8398
0.8397
0.8396
0.8395
0.8395
0.8394
0.8393
0.8392
0.8391
0.8390
0.8389
0.8388
0.8387
0.8386
0.8385
0.8384
0.8383
0.8382
0.8381
0.8381
0.8380
0.8379
0.8378
0.8377
0.8376
0.8375
0.8375
0.8374
0.8373
0.8372
0.8371
0.8370
0.8370
0.8369
0.8368
0.8367
0.8366
0.8366
0.8365
0.8364
0.8363
0.8363
0.8362
0.8361
0.8360
0.8360
0.8359
0.8358
0.8357
0.8357
0.8356
0.8355
0.8355
0.8354
0.8353
0.8352
0.8352
0.8351
0.8350
0.8350
0.8349
0.8348
0.8348
0.8347
0.8346
0.8346
0.8345
0.8344
0.8344
0.8343
0.8342
0.8342
0.8341
0.8340
0.8340
0.8339
0.8338
0.8338
0.8337
0.8336
0.8336
0.8335
0.8335
0.8334
0.8333
0.8333
0.8332
0.8332
0.8331
0.8330
0.8330
0.8329
0.8328
0.8328
0.8327
0.8327
0.8326
0.8325
0.8325
0.8324
0.8324
0.8323
0.8323
0.8322
0.8321
0.8321
0.8320
0.8320
0.8319
0.8318
0.8318
0.8317
0.8317
0.8316
0.8316
0.8315
0.8314
0.8314
0.8313
0.8313
0.8312
0.8311
0.8311
0.8310
0.8310
0.8309
0.8309
0.8308
0.8307
0.8307
0.8306
0.8306
0.8305
0.8305
0.8304
0.8303
0.8303
0.8302
0.8302
0.8301
0.8301
0.8300
0.8299
0.8299
0.8298
0.8298
0.8297
0.8296
0.8296
0.8295
0.8295
0.8294
0.8294
0.8293
0.8292
0.8292
0.8291
0.8291
0.8290
0.8289
0.8289
0.8288
0.8288
0.8287
0.8286
0.8286
0.8285
0.8285
0.8284
0.8283
0.8283
0.8282
0.8281
0.8281
0.8280
0.8280
0.8279
0.8278
0.8278
0.8277
0.8276
0.8276
0.8275
0.8274
0.8274
0.8273
0.8272
0.8272
0.8271
0.8270
0.8270
0.8269
0.8268
0.8268
0.8267
0.8266
0.8266
0.8265
0.8264
0.8263
0.8263
0.8262
0.8261
0.8261
0.8260
0.8259
0.8258
0.8258
0.8257
0.8256
0.8255
0.8254
0.8254
0.8253
0.8252
0.8251
0.8250
0.8250
0.8249
0.8248
0.8247
0.8246
0.8245
0.8244
0.8244
0.8243
0.8242
0.8241
0.8240
0.8239
0.8238
0.8237
0.8236
0.8235
0.8234
0.8233
0.8232
0.8231
0.8230
0.8229
0.8228
0.8227
0.8226
0.8225
0.8224
0.8223
0.8222
0.8221
0.8220
0.8219
0.8218
0.8217
0.8215
0.8214
0.8213
0.8212
0.8211
0.8210
0.8209
0.8208
0.8206
0.8205
0.8204
0.8203
0.8202
0.8201
0.8200
0.8199
0.8198
0.8197
0.8196
0.8195
0.8194
0.8193
0.8192
0.8191
0.8190
0.8190
0.8189
0.8189
0.8188
0.8188
0.8187
0.8187
0.8187
0.8187
0.8187
0.8188
0.8188
0.8189
0.8190
0.8190
0.8192
0.8193
0.8194
0.8196
0.8198
0.8200
0.8202
0.8204
0.8207
0.8209
0.8212
0.8215
0.8218
0.8221
0.8224
0.8227
0.8231
0.8234
0.8238
0.8241
0.8245
0.8248
0.8252
0.8256
0.8259
0.8263
0.8267
0.8271
0.8274
0.8278
0.8282
0.8285
0.8289
0.8293
0.8296
0.8300
0.8303
0.8307
0.8310
0.8314
0.8317
0.8320
0.8324
0.8327
0.8330
0.8332
0.8335
0.8338
0.8340
0.8343
0.8345
0.8347
0.8349
0.8351
0.8352
0.8354
0.8356
0.8357
0.8358
0.8359
0.8360
0.8361
0.8362
0.8363
0.8364
0.8364
0.8365
0.8365
0.8365
0.8366
0.8366
0.8366
0.8366
0.8366
0.8366
0.8366
0.8366
0.8366
0.8366
0.8365
0.8365
0.8365
0.8365
0.8364
0.8364
0.8364
0.8363
0.8363
0.8362
0.8362
0.8361
0.8361
0.8360
0.8360
0.8359
0.8359
0.8358
0.8358
0.8357
0.8357
0.8356
0.8355
0.8355
0.8354
0.8354
0.8353
0.8352
0.8352
0.8351
0.8351
0.8350
0.8349
0.8349
0.8348
0.8348
0.8347
0.8346
0.8346
0.8345
0.8345
0.8344
0.8343
0.8343
0.8342
0.8342
0.8341
0.8340
0.8340
0.8339
0.8339
0.8338
0.8338
0.8337
0.8336
0.8336
0.8335
0.8335
0.8334
0.8334
0.8333
0.8333
0.8332
0.8331
0.8331
0.8330
0.8330
0.8329
0.8329
0.8328
0.8328
0.8327
0.8327
0.8326
0.8326
0.8325
0.8325
0.8324
0.8324
0.8323
0.8323
0.8322
0.8322
0.8321
0.8321
0.8320
0.8320
0.8319
0.8319
0.8318
0.8318
0.8317
0.8317
0.8316
0.8316
0.8315
0.8315
0.8315
0.8314
0.8314
0.8313
0.8313
0.8312
0.8312
0.8311
0.8311
0.8311
0.8310
0.8310
0.8309
0.8309
0.8308
0.8308
0.8308
0.8307
0.8307
0.8306
0.8306
0.8305
0.8305
0.8305
0.8304
0.8304
0.8303
0.8303
0.8303
0.8302
0.8302
0.8301
0.8301
0.8301
0.8300
0.8300
0.8299
0.8299
0.8298
0.8298
0.8298
0.8297
0.8297
0.8297
0.8296
0.8296
0.8295
0.8295
0.8295
0.8294
0.8294
0.8293
0.8293
0.8293
0.8292
0.8292
0.8291
0.8291
0.8291
0.8290
0.8290
0.8290
0.8289
0.8289
0.8288
0.8288
0.8288
0.8287
0.8287
0.8286
0.8286
0.8286
0.8285
0.8285
0.8284
0.8284
0.8284
0.8283
0.8283
0.8283
0.8282
0.8282
0.8281
0.8281
0.8281
0.8280
0.8280
0.8279
0.8279
0.8279
0.8278
0.8278
0.8278
0.8277
0.8277
0.8276
0.8276
0.8276
0.8275
0.8275
0.8274
0.8274
0.8274
0.8273
0.8273
0.8272
0.8272
0.8272
0.8271
0.8271
0.8270
0.8270
0.8269
0.8269
0.8269
0.8268
0.8268
0.8267
0.8267
0.8267
0.8266
0.8266
0.8265
0.8265
0.8264
0.8264
0.8263
0.8263
0.8263
0.8262
0.8262
0.8261
0.8261
0.8260
0.8260
0.8259
0.8259
0.8259
0.8258
0.8258
0.8257
0.8257
0.8256
0.8256
0.8255
0.8255
0.8254
0.8254
0.8253
0.8253
0.8252
0.8252
0.8251
0.8251
0.8250
0.8250
0.8249
0.8249
0.8248
0.8247
0.8247
0.8246
0.8246
0.8245
0.8245
0.8244
0.8244
0.8243
0.8242
0.8242
0.8241
0.8241
0.8240
0.8239
0.8239
0.8238
0.8238
0.8237
0.8236
0.8236
0.8235
0.8234
0.8234
0.8233
0.8232
0.8232
0.8231
0.8230
0.8230
0.8229
0.8228
0.8228
0.8227
0.8226
0.8226
0.8225
0.8224
0.8224
0.8223
0.8222
0.8221
0.8221
0.8220
0.8219
0.8219
0.8218
0.8217
0.8217
0.8216
0.8215
0.8215
0.8214
0.8214
0.8213
0.8213
0.8212
0.8212
0.8211
0.8211
0.8211
0.8210
0.8210
0.8210
0.8210
0.8210
0.8210
0.8210
0.8211
0.8211
0.8211
0.8212
0.8213
0.8214
0.8215
0.8216
0.8217
0.8218
0.8220
0.8222
0.8223
0.8225
0.8228
0.8230
0.8232
0.8235
0.8237
0.8240
0.8242
0.8245
0.8248
0.8251
0.8254
0.8256
0.8259
0.8262
0.8265
0.8267
0.8270
0.8272
0.8274
0.8277
0.8279
0.8281
0.8283
0.8284
0.8286
0.8287
0.8289
0.8290
0.8291
0.8292
0.8293
0.8294
0.8295
0.8295
0.8296
0.8296
0.8297
0.8297
0.8297
0.8297
0.8298
0.8298
0.8298
0.8298
0.8297
0.8297
0.8297
0.8297
0.8297
0.8296
0.8296
0.8296
0.8295
0.8295
0.8294
0.8294
0.8294
0.8293
0.8293
0.8292
0.8291
0.8291
0.8290
0.8290
0.8289
0.8289
0.8288
0.8287
0.8287
0.8286
0.8286
0.8285
0.8284
0.8284
0.8283
0.8282
0.8282
0.8281
0.8280
0.8280
0.8279
0.8278
0.8278
0.8277
0.8276
0.8276
0.8275
0.8274
0.8273
0.8273
0.8272
0.8271
0.8271
0.8270
0.8269
0.8269
0.8268
0.8267
0.8266
0.8266
0.8265
0.8264
0.8264
0.8263
0.8262
0.8261
0.8261
0.8260
0.8259
0.8259
0.8258
0.8257
0.8256
0.8256
0.8255
0.8254
0.8253
0.8253
0.8252
0.8251
0.8250
0.8250
0.8249
0.8248
0.8247
0.8246
0.8246
0.8245
0.8244
0.8243
0.8242
0.8242
0.8241
0.8240
0.8239
0.8238
0.8238
0.8237
0.8236
0.8235
0.8234
0.8233
0.8233
0.8232
0.8231
0.8230
0.8229
0.8228
0.8227
0.8226
0.8226
0.8225
0.8224
0.8223
0.8222
0.8221
0.8220
0.8219
0.8218
0.8217
0.8216
0.8215
0.8215
0.8214
0.8213
0.8212
0.8211
0.8210
0.8209
0.8208
0.8207
0.8207
0.8206
0.8205
0.8204
0.8203
0.8203
0.8202
0.8201
0.8200
0.8200
0.8199
0.8199
0.8198
0.8198
0.8198
0.8197
0.8197
0.8197
0.8197
0.8197
0.8197
0.8197
0.8198
0.8198
0.8198
0.8199
0.8200
0.8201
0.8202
0.8203
0.8204
0.8206
0.8207
0.8209
0.8211
0.8213
0.8215
0.8217
0.8219
0.8221
0.8223
0.8226
0.8228
0.8230
0.8233
0.8235
0.8237
0.8240
0.8242
0.8244
0.8247
0.8249
0.8251
0.8253
0.8255
0.8256
0.8258
0.8260
0.8261
0.8263
0.8264
0.8265
0.8266
0.8267
0.8268
0.8269
0.8270
0.8271
0.8271
0.8272
0.8272
0.8273
0.8273
0.8273
0.8274
0.8274
0.8274
0.8274
0.8274
0.8274
0.8274
0.8274
0.8274
0.8273
0.8273
0.8273
0.8273
0.8272
0.8272
0.8272
0.8271
0.8271
0.8270
0.8270
0.8269
0.8269
0.8268
0.8268
0.8267
0.8267
0.8266
0.8265
0.8265
0.8264
0.8263
0.8263
0.8262
0.8262
0.8261
0.8260
0.8259
0.8259
0.8258
0.8257
0.8257
0.8256
0.8255
0.8254
0.8254
0.8253
0.8252
0.8251
0.8251
0.8250
0.8249
0.8248
0.8247
0.8247
0.8246
0.8245
0.8244
0.8243
0.8242
0.8242
0.8241
0.8240
0.8239
0.8238
0.8237
0.8236
0.8236
0.8235
0.8234
0.8233
0.8232
0.8231
0.8230
0.8229
0.8228
0.8227
0.8227
0.8226
0.8225
0.8224
0.8223
0.8222
0.8221
0.8220
0.8219
0.8218
0.8217
0.8216
0.8215
0.8214
0.8213
0.8212
0.8211
0.8210
0.8208
0.8207
0.8206
0.8205
0.8204
0.8203
0.8202
0.8201
0.8200
0.8198
0.8197
0.8196
0.8195
0.8194
0.8193
0.8191
0.8190
0.8189
0.8188
0.8186
0.8185
0.8184
0.8183
0.8181
0.8180
0.8179
0.8178
0.8176
0.8175
0.8174
0.8172
0.8171
0.8170
0.8168
0.8167
0.8166
0.8164
0.8163
0.8162
0.8160
0.8159
0.8158
0.8156
0.8155
0.8154
0.8153
0.8152
0.8150
0.8149
0.8148
0.8147
0.8146
0.8145
0.8144
0.8144
0.8143
0.8142
0.8142
0.8141
0.8141
0.8141
0.8141
0.8141
0.8141
0.8142
0.8142
0.8143
0.8144
0.8145
0.8146
0.8148
0.8150
0.8151
0.8154
0.8156
0.8159
0.8161
0.8164
0.8167
0.8171
0.8174
0.8178
0.8182
0.8186
0.8190
0.8194
0.8198
0.8202
0.8207
0.8211
0.8216
0.8220
0.8225
0.8230
0.8234
0.8239
0.8244
0.8248
0.8253
0.8257
0.8262
0.8266
0.8271
0.8275
0.8280
0.8284
0.8288
0.8293
0.8297
0.8301
0.8305
0.8309
0.8313
0.8317
0.8321
0.8325
0.8329
0.8333
0.8337
0.8341
0.8345
0.8348
0.8352
0.8356
0.8360
0.8363
0.8367
0.8370
0.8374
0.8377
0.8381
0.8384
0.8387
0.8390
0.8393
0.8396
0.8399
0.8401
0.8403
0.8406
0.8408
0.8410
0.8411
0.8413
0.8415
0.8416
0.8417
0.8418
0.8419
0.8420
0.8420
0.8421
0.8421
0.8421
0.8422
0.8422
0.8422
0.8421
0.8421
0.8421
0.8421
0.8420
0.8420
0.8419
0.8418
0.8418
0.8417
0.8416
0.8415
0.8415
0.8414
0.8413
0.8412
0.8411
0.8410
0.8409
0.8408
0.8407
0.8406
0.8405
0.8404
0.8403
0.8402
0.8401
0.8400
0.8399
0.8398
0.8397
0.8396
0.8395
0.8394
0.8393
0.8392
0.8391
0.8390
0.8389
0.8388
0.8387
0.8386
0.8384
0.8383
0.8382
0.8381
0.8380
0.8379
0.8379
0.8378
0.8377
0.8376
0.8375
0.8374
0.8373
0.8372
0.8371
0.8370
0.8369
0.8368
0.8367
0.8366
0.8365
0.8364
0.8363
0.8363
0.8362
0.8361
0.8360
0.8359
0.8358
0.8357
0.8356
0.8356
0.8355
0.8354
0.8353
0.8352
0.8351
0.8351
0.8350
0.8349
0.8348
0.8347
0.8346
0.8346
0.8345
0.8344
0.8343
0.8342
0.8342
0.8341
0.8340
0.8339
0.8339
0.8338
0.8337
0.8336
0.8335
0.8335
0.8334
0.8333
0.8332
0.8332
0.8331
0.8330
0.8329
0.8329
0.8328
0.8327
0.8326
0.8326
0.8325
0.8324
0.8323
0.8323
0.8322
0.8321
0.8320
0.8320
0.8319
0.8318
0.8317
0.8317
0.8316
0.8315
0.8315
0.8314
0.8313
0.8312
0.8312
0.8311
0.8310
0.8309
0.8309
0.8308
0.8307
0.8306
0.8306
0.8305
0.8304
0.8303
0.8303
0.8302
0.8301
0.8300
0.8300
0.8299
0.8298
0.8297
0.8297
0.8296
0.8295
0.8294
0.8294
0.8293
0.8292
0.8291
0.8291
0.8290
0.8289
0.8288
0.8287
0.8287
0.8286
0.8285
0.8284
0.8284
0.8283
0.8282
0.8281
0.8280
0.8279
0.8279
0.8278
0.8277
0.8276
0.8275
0.8274
0.8274
0.8273
0.8272
0.8271
0.8270
0.8269
0.8268
0.8267
0.8267
0.8266
0.8265
0.8264
0.8263
0.8262
0.8261
0.8260
0.8259
0.8258
0.8257
0.8256
0.8255
0.8254
0.8253
0.8252
0.8251
0.8250
0.8249
0.8248
0.8247
0.8246
0.8245
0.8244
0.8243
0.8242
0.8241
0.8240
0.8239
0.8238
0.8237
0.8236
0.8235
0.8234
0.8233
0.8232
0.8231
0.8230
0.8229
0.8228
0.8227
0.8226
0.8225
0.8224
0.8223
0.8223
0.8222
0.8221
0.8220
0.8220
0.8219
0.8219
0.8218
0.8218
0.8218
0.8217
0.8217
0.8217
0.8217
0.8217
0.8218
0.8218
0.8219
0.8219
0.8220
0.8221
0.8222
0.8223
0.8224
0.8225
0.8227
0.8228
0.8230
0.8232
0.8234
0.8236
0.8238
0.8240
0.8242
0.8244
0.8246
0.8248
0.8250
0.8252
0.8254
0.8256
0.8258
0.8260
0.8262
0.8264
0.8266
0.8267
0.8269
0.8270
0.8271
0.8273
0.8274
0.8275
0.8276
0.8277
0.8277
0.8278
0.8279
0.8279
0.8280
0.8280
0.8280
0.8281
0.8281
0.8281
0.8281
0.8281
0.8281
0.8281
0.8281
0.8281
0.8281
0.8281
0.8281
0.8281
0.8281
0.8281
0.8281
0.8281
0.8281
0.8282
0.8282
0.8282
0.8283
0.8283
0.8284
0.8284
0.8285
0.8286
0.8287
0.8288
0.8289
0.8291
0.8292
0.8294
0.8296
0.8298
0.8300
0.8302
0.8304
0.8307
0.8309
0.8312
0.8315
0.8317
0.8320
0.8323
0.8325
0.8328
0.8331
0.8333
0.8336
0.8338
0.8341
0.8343
0.8345
0.8347
0.8349
0.8351
0.8353
0.8354
0.8356
0.8357
0.8359
0.8360
0.8361
0.8362
0.8362
0.8363
0.8364
0.8364
0.8365
0.8365
0.8365
0.8366
0.8366
0.8366
0.8366
0.8366
0.8366
0.8366
0.8365
0.8365
0.8365
0.8365
0.8364
0.8364
0.8364
0.8363
0.8363
0.8362
0.8362
0.8361
0.8361
0.8360
0.8360
0.8359
0.8359
0.8358
0.8358
0.8357
0.8357
0.8356
0.8356
0.8355
0.8354
0.8354
0.8353
0.8353
0.8352
0.8351
0.8351
0.8350
0.8350
0.8349
0.8348
0.8348
0.8347
0.8347
0.8346
0.8345
0.8345
0.8344
0.8344
0.8343
0.8342
0.8342
0.8341
0.8341
0.8340
0.8340
0.8339
0.8338
0.8338
0.8337
0.8337
0.8336
0.8336
0.8335
0.8335
0.8334
0.8334
0.8333
0.8332
0.8332
0.8331
0.8331
0.8330
0.8330
0.8329
0.8329
0.8328
0.8328
0.8327
0.8327
0.8326
0.8326
0.8325
0.8325
0.8324
0.8324
0.8323
0.8323
0.8323
0.8322
0.8322
0.8321
0.8321
0.8320
0.8320
0.8319
0.8319
0.8318
0.8318
0.8317
0.8317
0.8317
0.8316
0.8316
0.8315
0.8315
0.8314
0.8314
0.8314
0.8313
0.8313
0.8312
0.8312
0.8311
0.8311
0.8311
0.8310
0.8310
0.8309
0.8309
0.8309
0.8308
0.8308
0.8307
0.8307
0.8307
0.8306
0.8306
0.8305
0.8305
0.8305
0.8304
0.8304
0.8303
0.8303
0.8303
0.8302
0.8302
0.8302
0.8301
0.8301
0.8300
0.8300
0.8300
0.8299
0.8299
0.8299
0.8298
0.8298
0.8297
0.8297
0.8297
0.8296
0.8296
0.8296
0.8295
0.8295
0.8294
0.8294
0.8294
0.8293
0.8293
0.8293
0.8292
0.8292
0.8291
0.8291
0.8291
0.8290
0.8290
0.8290
0.8289
0.8289
0.8289
0.8288
0.8288
0.8287
0.8287
0.8287
0.8286
0.8286
0.8286
0.8285
0.8285
0.8285
0.8284
0.8284
0.8283
0.8283
0.8283
0.8282
0.8282
0.8282
0.8281
0.8281
0.8281
0.8280
0.8280
0.8279
0.8279
0.8279
0.8278
0.8278
0.8278
0.8277
0.8277
0.8276
0.8276
0.8276
0.8275
0.8275
0.8275
0.8274
0.8274
0.8273
0.8273
0.8273
0.8272
0.8272
0.8272
0.8271
0.8271
0.8270
0.8270
0.8270
0.8269
0.8269
0.8268
0.8268
0.8268
0.8267
0.8267
0.8266
0.8266
0.8266
0.8265
0.8265
0.8264
0.8264
0.8264
0.8263
0.8263
0.8262
0.8262
0.8261
0.8261
0.8261
0.8260
0.8260
0.8259
0.8259
0.8258
0.8258
0.8258
0.8257
0.8257
0.8256
0.8256
0.8255
0.8255
0.8254
0.8254
0.8254
0.8253
0.8253
0.8252
0.8252
0.8251
0.8251
0.8250
0.8250
0.8249
0.8249
0.8248
0.8248
0.8247
0.8247
0.8246
0.8246
0.8245
0.8245
0.8244
0.8244
0.8243
0.8242
0.8242
0.8241
0.8241
0.8240
0.8240
0.8239
0.8239
0.8238
0.8237
0.8237
0.8236
0.8236
0.8235
0.8234
0.8234
0.8233
0.8233
0.8232
0.8231
0.8231
0.8230
0.8229
0.8229
0.8228
0.8227
0.8227
0.8226
0.8225
0.8225
0.8224
0.8223
0.8222
0.8222
0.8221
0.8220
0.8220
0.8219
0.8218
0.8217
0.8217
0.8216
0.8215
0.8214
0.8214
0.8213
0.8212
0.8211
0.8210
0.8210
0.8209
0.8208
0.8207
0.8207
0.8206
0.8205
0.8204
0.8204
0.8203
0.8202
0.8202
0.8201
0.8200
0.8200
0.8199
0.8199
0.8198
0.8198
0.8197
0.8197
0.8196
0.8196
0.8196
0.8196
0.8196
0.8196
0.8196
0.8196
0.8197
0.8197
0.8198
0.8199
0.8199
0.8200
0.8201
0.8203
0.8204
0.8206
0.8207
0.8209
0.8211
0.8213
0.8215
0.8218
0.8220
0.8223
0.8225
0.8228
0.8230
0.8233
0.8236
0.8238
0.8241
0.8243
0.8246
0.8248
0.8250
0.8253
0.8255
0.8257
0.8259
0.8261
0.8262
0.8264
0.8265
0.8266
0.8267
0.8268
0.8269
0.8270
0.8271
0.8271
0.8272
0.8272
0.8273
0.8273
0.8273
0.8273
0.8273
0.8273
0.8273
0.8272
0.8272
0.8272
0.8271
0.8271
0.8270
0.8270
0.8269
0.8268
0.8268
0.8267
0.8266
0.8266
0.8265
0.8264
0.8263
0.8262
0.8261
0.8260
0.8260
0.8259
0.8258
0.8257
0.8256
0.8255
0.8254
0.8253
0.8252
0.8251
0.8250
0.8249
0.8248
0.8247
0.8246
0.8245
0.8244
0.8243
0.8242
0.8241
0.8241
0.8240
0.8239
0.8238
0.8237
0.8237
0.8236
0.8235
0.8235
0.8234
0.8234
0.8234
0.8233
0.8233
0.8233
0.8233
0.8233
0.8233
0.8233
0.8234
0.8234
0.8235
0.8236
0.8237
0.8238
0.8239
0.8240
0.8242
0.8243
0.8245
0.8247
0.8248
0.8250
0.8252
0.8255
0.8257
0.8259
0.8261
0.8264
0.8266
0.8268
0.8271
0.8273
0.8275
0.8278
0.8280
0.8282
0.8284
0.8286
0.8288
0.8290
0.8292
0.8293
0.8295
0.8296
0.8298
0.8299
0.8300
0.8301
0.8302
0.8303
0.8304
0.8305
0.8306
0.8306
0.8307
0.8307
0.8308
0.8308
0.8308
0.8309
0.8309
0.8309
0.8309
0.8309
0.8309
0.8309
0.8309
0.8309
0.8309
0.8308
0.8308
0.8308
0.8308
0.8308
0.8307
0.8307
0.8307
0.8306
0.8306
0.8305
0.8305
0.8305
0.8304
0.8304
0.8303
0.8303
0.8302
0.8302
0.8301
0.8301
0.8300
0.8300
0.8299
0.8299
0.8298
0.8298
0.8297
0.8297
0.8296
0.8296
0.8295
0.8294
0.8294
0.8293
0.8293
0.8292
0.8292
0.8291
0.8291
0.8290
0.8289
0.8289
0.8288
0.8288
0.8287
0.8287
0.8286
0.8285
0.8285
0.8284
0.8284
0.8283
0.8282
0.8282
0.8281
0.8281
0.8280
0.8280
0.8279
0.8278
0.8278
0.8277
0.8277
0.8276
0.8276
0.8275
0.8274
0.8274
0.8273
0.8273
0.8272
0.8272
0.8271
0.8270
0.8270
0.8269
0.8269
0.8268
0.8267
0.8267
0.8266
0.8266
0.8265
0.8265
0.8264
0.8263
0.8263
0.8262
0.8262
0.8261
0.8261
0.8260
0.8259
0.8259
0.8258
0.8258
0.8257
0.8256
0.8256
0.8255
0.8255
0.8254
0.8253
0.8253
0.8252
0.8252
0.8251
0.8250
0.8250
0.8249
0.8249
0.8248
0.8247
0.8247
0.8246
0.8246
0.8245
0.8244
0.8244
0.8243
0.8242
0.8242
0.8241
0.8240
0.8240
0.8239
0.8239
0.8238
0.8237
0.8237
0.8236
0.8235
0.8235
0.8234
0.8233
0.8233
0.8232
0.8231
0.8231
0.8230
0.8229
0.8228
0.8228
0.8227
0.8226
0.8226
0.8225
0.8224
0.8223
0.8223
0.8222
0.8221
0.8220
0.8220
0.8219
0.8218
0.8217
0.8216
0.8216
0.8215
0.8214
0.8213
0.8212
0.8212
0.8211
0.8210
0.8209
0.8208
0.8207
0.8207
0.8206
0.8205
0.8204
0.8203
0.8202
0.8201
0.8200
0.8199
0.8198
0.8197
0.8196
0.8195
0.8194
0.8193
0.8192
0.8191
0.8190
0.8189
0.8188
0.8187
0.8186
0.8185
0.8184
0.8183
0.8182
0.8181
0.8180
0.8179
0.8177
0.8176
0.8175
0.8174
0.8173
0.8172
0.8170
0.8169
0.8168
0.8167
0.8166
0.8164
0.8163
0.8162
0.8161
0.8159
0.8158
0.8157
0.8156
0.8155
0.8153
0.8152
0.8151
0.8150
0.8149
0.8147
0.8146
0.8145
0.8144
0.8143
0.8142
0.8141
0.8140
0.8139
0.8139
0.8138
0.8137
0.8137
0.8136
0.8136
0.8135
0.8135
0.8135
0.8135
0.8136
0.8136
0.8136
0.8137
0.8138
0.8139
0.8140
0.8141
0.8143
0.8145
0.8147
0.8149
0.8151
0.8153
0.8155
0.8158
0.8161
0.8164
0.8167
0.8170
0.8173
0.8176
0.8179
0.8182
0.8186
0.8189
0.8192
0.8196
0.8199
0.8202
0.8206
0.8209
0.8213
0.8216
0.8220
0.8223
0.8227
0.8230
0.8234
0.8237
0.8241
0.8244
0.8248
0.8251
0.8255
0.8259
0.8262
0.8266
0.8269
0.8273
0.8277
0.8280
0.8284
0.8287
0.8291
0.8294
0.8298
0.8301
0.8305
0.8308
0.8312
0.8315
0.8319
0.8322
0.8326
0.8329
0.8333
0.8336
0.8340
0.8343
0.8346
0.8350
0.8353
0.8357
0.8360
0.8363
0.8366
0.8369
0.8372
0.8375
0.8378
0.8380
0.8383
0.8385
0.8387
0.8389
0.8391
0.8393
0.8395
0.8396
0.8398
0.8399
0.8400
0.8401
0.8402
0.8402
0.8403
0.8403
0.8403
0.8403
0.8404
0.8403
0.8403
0.8403
0.8403
0.8402
0.8402
0.8401
0.8401
0.8400
0.8399
0.8399
0.8398
0.8397
0.8396
0.8395
0.8394
0.8393
0.8392
0.8391
0.8390
0.8389
0.8388
0.8387
0.8386
0.8385
0.8384
0.8383
0.8381
0.8380
0.8379
0.8378
0.8377
0.8376
0.8375
0.8373
0.8372
0.8371
0.8370
0.8369
0.8368
0.8366
0.8365
0.8364
0.8363
0.8362
0.8361
0.8360
0.8358
0.8357
0.8356
0.8355
0.8354
0.8353
0.8352
0.8350
0.8349
0.8348
0.8347
0.8346
0.8345
0.8344
0.8343
0.8341
0.8340
0.8339
0.8338
0.8337
0.8336
0.8335
0.8334
0.8333
0.8331
0.8330
0.8329
0.8328
0.8327
0.8326
0.8325
0.8324
0.8323
0.8321
0.8320
0.8319
0.8318
0.8317
0.8316
0.8315
0.8314
0.8313
0.8311
0.8310
0.8309
0.8308
0.8307
0.8306
0.8305
0.8304
0.8302
0.8301
0.8300
0.8299
0.8298
0.8297
0.8296
0.8294
0.8293
0.8292
0.8291
0.8290
0.8289
0.8288
0.8286
0.8285
0.8284
0.8283
0.8282
0.8281
0.8280
0.8279
0.8278
0.8277
0.8276
0.8274
0.8273
0.8273
0.8272
0.8271
0.8270
0.8269
0.8268
0.8267
0.8267
0.8266
0.8265
0.8265
0.8264
0.8264
0.8263
0.8263
0.8263
0.8263
0.8263
0.8263
0.8263
0.8263
0.8264
0.8264
0.8265
0.8266
0.8267
0.8268
0.8269
0.8270
0.8272
0.8273
0.8275
0.8277
0.8278
0.8280
0.8282
0.8285
0.8287
0.8289
0.8291
0.8293
0.8296
0.8298
0.8300
0.8303
0.8305
0.8307
0.8309
0.8311
0.8313
0.8315
0.8317
0.8318
0.8320
0.8322
0.8323
0.8324
0.8326
0.8327
0.8328
0.8329
0.8330
0.8331
0.8331
0.8332
0.8332
0.8333
0.8333
0.8334
0.8334
0.8334
0.8334
0.8335
0.8335
0.8335
0.8335
0.8335
0.8334
0.8334
0.8334
0.8334
0.8334
0.8333
0.8333
0.8333
0.8332
0.8332
0.8331
0.8331
0.8330
0.8330
0.8329
0.8329
0.8328
0.8328
0.8327
0.8327
0.8326
0.8326
0.8325
0.8324
0.8324
0.8323
0.8322
0.8322
0.8321
0.8320
0.8320
0.8319
0.8318
0.8317
0.8317
0.8316
0.8315
0.8315
0.8314
0.8313
0.8312
0.8312
0.8311
0.8310
0.8309
0.8309
0.8308
0.8307
0.8306
0.8305
0.8305
0.8304
0.8303
0.8302
0.8301
0.8301
0.8300
0.8299
0.8298
0.8297
0.8296
0.8296
0.8295
0.8294
0.8293
0.8292
0.8291
0.8291
0.8290
0.8289
0.8288
0.8287
0.8286
0.8286
0.8285
0.8284
0.8283
0.8282
0.8281
0.8280
0.8280
0.8279
0.8278
0.8277
0.8276
0.8276
0.8275
0.8274
0.8273
0.8273
0.8272
0.8271
0.8271
0.8270
0.8269
0.8269
0.8268
0.8268
0.8267
0.8267
0.8267
0.8267
0.8266
0.8266
0.8266
0.8267
0.8267
0.8267
0.8268
0.8268
0.8269
0.8270
0.8271
0.8272
0.8273
0.8274
0.8276
0.8277
0.8279
0.8281
0.8283
0.8286
0.8288
0.8290
0.8293
0.8295
0.8298
0.8301
0.8304
0.8306
0.8309
0.8312
0.8315
0.8317
0.8320
0.8323
0.8325
0.8327
0.8330
0.8332
0.8334
0.8336
0.8338
0.8339
0.8341
0.8342
0.8344
0.8345
0.8346
0.8347
0.8348
0.8349
0.8350
0.8350
0.8351
0.8351
0.8352
0.8352
0.8352
0.8352
0.8352
0.8353
0.8353
0.8353
0.8352
0.8352
0.8352
0.8352
0.8352
0.8352
0.8351
0.8351
0.8351
0.8350
0.8350
0.8349
0.8349
0.8349
0.8348
0.8348
0.8347
0.8347
0.8346
0.8346
0.8345
0.8345
0.8344
0.8344
0.8343
0.8343
0.8342
0.8342
0.8341
0.8341
0.8340
0.8340
0.8339
0.8339
0.8338
0.8337
0.8337
0.8336
0.8336
0.8335
0.8335
0.8334
0.8334
0.8333
0.8333
0.8332
0.8332
0.8331
0.8331
0.8330
0.8329
0.8329
0.8328
0.8328
0.8327
0.8327
0.8326
0.8326
0.8325
0.8325
0.8324
0.8324
0.8323
0.8323
0.8322
0.8322
0.8321
0.8321
0.8321
0.8320
0.8320
0.8319
0.8319
0.8318
0.8318
0.8317
0.8317
0.8316
0.8316
0.8315
0.8315
0.8314
0.8314
0.8314
0.8313
0.8313
0.8312
0.8312
0.8311
0.8311
0.8310
0.8310
0.8310
0.8309
0.8309
0.8308
0.8308
0.8307
0.8307
0.8307
0.8306
0.8306
0.8305
0.8305
0.8305
0.8304
0.8304
0.8303
0.8303
0.8303
0.8302
0.8302
0.8301
0.8301
0.8300
0.8300
0.8300
0.8299
0.8299
0.8298
0.8298
0.8298
0.8297
0.8297
0.8296
0.8296
0.8296
0.8295
0.8295
0.8295
0.8294
0.8294
0.8293
0.8293
0.8293
0.8292
0.8292
0.8291
0.8291
0.8291
0.8290
0.8290
0.8289
0.8289
0.8289
0.8288
0.8288
0.8288
0.8287
0.8287
0.8286
0.8286
0.8286
0.8285
0.8285
0.8284
0.8284
0.8284
0.8283
0.8283
0.8283
0.8282
0.8282
0.8281
0.8281
0.8281
0.8280
0.8280
0.8279
0.8279
0.8279
0.8278
0.8278
0.8277
0.8277
0.8277
0.8276
0.8276
0.8275
0.8275
0.8275
0.8274
0.8274
0.8273
0.8273
0.8273
0.8272
0.8272
0.8271
0.8271
0.8271
0.8270
0.8270
0.8269
0.8269
0.8269
0.8268
0.8268
0.8267
0.8267
0.8266
0.8266
0.8266
0.8265
0.8265
0.8264
0.8264
0.8263
0.8263
0.8263
0.8262
0.8262
0.8261
0.8261
0.8260
0.8260
0.8260
0.8259
0.8259
0.8258
0.8258
0.8257
0.8257
0.8256
0.8256
0.8255
0.8255
0.8254
0.8254
0.8253
0.8253
0.8252
0.8252
0.8252
0.8251
0.8251
0.8250
0.8249
0.8249
0.8248
0.8248
0.8247
0.8247
0.8246
0.8246
0.8245
0.8245
0.8244
0.8244
0.8243
0.8243
0.8242
0.8241
0.8241
0.8240
0.8240
0.8239
0.8239
0.8238
0.8237
0.8237
0.8236
0.8236
0.8235
0.8234
0.8234
0.8233
0.8232
0.8232
0.8231
0.8231
0.8230
0.8229
0.8229
0.8228
0.8227
0.8226
0.8226
0.8225
0.8224
0.8224
0.8223
0.8222
0.8221
0.8221
0.8220
0.8219
0.8218
0.8218
0.8217
0.8216
0.8215
0.8214
0.8213
0.8213
0.8212
0.8211
0.8210
0.8209
0.8208
0.8207
0.8206
0.8206
0.8205
0.8204
0.8203
0.8202
0.8201
0.8200
0.8199
0.8198
0.8197
0.8196
0.8195
0.8194
0.8193
0.8192
0.8191
0.8190
0.8188
0.8187
0.8186
0.8185
0.8184
0.8183
0.8182
0.8181
0.8180
0.8178
0.8177
0.8176
0.8175
0.8174
0.8173
0.8172
0.8171
0.8169
0.8168
0.8167
0.8166
0.8165
0.8164
0.8163
0.8162
0.8162
0.8161
0.8160
0.8159
0.8159
0.8158
0.8158
0.8157
0.8157
0.8157
0.8157
0.8157
0.8157
0.8158
0.8158
0.8159
0.8160
0.8161
0.8162
0.8164
0.8166
0.8167
0.8170
0.8172
0.8175
0.8177
0.8180
0.8184
0.8187
0.8191
0.8195
0.8199
0.8203
0.8207
0.8212
0.8216
0.8221
0.8226
0.8231
0.8236
0.8241
0.8245
0.8250
0.8255
0.8260
0.8265
0.8270
0.8274
0.8279
0.8283
0.8287
0.8291
0.8295
0.8299
0.8303
0.8306
0.8310
0.8313
0.8316
0.8319
0.8322
0.8324
0.8326
0.8329
0.8331
0.8333
0.8334
0.8336
0.8337
0.8339
0.8340
0.8341
0.8342
0.8343
0.8344
0.8344
0.8345
0.8345
0.8346
0.8346
0.8346
0.8347
0.8347
0.8347
0.8347
0.8347
0.8347
0.8346
0.8346
0.8346
0.8346
0.8346
0.8345
0.8345
0.8345
0.8344
0.8344
0.8343
0.8343
0.8342
0.8342
0.8341
0.8341
0.8340
0.8340
0.8339
0.8339
0.8338
0.8337
0.8337
0.8336
0.8336
0.8335
0.8334
0.8334
0.8333
0.8332
0.8332
0.8331
0.8331
0.8330
0.8329
0.8329
0.8328
0.8327
0.8327
0.8326
0.8325
0.8325
0.8324
0.8323
0.8323
0.8322
0.8322
0.8321
0.8320
0.8320
0.8319
0.8318
0.8318
0.8317
0.8317
0.8316
0.8315
0.8315
0.8314
0.8313
0.8313
0.8312
0.8312
0.8311
0.8310
0.8310
0.8309
0.8309
0.8308
0.8308
0.8307
0.8306
0.8306
0.8305
0.8305
0.8304
0.8304
0.8303
0.8302
0.8302
0.8301
0.8301
0.8300
0.8300
0.8299
0.8299
0.8298
0.8298
0.8297
0.8297
0.8296
0.8295
0.8295
0.8294
0.8294
0.8293
0.8293
0.8292
0.8292
0.8291
0.8291
0.8290
0.8290
0.8289
0.8289
0.8288
0.8288
0.8287
0.8287
0.8286
0.8286
0.8285
0.8285
0.8284
0.8284
0.8283
0.8283
0.8282
0.8282
0.8281
0.8281
0.8280
0.8280
0.8280
0.8279
0.8279
0.8278
0.8278
0.8277
0.8277
0.8276
0.8276
0.8275
0.8275
0.8274
0.8274
0.8273
0.8273
0.8272
0.8272
0.8271
0.8271
0.8271
0.8270
0.8270
0.8269
0.8269
0.8268
0.8268
0.8267
0.8267
0.8266
0.8266
0.8265
0.8265
0.8264
0.8264
0.8263
0.8263
0.8263
0.8262
0.8262
0.8261
0.8261
0.8260
0.8260
0.8259
0.8259
0.8258
0.8258
0.8257
0.8257
0.8256
0.8256
0.8255
0.8255
0.8254
0.8254
0.8253
0.8253
0.8252
0.8252
0.8252
0.8251
0.8251
0.8250
0.8250
0.8249
0.8249
0.8248
0.8248
0.8247
0.8247
0.8246
0.8245
0.8245
0.8244
0.8244
0.8243
0.8243
0.8242
0.8242
0.8241
0.8241
0.8240
0.8240
0.8239
0.8239
0.8238
0.8238
0.8237
0.8236
0.8236
0.8235
0.8235
0.8234
0.8234
0.8233
0.8233
0.8232
0.8231
0.8231
0.8230
0.8230
0.8229
0.8228
0.8228
0.8227
0.8227
0.8226
0.8225
0.8225
0.8224
0.8224
0.8223
0.8222
0.8222
0.8221
0.8220
0.8220
0.8219
0.8218
0.8218
0.8217
0.8216
0.8216
0.8215
0.8214
0.8214
0.8213
0.8212
0.8212
0.8211
0.8210
0.8209
0.8209
0.8208
0.8207
0.8206
0.8206
0.8205
0.8204
0.8203
0.8202
0.8202
0.8201
0.8200
0.8199
0.8198
0.8198
0.8197
0.8196
0.8195
0.8194
0.8193
0.8192
0.8191
0.8190
0.8190
0.8189
0.8188
0.8187
0.8186
0.8185
0.8184
0.8183
0.8182
0.8181
0.8180
0.8179
0.8178
0.8177
0.8176
0.8175
0.8174
0.8173
0.8171
0.8170
0.8169
0.8168
0.8167
0.8166
0.8165
0.8164
0.8162
0.8161
0.8160
0.8159
0.8158
0.8157
0.8155
0.8154
0.8153
0.8152
0.8151
0.8149
0.8148
0.8147
0.8146
0.8145
0.8144
0.8142
0.8141
0.8140
0.8139
0.8138
0.8137
0.8136
0.8135
0.8135
0.8134
0.8133
0.8132
0.8132
0.8131
0.8131
0.8131
0.8130
0.8130
0.8130
0.8130
0.8131
0.8131
0.8132
0.8132
0.8133
0.8134
0.8135
0.8137
0.8138
0.8140
0.8141
0.8143
0.8145
0.8147
0.8149
0.8152
0.8154
0.8156
0.8159
0.8161
0.8164
0.8166
0.8169
0.8171
0.8173
0.8176
0.8178
0.8181
0.8183
0.8185
0.8188
0.8190
0.8192
0.8194
0.8196
0.8199
0.8201
0.8203
0.8205
0.8207
0.8210
0.8212
0.8214
0.8217
0.8219
0.8222
0.8224
0.8227
0.8230
0.8232
0.8235
0.8238
0.8241
0.8244
0.8247
0.8250
0.8253
0.8256
0.8259
0.8262
0.8265
0.8268
0.8271
0.8274
0.8277
0.8280
0.8283
0.8286
0.8289
0.8293
0.8296
0.8299
0.8302
0.8305
0.8308
0.8312
0.8315
0.8318
0.8321
0.8324
0.8327
0.8331
0.8334
0.8337
0.8340
0.8342
0.8345
0.8348
0.8351
0.8353
0.8355
0.8358
0.8360
0.8362
0.8364
0.8365
0.8367
0.8368
0.8369
0.8371
0.8371
0.8372
0.8373
0.8373
0.8374
0.8374
0.8374
0.8374
0.8374
0.8374
0.8373
0.8373
0.8372
0.8372
0.8371
0.8370
0.8370
0.8369
0.8368
0.8367
0.8366
0.8364
0.8363
0.8362
0.8361
0.8360
0.8358
0.8357
0.8356
0.8354
0.8353
0.8351
0.8350
0.8349
0.8347
0.8346
0.8344
0.8343
0.8341
0.8340
0.8338
0.8337
0.8336
0.8334
0.8333
0.8331
0.8330
0.8329
0.8327
0.8326
0.8325
0.8324
0.8323
0.8321
0.8320
0.8319
0.8318
0.8317
0.8317
0.8316
0.8315
0.8315
0.8314
0.8314
0.8313
0.8313
0.8313
0.8313
0.8313
0.8314
0.8314
0.8315
0.8315
0.8316
0.8317
0.8318
0.8319
0.8321
0.8322
0.8324
0.8325
0.8327
0.8329
0.8331
0.8333
0.8335
0.8337
0.8339
0.8341
0.8343
0.8345
0.8347
0.8349
0.8351
0.8353
0.8355
0.8357
0.8358
0.8360
0.8362
0.8363
0.8364
0.8366
0.8367
0.8368
0.8369
0.8370
0.8371
0.8371
0.8372
0.8372
0.8373
0.8373
0.8374
0.8374
0.8374
0.8374
0.8374
0.8375
0.8375
0.8374
0.8374
0.8374
0.8374
0.8374
0.8374
0.8373
0.8373
0.8373
0.8372
0.8372
0.8372
0.8371
0.8371
0.8370
0.8370
0.8369
0.8369
0.8368
0.8368
0.8367
0.8366
0.8366
0.8365
0.8365
0.8364
0.8363
0.8363
0.8362
0.8361
0.8361
0.8360
0.8360
0.8359
0.8358
0.8358
0.8357
0.8356
0.8356
0.8355
0.8354
0.8354
0.8353
0.8352
0.8351
0.8351
0.8350
0.8349
0.8349
0.8348
0.8347
0.8347
0.8346
0.8345
0.8345
0.8344
0.8343
0.8343
0.8342
0.8341
0.8341
0.8340
0.8339
0.8339
0.8338
0.8337
0.8337
0.8336
0.8335
0.8335
0.8334
0.8333
0.8333
0.8332
0.8331
0.8331
0.8330
0.8329
0.8329
0.8328
0.8327
0.8327
0.8326
0.8325
0.8325
0.8324
0.8323
0.8323
0.8322
0.8321
0.8321
0.8320
0.8319
0.8319
0.8318
0.8317
0.8317
0.8316
0.8315
0.8315
0.8314
0.8313
0.8313
0.8312
0.8311
0.8311
0.8310
0.8309
0.8309
0.8308
0.8307
0.8307
0.8306
0.8305
0.8305
0.8304
0.8303
0.8303
0.8302
0.8301
0.8301
0.8300
0.8299
0.8299
0.8298
0.8297
0.8296
0.8296
0.8295
0.8294
0.8294
0.8293
0.8292
0.8291
0.8291
0.8290
0.8289
0.8289
0.8288
0.8287
0.8286
0.8286
0.8285
0.8284
0.8283
0.8282
0.8282
0.8281
0.8280
0.8279
0.8279
0.8278
0.8277
0.8276
0.8276
0.8275
0.8274
0.8273
0.8272
0.8272
0.8271
0.8270
0.8269
0.8269
0.8268
0.8267
0.8266
0.8266
0.8265
0.8264
0.8264
0.8263
0.8262
0.8262
0.8261
0.8261
0.8260
0.8260
0.8259
0.8259
0.8259
0.8259
0.8258
0.8258
0.8258
0.8258
0.8258
0.8259
0.8259
0.8260
0.8260
0.8261
0.8262
0.8263
0.8264
0.8265
0.8267
0.8268
0.8270
0.8272
0.8274
0.8276
0.8278
0.8280
0.8283
0.8285
0.8288
0.8291
0.8294
0.8296
0.8299
0.8302
0.8305
0.8308
0.8310
0.8313
0.8316
0.8318
0.8320
0.8323
0.8325
0.8327
0.8329
0.8331
0.8333
0.8334
0.8336
0.8337
0.8338
0.8339
0.8340
0.8341
0.8342
0.8343
0.8344
0.8344
0.8345
0.8345
0.8345
0.8346
0.8346
0.8346
0.8346
0.8346
0.8346
0.8346
0.8346
0.8346
0.8346
0.8345
0.8345
0.8345
0.8344
0.8344
0.8344
0.8343
0.8343
0.8343
0.8342
0.8342
0.8341
0.8341
0.8340
0.8340
0.8340
0.8339
0.8339
0.8338
0.8337
0.8337
0.8336
0.8336
0.8335
0.8335
0.8334
0.8334
0.8333
0.8333
0.8332
0.8332
0.8331
0.8331
0.8330
0.8329
0.8329
0.8328
0.8328
0.8327
0.8327
0.8326
0.8326
0.8325
0.8325
0.8324
0.8324
0.8323
0.8322
0.8322
0.8321
0.8321
0.8320
0.8320
0.8319
0.8319
0.8318
0.8318
0.8317
0.8317
0.8316
0.8316
0.8315
0.8315
0.8314
0.8314
0.8313
0.8313
0.8312
0.8312
0.8311
0.8311
0.8310
0.8310
0.8309
0.8309
0.8308
0.8308
0.8307
0.8307
0.8306
0.8306
0.8306
0.8305
0.8305
0.8304
0.8304
0.8303
0.8303
0.8302
0.8302
0.8301
0.8301
0.8300
0.8300
0.8300
0.8299
0.8299
0.8298
0.8298
0.8297
0.8297
0.8296
0.8296
0.8295
0.8295
0.8295
0.8294
0.8294
0.8293
0.8293
0.8292
0.8292
0.8291
0.8291
0.8291
0.8290
0.8290
0.8289
0.8289
0.8288
0.8288
0.8288
0.8287
0.8287
0.8286
0.8286
0.8285
0.8285
0.8284
0.8284
0.8284
0.8283
0.8283
0.8282
0.8282
0.8281
0.8281
0.8280
0.8280
0.8279
0.8279
0.8279
0.8278
0.8278
0.8277
0.8277
0.8276
0.8276
0.8275
0.8275
0.8274
0.8274
0.8274
0.8273
0.8273
0.8272
0.8272
0.8271
0.8271
0.8270
0.8270
0.8269
0.8269
0.8268
0.8268
0.8267
0.8267
0.8266
0.8266
0.8265
0.8265
0.8264
0.8264
0.8263
0.8263
0.8262
0.8262
0.8261
0.8261
0.8260
0.8260
0.8259
0.8259
0.8258
0.8258
0.8257
0.8257
0.8256
0.8256
0.8255
0.8255
0.8254
0.8253
0.8253
0.8252
0.8252
0.8251
0.8251
0.8250
0.8249
0.8249
0.8248
0.8248
0.8247
0.8246
0.8246
0.8245
0.8245
0.8244
0.8243
0.8243
0.8242
0.8241
0.8241
0.8240
0.8239
0.8239
0.8238
0.8237
0.8237
0.8236
0.8235
0.8234
0.8234
0.8233
0.8232
0.8232
0.8231
0.8230
0.8229
0.8229
0.8228
0.8227
0.8226
0.8225
0.8225
0.8224
0.8223
0.8222
0.8221
0.8220
0.8220
0.8219
0.8218
0.8217
0.8216
0.8215
0.8214
0.8213
0.8213
0.8212
0.8211
0.8210
0.8209
0.8208
0.8207
0.8206
0.8205
0.8204
0.8203
0.8202
0.8201
0.8200
0.8199
0.8199
0.8198
0.8197
0.8196
0.8195
0.8194
0.8193
0.8192
0.8191
0.8191
0.8190
0.8189
0.8188
0.8188
0.8187
0.8186
0.8186
0.8185
0.8185
0.8185
0.8184
0.8184
0.8184
0.8184
0.8184
0.8184
0.8185
0.8185
0.8185
0.8186
0.8187
0.8188
0.8189
0.8190
0.8191
0.8192
0.8194
0.8195
0.8197
0.8199
0.8200
0.8202
0.8204
0.8206
0.8209
0.8211
0.8213
0.8215
0.8217
0.8219
0.8221
0.8223
0.8225
0.8227
0.8229
0.8231
0.8233
0.8235
0.8236
0.8238
0.8239
0.8240
0.8242
0.8243
0.8244
0.8245
0.8246
0.8247
0.8247
0.8248
0.8249
0.8249
0.8250
0.8250
0.8251
0.8251
0.8251
0.8252
0.8252
0.8252
0.8253
0.8253
0.8254
0.8254
0.8255
0.8255
0.8256
0.8256
0.8257
0.8258
0.8259
0.8260
0.8261
0.8262
0.8264
0.8265
0.8267
0.8269
0.8271
0.8273
0.8275
0.8277
0.8279
0.8282
0.8284
0.8287
0.8290
0.8292
0.8295
0.8298
0.8301
0.8303
0.8306
0.8309
0.8311
0.8314
0.8316
0.8319
0.8321
0.8323
0.8325
0.8327
0.8329
0.8331
0.8332
0.8334
0.8335
0.8336
0.8337
0.8338
0.8339
0.8340
0.8340
0.8341
0.8341
0.8342
0.8342
0.8342
0.8343
0.8343
0.8343
0.8343
0.8343
0.8343
0.8342
0.8342
0.8342
0.8342
0.8341
0.8341
0.8341
0.8340
0.8340
0.8339
0.8339
0.8339
0.8338
0.8338
0.8337
0.8337
0.8336
0.8335
0.8335
0.8334
0.8334
0.8333
0.8333
0.8332
0.8331
0.8331
0.8330
0.8329
0.8329
0.8328
0.8328
0.8327
0.8326
0.8326
0.8325
0.8325
0.8324
0.8323
0.8323
0.8322
0.8321
0.8321
0.8320
0.8320
0.8319
0.8318
0.8318
0.8317
0.8317
0.8316
0.8315
0.8315
0.8314
0.8314
0.8313
0.8313
0.8312
0.8311
0.8311
0.8310
0.8310
0.8309
0.8309
0.8308
0.8308
0.8307
0.8306
0.8306
0.8305
0.8305
0.8304
0.8304
0.8303
0.8303
0.8302
0.8302
0.8301
0.8301
0.8300
0.8300
0.8299
0.8299
0.8298
0.8298
0.8297
0.8297
0.8296
0.8296
0.8295
0.8295
0.8294
0.8294
0.8293
0.8293
0.8292
0.8292
0.8291
0.8291
0.8290
0.8290
0.8289
0.8289
0.8288
0.8288
0.8288
0.8287
0.8287
0.8286
0.8286
0.8285
0.8285
0.8284
0.8284
0.8283
0.8283
0.8283
0.8282
0.8282
0.8281
0.8281
0.8280
0.8280
0.8279
0.8279
0.8279
0.8278
0.8278
0.8277
0.8277
0.8276
0.8276
0.8276
0.8275
0.8275
0.8274
0.8274
0.8273
0.8273
0.8273
0.8272
0.8272
0.8271
0.8271
0.8270
0.8270
0.8269
0.8269
0.8269
0.8268
0.8268
0.8267
0.8267
0.8266
0.8266
0.8266
0.8265
0.8265
0.8264
0.8264
0.8263
0.8263
0.8263
0.8262
0.8262
0.8261
0.8261
0.8260
0.8260
0.8260
0.8259
0.8259
0.8258
0.8258
0.8257
0.8257
0.8257
0.8256
0.8256
0.8255
0.8255
0.8254
0.8254
0.8253
0.8253
0.8253
0.8252
0.8252
0.8251
0.8251
0.8250
0.8250
0.8249
0.8249
0.8248
0.8248
0.8247
0.8247
0.8247
0.8246
0.8246
0.8245
0.8245
0.8244
0.8244
0.8243
0.8243
0.8242
0.8242
0.8241
0.8241
0.8240
0.8240
0.8239
0.8239
0.8238
0.8238
0.8237
0.8237
0.8236
0.8236
0.8235
0.8235
0.8234
0.8234
0.8233
0.8233
0.8232
0.8232
0.8231
0.8231
0.8230
0.8230
0.8229
0.8228
0.8228
0.8227
0.8227
0.8226
0.8226
0.8225
0.8225
0.8224
0.8223
0.8223
0.8222
0.8222
0.8221
0.8221
0.8220
0.8219
0.8219
0.8218
0.8217
0.8217
0.8216
0.8216
0.8215
0.8214
0.8214
0.8213
0.8212
0.8212
0.8211
0.8210
0.8210
0.8209
0.8208
0.8208
0.8207
0.8206
0.8206
0.8205
0.8204
0.8203
0.8203
0.8202
0.8201
0.8200
0.8200
0.8199
0.8198
0.8197
0.8197
0.8196
0.8195
0.8194
0.8193
0.8193
0.8192
0.8191
0.8190
0.8189
0.8188
0.8187
0.8187
0.8186
0.8185
0.8184
0.8183
0.8182
0.8181
0.8180
0.8179
0.8178
0.8177
0.8176
0.8175
0.8174
0.8173
0.8172
0.8171
0.8170
0.8169
0.8168
0.8167
0.8166
0.8165
0.8164
0.8163
0.8161
0.8160
0.8159
0.8158
0.8157
0.8156
0.8155
0.8153
0.8152
0.8151
0.8150
0.8149
0.8147
0.8146
0.8145
0.8144
0.8143
0.8142
0.8140
0.8139
0.8138
0.8137
0.8136
0.8135
0.8134
0.8133
0.8132
0.8131
0.8130
0.8129
0.8128
0.8127
0.8127
0.8126
0.8126
0.8125
0.8125
0.8124
0.8124
0.8124
0.8124
0.8125
0.8125
0.8125
0.8126
0.8127
0.8127
0.8128
0.8130
0.8131
0.8132
0.8134
0.8135
0.8137
0.8139
0.8141
0.8143
0.8145
0.8147
0.8149
0.8151
0.8153
0.8155
0.8157
0.8159
0.8160
0.8162
0.8164
0.8165
0.8167
0.8168
0.8170
0.8171
0.8172
0.8173
0.8174
0.8175
0.8176
0.8177
0.8177
0.8178
0.8179
0.8179
0.8180
0.8181
0.8181
0.8182
0.8183
0.8184
0.8185
0.8185
0.8186
0.8188
0.8189
0.8190
0.8191
0.8193
0.8194
0.8196
0.8197
0.8199
0.8201
0.8203
0.8205
0.8207
0.8209
0.8212
0.8214
0.8216
0.8219
0.8221
0.8224
0.8226
0.8229
0.8231
0.8234
0.8237
0.8239
0.8242
0.8245
0.8248
0.8250
0.8253
0.8256
0.8259
0.8262
0.8265
0.8268
0.8271
0.8275
0.8278
0.8281
0.8284
0.8288
0.8291
0.8295
0.8298
0.8301
0.8305
0.8308
0.8312
0.8315
0.8319
0.8322
0.8325
0.8329
0.8332
0.8335
0.8339
0.8342
0.8345
0.8349
0.8352
0.8355
0.8358
0.8361
0.8364
0.8368
0.8371
0.8374
0.8377
0.8380
0.8383
0.8385
0.8388
0.8391
0.8394
0.8396
0.8399
0.8401
0.8403
0.8406
0.8408
0.8410
0.8412
0.8413
0.8415
0.8416
0.8418
0.8419
0.8420
0.8421
0.8422
0.8423
0.8424
0.8424
0.8425
0.8425
0.8426
0.8426
0.8426
0.8426
0.8426
0.8426
0.8426
0.8426
0.8425
0.8425
0.8425
0.8424
0.8424
0.8423
0.8423
0.8422
0.8422
0.8421
0.8421
0.8420
0.8419
0.8418
0.8418
0.8417
0.8416
0.8415
0.8415
0.8414
0.8413
0.8412
0.8411
0.8411
0.8410
0.8409
0.8408
0.8407
0.8406
0.8405
0.8404
0.8404
0.8403
0.8402
0.8401
0.8400
0.8399
0.8398
0.8397
0.8397
0.8396
0.8395
0.8394
0.8393
0.8392
0.8391
0.8390
0.8390
0.8389
0.8388
0.8387
0.8386
0.8385
0.8384
0.8384
0.8383
0.8382
0.8381
0.8380
0.8379
0.8379
0.8378
0.8377
0.8376
0.8375
0.8375
0.8374
0.8373
0.8372
0.8371
0.8371
0.8370
0.8369
0.8368
0.8368
0.8367
0.8366
0.8365
0.8365
0.8364
0.8363
0.8362
0.8362
0.8361
0.8360
0.8359
0.8359
0.8358
0.8357
0.8357
0.8356
0.8355
0.8354
0.8354
0.8353
0.8352
0.8352
0.8351
0.8350
0.8350
0.8349
0.8348
0.8348
0.8347
0.8346
0.8346
0.8345
0.8344
0.8344
0.8343
0.8342
0.8342
0.8341
0.8340
0.8340
0.8339
0.8338
0.8338
0.8337
0.8336
0.8336
0.8335
0.8335
0.8334
0.8333
0.8333
0.8332
0.8331
0.8331
0.8330
0.8330
0.8329
0.8328
0.8328
0.8327
0.8327
0.8326
0.8325
0.8325
0.8324
0.8323
0.8323
0.8322
0.8322
0.8321
0.8320
0.8320
0.8319
0.8319
0.8318
0.8317
0.8317
0.8316
0.8315
0.8315
0.8314
0.8314
0.8313
0.8312
0.8312
0.8311
0.8311
0.8310
0.8309
0.8309
0.8308
0.8307
0.8307
0.8306
0.8306
0.8305
0.8304
0.8304
0.8303
0.8302
0.8302
0.8301
0.8300
0.8300
0.8299
0.8299
0.8298
0.8297
0.8297
0.8296
0.8295
0.8295
0.8294
0.8293
0.8293
0.8292
0.8291
0.8291
0.8290
0.8289
0.8288
0.8288
0.8287
0.8286
0.8286
0.8285
0.8284
0.8283
0.8283
0.8282
0.8281
0.8281
0.8280
0.8279
0.8278
0.8278
0.8277
0.8276
0.8275
0.8275
0.8274
0.8273
0.8272
0.8271
0.8271
0.8270
0.8269
0.8268
0.8268
0.8267
0.8266
0.8265
0.8265
0.8264
0.8263
0.8262
0.8262
0.8261
0.8260
0.8260
0.8259
0.8258
0.8258
0.8257
0.8257
0.8256
0.8256
0.8255
0.8255
0.8254
0.8254
0.8254
0.8254
0.8254
0.8254
0.8254
0.8254
0.8254
0.8254
0.8255
0.8255
0.8256
0.8257
0.8258
0.8259
0.8260
0.8262
0.8263
0.8265
0.8267
0.8269
0.8271
0.8273
0.8276
0.8278
0.8281
0.8283
0.8286
0.8289
0.8291
0.8294
0.8297
0.8300
0.8303
0.8305
0.8308
0.8311
0.8313
0.8315
0.8318
0.8320
0.8322
0.8324
0.8326
0.8328
0.8329
0.8331
0.8332
0.8333
0.8334
0.8335
0.8336
0.8337
0.8338
0.8338
0.8339
0.8339
0.8340
0.8340
0.8340
0.8341
0.8341
0.8341
0.8341
0.8341
0.8341
0.8341
0.8340
0.8340
0.8340
0.8340
0.8339
0.8339
0.8339
0.8338
0.8338
0.8338
0.8337
0.8337
0.8336
0.8336
0.8335
0.8335
0.8334
0.8334
0.8333
0.8333
0.8332
0.8332
0.8331
0.8331
0.8330
0.8329
0.8329
0.8328
0.8328
0.8327
0.8327
0.8326
0.8326
0.8325
0.8324
0.8324
0.8323
0.8323
0.8322
0.8321
0.8321
0.8320
0.8320
0.8319
0.8319
0.8318
0.8317
0.8317
0.8316
0.8316
0.8315
0.8315
0.8314
0.8313
0.8313
0.8312
0.8312
0.8311
0.8311
0.8310
0.8310
0.8309
0.8308
0.8308
0.8307
0.8307
0.8306
0.8306
0.8305
0.8305
0.8304
0.8304
0.8303
0.8302
0.8302
0.8301
0.8301
0.8300
0.8300
0.8299
0.8299
0.8298
0.8298
0.8297
0.8297
0.8296
0.8296
0.8295
0.8294
0.8294
0.8293
0.8293
0.8292
0.8292
0.8291
0.8291
0.8290
0.8290
0.8289
0.8289
0.8288
0.8288
0.8287
0.8287
0.8286
0.8285
0.8285
0.8284
0.8284
0.8283
0.8283
0.8282
0.8282
0.8281
0.8281
0.8280
0.8280
0.8279
0.8278
0.8278
0.8277
0.8277
0.8276
0.8276
0.8275
0.8275
0.8274
0.8273
0.8273
0.8272
0.8272
0.8271
0.8271
0.8270
0.8269
0.8269
0.8268
0.8268
0.8267
0.8266
0.8266
0.8265
0.8265
0.8264
0.8263
0.8263
0.8262
0.8262
0.8261
0.8260
0.8260
0.8259
0.8258
0.8258
0.8257
0.8256
0.8256
0.8255
0.8254
0.8254
0.8253
0.8252
0.8252
0.8251
0.8250
0.8250
0.8249
0.8248
0.8247
0.8247
0.8246
0.8245
0.8244
0.8244
0.8243
0.8242
0.8241
0.8241
0.8240
0.8239
0.8238
0.8237
0.8237
0.8236
0.8235
0.8234
0.8233
0.8232
0.8232
0.8231
0.8230
0.8229
0.8228
0.8227
0.8226
0.8226
0.8225
0.8224
0.8223
0.8222
0.8221
0.8220
0.8220
0.8219
0.8218
0.8217
0.8216
0.8216
0.8215
0.8214
0.8213
0.8213
0.8212
0.8211
0.8211
0.8210
0.8210
0.8209
0.8209
0.8208
0.8208
0.8208
0.8207
0.8207
0.8207
0.8207
0.8208
0.8208
0.8208
0.8209
0.8209
0.8210
0.8211
0.8212
0.8213
0.8214
0.8215
0.8217
0.8218
0.8220
0.8222
0.8224
0.8226
0.8228
0.8230
0.8232
0.8234
0.8237
0.8239
0.8242
0.8244
0.8246
0.8249
0.8251
0.8253
0.8256
0.8258
0.8260
0.8262
0.8264
0.8266
0.8268
0.8269
0.8271
0.8272
0.8274
0.8275
0.8276
0.8277
0.8278
0.8279
0.8280
0.8281
0.8282
0.8282
0.8283
0.8283
0.8284
0.8284
0.8284
0.8284
0.8284
0.8284
0.8284
0.8284
0.8284
0.8284
0.8284
0.8284
0.8284
0.8283
0.8283
0.8283
0.8282
0.8282
0.8281
0.8281
0.8280
0.8280
0.8279
0.8279
0.8278
0.8278
0.8277
0.8276
0.8276
0.8275
0.8274
0.8274
0.8273
0.8272
0.8272
0.8271
0.8270
0.8269
0.8268
0.8268
0.8267
0.8266
0.8265
0.8265
0.8264
0.8263
0.8262
0.8261
0.8260
0.8260
0.8259
0.8258
0.8257
0.8256
0.8256
0.8255
0.8254
0.8253
0.8253
0.8252
0.8251
0.8251
0.8250
0.8249
0.8249
0.8248
0.8248
0.8247
0.8247
0.8247
0.8246
0.8246
0.8246
0.8246
0.8246
0.8246
0.8247
0.8247
0.8248
0.8248
0.8249
0.8250
0.8251
0.8252
0.8253
0.8255
0.8256
0.8258
0.8260
0.8262
0.8264
0.8266
0.8269
0.8271
0.8274
0.8276
0.8279
0.8282
0.8285
0.8287
0.8290
0.8293
0.8296
0.8298
0.8301
0.8303
0.8306
0.8308
0.8310
0.8312
0.8314
0.8316
0.8318
0.8319
0.8321
0.8322
0.8323
0.8325
0.8326
0.8327
0.8327
0.8328
0.8329
0.8329
0.8330
0.8330
0.8331
0.8331
0.8331
0.8331
0.8331
0.8331
0.8331
0.8331
0.8331
0.8331
0.8331
0.8330
0.8330
0.8330
0.8330
0.8329
0.8329
0.8329
0.8328
0.8328
0.8327
0.8327
0.8326
0.8326
0.8325
0.8325
0.8324
0.8324
0.8323
0.8323
0.8322
0.8322
0.8321
0.8321
0.8320
0.8320
0.8319
0.8319
0.8318
0.8317
0.8317
0.8316
0.8316
0.8315
0.8315
0.8314
0.8314
0.8313
0.8312
0.8312
0.8311
0.8311
0.8310
0.8310
0.8309
0.8309
0.8308
0.8308
0.8307
0.8307
0.8306
0.8305
0.8305
0.8304
0.8304
0.8303
0.8303
0.8302
0.8302
0.8301
0.8301
0.8300
0.8300
0.8299
0.8299
0.8298
0.8298
0.8297
0.8297
0.8296
0.8296
0.8295
0.8295
0.8294
0.8294
0.8293
0.8293
0.8292
0.8292
0.8292
0.8291
0.8291
0.8290
0.8290
0.8289
0.8289
0.8288
0.8288
0.8287
0.8287
0.8286
0.8286
0.8286
0.8285
0.8285
0.8284
0.8284
0.8283
0.8283
0.8282
0.8282
0.8282
0.8281
0.8281
0.8280
0.8280
0.8279
0.8279
0.8279
0.8278
0.8278
0.8277
0.8277
0.8276
0.8276
0.8276
0.8275
0.8275
0.8274
0.8274
0.8273
0.8273
0.8273
0.8272
0.8272
0.8271
0.8271
0.8270
0.8270
0.8270
0.8269
0.8269
0.8268
0.8268
0.8268
0.8267
0.8267
0.8266
0.8266
0.8265
0.8265
0.8265
0.8264
0.8264
0.8263
0.8263
0.8262
0.8262
0.8262
0.8261
0.8261
0.8260
0.8260
0.8260
0.8259
0.8259
0.8258
0.8258
0.8257
0.8257
0.8257
0.8256
0.8256
0.8255
0.8255
0.8254
0.8254
0.8254
0.8253
0.8253
0.8252
0.8252
0.8251
0.8251
0.8250
0.8250
0.8250
0.8249
0.8249
0.8248
0.8248
0.8247
0.8247
0.8246
0.8246
0.8246
0.8245
0.8245
0.8244
0.8244
0.8243
0.8243
0.8242
0.8242
0.8241
0.8241
0.8240
0.8240
0.8239
0.8239
0.8239
0.8238
0.8238
0.8237
0.8237
0.8236
0.8236
0.8235
0.8235
0.8234
0.8234
0.8233
0.8233
0.8232
0.8232
0.8231
0.8231
0.8230
0.8229
0.8229
0.8228
0.8228
0.8227
0.8227
0.8226
0.8226
0.8225
0.8225
0.8224
0.8224
0.8223
0.8222
0.8222
0.8221
0.8221
0.8220
0.8220
0.8219
0.8218
0.8218
0.8217
0.8217
0.8216
0.8215
0.8215
0.8214
0.8214
0.8213
0.8212
0.8212
0.8211
0.8210
0.8210
0.8209
0.8208
0.8208
0.8207
0.8206
0.8206
0.8205
0.8204
0.8204
0.8203
0.8202
0.8201
0.8201
0.8200
0.8199
0.8199
0.8198
0.8197
0.8196
0.8195
0.8195
0.8194
0.8193
0.8192
0.8192
0.8191
0.8190
0.8189
0.8188
0.8187
0.8186
0.8186
0.8185
0.8184
0.8183
0.8182
0.8181
0.8180
0.8179
0.8178
0.8177
0.8176
0.8176
0.8175
0.8174
0.8173
0.8172
0.8171
0.8170
0.8168
0.8167
0.8166
0.8165
0.8164
0.8163
0.8162
0.8161
0.8160
0.8159
0.8157
0.8156
0.8155
0.8154
0.8153
0.8152
0.8150
0.8149
0.8148
0.8147
0.8145
0.8144
0.8143
0.8142
0.8140
0.8139
0.8138
0.8136
0.8135
0.8134
0.8133
0.8131
0.8130
0.8129
0.8128
0.8126
0.8125
0.8124
0.8123
0.8122
0.8120
0.8119
0.8118
0.8117
0.8116
0.8116
0.8115
0.8114
0.8113
0.8113
0.8112
0.8112
0.8111
0.8111
0.8111
0.8111
0.8111
0.8112
0.8112
0.8112
0.8113
0.8114
0.8115
0.8116
0.8117
0.8118
0.8120
0.8121
0.8123
0.8124
0.8126
0.8128
0.8130
0.8131
0.8133
0.8135
0.8137
0.8138
0.8140
0.8142
0.8143
0.8145
0.8146
0.8147
0.8148
0.8149
0.8150
0.8151
0.8152
0.8153
0.8153
0.8154
0.8155
0.8155
0.8156
0.8156
0.8157
0.8157
0.8158
0.8159
0.8159
0.8160
0.8161
0.8162
0.8163
0.8164
0.8165
0.8167
0.8168
0.8170
0.8172
0.8174
0.8177
0.8179
0.8182
0.8185
0.8188
0.8191
0.8194
0.8198
0.8202
0.8206
0.8210
0.8214
0.8218
0.8223
0.8227
0.8232
0.8236
0.8241
0.8246
0.8251
0.8256
0.8260
0.8265
0.8270
0.8275
0.8280
0.8285
0.8289
0.8294
0.8299
0.8303
0.8308
0.8312
0.8317
0.8321
0.8325
0.8330
0.8334
0.8338
0.8342
0.8346
0.8350
0.8354
0.8358
0.8362
0.8366
0.8370
0.8374
0.8378
0.8382
0.8385
0.8389
0.8392
0.8396
0.8399
0.8403
0.8406
0.8409
0.8412
0.8415
0.8417
0.8420
0.8423
0.8425
0.8427
0.8429
0.8431
0.8433
0.8434
0.8435
0.8437
0.8438
0.8439
0.8440
0.8440
0.8441
0.8441
0.8442
0.8442
0.8442
0.8442
0.8442
0.8442
0.8441
0.8441
0.8441
0.8440
0.8440
0.8439
0.8438
0.8438
0.8437
0.8436
0.8435
0.8434
0.8434
0.8433
0.8432
0.8431
0.8430
0.8429
0.8428
0.8427
0.8426
0.8425
0.8424
0.8423
0.8422
0.8421
0.8420
0.8419
0.8418
0.8417
0.8416
0.8415
0.8414
0.8412
0.8411
0.8410
0.8409
0.8408
0.8407
0.8406
0.8405
0.8404
0.8403
0.8402
0.8401
0.8400
0.8399
0.8398
0.8397
0.8396
0.8396
0.8395
0.8394
0.8393
0.8392
0.8391
0.8390
0.8389
0.8388
0.8387
0.8386
0.8385
0.8385
0.8384
0.8383
0.8382
0.8381
0.8380
0.8379
0.8379
0.8378
0.8377
0.8376
0.8375
0.8374
0.8374
0.8373
0.8372
0.8371
0.8370
0.8370
0.8369
0.8368
0.8367
0.8366
0.8366
0.8365
0.8364
0.8363
0.8363
0.8362
0.8361
0.8361
0.8360
0.8359
0.8358
0.8358
0.8357
0.8356
0.8355
0.8355
0.8354
0.8353
0.8353
0.8352
0.8351
0.8351
0.8350
0.8349
0.8349
0.8348
0.8347
0.8347
0.8346
0.8345
0.8345
0.8344
0.8343
0.8343
0.8342
0.8341
0.8341
0.8340
0.8339
0.8339
0.8338
0.8337
0.8337
0.8336
0.8336
0.8335
0.8334
0.8334
0.8333
0.8332
0.8332
0.8331
0.8331
0.8330
0.8329
0.8329
0.8328
0.8327
0.8327
0.8326
0.8326
0.8325
0.8324
0.8324
0.8323
0.8323
0.8322
0.8321
0.8321
0.8320
0.8320
0.8319
0.8318
0.8318
0.8317
0.8317
0.8316
0.8315
0.8315
0.8314
0.8313
0.8313
0.8312
0.8312
0.8311
0.8310
0.8310
0.8309
0.8309
0.8308
0.8307
0.8307
0.8306
0.8305
0.8305
0.8304
0.8304
0.8303
0.8302
0.8302
0.8301
0.8300
0.8300
0.8299
0.8299
0.8298
0.8297
0.8297
0.8296
0.8295
0.8295
0.8294
0.8293
0.8293
0.8292
0.8291
0.8291
0.8290
0.8289
0.8289
0.8288
0.8287
0.8287
0.8286
0.8285
0.8284
0.8284
0.8283
0.8282
0.8282
0.8281
0.8280
0.8279
0.8279
0.8278
0.8277
0.8276
0.8276
0.8275
0.8274
0.8273
0.8273
0.8272
0.8271
0.8270
0.8270
0.8269
0.8268
0.8267
0.8266
0.8266
0.8265
0.8264
0.8263
0.8263
0.8262
0.8261
0.8260
0.8259
0.8259
0.8258
0.8257
0.8256
0.8256
0.8255
0.8254
0.8254
0.8253
0.8252
0.8252
0.8251
0.8251
0.8250
0.8250
0.8250
0.8249
0.8249
0.8249
0.8249
0.8249
0.8249
0.8249
0.8249
0.8249
0.8250
0.8251
0.8251
0.8252
0.8253
0.8254
0.8255
0.8257
0.8258
0.8260
0.8262
0.8264
0.8266
0.8268
0.8270
0.8273
0.8275
0.8278
0.8280
0.8283
0.8286
0.8289
0.8291
0.8294
0.8297
0.8300
0.8302
0.8305
0.8307
0.8310
0.8312
0.8314
0.8316
0.8318
0.8320
0.8322
0.8323
0.8325
0.8326
0.8327
0.8328
0.8329
0.8330
0.8331
0.8332
0.8332
0.8333
0.8333
0.8333
0.8334
0.8334
0.8334
0.8334
0.8334
0.8334
0.8334
0.8334
0.8334
0.8334
0.8333
0.8333
0.8333
0.8332
0.8332
0.8332
0.8331
0.8331
0.8330
0.8330
0.8329
0.8329
0.8328
0.8328
0.8327
0.8327
0.8326
0.8326
0.8325
0.8324
0.8324
0.8323
0.8323
0.8322
0.8321
0.8321
0.8320
0.8319
0.8319
0.8318
0.8317
0.8317
0.8316
0.8316
0.8315
0.8314
0.8314
0.8313
0.8312
0.8312
0.8311
0.8310
0.8310
0.8309
0.8308
0.8308
0.8307
0.8306
0.8306
0.8305
0.8304
0.8304
0.8303
0.8302
0.8302
0.8301
0.8300
0.8300
0.8299
0.8298
0.8298
0.8297
0.8296
0.8296
0.8295
0.8294
0.8294
0.8293
0.8292
0.8292
0.8291
0.8290
0.8290
0.8289
0.8288
0.8288
0.8287
0.8286
0.8286
0.8285
0.8284
0.8284
0.8283
0.8282
0.8282
0.8281
0.8280
0.8279
0.8279
0.8278
0.8277
0.8277
0.8276
0.8275
0.8274
0.8274
0.8273
0.8272
0.8272
0.8271
0.8270
0.8269
0.8269
0.8268
0.8267
0.8266
0.8266
0.8265
0.8264
0.8263
0.8262
0.8262
0.8261
0.8260
0.8259
0.8258
0.8258
0.8257
0.8256
0.8255
0.8254
0.8253
0.8253
0.8252
0.8251
0.8250
0.8249
0.8248
0.8247
0.8247
0.8246
0.8245
0.8244
0.8243
0.8242
0.8241
0.8241
0.8240
0.8239
0.8238
0.8237
0.8236
0.8235
0.8235
0.8234
0.8233
0.8232
0.8231
0.8231
0.8230
0.8229
0.8229
0.8228
0.8227
0.8227
0.8226
0.8226
0.8226
0.8225
0.8225
0.8225
0.8225
0.8225
0.8225
0.8225
0.8225
0.8225
0.8226
0.8226
0.8227
0.8228
0.8229
0.8230
0.8231
0.8232
0.8234
0.8235
0.8237
0.8239
0.8241
0.8243
0.8245
0.8247
0.8249
0.8251
0.8254
0.8256
0.8259
0.8261
0.8264
0.8266
0.8268
0.8271
0.8273
0.8275
0.8278
0.8280
0.8282
0.8284
0.8286
0.8288
0.8289
0.8291
0.8293
0.8294
0.8295
0.8297
0.8298
0.8299
0.8300
0.8301
0.8302
0.8302
0.8303
0.8304
0.8304
0.8305
0.8305
0.8305
0.8306
0.8306
0.8306
0.8306
0.8306
0.8306
0.8306
0.8306
0.8306
0.8306
0.8306
0.8306
0.8306
0.8305
0.8305
0.8305
0.8305
0.8304
0.8304
0.8304
0.8303
0.8303
0.8302
0.8302
0.8302
0.8301
0.8301
0.8300
0.8300
0.8299
0.8299
0.8298
0.8298
0.8297
0.8297
0.8296
0.8296
0.8295
0.8294
0.8294
0.8293
0.8293
0.8292
0.8291
0.8291
0.8290
0.8290
0.8289
0.8288
0.8288
0.8287
0.8287
0.8286
0.8285
0.8285
0.8284
0.8283
0.8283
0.8282
0.8282
0.8281
0.8280
0.8280
0.8279
0.8278
0.8278
0.8277
0.8276
0.8276
0.8275
0.8274
0.8273
0.8273
0.8272
0.8271
0.8271
0.8270
0.8269
0.8269
0.8268
0.8267
0.8266
0.8266
0.8265
0.8264
0.8263
0.8263
0.8262
0.8261
0.8260
0.8260
0.8259
0.8258
0.8257
0.8257
0.8256
0.8255
0.8254
0.8254
0.8253
0.8252
0.8251
0.8251
0.8250
0.8249
0.8248
0.8247
0.8247
0.8246
0.8245
0.8245
0.8244
0.8243
0.8242
0.8242
0.8241
0.8240
0.8240
0.8239
0.8239
0.8238
0.8238
0.8237
0.8237
0.8236
0.8236
0.8236
0.8236
0.8236
0.8236
0.8236
0.8236
0.8236
0.8236
0.8237
0.8237
0.8238
0.8239
0.8240
0.8241
0.8242
0.8244
0.8245
0.8247
0.8249
0.8250
0.8253
0.8255
0.8257
0.8260
0.8262
0.8265
0.8267
0.8270
0.8273
0.8276
0.8279
0.8281
0.8284
0.8287
0.8290
0.8292
0.8295
0.8297
0.8300
0.8302
0.8304
0.8306
0.8308
0.8310
0.8311
0.8313
0.8314
0.8316
0.8317
0.8318
0.8319
0.8320
0.8321
0.8321
0.8322
0.8323
0.8323
0.8323
0.8324
0.8324
0.8324
0.8324
0.8324
0.8324
0.8324
0.8324
0.8324
0.8324
0.8324
0.8323
0.8323
0.8323
0.8323
0.8322
0.8322
0.8322
0.8321
0.8321
0.8320
0.8320
0.8320
0.8319
0.8319
0.8318
0.8318
0.8317
0.8317
0.8316
0.8316
0.8315
0.8315
0.8314
0.8314
0.8313
0.8313
0.8312
0.8312
0.8311
0.8311
0.8310
0.8309
0.8309
0.8308
0.8308
0.8307
0.8307
0.8306
0.8306
0.8305
0.8305
0.8304
0.8304
0.8303
0.8303
0.8302
0.8302
0.8301
0.8301
0.8300
0.8300
0.8299
0.8299
0.8298
0.8298
0.8297
0.8297
0.8296
0.8296
0.8295
0.8295
0.8294
0.8294
0.8293
0.8293
0.8292
0.8292
0.8291
0.8291
0.8290
0.8290
0.8289
0.8289
0.8288
0.8288
0.8287
0.8287
0.8286
0.8286
0.8286
0.8285
0.8285
0.8284
0.8284
0.8283
0.8283
0.8282
0.8282
0.8281
0.8281
0.8281
0.8280
0.8280
0.8279
0.8279
0.8278
0.8278
0.8277
0.8277
0.8277
0.8276
0.8276
0.8275
0.8275
0.8274
0.8274
0.8274
0.8273
0.8273
0.8272
0.8272
0.8271
0.8271
0.8270
0.8270
0.8270
0.8269
0.8269
0.8268
0.8268
0.8267
0.8267
0.8267
0.8266
0.8266
0.8265
0.8265
0.8264
0.8264
0.8264
0.8263
0.8263
0.8262
0.8262
0.8261
0.8261
0.8261
0.8260
0.8260
0.8259
0.8259
0.8258
0.8258
0.8258
0.8257
0.8257
0.8256
0.8256
0.8255
0.8255
0.8255
0.8254
0.8254
0.8253
0.8253
0.8252
0.8252
0.8251
0.8251
0.8251
0.8250
0.8250
0.8249
0.8249
0.8248
0.8248
0.8247
0.8247
0.8246
0.8246
0.8246
0.8245
0.8245
0.8244
0.8244
0.8243
0.8243
0.8242
0.8242
0.8241
0.8241
0.8240
0.8240
0.8239
0.8239
0.8238
0.8238
0.8237
0.8237
0.8236
0.8236
0.8235
0.8235
0.8234
0.8234
0.8233
0.8233
0.8232
0.8232
0.8231
0.8231
0.8230
0.8230
0.8229
0.8229
0.8228
0.8228
0.8227
0.8227
0.8226
0.8225
0.8225
0.8224
0.8224
0.8223
0.8223
0.8222
0.8221
0.8221
0.8220
0.8220
0.8219
0.8218
0.8218
0.8217
0.8217
0.8216
0.8215
0.8215
0.8214
0.8214
0.8213
0.8212
0.8212
0.8211
0.8210
0.8210
0.8209
0.8208
0.8208
0.8207
0.8206
0.8205
0.8205
0.8204
0.8203
0.8203
0.8202
0.8201
0.8200
0.8200
0.8199
0.8198
0.8197
0.8197
0.8196
0.8195
0.8194
0.8193
0.8193
0.8192
0.8191
0.8190
0.8189
0.8188
0.8187
0.8187
0.8186
0.8185
0.8184
0.8183
0.8182
0.8181
0.8180
0.8179
0.8178
0.8177
0.8176
0.8175
0.8174
0.8173
0.8172
0.8171
0.8170
0.8169
0.8168
0.8167
0.8166
0.8165
0.8163
0.8162
0.8161
0.8160
0.8159
0.8158
0.8156
0.8155
0.8154
0.8153
0.8151
0.8150
0.8149
0.8148
0.8146
0.8145
0.8144
0.8142
0.8141
0.8140
0.8138
0.8137
0.8135
0.8134
0.8133
0.8131
0.8130
0.8129
0.8127
0.8126
0.8124
0.8123
0.8122
0.8120
0.8119
0.8118
0.8116
0.8115
0.8114
0.8113
0.8112
0.8110
0.8109
0.8108
0.8107
0.8107
0.8106
0.8105
0.8105
0.8104
0.8104
0.8104
0.8103
0.8103
0.8104
0.8104
0.8105
0.8105
0.8106
0.8107
0.8109
0.8110
0.8112
0.8114
0.8117
0.8119
0.8122
0.8125
0.8128
0.8132
0.8135
0.8139
0.8143
0.8147
0.8152
0.8157
0.8161
0.8166
0.8171
0.8176
0.8181
0.8186
0.8191
0.8196
0.8201
0.8206
0.8210
0.8215
0.8219
0.8224
0.8228
0.8231
0.8235
0.8239
0.8242
0.8245
0.8248
0.8250
0.8253
0.8255
0.8257
0.8259
0.8260
0.8262
0.8263
0.8264
0.8265
0.8266
0.8267
0.8267
0.8267
0.8268
0.8268
0.8268
0.8268
0.8268
0.8268
0.8267
0.8267
0.8266
0.8266
0.8265
0.8265
0.8264
0.8264
0.8263
0.8262
0.8262
0.8261
0.8261
0.8260
0.8259
0.8259
0.8258
0.8258
0.8257
0.8257
0.8257
0.8256
0.8256
0.8256
0.8256
0.8256
0.8256
0.8257
0.8257
0.8257
0.8258
0.8259
0.8260
0.8261
0.8262
0.8263
0.8265
0.8266
0.8268
0.8270
0.8272
0.8274
0.8276
0.8279
0.8281
0.8284
0.8286
0.8289
0.8292
0.8295
0.8297
0.8300
0.8303
0.8307
0.8310
0.8313
0.8316
0.8319
0.8322
0.8326
0.8329
0.8332
0.8336
0.8339
0.8343
0.8346
0.8349
0.8353
0.8356
0.8360
0.8363
0.8367
0.8370
0.8373
0.8377
0.8380
0.8383
0.8386
0.8389
0.8392
0.8395
0.8397
0.8400
0.8402
0.8404
0.8406
0.8408
0.8410
0.8412
0.8414
0.8415
0.8416
0.8417
0.8418
0.8419
0.8420
0.8420
0.8421
0.8421
0.8422
0.8422
0.8422
0.8422
0.8422
0.8421
0.8421
0.8421
0.8420
0.8420
0.8419
0.8419
0.8418
0.8418
0.8417
0.8416
0.8416
0.8415
0.8414
0.8413
0.8412
0.8411
0.8411
0.8410
0.8409
0.8408
0.8407
0.8406
0.8405
0.8404
0.8403
0.8402
0.8401
0.8400
0.8399
0.8398
0.8397
0.8396
0.8396
0.8395
0.8394
0.8393
0.8392
0.8391
0.8390
0.8389
0.8388
0.8387
0.8386
0.8385
0.8384
0.8383
0.8383
0.8382
0.8381
0.8380
0.8379
0.8378
0.8377
0.8376
0.8376
0.8375
0.8374
0.8373
0.8372
0.8371
0.8371
0.8370
0.8369
0.8368
0.8367
0.8366
0.8366
0.8365
0.8364
0.8363
0.8362
0.8362
0.8361
0.8360
0.8359
0.8359
0.8358
0.8357
0.8356
0.8356
0.8355
0.8354
0.8353
0.8353
0.8352
0.8351
0.8351
0.8350
0.8349
0.8348
0.8348
0.8347
0.8346
0.8346
0.8345
0.8344
0.8343
0.8343
0.8342
0.8341
0.8341
0.8340
0.8339
0.8339
0.8338
0.8337
0.8337
0.8336
0.8335
0.8335
0.8334
0.8333
0.8333
0.8332
0.8331
0.8331
0.8330
0.8330
0.8329
0.8328
0.8328
0.8327
0.8326
0.8326
0.8325
0.8324
0.8324
0.8323
0.8322
0.8322
0.8321
0.8321
0.8320
0.8319
0.8319
0.8318
0.8317
0.8317
0.8316
0.8316
0.8315
0.8314
0.8314
0.8313
0.8312
0.8312
0.8311
0.8310
0.8310
0.8309
0.8309
0.8308
0.8307
0.8307
0.8306
0.8305
0.8305
0.8304
0.8303
0.8303
0.8302
0.8302
0.8301
0.8300
0.8300
0.8299
0.8298
0.8298
0.8297
0.8296
0.8296
0.8295
0.8294
0.8294
0.8293
0.8292
0.8292
0.8291
0.8290
0.8290
0.8289
0.8288
0.8288
0.8287
0.8286
0.8285
0.8285
0.8284
0.8283
0.8283
0.8282
0.8281
0.8280
0.8280
0.8279
0.8278
0.8277
0.8277
0.8276
0.8275
0.8274
0.8274
0.8273
0.8272
0.8271
0.8271
0.8270
0.8269
0.8268
0.8267
0.8267
0.8266
0.8265
0.8264
0.8263
0.8262
0.8262
0.8261
0.8260
0.8259
0.8258
0.8258
0.8257
0.8256
0.8255
0.8254
0.8253
0.8253
0.8252
0.8251
0.8250
0.8249
0.8249
0.8248
0.8247
0.8247
0.8246
0.8245
0.8245
0.8244
0.8243
0.8243
0.8242
0.8242
0.8242
0.8241
0.8241
0.8241
0.8241
0.8241
0.8241
0.8241
0.8241
0.8242
0.8242
0.8243
0.8244
0.8245
0.8246
0.8247
0.8248
0.8249
0.8251
0.8253
0.8255
0.8257
0.8259
0.8261
0.8263
0.8266
0.8268
0.8271
0.8274
0.8276
0.8279
0.8282
0.8284
0.8287
0.8290
0.8292
0.8295
0.8297
0.8299
0.8301
0.8304
0.8305
0.8307
0.8309
0.8311
0.8312
0.8313
0.8315
0.8316
0.8317
0.8318
0.8318
0.8319
0.8320
0.8320
0.8321
0.8321
0.8321
0.8321
0.8321
0.8321
0.8321
0.8321
0.8321
0.8321
0.8321
0.8320
0.8320
0.8320
0.8319
0.8319
0.8318
0.8318
0.8317
0.8317
0.8316
0.8315
0.8315
0.8314
0.8313
0.8313
0.8312
0.8311
0.8311
0.8310
0.8309
0.8308
0.8308
0.8307
0.8306
0.8305
0.8304
0.8304
0.8303
0.8302
0.8301
0.8300
0.8299
0.8298
0.8298
0.8297
0.8296
0.8295
0.8294
0.8293
0.8292
0.8291
0.8290
0.8289
0.8288
0.8288
0.8287
0.8286
0.8285
0.8284
0.8283
0.8282
0.8281
0.8280
0.8279
0.8278
0.8277
0.8276
0.8275
0.8274
0.8273
0.8272
0.8271
0.8270
0.8269
0.8268
0.8267
0.8266
0.8265
0.8264
0.8263
0.8262
0.8261
0.8260
0.8259
0.8259
0.8258
0.8257
0.8256
0.8255
0.8254
0.8253
0.8252
0.8252
0.8251
0.8250
0.8249
0.8249
0.8248
0.8248
0.8247
0.8247
0.8246
0.8246
0.8246
0.8246
0.8245
0.8245
0.8246
0.8246
0.8246
0.8246
0.8247
0.8248
0.8248
0.8249
0.8250
0.8251
0.8253
0.8254
0.8256
0.8257
0.8259
0.8261
0.8263
0.8265
0.8267
0.8269
0.8272
0.8274
0.8277
0.8279
0.8281
0.8284
0.8286
0.8289
0.8291
0.8293
0.8296
0.8298
0.8300
0.8302
0.8304
0.8306
0.8308
0.8309
0.8311
0.8312
0.8314
0.8315
0.8316
0.8318
0.8319
0.8320
0.8321
0.8321
0.8322
0.8323
0.8323
0.8324
0.8324
0.8325
0.8325
0.8325
0.8326
0.8326
0.8326
0.8326
0.8326
0.8326
0.8326
0.8326
0.8326
0.8326
0.8326
0.8326
0.8325
0.8325
0.8325
0.8325
0.8324
0.8324
0.8324
0.8323
0.8323
0.8323
0.8322
0.8322
0.8322
0.8321
0.8321
0.8320
0.8320
0.8320
0.8319
0.8319
0.8318
0.8318
0.8317
0.8317
0.8316
0.8316
0.8315
0.8315
0.8314
0.8314
0.8313
0.8313
0.8312
0.8312
0.8311
0.8311
0.8310
0.8310
0.8309
0.8309
0.8308
0.8308
0.8307
0.8307
0.8306
0.8306
0.8305
0.8305
0.8304
0.8304
0.8303
0.8303
0.8302
0.8302
0.8301
0.8301
0.8300
0.8300
0.8299
0.8299
0.8298
0.8298
0.8297
0.8297
0.8296
0.8296
0.8295
0.8294
0.8294
0.8293
0.8293
0.8292
0.8292
0.8291
0.8291
0.8290
0.8290
0.8289
0.8289
0.8288
0.8288
0.8287
0.8287
0.8286
0.8286
0.8285
0.8285
0.8284
0.8284
0.8283
0.8283
0.8282
0.8282
0.8281
0.8281
0.8280
0.8279
0.8279
0.8278
0.8278
0.8277
0.8277
0.8276
0.8276
0.8275
0.8275
0.8274
0.8274
0.8273
0.8272
0.8272
0.8271
0.8271
0.8270
0.8270
0.8269
0.8268
0.8268
0.8267
0.8267
0.8266
0.8266
0.8265
0.8264
0.8264
0.8263
0.8263
0.8262
0.8261
0.8261
0.8260
0.8260
0.8259
0.8258
0.8258
0.8257
0.8256
0.8256
0.8255
0.8254
0.8254
0.8253
0.8252
0.8252
0.8251
0.8250
0.8250
0.8249
0.8248
0.8248
0.8247
0.8246
0.8246
0.8245
0.8244
0.8244
0.8243
0.8242
0.8241
0.8241
0.8240
0.8239
0.8239
0.8238
0.8237
0.8237
0.8236
0.8235
0.8235
0.8234
0.8233
0.8233
0.8232
0.8232
0.8231
0.8231
0.8230
0.8230
0.8229
0.8229
0.8229
0.8228
0.8228
0.8228
0.8228
0.8228
0.8228
0.8228
0.8228
0.8229
0.8229
0.8230
0.8231
0.8232
0.8232
0.8234
0.8235
0.8236
0.8238
0.8240
0.8241
0.8243
0.8245
0.8248
0.8250
0.8253
0.8255
0.8258
0.8260
0.8263
0.8266
0.8269
0.8272
0.8275
0.8277
0.8280
0.8283
0.8286
0.8288
0.8291
0.8293
0.8295
0.8298
0.8300
0.8301
0.8303
0.8305
0.8307
0.8308
0.8309
0.8311
0.8312
0.8313
0.8314
0.8314
0.8315
0.8316
0.8316
0.8317
0.8317
0.8317
0.8318
0.8318
0.8318
0.8318
0.8318
0.8318
0.8318
0.8318
0.8318
0.8318
0.8317
0.8317
0.8317
0.8317
0.8316
0.8316
0.8316
0.8315
0.8315
0.8315
0.8314
0.8314
0.8313
0.8313
0.8312
0.8312
0.8311
0.8311
0.8310
0.8310
0.8309
0.8309
0.8308
0.8308
0.8307
0.8307
0.8306
0.8306
0.8305
0.8305
0.8304
0.8304
0.8303
0.8303
0.8302
0.8301
0.8301
0.8300
0.8300
0.8299
0.8299
0.8298
0.8298
0.8297
0.8297
0.8296
0.8296
0.8295
0.8295
0.8294
0.8294
0.8293
0.8293
0.8292
0.8292
0.8291
0.8290
0.8290
0.8289
0.8289
0.8288
0.8288
0.8287
0.8287
0.8286
0.8286
0.8285
0.8285
0.8284
0.8284
0.8283
0.8283
0.8283
0.8282
0.8282
0.8281
0.8281
0.8280
0.8280
0.8279
0.8279
0.8278
0.8278
0.8277
0.8277
0.8276
0.8276
0.8275
0.8275
0.8274
0.8274
0.8273
0.8273
0.8273
0.8272
0.8272
0.8271
0.8271
0.8270
0.8270
0.8269
0.8269
0.8268
0.8268
0.8267
0.8267
0.8266
0.8266
0.8266
0.8265
0.8265
0.8264
0.8264
0.8263
0.8263
0.8262
0.8262
0.8261
0.8261
0.8260
0.8260
0.8259
0.8259
0.8258
0.8258
0.8258
0.8257
0.8257
0.8256
0.8256
0.8255
0.8255
0.8254
0.8254
0.8253
0.8253
0.8252
0.8252
0.8251
0.8251
0.8250
0.8250
0.8249
0.8249
0.8248
0.8248
0.8247
0.8247
0.8246
0.8246
0.8245
0.8245
0.8244
0.8244
0.8243
0.8243
0.8242
0.8242
0.8241
0.8241
0.8240
0.8239
0.8239
0.8238
0.8238
0.8237
0.8237
0.8236
0.8236
0.8235
0.8234
0.8234
0.8233
0.8233
0.8232
0.8232
0.8231
0.8230
0.8230
0.8229
0.8229
0.8228
0.8227
0.8227
0.8226
0.8226
0.8225
0.8224
0.8224
0.8223
0.8222
0.8222
0.8221
0.8220
0.8220
0.8219
0.8218
0.8218
0.8217
0.8216
0.8216
0.8215
0.8214
0.8213
0.8213
0.8212
0.8211
0.8211
0.8210
0.8209
0.8208
0.8207
0.8207
0.8206
0.8205
0.8204
0.8203
0.8203
0.8202
0.8201
0.8200
0.8199
0.8198
0.8198
0.8197
0.8196
0.8195
0.8194
0.8193
0.8192
0.8191
0.8190
0.8189
0.8188
0.8188
0.8187
0.8186
0.8185
0.8184
0.8183
0.8182
0.8181
0.8180
0.8179
0.8178
0.8177
0.8176
0.8175
0.8174
0.8173
0.8172
0.8171
0.8170
0.8169
0.8168
0.8167
0.8166
0.8165
0.8164
0.8163
0.8163
0.8162
0.8161
0.8160
0.8160
0.8159
0.8158
0.8158
0.8157
0.8157
0.8157
0.8157
0.8156
0.8156
0.8156
0.8156
0.8157
0.8157
0.8158
0.8158
0.8159
0.8160
0.8161
0.8162
0.8163
0.8164
0.8166
0.8167
0.8169
0.8170
0.8172
0.8174
0.8176
0.8178
0.8180
0.8182
0.8184
0.8186
0.8188
0.8190
0.8192
0.8194
0.8196
0.8198
0.8200
0.8201
0.8203
0.8205
0.8206
0.8207
0.8209
0.8210
0.8211
0.8212
0.8212
0.8213
0.8214
0.8214
0.8215
0.8215
0.8215
0.8216
0.8216
0.8216
0.8216
0.8216
0.8215
0.8215
0.8215
0.8215
0.8214
0.8214
0.8214
0.8213
0.8213
0.8212
0.8212
0.8211
0.8211
0.8211
0.8210
0.8210
0.8209
0.8209
0.8209
0.8208
0.8208
0.8208
0.8208
0.8208
0.8208
0.8208
0.8208
0.8208
0.8209
0.8209
0.8210
0.8211
0.8212
0.8213
0.8214
0.8215
0.8217
0.8218
0.8220
0.8222
0.8224
0.8226
0.8228
0.8230
0.8232
0.8235
0.8237
0.8239
0.8241
0.8244
0.8246
0.8248
0.8250
0.8252
0.8254
0.8256
0.8258
0.8259
0.8261
0.8262
0.8263
0.8264
0.8265
0.8266
0.8267
0.8267
0.8268
0.8268
0.8268
0.8268
0.8268
0.8268
0.8268
0.8268
0.8268
0.8267
0.8267
0.8266
0.8266
0.8265
0.8264
0.8264
0.8263
