0.0979
0.1033
0.1091
0.1152
0.1216
0.1282
0.1352
0.1423
0.1497
0.1574
0.1652
0.1732
0.1814
0.1898
0.1984
0.2071
0.2159
0.2250
0.2341
0.2435
0.2530
0.2626
0.2724
0.2823
0.2924
0.3025
0.3128
0.3232
0.3337
0.3443
0.3550
0.3657
0.3765
0.3873
0.3981
0.4090
0.4198
0.4307
0.4415
0.4522
0.4629
0.4735
0.4840
0.4944
0.5046
0.5147
0.5247
0.5344
0.5440
0.5534
0.5626
0.5716
0.5805
0.5891
0.5975
0.6058
0.6139
0.6218
0.6296
0.6372
0.6446
0.6519
0.6591
0.6661
0.6730
0.6798
0.6864
0.6929
0.6993
0.7056
0.7117
0.7177
0.7235
0.7292
0.7348
0.7402
0.7455
0.7507
0.7557
0.7605
0.7652
0.7698
0.7742
0.7784
0.7826
0.7865
0.7903
0.7940
0.7976
0.8010
0.8043
0.8074
0.8104
0.8133
0.8161
0.8188
0.8213
0.8238
0.8261
0.8284
0.8305
0.8326
0.8346
0.8364
0.8382
0.8399
0.8416
0.8431
0.8446
0.8460
0.8473
0.8486
0.8498
0.8510
0.8521
0.8531
0.8541
0.8551
0.8560
0.8569
0.8577
0.8585
0.8593
0.8601
0.8608
0.8615
0.8622
0.8629
0.8636
0.8642
0.8649
0.8655
0.8661
0.8667
0.8673
0.8678
0.8683
0.8688
0.8693
0.8698
0.8702
0.8706
0.8710
0.8713
0.8717
0.8720
0.8723
0.8725
0.8728
0.8730
0.8732
0.8734
0.8735
0.8737
0.8738
0.8739
0.8740
0.8741
0.8742
0.8742
0.8743
0.8743
0.8744
0.8744
0.8744
0.8744
0.8744
0.8744
0.8745
0.8745
0.8745
0.8745
0.8745
0.8745
0.8745
0.8745
0.8745
0.8745
0.8745
0.8745
0.8745
0.8745
0.8745
0.8745
0.8746
0.8746
0.8746
0.8747
0.8747
0.8748
0.8749
0.8749
0.8750
0.8751
0.8752
0.8753
0.8754
0.8756
0.8757
0.8759
0.8760
0.8762
0.8763
0.8765
0.8767
0.8769
0.8771
0.8773
0.8775
0.8777
0.8780
0.8782
0.8784
0.8786
0.8788
0.8791
0.8793
0.8795
0.8797
0.8799
0.8801
0.8803
0.8805
0.8806
0.8808
0.8810
0.8811
0.8813
0.8814
0.8815
0.8817
0.8818
0.8819
0.8820
0.8821
0.8822
0.8822
0.8823
0.8824
0.8825
0.8825
0.8826
0.8826
0.8826
0.8827
0.8827
0.8827
0.8828
0.8828
0.8828
0.8828
0.8828
0.8829
0.8829
0.8829
0.8829
0.8829
0.8829
0.8829
0.8829
0.8829
0.8829
0.8829
0.8829
0.8828
0.8828
0.8828
0.8828
0.8828
0.8828
0.8828
0.8828
0.8827
0.8827
0.8827
0.8827
0.8827
0.8827
0.8826
0.8826
0.8826
0.8826
0.8826
0.8825
0.8825
0.8825
0.8825
0.8825
0.8825
0.8824
0.8824
0.8824
0.8824
0.8824
0.8823
0.8823
0.8823
0.8823
0.8823
0.8822
0.8822
0.8822
0.8822
0.8822
0.8821
0.8821
0.8821
0.8821
0.8821
0.8820
0.8820
0.8820
0.8820
0.8820
0.8820
0.8819
0.8819
0.8819
0.8819
0.8819
0.8819
0.8818
0.8818
0.8818
0.8818
0.8818
0.8818
0.8817
0.8817
0.8817
0.8817
0.8817
0.8817
0.8816
0.8816
0.8816
0.8816
0.8816
0.8816
0.8816
0.8815
0.8815
0.8815
0.8815
0.8815
0.8815
0.8815
0.8815
0.8814
0.8814
0.8814
0.8814
0.8814
0.8814
0.8814
0.8814
0.8813
0.8813
0.8813
0.8813
0.8813
0.8813
0.8813
0.8813
0.8813
0.8812
0.8812
0.8812
0.8812
0.8812
0.8812
0.8812
0.8812
0.8812
0.8812
0.8812
0.8811
0.8811
0.8811
0.8811
0.8811
0.8811
0.8811
0.8811
0.8811
0.8811
0.8811
0.8810
0.8810
0.8810
0.8810
0.8810
0.8810
0.8810
0.8810
0.8810
0.8810
0.8810
0.8810
0.8810
0.8810
0.8809
0.8809
0.8809
0.8809
0.8809
0.8809
0.8809
0.8809
0.8809
0.8809
0.8809
0.8809
0.8809
0.8809
0.8809
0.8809
0.8809
0.8808
0.8808
0.8808
0.8808
0.8808
0.8808
0.8808
0.8808
0.8808
0.8808
0.8808
0.8808
0.8808
0.8808
0.8808
0.8808
0.8808
0.8808
0.8808
0.8808
0.8808
0.8807
0.8807
0.8807
0.8807
0.8807
0.8807
0.8807
0.8807
0.8807
0.8807
0.8807
0.8807
0.8807
0.8807
0.8807
0.8807
0.8807
0.8807
0.8807
0.8807
0.8807
0.8807
0.8807
0.8807
0.8807
0.8807
0.8807
0.8807
0.8807
0.8806
0.8806
0.8806
0.8806
0.8806
0.8806
0.8806
0.8806
0.8806
0.8806
0.8806
0.8806
0.8806
0.8806
0.8806
0.8806
0.8806
0.8806
0.8806
0.8806
0.8806
0.8806
0.8806
0.8806
0.8806
0.8806
0.8806
0.8806
0.8806
0.8806
0.8806
0.8806
0.8806
0.8806
0.8806
0.8806
0.8806
0.8806
0.8806
0.8806
0.8806
0.8806
0.8806
0.8806
0.8805
0.8805
0.8805
0.8805
0.8805
0.8805
0.8805
0.8805
0.8805
0.8805
0.8805
0.8805
0.8805
0.8805
0.8805
0.8805
0.8805
0.8805
0.8805
0.8805
0.8805
0.8805
0.8805
0.8805
0.8805
0.8805
0.8805
0.8805
0.8805
0.8805
0.8805
0.8805
0.8805
0.8805
0.8805
0.8805
0.8805
0.8805
0.8805
0.8805
0.8805
0.8805
0.8805
0.8805
0.8805
0.8805
0.8805
0.8805
0.8805
0.8805
0.8805
0.8805
0.8805
0.8805
0.8805
0.8805
0.8805
0.8805
0.8805
0.8805
0.8805
0.8805
0.8805
0.8805
0.8805
0.8805
0.8805
0.8805
0.8805
0.8805
0.8805
0.8805
0.8805
0.8805
0.8805
0.8805
0.8805
0.8805
0.8805
0.8805
0.8805
0.8805
0.8805
0.8805
0.8805
0.8805
0.8805
0.8804
0.8804
0.8804
0.8804
0.8804
0.8804
0.8804
0.8804
0.8804
0.8804
0.8804
0.8804
0.8804
0.8804
0.8804
0.8804
0.8804
0.8804
0.8804
0.8804
0.8804
0.8804
0.8804
0.8804
0.8804
0.8804
0.8804
0.8804
0.8804
0.8804
0.8804
0.8804
0.8804
0.8804
0.8804
0.8804
0.8804
0.8804
0.8804
0.8804
0.8804
0.8804
0.8804
0.8804
0.8804
0.8804
0.8804
0.8804
0.8804
0.8804
0.8804
0.8804
0.8804
0.8804
0.8804
0.8804
0.8804
0.8804
0.8804
0.8804
0.8804
0.8804
0.8804
0.8804
0.8804
0.8804
0.8804
0.8804
0.8804
0.8804
0.8804
0.8804
0.8804
0.8804
0.8804
0.8804
0.8804
0.8804
0.8804
0.8804
0.8804
0.8804
0.8804
0.8804
0.8804
0.8804
0.8804
0.8804
0.8804
0.8804
0.8804
0.8804
0.8804
0.8804
0.8804
0.8804
0.8804
0.8804
0.8804
0.8804
0.8804
0.8804
0.8804
0.8804
0.8804
0.8804
0.8804
0.8804
0.8804
0.8804
0.8804
0.8804
0.8804
0.8804
0.8804
0.8804
0.8804
0.8804
0.8804
0.8804
0.8804
0.8804
0.8804
0.8804
0.8804
0.8804
0.8804
0.8804
0.8804
0.8804
0.8804
0.8804
0.8804
0.8804
0.8804
0.8804
0.8804
0.8804
0.8804
0.8804
0.8804
0.8804
0.8804
0.8804
0.8804
0.8804
0.8804
0.8804
0.8804
0.8804
0.8804
0.8804
0.8804
0.8804
0.8804
0.8804
0.8804
0.8804
0.8804
0.8804
0.8804
0.8804
0.8804
0.8804
0.8804
0.8804
0.8804
0.8804
0.8804
0.8804
0.8804
0.8804
0.8804
0.8804
0.8804
0.8804
0.8804
0.8804
0.8804
0.8804
0.8804
0.8804
0.8804
0.8804
0.8804
0.8804
0.8804
0.8804
0.8804
0.8804
0.8804
0.8804
0.8804
0.8804
0.8804
0.8804
0.8804
0.8804
0.8804
0.8804
0.8804
0.8804
0.8804
0.8804
0.8804
0.8804
0.8804
0.8804
0.8804
0.8804
0.8804
0.8804
0.8804
0.8804
0.8804
0.8804
0.8804
0.8804
0.8804
0.8804
0.8804
0.8804
0.8804
0.8804
0.8804
0.8804
0.8804
0.8804
0.8804
0.8804
0.8804
0.8804
0.8804
0.8804
0.8804
0.8804
0.8804
0.8804
0.8804
0.8804
0.8804
0.8804
0.8804
0.8804
0.8804
0.8804
0.8804
0.8804
0.8804
0.8804
0.8804
0.8804
0.8804
0.8804
0.8804
0.8804
0.8804
0.8804
0.8804
0.8804
0.8804
0.8804
0.8804
0.8804
0.8804
0.8804
0.8804
0.8804
0.8804
0.8804
0.8804
0.8804
0.8804
0.8804
0.8804
0.8804
0.8804
0.8804
0.8804
0.8804
0.8804
0.8804
0.8804
0.8804
0.8804
0.8804
0.8804
0.8804
0.8804
0.8804
0.8804
0.8804
0.8804
0.8804
0.8804
0.8804
0.8804
0.8804
0.8804
0.8804
0.8804
0.8804
0.8804
0.8804
0.8804
0.8804
0.8804
0.8804
0.8804
0.8804
0.8804
0.8804
0.8804
0.8804
0.8804
0.8804
0.8804
0.8804
0.8804
0.8804
0.8804
0.8804
0.8804
0.8804
0.8804
0.8804
0.8804
0.8804
0.8804
0.8804
0.8804
0.8804
0.8804
0.8804
0.8804
0.8804
0.8804
0.8804
0.8804
0.8804
0.8804
0.8804
0.8804
0.8804
0.8804
0.8804
0.8804
0.8804
0.8804
0.8804
0.8804
0.8804
0.8804
0.8804
0.8804
0.8804
0.8804
0.8804
0.8804
0.8804
0.8804
0.8804
0.8804
0.8804
0.8804
0.8804
0.8804
0.8804
0.8804
0.8804
0.8804
0.8804
0.8804
0.8804
0.8804
0.8804
0.8804
0.8804
0.8804
0.8804
0.8804
0.8804
0.8804
0.8804
0.8804
0.8804
0.8804
0.8804
0.8804
0.8804
0.8804
0.8804
0.8804
0.8804
0.8804
0.8804
0.8804
0.8804
0.8804
0.8804
0.8804
0.8804
0.8804
0.8804
0.8804
0.8804
0.8804
0.8804
0.8804
0.8804
0.8804
0.8804
0.8804
0.8804
0.8804
0.8804
0.8804
0.8804
0.8804
0.8804
0.8804
0.8804
0.8804
0.8804
0.8804
0.8804
0.8804
0.8804
0.8804
0.8804
0.8804
0.8804
0.8804
0.8804
0.8804
0.8804
0.8804
0.8804
0.8804
0.8804
0.8804
0.8804
0.8804
0.8804
0.8804
0.8804
0.8804
0.8804
0.8804
0.8804
0.8804
0.8804
0.8804
0.8804
0.8804
0.8804
0.8804
0.8804
0.8804
0.8804
0.8804
0.8804
0.8804
0.8804
0.8804
0.8804
0.8804
0.8804
0.8804
0.8804
0.8804
0.8804
0.8804
0.8804
0.8804
0.8804
0.8804
0.8804
0.8804
0.8804
0.8804
0.8804
0.8804
0.8804
0.8804
0.8804
0.8804
0.8804
0.8804
0.8804
0.8804
0.8804
0.8804
0.8804
0.8804
0.8804
0.8804
0.8804
0.8804
0.8804
0.8804
0.8804
0.8804
0.8804
0.8804
0.8804
0.8804
0.8804
0.8804
0.8804
0.8804
0.8804
0.8804
0.8804
0.8804
0.8804
0.8804
0.8804
0.8804
0.8804
0.8804
0.8804
0.8804
0.8804
0.8804
0.8804
0.8804
0.8804
0.8804
0.8804
0.8804
0.8804
0.8804
0.8804
0.8804
0.8804
0.8804
0.8804
0.8804
0.8804
0.8804
0.8804
0.8804
0.8804
0.8804
0.8804
0.8804
0.8804
0.8804
0.8804
0.8804
0.8804
0.8804
0.8804
0.8804
0.8804
0.8804
0.8804
0.8804
0.8804
0.8804
0.8804
0.8804
0.8804
0.8804
0.8804
0.8804
0.8804
0.8804
0.8804
0.8804
0.8804
0.8804
0.8804
0.8804
0.8804
0.8804
0.8804
0.8804
0.8804
0.8804
0.8804
0.8804
0.8804
0.8804
0.8804
0.8804
0.8804
0.8804
0.8804
0.8804
0.8804
0.8804
0.8804
0.8804
0.8804
0.8804
0.8804
0.8804
0.8804
0.8804
0.8804
0.8804
0.8804
0.8804
0.8804
0.8804
0.8804
0.8804
0.8804
0.8804
0.8804
0.8804
0.8804
0.8804
0.8804
0.8804
0.8804
0.8804
0.8804
0.8804
0.8804
0.8804
0.8804
0.8804
0.8804
0.8804
0.8804
0.8804
0.8804
0.8804
0.8804
0.8804
0.8804
0.8804
0.8804
0.8804
0.8804
0.8804
0.8804
0.8804
0.8804
0.8804
0.8804
0.8804
0.8804
0.8804
0.8804
0.8804
0.8804
0.8804
0.8804
0.8804
0.8804
0.8804
0.8804
0.8804
0.8804
0.8804
0.8804
0.8804
0.8804
0.8804
0.8804
0.8804
0.8804
0.8804
0.8804
0.8804
0.8804
0.8804
0.8804
0.8804
0.8804
0.8804
0.8804
0.8804
0.8804
0.8804
0.8804
0.8804
0.8804
0.8804
0.8804
0.8804
0.8804
0.8804
0.8804
0.8804
0.8804
0.8804
0.8804
0.8804
0.8804
0.8804
0.8804
0.8804
0.8804
0.8804
0.8804
0.8804
0.8804
0.8804
0.8804
0.8804
0.8804
0.8804
0.8804
0.8804
0.8804
0.8804
0.8804
0.8804
0.8804
0.8804
0.8804
0.8804
0.8804
0.8804
0.8804
0.8804
0.8804
0.8804
0.8804
0.8804
0.8804
0.8804
0.8804
0.8804
0.8804
0.8804
0.8804
0.8804
0.8804
0.8804
0.8804
0.8804
0.8804
0.8804
0.8804
0.8804
0.8804
0.8804
0.8804
0.8804
0.8804
0.8804
0.8804
0.8804
0.8804
0.8804
0.8804
0.8804
0.8804
0.8804
0.8804
0.8804
0.8804
0.8804
0.8804
0.8804
0.8804
0.8804
0.8804
0.8804
0.8804
0.8804
0.8804
0.8804
0.8804
0.8804
0.8804
0.8804
0.8804
0.8804
0.8804
0.8804
0.8804
0.8804
0.8804
0.8804
0.8804
0.8804
0.8804
0.8804
0.8804
0.8804
0.8804
0.8804
0.8804
0.8804
0.8804
0.8804
0.8804
0.8804
0.8804
0.8804
0.8804
0.8804
0.8804
0.8804
0.8804
0.8804
0.8804
0.8804
0.8804
0.8804
0.8804
0.8804
0.8804
0.8804
0.8804
0.8804
0.8804
0.8804
0.8804
0.8804
0.8804
0.8804
0.8804
0.8804
0.8804
0.8804
0.8804
0.8804
0.8804
0.8804
0.8804
0.8804
0.8804
0.8804
0.8804
0.8804
0.8804
0.8804
0.8804
0.8804
0.8804
0.8804
0.8804
0.8804
0.8804
0.8804
0.8804
0.8804
0.8804
0.8804
0.8804
0.8804
0.8804
0.8804
0.8804
0.8804
0.8804
0.8804
0.8804
0.8804
0.8804
0.8804
0.8804
0.8804
0.8804
0.8804
0.8804
0.8804
0.8804
0.8804
0.8804
0.8804
0.8804
0.8804
0.8804
0.8804
0.8804
0.8804
0.8804
0.8804
0.8804
0.8804
0.8804
0.8804
0.8804
0.8804
0.8804
0.8804
0.8804
0.8804
0.8804
0.8804
0.8804
0.8804
0.8804
0.8804
0.8804
0.8804
0.8804
0.8804
0.8804
0.8804
0.8804
0.8804
0.8804
0.8804
0.8804
0.8804
0.8804
0.8804
0.8804
0.8804
0.8804
0.8804
0.8804
0.8804
0.8804
0.8804
0.8804
0.8804
0.8804
0.8804
0.8804
0.8804
0.8804
0.8804
0.8804
0.8804
0.8804
0.8804
0.8804
0.8804
0.8804
0.8804
0.8804
0.8804
0.8804
0.8804
0.8804
0.8804
0.8804
0.8804
0.8804
0.8804
0.8804
0.8804
0.8804
0.8804
0.8804
0.8804
0.8804
0.8804
0.8804
0.8804
0.8804
0.8804
0.8804
0.8804
0.8804
0.8804
0.8804
0.8804
0.8804
0.8804
0.8804
0.8804
0.8804
0.8804
0.8804
0.8804
0.8804
0.8804
0.8804
0.8804
0.8804
0.8804
0.8804
0.8804
0.8804
0.8804
0.8804
0.8804
0.8804
0.8804
0.8804
0.8804
0.8804
0.8804
0.8804
0.8804
0.8804
0.8804
0.8804
0.8804
0.8804
0.8804
0.8804
0.8804
0.8804
0.8804
0.8804
0.8804
0.8804
0.8804
0.8804
0.8804
0.8804
0.8804
0.8804
0.8804
0.8804
0.8804
0.8804
0.8804
0.8804
0.8804
0.8804
0.8804
0.8804
0.8804
0.8804
0.8804
0.8804
0.8804
0.8804
0.8804
0.8804
0.8804
0.8804
0.8804
0.8804
0.8804
0.8804
0.8804
0.8804
0.8804
0.8804
0.8804
0.8804
0.8804
0.8804
0.8804
0.8804
0.8804
0.8804
0.8804
0.8804
0.8804
0.8804
0.8804
0.8804
0.8804
0.8804
0.8804
0.8804
0.8804
0.8804
0.8804
0.8804
0.8804
0.8804
0.8804
0.8804
0.8804
0.8804
0.8804
0.8804
0.8804
0.8804
0.8804
0.8804
0.8804
0.8804
0.8804
0.8804
0.8804
0.8804
0.8804
0.8804
0.8804
0.8804
0.8804
0.8804
0.8804
0.8804
0.8804
0.8804
0.8804
0.8804
0.8804
0.8804
0.8804
0.8804
0.8804
0.8804
0.8804
0.8804
0.8804
0.8804
0.8804
0.8804
0.8804
0.8804
0.8804
0.8804
0.8804
0.8804
0.8804
0.8804
0.8804
0.8804
0.8804
0.8804
0.8804
0.8804
0.8804
0.8804
0.8804
0.8804
0.8804
0.8804
0.8804
0.8804
0.8804
0.8804
0.8804
0.8804
0.8804
0.8804
0.8804
0.8804
0.8804
0.8804
0.8804
0.8804
0.8804
0.8804
0.8804
0.8804
0.8804
0.8804
0.8804
0.8804
0.8804
0.8804
0.8804
0.8804
0.8804
0.8804
0.8804
0.8804
0.8804
0.8804
0.8804
0.8804
0.8804
0.8804
0.8804
0.8804
0.8804
0.8804
0.8804
0.8804
0.8804
0.8804
0.8804
0.8804
0.8804
0.8804
0.8804
0.8804
0.8804
0.8804
0.8804
0.8804
0.8804
0.8804
0.8804
0.8804
0.8804
0.8804
0.8804
0.8804
0.8804
0.8804
0.8804
0.8804
0.8804
0.8804
0.8804
0.8804
0.8804
0.8804
0.8804
0.8804
0.8804
0.8804
0.8804
0.8804
0.8804
0.8804
0.8804
0.8804
0.8804
0.8804
0.8804
0.8804
0.8804
0.8804
0.8804
0.8804
0.8804
0.8804
0.8804
0.8804
0.8804
0.8804
0.8804
0.8804
0.8804
0.8804
0.8804
0.8804
0.8804
0.8804
0.8804
0.8804
0.8804
0.8804
0.8804
0.8804
0.8804
0.8804
0.8804
0.8804
0.8804
0.8804
0.8804
0.8804
0.8804
0.8804
0.8804
0.8804
0.8804
0.8804
0.8804
0.8804
0.8804
0.8804
0.8804
0.8804
0.8804
0.8804
0.8804
0.8804
0.8804
0.8804
0.8804
0.8804
0.8804
0.8804
0.8804
0.8804
0.8804
0.8804
0.8804
0.8804
0.8804
0.8804
0.8804
0.8804
0.8804
0.8804
0.8804
0.8804
0.8804
0.8804
0.8804
0.8804
0.8804
0.8804
0.8804
0.8804
0.8804
0.8804
0.8804
0.8804
0.8804
0.8804
0.8804
0.8804
0.8804
0.8804
0.8804
0.8804
0.8804
0.8804
0.8804
0.8804
0.8804
0.8804
0.8804
0.8804
0.8804
0.8804
0.8804
0.8804
0.8804
0.8804
0.8804
0.8804
0.8804
0.8804
0.8804
0.8804
0.8804
0.8804
0.8804
0.8804
0.8804
0.8804
0.8804
0.8804
0.8804
0.8804
0.8804
0.8804
0.8804
0.8804
0.8804
0.8804
0.8804
0.8804
0.8804
0.8804
0.8804
0.8804
0.8804
0.8804
0.8804
0.8804
0.8804
0.8804
0.8804
0.8804
0.8804
0.8804
0.8804
0.8804
0.8804
0.8804
0.8804
0.8804
0.8804
0.8804
0.8804
0.8804
0.8804
0.8804
0.8804
0.8804
0.8804
0.8804
0.8804
0.8804
0.8804
0.8804
0.8804
0.8804
0.8804
0.8804
0.8804
0.8804
0.8804
0.8804
0.8804
0.8804
0.8804
0.8804
0.8804
0.8804
0.8804
0.8804
0.8804
0.8804
0.8804
0.8804
0.8804
0.8804
0.8804
0.8804
0.8804
0.8804
0.8804
0.8804
0.8804
0.8804
0.8804
0.8804
0.8804
0.8804
0.8804
0.8804
0.8804
0.8804
0.8804
0.8804
0.8804
0.8804
0.8804
0.8804
0.8804
0.8804
0.8804
0.8804
0.8804
0.8804
0.8804
0.8804
0.8804
0.8804
0.8804
0.8804
0.8804
0.8804
0.8804
0.8804
0.8804
0.8804
0.8804
0.8804
0.8804
0.8804
0.8804
0.8804
0.8804
0.8804
0.8804
0.8804
0.8804
0.8804
0.8804
0.8804
0.8804
0.8804
0.8804
0.8804
0.8804
0.8804
0.8804
0.8804
0.8804
0.8804
0.8804
0.8804
0.8804
0.8804
0.8804
0.8804
0.8804
0.8804
0.8804
0.8804
0.8804
0.8804
0.8804
0.8804
0.8804
0.8804
0.8804
0.8804
0.8804
0.8804
0.8804
0.8804
0.8804
0.8804
0.8804
0.8804
0.8804
0.8804
0.8804
0.8804
0.8804
0.8804
0.8804
0.8804
0.8804
0.8804
0.8804
0.8804
0.8804
0.8804
0.8804
0.8804
0.8804
0.8804
0.8804
0.8804
0.8804
0.8804
0.8804
0.8804
0.8804
0.8804
0.8804
0.8804
0.8804
0.8804
0.8804
0.8804
0.8804
0.8804
0.8804
0.8804
0.8804
0.8804
0.8804
0.8804
0.8804
0.8804
0.8804
0.8804
0.8804
0.8804
0.8804
0.8804
0.8804
0.8804
0.8804
0.8804
0.8804
0.8804
0.8804
0.8804
0.8804
0.8804
0.8804
0.8804
0.8804
0.8804
0.8804
0.8804
0.8804
0.8804
0.8804
0.8804
0.8804
0.8804
0.8804
0.8804
0.8804
0.8804
0.8804
0.8804
0.8804
0.8804
0.8804
0.8804
0.8804
0.8804
0.8804
0.8804
0.8804
0.8804
0.8804
0.8804
0.8804
0.8804
0.8804
0.8804
0.8804
0.8804
0.8804
0.8804
0.8804
0.8804
0.8804
0.8804
0.8804
0.8804
0.8804
0.8804
0.8804
0.8804
0.8804
0.8804
0.8804
0.8804
0.8804
0.8804
0.8804
0.8804
0.8804
0.8804
0.8804
0.8804
0.8804
0.8804
0.8804
0.8804
0.8804
0.8804
0.8804
0.8804
0.8804
0.8804
0.8804
0.8804
0.8804
0.8804
0.8804
0.8804
0.8804
0.8804
0.8804
0.8804
0.8804
0.8804
0.8804
0.8804
0.8804
0.8804
0.8804
0.8804
0.8804
0.8804
0.8804
0.8804
0.8804
0.8804
0.8804
0.8804
0.8804
0.8804
0.8804
0.8804
0.8804
0.8804
0.8804
0.8804
0.8804
0.8804
0.8804
0.8804
0.8804
0.8804
0.8804
0.8804
0.8804
0.8804
0.8804
0.8804
0.8804
0.8804
0.8804
0.8804
0.8804
0.8804
0.8804
0.8804
0.8804
0.8804
0.8804
0.8804
0.8804
0.8804
0.8804
0.8804
0.8804
0.8804
0.8804
0.8804
0.8804
0.8804
0.8804
0.8804
0.8804
0.8804
0.8804
0.8804
0.8804
0.8804
0.8804
0.8804
0.8804
0.8804
0.8804
0.8804
0.8804
0.8804
0.8804
0.8804
0.8804
0.8804
0.8804
0.8804
0.8804
0.8804
0.8804
0.8804
0.8804
0.8804
0.8804
0.8804
0.8804
0.8804
0.8804
0.8804
0.8804
0.8804
0.8804
0.8804
0.8804
0.8804
0.8804
0.8804
0.8804
0.8804
0.8804
0.8804
0.8804
0.8804
0.8804
0.8804
0.8804
0.8804
0.8804
0.8804
0.8804
0.8804
0.8804
0.8804
0.8804
0.8804
0.8804
0.8804
0.8804
0.8804
0.8804
0.8804
0.8804
0.8804
0.8804
0.8804
0.8804
0.8804
0.8804
0.8804
0.8804
0.8804
0.8804
0.8804
0.8804
0.8804
0.8804
0.8804
0.8804
0.8804
0.8804
0.8804
0.8804
0.8804
0.8804
0.8804
0.8804
0.8804
0.8804
0.8804
0.8804
0.8804
0.8804
0.8804
0.8804
0.8804
0.8804
0.8804
0.8804
0.8804
0.8804
0.8804
0.8804
0.8804
0.8804
0.8804
0.8804
0.8804
0.8804
0.8804
0.8804
0.8804
0.8804
0.8804
0.8804
0.8804
0.8804
0.8804
0.8804
0.8804
0.8804
0.8804
0.8804
0.8804
0.8804
0.8804
0.8804
0.8804
0.8804
0.8804
0.8804
0.8804
0.8804
0.8804
0.8804
0.8804
0.8804
0.8804
0.8804
0.8804
0.8804
0.8804
0.8804
0.8804
0.8804
0.8804
0.8804
0.8804
0.8804
0.8804
0.8804
0.8804
0.8804
0.8804
0.8804
0.8804
0.8804
0.8804
0.8804
0.8804
0.8804
0.8804
0.8804
0.8804
0.8804
0.8804
0.8804
0.8804
0.8804
0.8804
0.8804
0.8804
0.8804
0.8804
0.8804
0.8804
0.8804
0.8804
0.8804
0.8804
0.8804
0.8804
0.8804
0.8804
0.8804
0.8804
0.8804
0.8804
0.8804
0.8804
0.8804
0.8804
0.8804
0.8804
0.8804
0.8804
0.8804
0.8804
0.8804
0.8804
0.8804
0.8804
0.8804
0.8804
0.8804
0.8804
0.8804
0.8804
0.8804
0.8804
0.8804
0.8804
0.8804
0.8804
0.8804
0.8804
0.8804
0.8804
0.8804
0.8804
0.8804
0.8804
0.8804
0.8804
0.8804
0.8804
0.8804
0.8804
0.8804
0.8804
0.8804
0.8804
0.8804
0.8804
0.8804
0.8804
0.8804
0.8804
0.8804
0.8804
0.8804
0.8804
0.8804
0.8804
0.8804
0.8804
0.8804
0.8804
0.8804
0.8804
0.8804
0.8804
0.8804
0.8804
0.8804
0.8804
0.8804
0.8804
0.8804
0.8804
0.8804
0.8804
0.8804
0.8804
0.8804
0.8804
0.8804
0.8804
0.8804
0.8804
0.8804
0.8804
0.8804
0.8804
0.8804
0.8804
0.8804
0.8804
0.8804
0.8804
0.8804
0.8804
0.8804
0.8804
0.8804
0.8804
0.8804
0.8804
0.8804
0.8804
0.8804
0.8804
0.8804
0.8804
0.8804
0.8804
0.8804
0.8804
0.8804
0.8804
0.8804
0.8804
0.8804
0.8804
0.8804
0.8804
0.8804
0.8804
0.8804
0.8804
0.8804
0.8804
0.8804
0.8804
0.8804
0.8804
0.8804
0.8804
0.8804
0.8804
0.8804
0.8804
0.8804
0.8804
0.8804
0.8804
0.8804
0.8804
0.8804
0.8804
0.8804
0.8804
0.8804
0.8804
0.8804
0.8804
0.8804
0.8804
0.8804
0.8804
0.8804
0.8804
0.8804
0.8804
0.8804
0.8804
0.8804
0.8804
0.8804
0.8804
0.8804
0.8804
0.8804
0.8804
0.8804
0.8804
0.8804
0.8804
0.8804
0.8804
0.8804
0.8804
0.8804
0.8804
0.8804
0.8804
0.8804
0.8804
0.8804
0.8804
0.8804
0.8804
0.8804
0.8804
0.8804
0.8804
0.8804
0.8804
0.8804
0.8804
0.8804
0.8804
0.8804
0.8804
0.8804
0.8804
0.8804
0.8804
0.8804
0.8804
0.8804
0.8804
0.8804
0.8804
0.8804
0.8804
0.8804
0.8804
0.8804
0.8804
0.8804
0.8804
0.8804
0.8804
0.8804
0.8804
0.8804
0.8804
0.8804
0.8804
0.8804
0.8804
0.8804
0.8804
0.8804
0.8804
0.8804
0.8804
0.8804
0.8804
0.8804
0.8804
0.8804
0.8804
0.8804
0.8804
0.8804
0.8804
0.8804
0.8804
0.8804
0.8804
0.8804
0.8804
0.8804
0.8804
0.8804
0.8804
0.8804
0.8804
0.8804
0.8804
0.8804
0.8804
0.8804
0.8804
0.8804
0.8804
0.8804
0.8804
0.8804
0.8804
0.8804
0.8804
0.8804
0.8804
0.8804
0.8804
0.8804
0.8804
0.8804
0.8804
0.8804
0.8804
0.8804
0.8804
0.8804
0.8804
0.8804
0.8804
0.8804
0.8804
0.8804
0.8804
0.8804
0.8804
0.8804
0.8804
0.8804
0.8804
0.8804
0.8804
0.8804
0.8804
0.8804
0.8804
0.8804
0.8804
0.8804
0.8804
0.8804
0.8804
0.8804
0.8804
0.8804
0.8804
0.8804
0.8804
0.8804
0.8804
0.8804
0.8804
0.8804
0.8804
0.8804
0.8804
0.8804
0.8804
0.8804
0.8804
0.8804
0.8804
0.8804
0.8804
0.8804
0.8804
0.8804
0.8804
0.8804
0.8804
0.8804
0.8804
0.8804
0.8804
0.8804
0.8804
0.8804
0.8804
0.8804
0.8804
0.8804
0.8804
0.8804
0.8804
0.8804
0.8804
0.8804
0.8804
0.8804
0.8804
0.8804
0.8804
0.8804
0.8804
0.8804
0.8804
0.8804
0.8804
0.8804
0.8804
0.8804
0.8804
0.8804
0.8804
0.8804
0.8804
0.8804
0.8804
0.8804
0.8804
0.8804
0.8804
0.8804
0.8804
0.8804
0.8804
0.8804
0.8804
0.8804
0.8804
0.8804
0.8804
0.8804
0.8804
0.8804
0.8804
0.8804
0.8804
0.8804
0.8804
0.8804
0.8804
0.8804
0.8804
0.8804
0.8804
0.8804
0.8804
0.8804
0.8804
0.8804
0.8804
0.8804
0.8804
0.8804
0.8804
0.8804
0.8804
0.8804
0.8804
0.8804
0.8804
0.8804
0.8804
0.8804
0.8804
0.8804
0.8804
0.8804
0.8804
0.8804
0.8804
0.8804
0.8804
0.8804
0.8804
0.8804
0.8804
0.8804
0.8804
0.8804
0.8804
0.8804
0.8804
0.8804
0.8804
0.8804
0.8804
0.8804
0.8804
0.8804
0.8804
0.8804
0.8804
0.8804
0.8804
0.8804
0.8804
0.8804
0.8804
0.8804
0.8804
0.8804
0.8804
0.8804
0.8804
0.8804
0.8804
0.8804
0.8804
0.8804
0.8804
0.8804
0.8804
0.8804
0.8804
0.8804
0.8804
0.8804
0.8804
0.8804
0.8804
0.8804
0.8804
0.8804
0.8804
0.8804
0.8804
0.8804
0.8804
0.8804
0.8804
0.8804
0.8804
0.8804
0.8804
0.8804
0.8804
0.8804
0.8804
0.8804
0.8804
0.8804
0.8804
0.8804
0.8804
0.8804
0.8804
0.8804
0.8804
0.8804
0.8804
0.8804
0.8804
0.8804
0.8804
0.8804
0.8804
0.8804
0.8804
0.8804
0.8804
0.8804
0.8804
0.8804
0.8804
0.8804
0.8804
0.8804
0.8804
0.8804
0.8804
0.8804
0.8804
0.8804
0.8804
0.8804
0.8804
0.8804
0.8804
0.8804
0.8804
0.8804
0.8804
0.8804
0.8804
0.8804
0.8804
0.8804
0.8804
0.8804
0.8804
0.8804
0.8804
0.8804
0.8804
0.8804
0.8804
0.8804
0.8804
0.8804
0.8804
0.8804
0.8804
0.8804
0.8804
0.8804
0.8804
0.8804
0.8804
0.8804
0.8804
0.8804
0.8804
0.8804
0.8804
0.8804
0.8804
0.8804
0.8804
0.8804
0.8804
0.8804
0.8804
0.8804
0.8804
0.8804
0.8804
0.8804
0.8804
0.8804
0.8804
0.8804
0.8804
0.8804
0.8804
0.8804
0.8804
0.8804
0.8804
0.8804
0.8804
0.8804
0.8804
0.8804
0.8804
0.8804
0.8804
0.8804
0.8804
0.8804
0.8804
0.8804
0.8804
0.8804
0.8804
0.8804
0.8804
0.8804
0.8804
0.8804
0.8804
0.8804
0.8804
0.8804
0.8804
0.8804
0.8804
0.8804
0.8804
0.8804
0.8804
0.8804
0.8804
0.8804
0.8804
0.8804
0.8804
0.8804
0.8804
0.8804
0.8804
0.8804
0.8804
0.8804
0.8804
0.8804
0.8804
0.8804
0.8804
0.8804
0.8804
0.8804
0.8804
0.8804
0.8804
0.8804
0.8804
0.8804
0.8804
0.8804
0.8804
0.8804
0.8804
0.8804
0.8804
0.8804
0.8804
0.8804
0.8804
0.8804
0.8804
0.8804
0.8804
0.8804
0.8804
0.8804
0.8804
0.8804
0.8804
0.8804
0.8804
0.8804
0.8804
0.8804
0.8804
0.8804
0.8804
0.8804
0.8804
0.8804
0.8804
0.8804
0.8804
0.8804
0.8804
0.8804
0.8804
0.8804
0.8804
0.8804
0.8804
0.8804
0.8804
0.8804
0.8804
0.8804
0.8804
0.8804
0.8804
0.8804
0.8804
0.8804
0.8804
0.8804
0.8804
0.8804
0.8804
0.8804
0.8804
0.8804
0.8804
0.8804
0.8804
0.8804
0.8804
0.8804
0.8804
0.8804
0.8804
0.8804
0.8804
0.8804
0.8804
0.8804
0.8804
0.8804
0.8804
0.8804
0.8804
0.8804
0.8804
0.8804
0.8804
0.8804
0.8804
0.8804
0.8804
0.8804
0.8804
0.8804
0.8804
0.8804
0.8804
0.8804
0.8804
0.8804
0.8804
0.8804
0.8804
0.8804
0.8804
0.8804
0.8804
0.8804
0.8804
0.8804
0.8804
0.8804
0.8804
0.8804
0.8804
0.8804
0.8804
0.8804
0.8804
0.8804
0.8804
0.8804
0.8804
0.8804
0.8804
0.8804
0.8804
0.8804
0.8804
0.8804
0.8804
0.8804
0.8804
0.8804
0.8804
0.8804
0.8804
0.8804
0.8804
0.8804
0.8804
0.8804
0.8804
0.8804
0.8804
0.8804
0.8804
0.8804
0.8804
0.8804
0.8804
0.8804
0.8804
0.8804
0.8804
0.8804
0.8804
0.8804
0.8804
0.8804
0.8804
0.8804
0.8804
0.8804
0.8804
0.8804
0.8804
0.8804
0.8804
0.8804
0.8804
0.8804
0.8804
0.8804
0.8804
0.8804
0.8804
0.8804
0.8804
0.8804
0.8804
0.8804
0.8804
0.8804
0.8804
0.8804
0.8804
0.8804
0.8804
0.8804
0.8804
0.8804
0.8804
0.8804
0.8804
0.8804
0.8804
0.8804
0.8804
0.8804
0.8804
0.8804
0.8804
0.8804
0.8804
0.8804
0.8804
0.8804
0.8804
0.8804
0.8804
0.8804
0.8804
0.8804
0.8804
0.8804
0.8804
0.8804
0.8804
0.8804
0.8804
0.8804
0.8804
0.8804
0.8804
0.8804
0.8804
0.8804
0.8804
0.8804
0.8804
0.8804
0.8804
0.8804
0.8804
0.8804
0.8804
0.8804
0.8804
0.8804
0.8804
0.8804
0.8804
0.8804
0.8804
0.8804
0.8804
0.8804
0.8804
0.8804
0.8804
0.8804
0.8804
0.8804
0.8804
0.8804
0.8804
0.8804
0.8804
0.8804
0.8804
0.8804
0.8804
0.8804
0.8804
0.8804
0.8804
0.8804
0.8804
0.8804
0.8804
0.8804
0.8804
0.8804
0.8804
0.8804
0.8804
0.8804
0.8804
0.8804
0.8804
0.8804
0.8804
0.8804
0.8804
0.8804
0.8804
0.8804
0.8804
0.8804
0.8804
0.8804
0.8804
0.8804
0.8804
0.8804
0.8804
0.8804
0.8804
0.8804
0.8804
0.8804
0.8804
0.8804
0.8804
0.8804
0.8804
0.8804
0.8804
0.8804
0.8804
0.8804
0.8804
0.8804
0.8804
0.8804
0.8804
0.8804
0.8804
0.8804
0.8804
0.8804
0.8804
0.8804
0.8804
0.8804
0.8804
0.8804
0.8804
0.8804
0.8804
0.8804
0.8804
0.8804
0.8804
0.8804
0.8804
0.8804
0.8804
0.8804
0.8804
0.8804
0.8804
0.8804
0.8804
0.8804
0.8804
0.8804
0.8804
0.8804
0.8804
0.8804
0.8804
0.8804
0.8804
0.8804
0.8804
0.8804
0.8804
0.8804
0.8804
0.8804
0.8804
0.8804
0.8804
0.8804
0.8804
0.8804
0.8804
0.8804
0.8804
0.8804
0.8804
0.8804
0.8804
0.8804
0.8804
0.8804
0.8804
0.8804
0.8804
0.8804
0.8804
0.8804
0.8804
0.8804
0.8804
0.8804
0.8804
0.8804
0.8804
0.8804
0.8804
0.8804
0.8804
0.8804
0.8804
0.8804
0.8804
0.8804
0.8804
0.8804
0.8804
0.8804
0.8804
0.8804
0.8804
0.8804
0.8804
0.8804
0.8804
0.8804
0.8804
0.8804
0.8804
0.8804
0.8804
0.8804
0.8804
0.8804
0.8804
0.8804
0.8804
0.8804
0.8804
0.8804
0.8804
0.8804
0.8804
0.8804
0.8804
0.8804
0.8804
0.8804
0.8804
0.8804
0.8804
0.8804
0.8804
0.8804
0.8804
0.8804
0.8804
0.8804
0.8804
0.8804
0.8804
0.8804
0.8804
0.8804
0.8804
0.8804
0.8804
0.8804
0.8804
0.8804
0.8804
0.8804
0.8804
0.8804
0.8804
0.8804
0.8804
0.8804
0.8804
0.8804
0.8804
0.8804
0.8804
0.8804
0.8804
0.8804
0.8804
0.8804
0.8804
0.8804
0.8804
0.8804
0.8804
0.8804
0.8804
0.8804
0.8804
0.8804
0.8804
0.8804
0.8804
0.8804
0.8804
0.8804
0.8804
0.8804
0.8804
0.8804
0.8804
0.8804
0.8804
0.8804
0.8804
0.8804
0.8804
0.8804
0.8804
0.8804
0.8804
0.8804
0.8804
0.8804
0.8804
0.8804
0.8804
0.8804
0.8804
0.8804
0.8804
0.8804
0.8804
0.8804
0.8804
0.8804
0.8804
0.8804
0.8804
0.8804
0.8804
0.8804
0.8804
0.8804
0.8804
0.8804
0.8804
0.8804
0.8804
0.8804
0.8804
0.8804
0.8804
0.8804
0.8804
0.8804
0.8804
0.8804
0.8804
0.8804
0.8804
0.8804
0.8804
0.8804
0.8804
0.8804
0.8804
0.8804
0.8804
0.8804
0.8804
0.8804
0.8804
0.8804
0.8804
0.8804
0.8804
0.8804
0.8804
0.8804
0.8804
0.8804
0.8804
0.8804
0.8804
0.8804
0.8804
0.8804
0.8804
0.8804
0.8804
0.8804
0.8804
0.8804
0.8804
0.8804
0.8804
0.8804
0.8804
0.8804
0.8804
0.8804
0.8804
0.8804
0.8804
0.8804
0.8804
0.8804
0.8804
0.8804
0.8804
0.8804
0.8804
0.8804
0.8804
0.8804
0.8804
0.8804
0.8804
0.8804
0.8804
0.8804
0.8804
0.8804
0.8804
0.8804
0.8804
0.8804
0.8804
0.8804
0.8804
0.8804
0.8804
0.8804
0.8804
0.8804
0.8804
0.8804
0.8804
0.8804
0.8804
0.8804
0.8804
0.8804
0.8804
0.8804
0.8804
0.8804
0.8804
0.8804
0.8804
0.8804
0.8804
0.8804
0.8804
0.8804
0.8804
0.8804
0.8804
0.8804
0.8804
0.8804
0.8804
0.8804
0.8804
0.8804
0.8804
0.8804
0.8804
0.8804
0.8804
0.8804
0.8804
0.8804
0.8804
0.8804
0.8804
0.8804
0.8804
0.8804
0.8804
0.8804
0.8804
0.8804
0.8804
0.8804
0.8804
0.8804
0.8804
0.8804
0.8804
0.8804
0.8804
0.8804
0.8804
0.8804
0.8804
0.8804
0.8804
0.8804
0.8804
0.8804
0.8804
0.8804
0.8804
0.8804
0.8804
0.8804
0.8804
0.8804
0.8804
0.8804
0.8804
0.8804
0.8804
0.8804
0.8804
0.8804
0.8804
0.8804
0.8804
0.8804
0.8804
0.8804
0.8804
0.8804
0.8804
0.8804
0.8804
0.8804
0.8804
0.8804
0.8804
0.8804
0.8804
0.8804
0.8804
0.8804
0.8804
0.8804
0.8804
0.8804
0.8804
0.8804
0.8804
0.8804
0.8804
0.8804
0.8804
0.8804
0.8804
0.8804
0.8804
0.8804
0.8804
0.8804
0.8804
0.8804
0.8804
0.8804
0.8804
0.8804
0.8804
0.8804
0.8804
0.8804
0.8804
0.8804
0.8804
0.8804
0.8804
0.8804
0.8804
0.8804
0.8804
0.8804
0.8804
0.8804
0.8804
0.8804
0.8804
0.8804
0.8804
0.8804
0.8804
0.8804
0.8804
0.8804
0.8804
0.8804
0.8804
0.8804
0.8804
0.8804
0.8804
0.8804
0.8804
0.8804
0.8804
0.8804
0.8804
0.8804
0.8804
0.8804
0.8804
0.8804
0.8804
0.8804
0.8804
0.8804
0.8804
0.8804
0.8804
0.8804
0.8804
0.8804
0.8804
0.8804
0.8804
0.8804
0.8804
0.8804
0.8804
0.8804
0.8804
0.8804
0.8804
0.8804
0.8804
0.8804
0.8804
0.8804
0.8804
0.8804
0.8804
0.8804
0.8804
0.8804
0.8804
0.8804
0.8804
0.8804
0.8804
0.8804
0.8804
0.8804
0.8804
0.8804
0.8804
0.8804
0.8804
0.8804
0.8804
0.8804
0.8804
0.8804
0.8804
0.8804
0.8804
0.8804
0.8804
0.8804
0.8804
0.8804
0.8804
0.8804
0.8804
0.8804
0.8804
0.8804
0.8804
0.8804
0.8804
0.8804
0.8804
0.8804
0.8804
0.8804
0.8804
0.8804
0.8804
0.8804
0.8804
0.8804
0.8804
0.8804
0.8804
0.8804
0.8804
0.8804
0.8804
0.8804
0.8804
0.8804
0.8804
0.8804
0.8804
0.8804
0.8804
0.8804
0.8804
0.8804
0.8804
0.8804
0.8804
0.8804
0.8804
0.8804
0.8804
0.8804
0.8804
0.8804
0.8804
0.8804
0.8804
0.8804
0.8804
0.8804
0.8804
0.8804
0.8804
0.8804
0.8804
0.8804
0.8804
0.8804
0.8804
0.8804
0.8804
0.8804
0.8804
0.8804
0.8804
0.8804
0.8804
0.8804
0.8804
0.8804
0.8804
0.8804
0.8804
0.8804
0.8804
0.8804
0.8804
0.8804
0.8804
0.8804
0.8804
0.8804
0.8804
0.8804
0.8804
0.8804
0.8804
0.8804
0.8804
0.8804
0.8804
0.8804
0.8804
0.8804
0.8804
0.8804
0.8804
0.8804
0.8804
0.8804
0.8804
0.8804
0.8804
0.8804
0.8804
0.8804
0.8804
0.8804
0.8804
0.8804
0.8804
0.8804
0.8804
0.8804
0.8804
0.8804
0.8804
0.8804
0.8804
0.8804
0.8804
0.8804
0.8804
0.8804
0.8804
0.8804
0.8804
0.8804
0.8804
0.8804
0.8804
0.8804
0.8804
0.8804
0.8804
0.8804
0.8804
0.8804
0.8804
0.8804
0.8804
0.8804
0.8804
0.8804
0.8804
0.8804
0.8804
0.8804
0.8804
0.8804
0.8804
0.8804
0.8804
0.8804
0.8804
0.8804
0.8804
0.8804
0.8804
0.8804
0.8804
0.8804
0.8804
0.8804
0.8804
0.8804
0.8804
0.8804
0.8804
0.8804
0.8804
0.8804
0.8804
0.8804
0.8804
0.8804
0.8804
0.8804
0.8804
0.8804
0.8804
0.8804
0.8804
0.8804
0.8804
0.8804
0.8804
0.8804
0.8804
0.8804
0.8804
0.8804
0.8804
0.8804
0.8804
0.8804
0.8804
0.8804
0.8804
0.8804
0.8804
0.8804
0.8804
0.8804
0.8804
0.8804
0.8804
0.8804
0.8804
0.8804
0.8804
0.8804
0.8804
0.8804
0.8804
0.8804
0.8804
0.8804
0.8804
0.8804
0.8804
0.8804
0.8804
0.8804
0.8804
0.8804
0.8804
0.8804
0.8804
0.8804
0.8804
0.8804
0.8804
0.8804
0.8804
0.8804
0.8804
0.8804
0.8804
0.8804
0.8804
0.8804
0.8804
0.8804
0.8804
0.8804
0.8804
0.8804
0.8804
0.8804
0.8804
0.8804
0.8804
0.8804
0.8804
0.8804
0.8804
0.8804
0.8804
0.8804
0.8804
0.8804
0.8804
0.8804
0.8804
0.8804
0.8804
0.8804
0.8804
0.8804
0.8804
0.8804
0.8804
0.8804
0.8804
0.8804
0.8804
0.8804
0.8804
0.8804
0.8804
0.8804
0.8804
0.8804
0.8804
0.8804
0.8804
0.8804
0.8804
0.8804
0.8804
0.8804
0.8804
0.8804
0.8804
0.8804
0.8804
0.8804
0.8804
0.8804
0.8804
0.8804
0.8804
0.8804
0.8804
0.8804
0.8804
0.8804
0.8804
0.8804
0.8804
0.8804
0.8804
0.8804
0.8804
0.8804
0.8804
0.8804
0.8804
0.8804
0.8804
0.8804
0.8804
0.8804
0.8804
0.8804
0.8804
0.8804
0.8804
0.8804
0.8804
0.8804
0.8804
0.8804
0.8804
0.8804
0.8804
0.8804
0.8804
0.8804
0.8804
0.8804
0.8804
0.8804
0.8804
0.8804
0.8804
0.8804
0.8804
0.8804
0.8804
0.8804
0.8804
0.8804
0.8804
0.8804
0.8804
0.8804
0.8804
0.8804
0.8804
0.8804
0.8804
0.8804
0.8804
0.8804
0.8804
0.8804
0.8804
0.8804
0.8804
0.8804
0.8804
0.8804
0.8804
0.8804
0.8804
0.8804
0.8804
0.8804
0.8804
0.8804
0.8804
0.8804
0.8804
0.8804
0.8804
0.8804
0.8804
0.8804
0.8804
0.8804
0.8804
0.8804
0.8804
0.8804
0.8804
0.8804
0.8804
0.8804
0.8804
0.8804
0.8804
0.8804
0.8804
0.8804
0.8804
0.8804
0.8804
0.8804
0.8804
0.8804
0.8804
0.8804
0.8804
0.8804
0.8804
0.8804
0.8804
0.8804
0.8804
0.8804
0.8804
0.8804
0.8804
0.8804
0.8804
0.8804
0.8804
0.8804
0.8804
0.8804
0.8804
0.8804
0.8804
0.8804
0.8804
0.8804
0.8804
0.8804
0.8804
0.8804
0.8804
0.8804
0.8804
0.8804
0.8804
0.8804
0.8804
0.8804
0.8804
0.8804
0.8804
0.8804
0.8804
0.8804
0.8804
0.8804
0.8804
0.8804
0.8804
0.8804
0.8804
0.8804
0.8804
0.8804
0.8804
0.8804
0.8804
0.8804
0.8804
0.8804
0.8804
0.8804
0.8804
0.8804
0.8804
0.8804
0.8804
0.8804
0.8804
0.8804
0.8804
0.8804
0.8804
0.8804
0.8804
0.8804
0.8804
0.8804
0.8804
0.8804
0.8804
0.8804
0.8804
0.8804
0.8804
0.8804
0.8804
0.8804
0.8804
0.8804
0.8804
0.8804
0.8804
0.8804
0.8804
0.8804
0.8804
0.8804
0.8804
0.8804
0.8804
0.8804
0.8804
0.8804
0.8804
0.8804
0.8804
0.8804
0.8804
0.8804
0.8804
0.8804
0.8804
0.8804
0.8804
0.8804
0.8804
0.8804
0.8804
0.8804
0.8804
0.8804
0.8804
0.8804
0.8804
0.8804
0.8804
0.8804
0.8804
0.8804
0.8804
0.8804
0.8804
0.8804
0.8804
0.8804
0.8804
0.8804
0.8804
0.8804
0.8804
0.8804
0.8804
0.8804
0.8804
0.8804
0.8804
0.8804
0.8804
0.8804
0.8804
0.8804
0.8804
0.8804
0.8804
0.8804
0.8804
0.8804
0.8804
0.8804
0.8804
0.8804
0.8804
0.8804
0.8804
0.8804
0.8804
0.8804
0.8804
0.8804
0.8804
0.8804
0.8804
0.8804
0.8804
0.8804
0.8804
0.8804
0.8804
0.8804
0.8804
0.8804
0.8804
0.8804
0.8804
0.8804
0.8804
0.8804
0.8804
0.8804
0.8804
0.8804
0.8804
0.8804
0.8804
0.8804
0.8804
0.8804
0.8804
0.8804
0.8804
0.8804
0.8804
0.8804
0.8804
0.8804
0.8804
0.8804
0.8804
0.8804
0.8804
0.8804
0.8804
0.8804
0.8804
0.8804
0.8804
0.8804
0.8804
0.8804
0.8804
0.8804
0.8804
0.8804
0.8804
0.8804
0.8804
0.8804
0.8804
0.8804
0.8804
0.8804
0.8804
0.8804
0.8804
0.8804
0.8804
0.8804
0.8804
0.8804
0.8804
0.8804
0.8804
0.8804
0.8804
0.8804
0.8804
0.8804
0.8804
0.8804
0.8804
0.8804
0.8804
0.8804
0.8804
0.8804
0.8804
0.8804
0.8804
0.8804
0.8804
0.8804
0.8804
0.8804
0.8804
0.8804
0.8804
0.8804
0.8804
0.8804
0.8804
0.8804
0.8804
0.8804
0.8804
0.8804
0.8804
0.8804
0.8804
0.8804
0.8804
0.8804
0.8804
0.8804
0.8804
0.8804
0.8804
0.8804
0.8804
0.8804
0.8804
0.8804
0.8804
0.8804
0.8804
0.8804
0.8804
0.8804
0.8804
0.8804
0.8804
0.8804
0.8804
0.8804
0.8804
0.8804
0.8804
0.8804
0.8804
0.8804
0.8804
0.8804
0.8804
0.8804
0.8804
0.8804
0.8804
0.8804
0.8804
0.8804
0.8804
0.8804
0.8804
0.8804
0.8804
0.8804
0.8804
0.8804
0.8804
0.8804
0.8804
0.8804
0.8804
0.8804
0.8804
0.8804
0.8804
0.8804
0.8804
0.8804
0.8804
0.8804
0.8804
0.8804
0.8804
0.8804
0.8804
0.8804
0.8804
0.8804
0.8804
0.8804
0.8804
0.8804
0.8804
0.8804
0.8804
0.8804
0.8804
0.8804
0.8804
0.8804
0.8804
0.8804
0.8804
0.8804
0.8804
0.8804
0.8804
0.8804
0.8804
0.8804
0.8804
0.8804
0.8804
0.8804
0.8804
0.8804
0.8804
0.8804
0.8804
0.8804
0.8804
0.8804
0.8804
0.8804
0.8804
0.8804
0.8804
0.8804
0.8804
0.8804
0.8804
0.8804
0.8804
0.8804
0.8804
0.8804
0.8804
0.8804
0.8804
0.8804
0.8804
0.8804
0.8804
0.8804
0.8804
0.8804
0.8804
0.8804
0.8804
0.8804
0.8804
0.8804
0.8804
0.8804
0.8804
0.8804
0.8804
0.8804
0.8804
0.8804
0.8804
0.8804
0.8804
0.8804
0.8804
0.8804
0.8804
0.8804
0.8804
0.8804
0.8804
0.8804
0.8804
0.8804
0.8804
0.8804
0.8804
0.8804
0.8804
0.8804
0.8804
0.8804
0.8804
0.8804
0.8804
0.8804
0.8804
0.8804
0.8804
0.8804
0.8804
0.8804
0.8804
0.8804
0.8804
0.8804
0.8804
0.8804
0.8804
0.8804
0.8804
0.8804
0.8804
0.8804
0.8804
0.8804
0.8804
0.8804
0.8804
0.8804
0.8804
0.8804
0.8804
0.8804
0.8804
0.8804
0.8804
0.8804
0.8804
0.8804
0.8804
0.8804
0.8804
0.8804
0.8804
0.8804
0.8804
0.8804
0.8804
0.8804
0.8804
0.8804
0.8804
0.8804
0.8804
0.8804
0.8804
0.8804
0.8804
0.8804
0.8804
0.8804
0.8804
0.8804
0.8804
0.8804
0.8804
0.8804
0.8804
0.8804
0.8804
0.8804
0.8804
0.8804
0.8804
0.8804
0.8804
0.8804
0.8804
0.8804
0.8804
0.8804
0.8804
0.8804
0.8804
0.8804
0.8804
0.8804
0.8804
0.8804
0.8804
0.8804
0.8804
0.8804
0.8804
0.8804
0.8804
0.8804
0.8804
0.8804
0.8804
0.8804
0.8804
0.8804
0.8804
0.8804
0.8804
0.8804
0.8804
0.8804
0.8804
0.8804
0.8804
0.8804
0.8804
0.8804
0.8804
0.8804
0.8804
0.8804
0.8804
0.8804
0.8804
0.8804
0.8804
0.8804
0.8804
0.8804
0.8804
0.8804
0.8804
0.8804
0.8804
0.8804
0.8804
0.8804
0.8804
0.8804
0.8804
0.8804
0.8804
0.8804
0.8804
0.8804
0.8804
0.8804
0.8804
0.8804
0.8804
0.8804
0.8804
0.8804
0.8804
0.8804
0.8804
0.8804
0.8804
0.8804
0.8804
0.8804
0.8804
0.8804
0.8804
0.8804
0.8804
0.8804
0.8804
0.8804
0.8804
0.8804
0.8804
0.8804
0.8804
0.8804
0.8804
0.8804
0.8804
0.8804
0.8804
0.8804
0.8804
0.8804
0.8804
0.8804
0.8804
0.8804
0.8804
0.8804
0.8804
0.8804
0.8804
0.8804
0.8804
0.8804
0.8804
0.8804
0.8804
0.8804
0.8804
0.8804
0.8804
0.8804
0.8804
0.8804
0.8804
0.8804
0.8804
0.8804
0.8804
0.8804
0.8804
0.8804
0.8804
0.8804
0.8804
0.8804
0.8804
0.8804
0.8804
0.8804
0.8804
0.8804
0.8804
0.8804
0.8804
0.8804
0.8804
0.8804
0.8804
0.8804
0.8804
0.8804
0.8804
0.8804
0.8804
0.8804
0.8804
0.8804
0.8804
0.8804
0.8804
0.8804
0.8804
0.8804
0.8804
0.8804
0.8804
0.8804
0.8804
0.8804
0.8804
0.8804
0.8804
0.8804
0.8804
0.8804
0.8804
0.8804
0.8804
0.8804
0.8804
0.8804
0.8804
0.8804
0.8804
0.8804
0.8804
0.8804
0.8804
0.8804
0.8804
0.8804
0.8804
0.8804
0.8804
0.8804
0.8804
0.8804
0.8804
0.8804
0.8804
0.8804
0.8804
0.8804
0.8804
0.8804
0.8804
0.8804
0.8804
0.8804
0.8804
0.8804
0.8804
0.8804
0.8804
0.8804
0.8804
0.8804
0.8804
0.8804
0.8804
0.8804
0.8804
0.8804
0.8804
0.8804
0.8804
0.8804
0.8804
0.8804
0.8804
0.8804
0.8804
0.8804
0.8804
0.8804
0.8804
0.8804
0.8804
0.8804
0.8804
0.8804
0.8804
0.8804
0.8804
0.8804
0.8804
0.8804
0.8804
0.8804
0.8804
0.8804
0.8804
0.8804
0.8804
0.8804
0.8804
0.8804
0.8804
0.8804
0.8804
0.8804
0.8804
0.8804
0.8804
0.8804
0.8804
0.8804
0.8804
0.8804
0.8804
0.8804
0.8804
0.8804
0.8804
0.8804
0.8804
0.8804
0.8804
0.8804
0.8804
0.8804
0.8804
0.8804
0.8804
0.8804
0.8804
0.8804
0.8804
0.8804
0.8804
0.8804
0.8804
0.8804
0.8804
0.8804
0.8804
0.8804
0.8804
0.8804
0.8804
0.8804
0.8804
0.8804
0.8804
0.8804
0.8804
0.8804
0.8804
0.8804
0.8804
0.8804
0.8804
0.8804
0.8804
0.8804
0.8804
0.8804
0.8804
0.8804
0.8804
0.8804
0.8804
0.8804
0.8804
0.8804
0.8804
0.8804
0.8804
0.8804
0.8804
0.8804
0.8804
0.8804
0.8804
0.8804
0.8804
0.8804
0.8804
0.8804
0.8804
0.8804
0.8804
0.8804
0.8804
0.8804
0.8804
0.8804
0.8804
0.8804
0.8804
0.8804
0.8804
0.8804
0.8804
0.8804
0.8804
0.8804
0.8804
0.8804
0.8804
0.8804
0.8804
0.8804
0.8804
0.8804
0.8804
0.8804
0.8804
0.8804
0.8804
0.8804
0.8804
0.8804
0.8804
0.8804
0.8804
0.8804
0.8804
0.8804
0.8804
0.8804
0.8804
0.8804
0.8804
0.8804
0.8804
0.8804
0.8804
0.8804
0.8804
0.8804
0.8804
0.8804
0.8804
0.8804
0.8804
0.8804
0.8804
0.8804
0.8804
0.8804
0.8804
0.8804
0.8804
0.8804
0.8804
0.8804
0.8804
0.8804
0.8804
0.8804
0.8804
0.8804
0.8804
0.8804
0.8804
0.8804
0.8804
0.8804
0.8804
0.8804
0.8804
0.8804
0.8804
0.8804
0.8804
0.8804
0.8804
0.8804
0.8804
0.8804
0.8804
0.8804
0.8804
0.8804
0.8804
0.8804
0.8804
0.8804
0.8804
0.8804
0.8804
0.8804
0.8804
0.8804
0.8804
0.8804
0.8804
0.8804
0.8804
0.8804
0.8804
0.8804
0.8804
0.8804
0.8804
0.8804
0.8804
0.8804
0.8804
0.8804
0.8804
0.8804
0.8804
0.8804
0.8804
0.8804
0.8804
0.8804
0.8804
0.8804
0.8804
0.8804
0.8804
0.8804
0.8804
0.8804
0.8804
0.8804
0.8804
0.8804
0.8804
0.8804
0.8804
0.8804
0.8804
0.8804
0.8804
0.8804
0.8804
0.8804
0.8804
0.8804
0.8804
0.8804
0.8804
0.8804
0.8804
0.8804
0.8804
0.8804
0.8804
0.8804
0.8804
0.8804
0.8804
0.8804
0.8804
0.8804
0.8804
0.8804
0.8804
0.8804
0.8804
0.8804
0.8804
0.8804
0.8804
0.8804
0.8804
0.8804
0.8804
0.8804
0.8804
0.8804
0.8804
0.8804
0.8804
0.8804
0.8804
0.8804
0.8804
0.8804
0.8804
0.8804
0.8804
0.8804
0.8804
0.8804
0.8804
0.8804
0.8804
0.8804
0.8804
0.8804
0.8804
0.8804
0.8804
0.8804
0.8804
0.8804
0.8804
0.8804
0.8804
0.8804
0.8804
0.8804
0.8804
0.8804
0.8804
0.8804
0.8804
0.8804
0.8804
0.8804
0.8804
0.8804
0.8804
0.8804
0.8804
0.8804
0.8804
0.8804
0.8804
0.8804
0.8804
0.8804
0.8804
0.8804
0.8804
0.8804
0.8804
0.8804
0.8804
0.8804
0.8804
0.8804
0.8804
0.8804
0.8804
0.8804
0.8804
0.8804
0.8804
0.8804
0.8804
0.8804
0.8804
0.8804
0.8804
0.8804
0.8804
0.8804
0.8804
0.8804
0.8804
0.8804
0.8804
0.8804
0.8804
0.8804
0.8804
0.8804
0.8804
0.8804
0.8804
0.8804
0.8804
0.8804
0.8804
0.8804
0.8804
0.8804
0.8804
0.8804
0.8804
0.8804
0.8804
0.8804
0.8804
0.8804
0.8804
0.8804
0.8804
0.8804
0.8804
0.8804
0.8804
0.8804
0.8804
0.8804
0.8804
0.8804
0.8804
0.8804
0.8804
0.8804
0.8804
0.8804
0.8804
0.8804
0.8804
0.8804
0.8804
0.8804
0.8804
0.8804
0.8804
0.8804
0.8804
0.8804
0.8804
0.8804
0.8804
0.8804
0.8804
0.8804
0.8804
0.8804
0.8804
0.8804
0.8804
0.8804
0.8804
0.8804
0.8804
0.8804
0.8804
0.8804
0.8804
0.8804
0.8804
0.8804
0.8804
0.8804
0.8804
0.8804
0.8804
0.8804
0.8804
0.8804
0.8804
0.8804
0.8804
0.8804
0.8804
0.8804
0.8804
0.8804
0.8804
0.8804
0.8804
0.8804
0.8804
0.8804
0.8804
0.8804
0.8804
0.8804
0.8804
0.8804
0.8804
0.8804
0.8804
0.8804
0.8804
0.8804
0.8804
0.8804
0.8804
0.8804
0.8804
0.8804
0.8804
0.8804
0.8804
0.8804
0.8804
0.8804
0.8804
0.8804
0.8804
0.8804
0.8804
0.8804
0.8804
0.8804
0.8804
0.8804
0.8804
0.8804
0.8804
0.8804
0.8804
0.8804
0.8804
0.8804
0.8804
0.8804
0.8804
0.8804
0.8804
0.8804
0.8804
0.8804
0.8804
0.8804
0.8804
0.8804
0.8804
0.8804
0.8804
0.8804
0.8804
0.8804
0.8804
0.8804
0.8804
0.8804
0.8804
0.8804
0.8804
0.8804
0.8804
0.8804
0.8804
0.8804
0.8804
0.8804
0.8804
0.8804
0.8804
0.8804
0.8804
0.8804
0.8804
0.8804
0.8804
0.8804
0.8804
0.8804
0.8804
0.8804
0.8804
0.8804
0.8804
0.8804
0.8804
0.8804
0.8804
0.8804
0.8804
0.8804
0.8804
0.8804
0.8804
0.8804
0.8804
0.8804
0.8804
0.8804
0.8804
0.8804
0.8804
0.8804
0.8804
0.8804
0.8804
0.8804
0.8804
0.8804
0.8804
0.8804
0.8804
0.8804
0.8804
0.8804
0.8804
0.8804
0.8804
0.8804
0.8804
0.8804
0.8804
0.8804
0.8804
0.8804
0.8804
0.8804
0.8804
0.8804
0.8804
0.8804
0.8804
0.8804
0.8804
0.8804
0.8804
0.8804
0.8804
0.8804
0.8804
0.8804
0.8804
0.8804
0.8804
0.8804
0.8804
0.8804
0.8804
0.8804
0.8804
0.8804
0.8804
0.8804
0.8804
0.8804
0.8804
0.8804
0.8804
0.8804
0.8804
0.8804
0.8804
0.8804
0.8804
0.8804
0.8804
0.8804
0.8804
0.8804
0.8804
0.8804
0.8804
0.8804
0.8804
0.8804
0.8804
0.8804
0.8804
0.8804
0.8804
0.8804
0.8804
0.8804
0.8804
0.8804
0.8804
0.8804
0.8804
0.8804
0.8804
0.8804
0.8804
0.8804
0.8804
0.8804
0.8804
0.8804
0.8804
0.8804
0.8804
0.8804
0.8804
0.8804
0.8804
0.8804
0.8804
0.8804
0.8804
0.8804
0.8804
0.8804
0.8804
0.8804
0.8804
0.8804
0.8804
0.8804
0.8804
0.8804
0.8804
0.8804
0.8804
0.8804
0.8804
0.8804
0.8804
0.8804
0.8804
0.8804
0.8804
0.8804
0.8804
0.8804
0.8804
0.8804
0.8804
0.8804
0.8804
0.8804
0.8804
0.8804
0.8804
0.8804
0.8804
0.8804
0.8804
0.8804
0.8804
0.8804
0.8804
0.8804
0.8804
0.8804
0.8804
0.8804
0.8804
0.8804
0.8804
0.8804
0.8804
0.8804
0.8804
0.8804
0.8804
0.8804
0.8804
0.8804
0.8804
0.8804
0.8804
0.8804
0.8804
0.8804
0.8804
0.8804
0.8804
0.8804
0.8804
0.8804
0.8804
0.8804
0.8804
0.8804
0.8804
0.8804
0.8804
0.8804
0.8804
0.8804
0.8804
0.8804
0.8804
0.8804
0.8804
0.8804
0.8804
0.8804
0.8804
0.8804
0.8804
0.8804
0.8804
0.8804
0.8804
0.8804
0.8804
0.8804
0.8804
0.8804
0.8804
0.8804
0.8804
0.8804
0.8804
0.8804
0.8804
0.8804
0.8804
0.8804
0.8804
0.8804
0.8804
0.8804
0.8804
0.8804
0.8804
0.8804
0.8804
0.8804
0.8804
0.8804
0.8804
0.8804
0.8804
0.8804
0.8804
0.8804
0.8804
0.8804
0.8804
0.8804
0.8804
0.8804
0.8804
0.8804
0.8804
0.8804
0.8804
0.8804
0.8804
0.8804
0.8804
0.8804
0.8804
0.8804
0.8804
0.8804
0.8804
0.8804
0.8804
0.8804
0.8804
0.8804
0.8804
0.8804
0.8804
0.8804
0.8804
0.8804
0.8804
0.8804
0.8804
0.8804
0.8804
0.8804
0.8804
0.8804
0.8804
0.8804
0.8804
0.8804
0.8804
0.8804
0.8804
0.8804
0.8804
0.8804
0.8804
0.8804
0.8804
0.8804
0.8804
0.8804
0.8804
0.8804
0.8804
0.8804
0.8804
0.8804
0.8804
0.8804
0.8804
0.8804
0.8804
0.8804
0.8804
0.8804
0.8804
0.8804
0.8804
0.8804
0.8804
0.8804
0.8804
0.8804
0.8804
0.8804
0.8804
0.8804
0.8804
0.8804
0.8804
0.8804
0.8804
0.8804
0.8804
0.8804
0.8804
0.8804
0.8804
0.8804
0.8804
0.8804
0.8804
0.8804
0.8804
0.8804
0.8804
0.8804
0.8804
0.8804
0.8804
0.8804
0.8804
0.8804
0.8804
0.8804
0.8804
0.8804
0.8804
0.8804
0.8804
0.8804
0.8804
0.8804
0.8804
0.8804
0.8804
0.8804
0.8804
0.8804
0.8804
0.8804
0.8804
0.8804
0.8804
0.8804
0.8804
0.8804
0.8804
0.8804
0.8804
0.8804
0.8804
0.8804
0.8804
0.8804
0.8804
0.8804
0.8804
0.8804
0.8804
0.8804
0.8804
0.8804
0.8804
0.8804
0.8804
0.8804
0.8804
0.8804
0.8804
0.8804
0.8804
0.8804
0.8804
0.8804
0.8804
0.8804
0.8804
0.8804
0.8804
0.8804
0.8804
0.8804
0.8804
0.8804
0.8804
0.8804
0.8804
0.8804
0.8804
0.8804
0.8804
0.8804
0.8804
0.8804
0.8804
0.8804
0.8804
0.8804
0.8804
0.8804
0.8804
0.8804
0.8804
0.8804
0.8804
0.8804
0.8804
0.8804
0.8804
0.8804
0.8804
0.8804
0.8804
0.8804
0.8804
0.8804
0.8804
0.8804
0.8804
0.8804
0.8804
0.8804
0.8804
0.8804
0.8804
0.8804
0.8804
0.8804
0.8804
0.8804
0.8804
0.8804
0.8804
0.8804
0.8804
0.8804
0.8804
0.8804
0.8804
0.8804
0.8804
0.8804
0.8804
0.8804
0.8804
0.8804
0.8804
0.8804
0.8804
0.8804
0.8804
0.8804
0.8804
0.8804
0.8804
0.8804
0.8804
0.8804
0.8804
0.8804
0.8804
0.8804
0.8804
0.8804
0.8804
0.8804
0.8804
0.8804
0.8804
0.8804
0.8804
0.8804
0.8804
0.8804
0.8804
0.8804
0.8804
0.8804
0.8804
0.8804
0.8804
0.8804
0.8804
0.8804
0.8804
0.8804
0.8804
0.8804
0.8804
0.8804
0.8804
0.8804
0.8804
0.8804
0.8804
0.8804
0.8804
0.8804
0.8804
0.8804
0.8804
0.8804
0.8804
0.8804
0.8804
0.8804
0.8804
0.8804
0.8804
0.8804
0.8804
0.8804
0.8804
0.8804
0.8804
0.8804
0.8804
0.8804
0.8804
0.8804
0.8804
0.8804
0.8804
0.8804
0.8804
0.8804
0.8804
0.8804
0.8804
0.8804
0.8804
0.8804
0.8804
0.8804
0.8804
0.8804
0.8804
0.8804
0.8804
0.8804
0.8804
0.8804
0.8804
0.8804
0.8804
0.8804
0.8804
0.8804
0.8804
0.8804
0.8804
0.8804
0.8804
0.8804
0.8804
0.8804
0.8804
0.8804
0.8804
0.8804
0.8804
0.8804
0.8804
0.8804
0.8804
0.8804
0.8804
0.8804
0.8804
0.8804
0.8804
0.8804
0.8804
0.8804
0.8804
0.8804
0.8804
0.8804
0.8804
0.8804
0.8804
0.8804
0.8804
0.8804
0.8804
0.8804
0.8804
0.8804
0.8804
0.8804
0.8804
0.8804
0.8804
0.8804
0.8804
0.8804
0.8804
0.8804
0.8804
0.8804
0.8804
0.8804
0.8804
0.8804
0.8804
0.8804
0.8804
0.8804
0.8804
0.8804
0.8804
0.8804
0.8804
0.8804
0.8804
0.8804
0.8804
0.8804
0.8804
0.8804
0.8804
0.8804
0.8804
0.8804
0.8804
0.8804
0.8804
0.8804
0.8804
0.8804
0.8804
0.8804
0.8804
0.8804
0.8804
0.8804
0.8804
0.8804
0.8804
0.8804
0.8804
0.8804
0.8804
0.8804
0.8804
0.8804
0.8804
0.8804
0.8804
0.8804
0.8804
0.8804
0.8804
0.8804
0.8804
0.8804
0.8804
0.8804
0.8804
0.8804
0.8804
0.8804
0.8804
0.8804
0.8804
0.8804
0.8804
0.8804
0.8804
0.8804
0.8804
0.8804
0.8804
0.8804
0.8804
0.8804
0.8804
0.8804
0.8804
0.8804
0.8804
0.8804
0.8804
0.8804
0.8804
0.8804
0.8804
0.8804
0.8804
0.8804
0.8804
0.8804
0.8804
0.8804
0.8804
0.8804
0.8804
0.8804
0.8804
0.8804
0.8804
0.8804
0.8804
0.8804
0.8804
0.8804
0.8804
0.8804
0.8804
0.8804
0.8804
0.8804
0.8804
0.8804
0.8804
0.8804
0.8804
0.8804
0.8804
0.8804
0.8804
0.8804
0.8804
0.8804
0.8804
0.8804
0.8804
0.8804
0.8804
0.8804
0.8804
0.8804
0.8804
0.8804
0.8804
0.8804
0.8804
0.8804
0.8804
0.8804
0.8804
0.8804
0.8804
0.8804
0.8804
0.8804
0.8804
0.8804
0.8804
0.8804
0.8804
0.8804
0.8804
0.8804
0.8804
0.8804
0.8804
0.8804
0.8804
0.8804
0.8804
0.8804
0.8804
0.8804
0.8804
0.8804
0.8804
0.8804
0.8804
0.8804
0.8804
0.8804
0.8804
0.8804
0.8804
0.8804
0.8804
0.8804
0.8804
0.8804
0.8804
0.8804
0.8804
0.8804
0.8804
0.8804
0.8804
0.8804
0.8804
0.8804
0.8804
0.8804
0.8804
0.8804
0.8804
0.8804
0.8804
0.8804
0.8804
0.8804
0.8804
0.8804
0.8804
0.8804
0.8804
0.8804
0.8804
0.8804
0.8804
0.8804
0.8804
0.8804
0.8804
0.8804
0.8804
0.8804
0.8804
0.8804
0.8804
0.8804
0.8804
0.8804
0.8804
0.8804
0.8804
0.8804
0.8804
0.8804
0.8804
0.8804
0.8804
0.8804
0.8804
0.8804
0.8804
0.8804
0.8804
0.8804
0.8804
0.8804
0.8804
0.8804
0.8804
0.8804
0.8804
0.8804
0.8804
0.8804
0.8804
0.8804
0.8804
0.8804
0.8804
0.8804
0.8804
0.8804
0.8804
0.8804
0.8804
0.8804
0.8804
0.8804
0.8804
0.8804
0.8804
0.8804
0.8804
0.8804
0.8804
0.8804
0.8804
0.8804
0.8804
0.8804
0.8804
0.8804
0.8804
0.8804
0.8804
0.8804
0.8804
0.8804
0.8804
0.8804
0.8804
0.8804
0.8804
0.8804
0.8804
0.8804
0.8804
0.8804
0.8804
0.8804
0.8804
0.8804
0.8804
0.8804
0.8804
0.8804
0.8804
0.8804
0.8804
0.8804
0.8804
0.8804
0.8804
0.8804
0.8804
0.8804
0.8804
0.8804
0.8804
0.8804
0.8804
0.8804
0.8804
0.8804
0.8804
0.8804
0.8804
0.8804
0.8804
0.8804
0.8804
0.8804
0.8804
0.8804
0.8804
0.8804
0.8804
0.8804
0.8804
0.8804
0.8804
0.8804
0.8804
0.8804
0.8804
0.8804
0.8804
0.8804
0.8804
0.8804
0.8804
0.8804
0.8804
0.8804
0.8804
0.8804
0.8804
0.8804
0.8804
0.8804
0.8804
0.8804
0.8804
0.8804
0.8804
0.8804
0.8804
0.8804
0.8804
0.8804
0.8804
0.8804
0.8804
0.8804
0.8804
0.8804
0.8804
0.8804
0.8804
0.8804
0.8804
0.8804
0.8804
0.8804
0.8804
0.8804
0.8804
0.8804
0.8804
0.8804
0.8804
0.8804
0.8804
0.8804
0.8804
0.8804
0.8804
0.8804
0.8804
0.8804
0.8804
0.8804
0.8804
0.8804
0.8804
0.8804
0.8804
0.8804
0.8804
0.8804
0.8804
0.8804
0.8804
0.8804
0.8804
0.8804
0.8804
0.8804
0.8804
0.8804
0.8804
0.8804
0.8804
0.8804
0.8804
0.8804
0.8804
0.8804
0.8804
0.8804
0.8804
0.8804
0.8804
0.8804
0.8804
0.8804
0.8804
0.8804
0.8804
0.8804
0.8804
0.8804
0.8804
0.8804
0.8804
0.8804
0.8804
0.8804
0.8804
0.8804
0.8804
0.8804
0.8804
0.8804
0.8804
0.8804
0.8804
0.8804
0.8804
0.8804
0.8804
0.8804
0.8804
0.8804
0.8804
0.8804
0.8804
0.8804
0.8804
0.8804
0.8804
0.8804
0.8804
0.8804
0.8804
0.8804
0.8804
0.8804
0.8804
0.8804
0.8804
0.8804
0.8804
0.8804
0.8804
0.8804
0.8804
0.8804
0.8804
0.8804
0.8804
0.8804
0.8804
0.8804
0.8804
0.8804
0.8804
0.8804
0.8804
0.8804
0.8804
0.8804
0.8804
0.8804
0.8804
0.8804
0.8804
0.8804
0.8804
0.8804
0.8804
0.8804
0.8804
0.8804
0.8804
0.8804
0.8804
0.8804
0.8804
0.8804
0.8804
0.8804
0.8804
0.8804
0.8804
0.8804
0.8804
0.8804
0.8804
0.8804
0.8804
0.8804
0.8804
0.8804
0.8804
0.8804
0.8804
0.8804
0.8804
0.8804
0.8804
0.8804
0.8804
0.8804
0.8804
0.8804
0.8804
0.8804
0.8804
0.8804
0.8804
0.8804
0.8804
0.8804
0.8804
0.8804
0.8804
0.8804
0.8804
0.8804
0.8804
0.8804
0.8804
0.8804
0.8804
0.8804
0.8804
0.8804
0.8804
0.8804
0.8804
0.8804
0.8804
0.8804
0.8804
0.8804
0.8804
0.8804
0.8804
0.8804
0.8804
0.8804
0.8804
0.8804
0.8804
0.8804
0.8804
0.8804
0.8804
0.8804
0.8804
0.8804
0.8804
0.8804
0.8804
0.8804
0.8804
0.8804
0.8804
0.8804
0.8804
0.8804
0.8804
0.8804
0.8804
0.8804
0.8804
0.8804
0.8804
0.8804
0.8804
0.8804
0.8804
0.8804
0.8804
0.8804
0.8804
0.8804
0.8804
0.8804
0.8804
0.8804
0.8804
0.8804
0.8804
0.8804
0.8804
0.8804
0.8804
0.8804
0.8804
0.8804
0.8804
0.8804
0.8804
0.8804
0.8804
0.8804
0.8804
0.8804
0.8804
0.8804
0.8804
0.8804
0.8804
0.8804
0.8804
0.8804
0.8804
0.8804
0.8804
0.8804
0.8804
0.8804
0.8804
0.8804
0.8804
0.8804
0.8804
0.8804
0.8804
0.8804
0.8804
0.8804
0.8804
0.8804
0.8804
0.8804
0.8804
0.8804
0.8804
0.8804
0.8804
0.8804
0.8804
0.8804
0.8804
0.8804
0.8804
0.8804
0.8804
0.8804
0.8804
0.8804
0.8804
0.8804
0.8804
0.8804
0.8804
0.8804
0.8804
0.8804
0.8804
0.8804
0.8804
0.8804
0.8804
0.8804
0.8804
0.8804
0.8804
0.8804
0.8804
0.8804
0.8804
0.8804
0.8804
0.8804
0.8804
0.8804
0.8804
0.8804
0.8804
0.8804
0.8804
0.8804
0.8804
0.8804
0.8804
0.8804
0.8804
0.8804
0.8804
0.8804
0.8804
0.8804
0.8804
0.8804
0.8804
0.8804
0.8804
0.8804
0.8804
0.8804
0.8804
0.8804
0.8804
0.8804
0.8804
0.8804
0.8804
0.8804
0.8804
0.8804
0.8804
0.8804
0.8804
0.8804
0.8804
0.8804
0.8804
0.8804
0.8804
0.8804
0.8804
0.8804
0.8804
0.8804
0.8804
0.8804
0.8804
0.8804
0.8804
0.8804
0.8804
0.8804
0.8804
0.8804
0.8804
0.8804
0.8804
0.8804
0.8804
0.8804
0.8804
0.8804
0.8804
0.8804
0.8804
0.8804
0.8804
0.8804
0.8804
0.8804
0.8804
0.8804
0.8804
0.8804
0.8804
0.8804
0.8804
0.8804
0.8804
0.8804
0.8804
0.8804
0.8804
0.8804
0.8804
0.8804
0.8804
0.8804
0.8804
0.8804
0.8804
0.8804
0.8804
0.8804
0.8804
0.8804
0.8804
0.8804
0.8804
0.8804
0.8804
0.8804
0.8804
0.8804
0.8804
0.8804
0.8804
0.8804
0.8804
0.8804
0.8804
0.8804
0.8804
0.8804
0.8804
0.8804
0.8804
0.8804
0.8804
0.8804
0.8804
0.8804
0.8804
0.8804
0.8804
0.8804
0.8804
0.8804
0.8804
0.8804
0.8804
0.8804
0.8804
0.8804
0.8804
0.8804
0.8804
0.8804
0.8804
0.8804
0.8804
0.8804
0.8804
0.8804
0.8804
0.8804
0.8804
0.8804
0.8804
0.8804
0.8804
0.8804
0.8804
0.8804
0.8804
0.8804
0.8804
0.8804
0.8804
0.8804
0.8804
0.8804
0.8804
0.8804
0.8804
0.8804
0.8804
0.8804
0.8804
0.8804
0.8804
0.8804
0.8804
0.8804
0.8804
0.8804
0.8804
0.8804
0.8804
0.8804
0.8804
0.8804
0.8804
0.8804
0.8804
0.8804
0.8804
0.8804
0.8804
0.8804
0.8804
0.8804
0.8804
0.8804
0.8804
0.8804
0.8804
0.8804
0.8804
0.8804
0.8804
0.8804
0.8804
0.8804
0.8804
0.8804
0.8804
0.8804
0.8804
0.8804
0.8804
0.8804
0.8804
0.8804
0.8804
0.8804
0.8804
0.8804
0.8804
0.8804
0.8804
0.8804
0.8804
0.8804
0.8804
0.8804
0.8804
0.8804
0.8804
0.8804
0.8804
0.8804
0.8804
0.8804
0.8804
0.8804
0.8804
0.8804
0.8804
0.8804
0.8804
0.8804
0.8804
0.8804
0.8804
0.8804
0.8804
0.8804
0.8804
0.8804
0.8804
0.8804
0.8804
0.8804
0.8804
0.8804
0.8804
0.8804
0.8804
0.8804
0.8804
0.8804
0.8804
0.8804
0.8804
0.8804
0.8804
0.8804
0.8804
0.8804
0.8804
0.8804
0.8804
0.8804
0.8804
0.8804
0.8804
0.8804
0.8804
0.8804
0.8804
0.8804
0.8804
0.8804
0.8804
0.8804
0.8804
0.8804
0.8804
0.8804
0.8804
0.8804
0.8804
0.8804
0.8804
0.8804
0.8804
0.8804
0.8804
0.8804
0.8804
0.8804
0.8804
0.8804
0.8804
0.8804
0.8804
0.8804
0.8804
0.8804
0.8804
0.8804
0.8804
0.8804
0.8804
0.8804
0.8804
0.8804
0.8804
0.8804
0.8804
0.8804
0.8804
0.8804
0.8804
0.8804
0.8804
0.8804
0.8804
0.8804
0.8804
0.8804
0.8804
0.8804
0.8804
0.8804
0.8804
0.8804
0.8804
0.8804
0.8804
0.8804
0.8804
0.8804
0.8804
0.8804
0.8804
0.8804
0.8804
0.8804
0.8804
0.8804
0.8804
0.8804
0.8804
0.8804
0.8804
0.8804
0.8804
0.8804
0.8804
0.8804
0.8804
0.8804
0.8804
0.8804
0.8804
0.8804
0.8804
0.8804
0.8804
0.8804
0.8804
0.8804
0.8804
0.8804
0.8804
0.8804
0.8804
0.8804
0.8804
0.8804
0.8804
0.8804
0.8804
0.8804
0.8804
0.8804
0.8804
0.8804
0.8804
0.8804
0.8804
0.8804
0.8804
0.8804
0.8804
0.8804
0.8804
0.8804
0.8804
0.8804
0.8804
0.8804
0.8804
0.8804
0.8804
0.8804
0.8804
0.8804
0.8804
0.8804
0.8804
0.8804
0.8804
0.8804
0.8804
0.8804
0.8804
0.8804
0.8804
0.8804
0.8804
0.8804
0.8804
0.8804
0.8804
0.8804
0.8804
0.8804
0.8804
0.8804
0.8804
0.8804
0.8804
0.8804
0.8804
0.8804
0.8804
0.8804
0.8804
0.8804
0.8804
0.8804
0.8804
0.8804
0.8804
0.8804
0.8804
0.8804
0.8804
0.8804
0.8804
0.8804
0.8804
0.8804
0.8804
0.8804
0.8804
0.8804
0.8804
0.8804
0.8804
0.8804
0.8804
0.8804
0.8804
0.8804
0.8804
0.8804
0.8804
0.8804
0.8804
0.8804
0.8804
0.8804
0.8804
0.8804
0.8804
0.8804
0.8804
0.8804
0.8804
0.8804
0.8804
0.8804
0.8804
0.8804
0.8804
0.8804
0.8804
0.8804
0.8804
0.8804
0.8804
0.8804
0.8804
0.8804
0.8804
0.8804
0.8804
0.8804
0.8804
0.8804
0.8804
0.8804
0.8804
0.8804
0.8804
0.8804
0.8804
0.8804
0.8804
0.8804
0.8804
0.8804
0.8804
0.8804
0.8804
0.8804
0.8804
0.8804
0.8804
0.8804
0.8804
0.8804
0.8804
0.8804
0.8804
0.8804
0.8804
0.8804
0.8804
0.8804
0.8804
0.8804
0.8804
0.8804
0.8804
0.8804
0.8804
0.8804
0.8804
0.8804
0.8804
0.8804
0.8804
0.8804
0.8804
0.8804
0.8804
0.8804
0.8804
0.8804
0.8804
0.8804
0.8804
0.8804
0.8804
0.8804
0.8804
0.8804
0.8804
0.8804
0.8804
0.8804
0.8804
0.8804
0.8804
0.8804
0.8804
0.8804
0.8804
0.8804
0.8804
0.8804
0.8804
0.8804
0.8804
0.8804
0.8804
0.8804
0.8804
0.8804
0.8804
0.8804
0.8804
0.8804
0.8804
0.8804
0.8804
0.8804
0.8804
0.8804
0.8804
0.8804
0.8804
0.8804
0.8804
0.8804
0.8804
0.8804
0.8804
0.8804
0.8804
0.8804
0.8804
0.8804
0.8804
0.8804
0.8804
0.8804
0.8804
0.8804
0.8804
0.8804
0.8804
0.8804
0.8804
0.8804
0.8804
0.8804
0.8804
0.8804
0.8804
0.8804
0.8804
0.8804
0.8804
0.8804
0.8804
0.8804
0.8804
0.8804
0.8804
0.8804
0.8804
0.8804
0.8804
0.8804
0.8804
0.8804
0.8804
0.8804
0.8804
0.8804
0.8804
0.8804
0.8804
0.8804
0.8804
0.8804
0.8804
0.8804
0.8804
0.8804
0.8804
0.8804
0.8804
0.8804
0.8804
0.8804
0.8804
0.8804
0.8804
0.8804
0.8804
0.8804
0.8804
0.8804
0.8804
0.8804
0.8804
0.8804
0.8804
0.8804
0.8804
0.8804
0.8804
0.8804
0.8804
0.8804
0.8804
0.8804
0.8804
0.8804
0.8804
0.8804
0.8804
0.8804
0.8804
0.8804
0.8804
0.8804
0.8804
0.8804
0.8804
0.8804
0.8804
0.8804
0.8804
0.8804
0.8804
0.8804
0.8804
0.8804
0.8804
0.8804
0.8804
0.8804
0.8804
0.8804
0.8804
0.8804
0.8804
0.8804
0.8804
0.8804
0.8804
0.8804
0.8804
0.8804
0.8804
0.8804
0.8804
0.8804
0.8804
0.8804
0.8804
0.8804
0.8804
0.8804
0.8804
0.8804
0.8804
0.8804
0.8804
0.8804
0.8804
0.8804
0.8804
0.8804
0.8804
0.8804
0.8804
0.8804
0.8804
0.8804
0.8804
0.8804
0.8804
0.8804
0.8804
0.8804
0.8804
0.8804
0.8804
0.8804
0.8804
0.8804
0.8804
0.8804
0.8804
0.8804
0.8804
0.8804
0.8804
0.8804
0.8804
0.8804
0.8804
0.8804
0.8804
0.8804
0.8804
0.8804
0.8804
0.8804
0.8804
0.8804
0.8804
0.8804
0.8804
0.8804
0.8804
0.8804
0.8804
0.8804
0.8804
0.8804
0.8804
0.8804
0.8804
0.8804
0.8804
0.8804
0.8804
0.8804
0.8804
0.8804
0.8804
0.8804
0.8804
0.8804
0.8804
0.8804
0.8804
0.8804
0.8804
0.8804
0.8804
0.8804
0.8804
0.8804
0.8804
0.8804
0.8804
0.8804
0.8804
0.8804
0.8804
0.8804
0.8804
0.8804
0.8804
0.8804
0.8804
0.8804
0.8804
0.8804
0.8804
0.8804
0.8804
0.8804
0.8804
0.8804
0.8804
0.8804
0.8804
0.8804
0.8804
0.8804
0.8804
0.8804
0.8804
0.8804
0.8804
0.8804
0.8804
0.8804
0.8804
0.8804
0.8804
0.8804
0.8804
0.8804
0.8804
0.8804
0.8804
0.8804
0.8804
0.8804
0.8804
0.8804
0.8804
0.8804
0.8804
0.8804
0.8804
0.8804
0.8804
0.8804
0.8804
0.8804
0.8804
0.8804
0.8804
0.8804
0.8804
0.8804
0.8804
0.8804
0.8804
0.8804
0.8804
0.8804
0.8804
0.8804
0.8804
0.8804
0.8804
0.8804
0.8804
0.8804
0.8804
0.8804
0.8804
0.8804
0.8804
0.8804
0.8804
0.8804
0.8804
0.8804
0.8804
0.8804
0.8804
0.8804
0.8804
0.8804
0.8804
0.8804
0.8804
0.8804
0.8804
0.8804
0.8804
0.8804
0.8804
0.8804
0.8804
0.8804
0.8804
0.8804
0.8804
0.8804
0.8804
0.8804
0.8804
0.8804
0.8804
0.8804
0.8804
0.8804
0.8804
0.8804
0.8804
0.8804
0.8804
0.8804
0.8804
0.8804
0.8804
0.8804
0.8804
0.8804
0.8804
0.8804
0.8804
0.8804
0.8804
0.8804
0.8804
0.8804
0.8804
0.8804
0.8804
0.8804
0.8804
0.8804
0.8804
0.8804
0.8804
0.8804
0.8804
0.8804
0.8804
0.8804
0.8804
0.8804
0.8804
0.8804
0.8804
0.8804
0.8804
0.8804
0.8804
0.8804
0.8804
0.8804
0.8804
0.8804
0.8804
0.8804
0.8804
0.8804
0.8804
0.8804
0.8804
0.8804
0.8804
0.8804
0.8804
0.8804
0.8804
0.8804
0.8804
0.8804
0.8804
0.8804
0.8804
0.8804
0.8804
0.8804
0.8804
0.8804
0.8804
0.8804
0.8804
0.8804
0.8804
0.8804
0.8804
0.8804
0.8804
0.8804
0.8804
0.8804
0.8804
0.8804
0.8804
0.8804
0.8804
0.8804
0.8804
0.8804
0.8804
0.8804
0.8804
0.8804
0.8804
0.8804
0.8804
0.8804
0.8804
0.8804
0.8804
0.8804
0.8804
0.8804
0.8804
0.8804
0.8804
0.8804
0.8804
0.8804
0.8804
0.8804
0.8804
0.8804
0.8804
0.8804
0.8804
0.8804
0.8804
0.8804
0.8804
0.8804
0.8804
0.8804
0.8804
0.8804
0.8804
0.8804
0.8804
0.8804
0.8804
0.8804
0.8804
0.8804
0.8804
0.8804
0.8804
0.8804
0.8804
0.8804
0.8804
0.8804
0.8804
0.8804
0.8804
0.8804
0.8804
0.8804
0.8804
0.8804
0.8804
0.8804
0.8804
0.8804
0.8804
0.8804
0.8804
0.8804
0.8804
0.8804
0.8804
0.8804
0.8804
0.8804
0.8804
0.8804
0.8804
0.8804
0.8804
0.8804
0.8804
0.8804
0.8804
0.8804
0.8804
0.8804
0.8804
0.8804
0.8804
0.8804
0.8804
0.8804
0.8804
0.8804
0.8804
0.8804
0.8804
0.8804
0.8804
0.8804
0.8804
0.8804
0.8804
0.8804
0.8804
0.8804
0.8804
0.8804
0.8804
0.8804
0.8804
0.8804
0.8804
0.8804
0.8804
0.8804
0.8804
0.8804
0.8804
0.8804
0.8804
0.8804
0.8804
0.8804
0.8804
0.8804
0.8804
0.8804
0.8804
0.8804
0.8804
0.8804
0.8804
0.8804
0.8804
0.8804
0.8804
0.8804
0.8804
0.8804
0.8804
0.8804
0.8804
0.8804
0.8804
0.8804
0.8804
0.8804
0.8804
0.8804
0.8804
0.8804
0.8804
0.8804
0.8804
0.8804
0.8804
0.8804
0.8804
0.8804
0.8804
0.8804
0.8804
0.8804
0.8804
0.8804
0.8804
0.8804
0.8804
0.8804
0.8804
0.8804
0.8804
0.8804
0.8804
0.8804
0.8804
0.8804
0.8804
0.8804
0.8804
0.8804
0.8804
0.8804
0.8804
0.8804
0.8804
0.8804
0.8804
0.8804
0.8804
0.8804
0.8804
0.8804
0.8804
0.8804
0.8804
0.8804
0.8804
0.8804
0.8804
0.8804
0.8804
0.8804
0.8804
0.8804
0.8804
0.8804
0.8804
0.8804
0.8804
0.8804
0.8804
0.8804
0.8804
0.8804
0.8804
0.8804
0.8804
0.8804
0.8804
0.8804
0.8804
0.8804
0.8804
0.8804
0.8804
0.8804
0.8804
0.8804
0.8804
0.8804
0.8804
0.8804
0.8804
0.8804
0.8804
0.8804
0.8804
0.8804
0.8804
0.8804
0.8804
0.8804
0.8804
0.8804
0.8804
0.8804
0.8804
0.8804
0.8804
0.8804
0.8804
0.8804
0.8804
0.8804
0.8804
0.8804
0.8804
0.8804
0.8804
0.8804
0.8804
0.8804
0.8804
0.8804
0.8804
0.8804
0.8804
0.8804
0.8804
0.8804
0.8804
0.8804
0.8804
0.8804
0.8804
0.8804
0.8804
0.8804
0.8804
0.8804
0.8804
0.8804
0.8804
0.8804
0.8804
0.8804
0.8804
0.8804
0.8804
0.8804
0.8804
0.8804
0.8804
0.8804
0.8804
0.8804
0.8804
0.8804
0.8804
0.8804
0.8804
0.8804
0.8804
0.8804
0.8804
0.8804
0.8804
0.8804
0.8804
0.8804
0.8804
0.8804
0.8804
0.8804
0.8804
0.8804
0.8804
0.8804
0.8804
0.8804
0.8804
0.8804
0.8804
0.8804
0.8804
0.8804
0.8804
0.8804
0.8804
0.8804
0.8804
0.8804
0.8804
0.8804
0.8804
0.8804
0.8804
0.8804
0.8804
0.8804
0.8804
0.8804
0.8804
0.8804
0.8804
0.8804
0.8804
0.8804
0.8804
0.8804
0.8804
0.8804
0.8804
0.8804
0.8804
0.8804
0.8804
0.8804
0.8804
0.8804
0.8804
0.8804
0.8804
0.8804
0.8804
0.8804
0.8804
0.8804
0.8804
0.8804
0.8804
0.8804
0.8804
0.8804
0.8804
0.8804
0.8804
0.8804
0.8804
0.8804
0.8804
0.8804
0.8804
0.8804
0.8804
0.8804
0.8804
0.8804
0.8804
0.8804
0.8804
0.8804
0.8804
0.8804
0.8804
0.8804
0.8804
0.8804
0.8804
0.8804
0.8804
0.8804
0.8804
0.8804
0.8804
0.8804
0.8804
0.8804
0.8804
0.8804
0.8804
0.8804
0.8804
0.8804
0.8804
0.8804
0.8804
0.8804
0.8804
0.8804
0.8804
0.8804
0.8804
0.8804
0.8804
0.8804
0.8804
0.8804
0.8804
0.8804
0.8804
0.8804
0.8804
0.8804
0.8804
0.8804
0.8804
0.8804
0.8804
0.8804
0.8804
0.8804
0.8804
0.8804
0.8804
0.8804
0.8804
0.8804
0.8804
0.8804
0.8804
0.8804
0.8804
0.8804
0.8804
0.8804
0.8804
0.8804
0.8804
0.8804
0.8804
0.8804
0.8804
0.8804
0.8804
0.8804
0.8804
0.8804
0.8804
0.8804
0.8804
0.8804
0.8804
0.8804
0.8804
0.8804
0.8804
0.8804
0.8804
0.8804
0.8804
0.8804
0.8804
0.8804
0.8804
0.8804
0.8804
0.8804
0.8804
0.8804
0.8804
0.8804
0.8804
0.8804
0.8804
0.8804
0.8804
0.8804
0.8804
0.8804
0.8804
0.8804
0.8804
0.8804
0.8804
0.8804
0.8804
0.8804
0.8804
0.8804
0.8804
0.8804
0.8804
0.8804
0.8804
0.8804
0.8804
0.8804
0.8804
0.8804
0.8804
0.8804
0.8804
0.8804
0.8804
0.8804
0.8804
0.8804
0.8804
0.8804
0.8804
0.8804
0.8804
0.8804
0.8804
0.8804
0.8804
0.8804
0.8804
0.8804
0.8804
0.8804
0.8804
0.8804
0.8804
0.8804
0.8804
0.8804
0.8804
0.8804
0.8804
0.8804
0.8804
0.8804
0.8804
0.8804
0.8804
0.8804
0.8804
0.8804
0.8804
0.8804
0.8804
0.8804
0.8804
0.8804
0.8804
0.8804
0.8804
0.8804
0.8804
0.8804
0.8804
0.8804
0.8804
0.8804
0.8804
0.8804
0.8804
0.8804
0.8804
0.8804
0.8804
0.8804
0.8804
0.8804
0.8804
0.8804
0.8804
0.8804
0.8804
0.8804
0.8804
0.8804
0.8804
0.8804
0.8804
0.8804
0.8804
0.8804
0.8804
0.8804
0.8804
0.8804
0.8804
0.8804
0.8804
0.8804
0.8804
0.8804
0.8804
0.8804
0.8804
0.8804
0.8804
0.8804
0.8804
0.8804
0.8804
0.8804
0.8804
0.8804
0.8804
0.8804
0.8804
0.8804
0.8804
0.8804
0.8804
0.8804
0.8804
0.8804
0.8804
0.8804
0.8804
0.8804
0.8804
0.8804
0.8804
0.8804
0.8804
0.8804
0.8804
0.8804
0.8804
0.8804
0.8804
0.8804
0.8804
0.8804
0.8804
0.8804
0.8804
0.8804
0.8804
0.8804
0.8804
0.8804
0.8804
0.8804
0.8804
0.8804
0.8804
0.8804
0.8804
0.8804
0.8804
0.8804
0.8804
0.8804
0.8804
0.8804
0.8804
0.8804
0.8804
0.8804
0.8804
0.8804
0.8804
0.8804
0.8804
0.8804
0.8804
0.8804
0.8804
0.8804
0.8804
0.8804
0.8804
0.8804
0.8804
0.8804
0.8804
0.8804
0.8804
0.8804
0.8804
0.8804
0.8804
0.8804
0.8804
0.8804
0.8804
0.8804
0.8804
0.8804
0.8804
0.8804
0.8804
0.8804
0.8804
0.8804
0.8804
0.8804
0.8804
0.8804
0.8804
0.8804
0.8804
0.8804
0.8804
0.8804
0.8804
0.8804
0.8804
0.8804
0.8804
0.8804
0.8804
0.8804
0.8804
0.8804
0.8804
0.8804
0.8804
0.8804
0.8804
0.8804
0.8804
0.8804
0.8804
0.8804
0.8804
0.8804
0.8804
0.8804
0.8804
0.8804
0.8804
0.8804
0.8804
0.8804
0.8804
0.8804
0.8804
0.8804
0.8804
0.8804
0.8804
0.8804
0.8804
0.8804
0.8804
0.8804
0.8804
0.8804
0.8804
0.8804
0.8804
0.8804
0.8804
0.8804
0.8804
0.8804
0.8804
0.8804
0.8804
0.8804
0.8804
0.8804
0.8804
0.8804
0.8804
0.8804
0.8804
0.8804
0.8804
0.8804
0.8804
0.8804
0.8804
0.8804
0.8804
0.8804
0.8804
0.8804
0.8804
0.8804
0.8804
0.8804
0.8804
0.8804
0.8804
0.8804
0.8804
0.8804
0.8804
0.8804
0.8804
0.8804
0.8804
0.8804
0.8804
0.8804
0.8804
0.8804
0.8804
0.8804
0.8804
0.8804
0.8804
0.8804
0.8804
0.8804
0.8804
0.8804
0.8804
0.8804
0.8804
0.8804
0.8804
0.8804
0.8804
0.8804
0.8804
0.8804
0.8804
0.8804
0.8804
0.8804
0.8804
0.8804
0.8804
0.8804
0.8804
0.8804
0.8804
0.8804
0.8804
0.8804
0.8804
0.8804
0.8804
0.8804
0.8804
0.8804
0.8804
0.8804
0.8804
0.8804
0.8804
0.8804
0.8804
0.8804
0.8804
0.8804
0.8804
0.8804
0.8804
0.8804
0.8804
0.8804
0.8804
0.8804
0.8804
0.8804
0.8804
0.8804
0.8804
0.8804
0.8804
0.8804
0.8804
0.8804
0.8804
0.8804
0.8804
0.8804
0.8804
0.8804
0.8804
0.8804
0.8804
0.8804
0.8804
0.8804
0.8804
0.8804
0.8804
0.8804
0.8804
0.8804
0.8804
0.8804
0.8804
0.8804
0.8804
0.8804
0.8804
0.8804
0.8804
0.8804
0.8804
0.8804
0.8804
0.8804
0.8804
0.8804
0.8804
0.8804
0.8804
0.8804
0.8804
0.8804
0.8804
0.8804
0.8804
0.8804
0.8804
0.8804
0.8804
0.8804
0.8804
0.8804
0.8804
0.8804
0.8804
0.8804
0.8804
0.8804
0.8804
0.8804
0.8804
0.8804
0.8804
0.8804
0.8804
0.8804
0.8804
0.8804
0.8804
0.8804
0.8804
0.8804
0.8804
0.8804
0.8804
0.8804
0.8804
0.8804
0.8804
0.8804
0.8804
0.8804
0.8804
0.8804
0.8804
0.8804
0.8804
0.8804
0.8804
0.8804
0.8804
0.8804
0.8804
0.8804
0.8804
0.8804
0.8804
0.8804
0.8804
0.8804
0.8804
0.8804
0.8804
0.8804
0.8804
0.8804
0.8804
0.8804
0.8804
0.8804
0.8804
0.8804
0.8804
0.8804
0.8804
0.8804
0.8804
0.8804
0.8804
0.8804
0.8804
0.8804
0.8804
0.8804
0.8804
0.8804
0.8804
0.8804
0.8804
0.8804
0.8804
0.8804
0.8804
0.8804
0.8804
0.8804
0.8804
0.8804
0.8804
0.8804
0.8804
0.8804
0.8804
0.8804
0.8804
0.8804
0.8804
0.8804
0.8804
0.8804
0.8804
0.8804
0.8804
0.8804
0.8804
0.8804
0.8804
0.8804
0.8804
0.8804
0.8804
0.8804
0.8804
0.8804
0.8804
0.8804
0.8804
0.8804
0.8804
0.8804
0.8804
0.8804
0.8804
0.8804
0.8804
0.8804
0.8804
0.8804
0.8804
0.8804
0.8804
0.8804
0.8804
0.8804
0.8804
0.8804
0.8804
0.8804
0.8804
0.8804
0.8804
0.8804
0.8804
0.8804
0.8804
0.8804
0.8804
0.8804
0.8804
0.8804
0.8804
0.8804
0.8804
0.8804
0.8804
0.8804
0.8804
0.8804
0.8804
0.8804
0.8804
0.8804
0.8804
0.8804
0.8804
0.8804
0.8804
0.8804
0.8804
0.8804
0.8804
0.8804
0.8804
0.8804
0.8804
0.8804
0.8804
0.8804
0.8804
0.8804
0.8804
0.8804
0.8804
0.8804
0.8804
0.8804
0.8804
0.8804
0.8804
0.8804
0.8804
0.8804
0.8804
0.8804
0.8804
0.8804
0.8804
0.8804
0.8804
0.8804
0.8804
0.8804
0.8804
0.8804
0.8804
0.8804
0.8804
0.8804
0.8804
0.8804
0.8804
0.8804
0.8804
0.8804
0.8804
0.8804
0.8804
0.8804
0.8804
0.8804
0.8804
0.8804
0.8804
0.8804
0.8804
0.8804
0.8804
0.8804
0.8804
0.8804
0.8804
0.8804
0.8804
0.8804
0.8804
0.8804
0.8804
0.8804
0.8804
0.8804
0.8804
0.8804
0.8804
0.8804
0.8804
0.8804
0.8804
0.8804
0.8804
0.8804
0.8804
0.8804
0.8804
0.8804
0.8804
0.8804
0.8804
0.8804
0.8804
0.8804
0.8804
0.8804
0.8804
0.8804
0.8804
0.8804
0.8804
0.8804
0.8804
0.8804
0.8804
0.8804
0.8804
0.8804
0.8804
0.8804
0.8804
0.8804
0.8804
0.8804
0.8804
0.8804
0.8804
0.8804
0.8804
0.8804
0.8804
0.8804
0.8804
0.8804
0.8804
0.8804
0.8804
0.8804
0.8804
0.8804
0.8804
0.8804
0.8804
0.8804
0.8804
0.8804
0.8804
0.8804
0.8804
0.8804
0.8804
0.8804
0.8804
0.8804
0.8804
0.8804
0.8804
0.8804
0.8804
0.8804
0.8804
0.8804
0.8804
0.8804
0.8804
0.8804
0.8804
0.8804
0.8804
0.8804
0.8804
0.8804
0.8804
0.8804
0.8804
0.8804
0.8804
0.8804
0.8804
0.8804
0.8804
0.8804
0.8804
0.8804
0.8804
0.8804
0.8804
0.8804
0.8804
0.8804
0.8804
0.8804
0.8804
0.8804
0.8804
0.8804
0.8804
0.8804
0.8804
0.8804
0.8804
0.8804
0.8804
0.8804
0.8804
0.8804
0.8804
0.8804
0.8804
0.8804
0.8804
0.8804
0.8804
0.8804
0.8804
0.8804
0.8804
0.8804
0.8804
0.8804
0.8804
0.8804
0.8804
0.8804
0.8804
0.8804
0.8804
0.8804
0.8804
0.8804
0.8804
0.8804
0.8804
0.8804
0.8804
0.8804
0.8804
0.8804
0.8804
0.8804
0.8804
0.8804
0.8804
0.8804
0.8804
0.8804
0.8804
0.8804
0.8804
0.8804
0.8804
0.8804
0.8804
0.8804
0.8804
0.8804
0.8804
0.8804
0.8804
0.8804
0.8804
0.8804
0.8804
0.8804
0.8804
0.8804
0.8804
0.8804
0.8804
0.8804
0.8804
0.8804
0.8804
0.8804
0.8804
0.8804
0.8804
0.8804
0.8804
0.8804
0.8804
0.8804
0.8804
0.8804
0.8804
0.8804
0.8804
0.8804
0.8804
0.8804
0.8804
0.8804
0.8804
0.8804
0.8804
0.8804
0.8804
0.8804
0.8804
0.8804
0.8804
0.8804
0.8804
0.8804
0.8804
0.8804
0.8804
0.8804
0.8804
0.8804
0.8804
0.8804
0.8804
0.8804
0.8804
0.8804
0.8804
0.8804
0.8804
0.8804
0.8804
0.8804
0.8804
0.8804
0.8804
0.8804
0.8804
0.8804
0.8804
0.8804
0.8804
0.8804
0.8804
0.8804
0.8804
0.8804
0.8804
0.8804
0.8804
0.8804
0.8804
0.8804
0.8804
0.8804
0.8804
0.8804
0.8804
0.8804
0.8804
0.8804
0.8804
0.8804
0.8804
0.8804
0.8804
0.8804
0.8804
0.8804
0.8804
0.8804
0.8804
0.8804
0.8804
0.8804
0.8804
0.8804
0.8804
0.8804
0.8804
0.8804
0.8804
0.8804
0.8804
0.8804
0.8804
0.8804
0.8804
0.8804
0.8804
0.8804
0.8804
0.8804
0.8804
0.8804
0.8804
0.8804
0.8804
0.8804
0.8804
0.8804
0.8804
0.8804
0.8804
0.8804
0.8804
0.8804
0.8804
0.8804
0.8804
0.8804
0.8804
0.8804
0.8804
0.8804
0.8804
0.8804
0.8804
0.8804
0.8804
0.8804
0.8804
0.8804
0.8804
0.8804
0.8804
0.8804
0.8804
0.8804
0.8804
0.8804
0.8804
0.8804
0.8804
0.8804
0.8804
0.8804
0.8804
0.8804
0.8804
0.8804
0.8804
0.8804
0.8804
0.8804
0.8804
0.8804
0.8804
0.8804
0.8804
0.8804
0.8804
0.8804
0.8804
0.8804
0.8804
0.8804
0.8804
0.8804
0.8804
0.8804
0.8804
0.8804
0.8804
0.8804
0.8804
0.8804
0.8804
0.8804
0.8804
0.8804
0.8804
0.8804
0.8804
0.8804
0.8804
0.8804
0.8804
0.8804
0.8804
0.8804
0.8804
0.8804
0.8804
0.8804
0.8804
0.8804
0.8804
0.8804
0.8804
0.8804
0.8804
0.8804
0.8804
0.8804
0.8804
0.8804
0.8804
0.8804
0.8804
0.8804
0.8804
0.8804
0.8804
0.8804
0.8804
0.8804
0.8804
0.8804
0.8804
0.8804
0.8804
0.8804
0.8804
0.8804
0.8804
0.8804
0.8804
0.8804
0.8804
0.8804
0.8804
0.8804
0.8804
0.8804
0.8804
0.8804
0.8804
0.8804
0.8804
0.8804
0.8804
0.8804
0.8804
0.8804
0.8804
0.8804
0.8804
0.8804
0.8804
0.8804
0.8804
0.8804
0.8804
0.8804
0.8804
0.8804
0.8804
0.8804
0.8804
0.8804
0.8804
0.8804
0.8804
0.8804
0.8804
0.8804
0.8804
0.8804
0.8804
0.8804
0.8804
0.8804
0.8804
0.8804
0.8804
0.8804
0.8804
0.8804
0.8804
0.8804
0.8804
0.8804
0.8804
0.8804
0.8804
0.8804
0.8804
0.8804
0.8804
0.8804
0.8804
0.8804
0.8804
0.8804
0.8804
0.8804
0.8804
0.8804
0.8804
0.8804
0.8804
0.8804
0.8804
0.8804
0.8804
0.8804
0.8804
0.8804
0.8804
0.8804
0.8804
0.8804
0.8804
0.8804
0.8804
0.8804
0.8804
0.8804
0.8804
0.8804
0.8804
0.8804
0.8804
0.8804
0.8804
0.8804
0.8804
0.8804
0.8804
0.8804
0.8804
0.8804
0.8804
0.8804
0.8804
0.8804
0.8804
0.8804
0.8804
0.8804
0.8804
0.8804
0.8804
0.8804
0.8804
0.8804
0.8804
0.8804
0.8804
0.8804
0.8804
0.8804
0.8804
0.8804
0.8804
0.8804
0.8804
0.8804
0.8804
0.8804
0.8804
0.8804
0.8804
0.8804
0.8804
0.8804
0.8804
0.8804
0.8804
0.8804
0.8804
0.8804
0.8804
0.8804
0.8804
0.8804
0.8804
0.8804
0.8804
0.8804
0.8804
0.8804
0.8804
0.8804
0.8804
0.8804
0.8804
0.8804
0.8804
0.8804
0.8804
0.8804
0.8804
0.8804
0.8804
0.8804
0.8804
0.8804
0.8804
0.8804
0.8804
0.8804
0.8804
0.8804
0.8804
0.8804
0.8804
0.8804
0.8804
0.8804
0.8804
0.8804
0.8804
0.8804
0.8804
0.8804
0.8804
0.8804
0.8804
0.8804
0.8804
0.8804
0.8804
0.8804
0.8804
0.8804
0.8804
0.8804
0.8804
0.8804
0.8804
0.8804
0.8804
0.8804
0.8804
0.8804
0.8804
0.8804
0.8804
0.8804
0.8804
0.8804
0.8804
0.8804
0.8804
0.8804
0.8804
0.8804
0.8804
0.8804
0.8804
0.8804
0.8804
0.8804
0.8804
0.8804
0.8804
0.8804
0.8804
0.8804
0.8804
0.8804
0.8804
0.8804
0.8804
0.8804
0.8804
0.8804
0.8804
0.8804
0.8804
0.8804
0.8804
0.8804
0.8804
0.8804
0.8804
0.8804
0.8804
0.8804
0.8804
0.8804
0.8804
0.8804
0.8804
0.8804
0.8804
0.8804
0.8804
0.8804
0.8804
0.8804
0.8804
0.8804
0.8804
0.8804
0.8804
0.8804
0.8804
0.8804
0.8804
0.8804
0.8804
0.8804
0.8804
0.8804
0.8804
0.8804
0.8804
0.8804
0.8804
0.8804
0.8804
0.8804
0.8804
0.8804
0.8804
0.8804
0.8804
0.8804
0.8804
0.8804
0.8804
0.8804
0.8804
0.8804
0.8804
0.8804
0.8804
0.8804
0.8804
0.8804
0.8804
0.8804
0.8804
0.8804
0.8804
0.8804
0.8804
0.8804
0.8804
0.8804
0.8804
0.8804
0.8804
0.8804
0.8804
0.8804
0.8804
0.8804
0.8804
0.8804
0.8804
0.8804
0.8804
0.8804
0.8804
0.8804
0.8804
0.8804
0.8804
0.8804
