0.94620	1.05430e-02
0.92492	1.24744e-02
0.89208	2.04116e-02
0.84872	3.96856e-02
0.80315	6.93071e-02
0.78343	7.47829e-02
0.74024	1.16798e-01
0.72554	1.27500e-01
0.67520	1.65437e-01
0.63059	1.99162e-01
0.61653	2.01990e-01
0.59477	1.71379e-01
0.59195	1.63227e-01
0.65685	1.05187e-01
0.61400	1.66956e-01
0.62488	1.79673e-01
0.62170	1.65099e-01
0.63254	1.37812e-01
0.63389	1.26426e-01
0.64686	1.71665e-01
0.67117	1.13526e-01
0.66606	9.64550e-02
0.67215	9.93288e-02
0.66245	9.54977e-02
0.64989	1.00403e-01
0.63621	1.04012e-01
0.65912	9.15526e-02
0.66255	9.05813e-02
0.65282	1.04488e-01
0.68875	8.46813e-02
0.69457	6.32405e-02
0.69245	5.32714e-02
0.69903	6.30580e-02
0.72861	5.05852e-02
0.70284	6.54296e-02
0.72178	4.19081e-02
0.69312	4.82371e-02
0.70932	3.93327e-02
0.71613	4.48072e-02
0.70955	6.39244e-02
0.69584	5.45371e-02
0.65499	6.54036e-02
0.69684	4.93377e-02
0.69183	3.29817e-02
0.68355	6.48406e-02
0.68103	5.10084e-02
0.68770	5.57793e-02
0.68533	3.05437e-02
0.66359	4.31762e-02
0.66418	6.30523e-02
0.66187	3.86098e-02
0.65748	4.64199e-02
0.67073	5.07819e-02
0.65675	5.92870e-02
0.62926	4.09773e-02
0.61684	3.71243e-02
0.64487	6.13047e-02
0.63489	5.09753e-02
0.61546	4.00695e-02
0.61462	5.17658e-02
0.63102	4.73076e-02
0.57272	4.32997e-02
0.58700	4.95894e-02
0.58055	6.26026e-02
0.59435	4.60051e-02
0.55912	6.15933e-02
0.57415	5.14646e-02
0.57334	6.94735e-02
0.53131	5.62730e-02
0.57104	5.51819e-02
0.57828	5.66149e-02
0.50905	6.41689e-02
0.56082	6.17141e-02
0.55147	6.56334e-02
0.52222	4.85526e-02
0.53991	3.34002e-02
0.54093	6.94109e-02
0.51117	7.44571e-02
0.54078	7.33669e-02
0.52324	5.65403e-02
0.51267	5.45945e-02
0.50224	4.30510e-02
0.50410	4.22259e-02
0.49807	5.72317e-02
0.46226	6.18909e-02
0.42152	4.87111e-02
0.44430	7.11888e-02
0.40052	5.85493e-02
0.42392	4.47393e-02
0.41271	6.89004e-02
0.45699	5.68971e-02
0.36980	9.18078e-02
0.39325	5.52641e-02
0.37406	6.87011e-02
0.35339	1.01019e-01
0.34728	6.43902e-02
0.37520	8.79467e-02
0.34433	6.31873e-02
0.34628	5.89403e-02
0.34160	8.10823e-02
0.34351	5.58752e-02
0.36048	5.17465e-02
0.34482	6.08182e-02
0.34993	7.00016e-02
0.34993	7.00016e-02
0.35825	7.24581e-02
0.35955	7.27922e-02
0.36266	6.33630e-02
0.36016	7.64547e-02
0.33930	9.05257e-02
0.37413	9.29651e-02
0.34728	8.98612e-02
0.35452	8.70719e-02
0.37167	8.86957e-02
0.40438	7.99795e-02
0.39904	7.96188e-02
0.39904	7.96188e-02
0.38523	7.17131e-02
0.40166	6.41257e-02
0.39573	5.79778e-02
0.39863	7.26110e-02
0.37498	6.63264e-02
0.37822	7.14459e-02
0.37414	7.16064e-02
0.39047	7.11532e-02
0.37198	5.91657e-02
0.39270	6.01294e-02
0.39270	6.01294e-02
0.38111	8.15234e-02
0.38341	8.26922e-02
0.41059	7.69289e-02
0.43435	7.13979e-02
0.45338	3.39853e-02
0.44123	3.76257e-02
0.44123	3.76257e-02
0.44456	3.78654e-02
0.42686	5.29200e-02
0.45054	5.17909e-02
0.43782	5.21499e-02
0.44075	4.93886e-02
0.46627	5.92567e-02
0.45250	4.63760e-02
0.45129	4.48822e-02
0.45100	4.53761e-02
0.45076	4.57431e-02
0.44704	4.13056e-02
0.44198	5.14478e-02
0.45534	4.72787e-02
0.45608	5.55829e-02
0.45857	4.92811e-02
0.46754	6.22746e-02
0.45866	6.21744e-02
0.46529	6.11389e-02
0.45470	6.86629e-02
0.47391	6.48381e-02
0.45795	7.42954e-02
0.48540	6.52187e-02
0.48615	6.29059e-02
0.49114	6.38668e-02
0.49852	7.21037e-02
0.48572	5.70258e-02
0.49286	5.85062e-02
0.48049	5.79781e-02
0.51277	5.41918e-02
0.48951	5.04456e-02
0.48951	5.04456e-02
0.50544	5.96301e-02
0.48351	5.70911e-02
0.47436	7.38269e-02
0.47587	7.52580e-02
0.46981	7.62815e-02
0.46884	7.74379e-02
0.47627	8.35350e-02
0.50018	7.66627e-02
0.51287	7.49424e-02
0.52983	4.30781e-02
0.53339	7.40138e-02
0.52809	6.93600e-02
0.53771	6.66323e-02
0.53049	6.39819e-02
0.52914	5.54129e-02
0.52156	5.32261e-02
0.54118	4.50858e-02
0.54955	4.84553e-02
0.54851	5.84117e-02
0.56511	4.71194e-02
0.56495	6.19521e-02
0.55389	6.19826e-02
0.56224	6.09226e-02
0.55195	6.66261e-02
0.57111	7.33194e-02
0.57317	7.22735e-02
0.57687	7.14393e-02
0.57376	8.07799e-02
0.58963	6.99925e-02
0.58820	7.01947e-02
0.59524	6.29575e-02
0.59563	6.23607e-02
0.59562	6.23612e-02
0.59438	5.57965e-02
0.56907	5.96586e-02
0.57365	5.09478e-02
0.60015	6.26517e-02
0.61221	5.82025e-02
0.61221	5.82025e-02
0.59983	5.16976e-02
0.57923	6.99253e-02
0.59127	6.61318e-02
0.60043	6.34292e-02
0.60699	6.04399e-02
0.60837	5.79917e-02
0.60916	6.09539e-02
0.60553	6.32037e-02
0.60457	5.76330e-02
0.59886	4.99234e-02
0.63066	5.89847e-02
0.63420	6.17609e-02
0.62542	4.76204e-02
0.62356	4.85491e-02
0.63673	4.07529e-02
0.64171	4.01413e-02
0.64171	4.01413e-02
0.64507	3.81439e-02
0.64469	3.82143e-02
0.64372	3.79322e-02
0.64763	3.96877e-02
0.64763	3.96877e-02
0.63950	6.18675e-02
0.64416	5.57791e-02
0.63307	6.36977e-02
0.64993	5.49620e-02
0.64993	5.49620e-02
0.65508	6.32947e-02
0.65759	6.05933e-02
0.65186	5.25351e-02
0.65186	5.25351e-02
0.67367	4.02744e-02
0.67367	4.02744e-02
0.66497	4.35021e-02
0.65614	5.74981e-02
0.65793	5.81556e-02
0.65793	5.81556e-02
0.64799	5.20698e-02
0.66755	4.22602e-02
0.67007	4.37792e-02
0.67363	5.14854e-02
0.68922	5.09768e-02
0.69441	4.78245e-02
0.69352	4.78644e-02
0.69080	4.62393e-02
0.67990	5.34026e-02
0.67802	5.41401e-02
0.67735	5.45809e-02
0.67774	6.57661e-02
0.68763	5.93271e-02
0.68371	6.35486e-02
0.68948	6.51651e-02
0.70641	7.03510e-02
0.73104	5.79281e-02
0.71974	4.97941e-02
0.71353	4.98590e-02
0.70878	5.09979e-02
0.70132	5.57361e-02
0.69772	6.18101e-02
0.70472	5.82479e-02
0.71137	5.68898e-02
0.70942	5.74760e-02
0.71368	5.69081e-02
0.71612	5.87255e-02
0.72175	6.21228e-02
0.72481	6.08414e-02
0.71963	6.07553e-02
0.71737	6.11900e-02
0.72702	7.45871e-02
0.72702	7.45871e-02
0.72420	8.32285e-02
0.73408	7.72781e-02
0.73838	7.67067e-02
0.73636	7.59117e-02
0.73438	7.46664e-02
0.74900	7.63034e-02
0.75113	7.63604e-02
0.75353	7.50265e-02
0.75496	7.55213e-02
0.75236	7.33022e-02
0.76715	6.38466e-02
0.76685	5.13866e-02
0.76676	5.14864e-02
0.77723	4.66788e-02
0.77151	4.67827e-02
0.76555	4.63515e-02
0.77222	5.04686e-02
0.76346	6.33896e-02
0.76346	6.33896e-02
0.75625	6.32984e-02
0.76743	7.08627e-02
0.75960	6.75449e-02
0.75960	6.75449e-02
0.75730	7.08708e-02
0.76031	6.55080e-02
0.76358	6.66184e-02
0.76789	5.39769e-02
0.77672	4.63472e-02
0.78032	4.47782e-02
0.78245	4.78479e-02
0.78771	4.66642e-02
0.79182	4.59475e-02
0.79156	5.21616e-02
0.79831	5.25309e-02
0.79831	5.25309e-02
0.80300	4.98050e-02
0.81185	4.70619e-02
0.81207	4.70776e-02
0.81264	4.69031e-02
0.81157	4.79822e-02
0.81762	4.72670e-02
0.82317	5.44062e-02
0.80926	5.64657e-02
0.81515	5.18773e-02
0.82466	4.61785e-02
0.82431	4.67914e-02
0.83038	5.70592e-02
0.82869	5.33716e-02
0.82784	5.33314e-02
0.83027	5.28457e-02
0.83371	5.36730e-02
0.83371	5.36730e-02
0.83529	5.94348e-02
0.83617	5.92933e-02
0.83479	5.34196e-02
0.84011	5.24370e-02
0.83047	3.76879e-02
0.83869	3.79106e-02
0.84449	4.18288e-02
0.85103	3.85743e-02
0.85425	3.88727e-02
0.84625	4.20080e-02
0.85303	3.27152e-02
0.86215	3.60738e-02
0.86093	3.70119e-02
0.86077	3.71773e-02
0.86427	3.69953e-02
0.87708	2.48419e-02
0.87141	3.06446e-02
0.87412	3.27645e-02
0.87420	3.24472e-02
0.87733	3.62770e-02
0.87784	3.94801e-02
0.87784	3.94801e-02
0.87145	3.97131e-02
0.87250	3.92789e-02
0.87240	3.89847e-02
0.87519	4.21049e-02
0.87810	4.08102e-02
0.88366	4.63110e-02
0.89200	4.30803e-02
0.89037	4.19965e-02
0.90420	4.50852e-02
0.91887	2.99518e-02
0.91570	3.03003e-02
0.91039	2.57758e-02
0.90965	2.63669e-02
0.90477	3.57059e-02
0.90343	2.42150e-02
0.90368	2.52691e-02
0.90368	2.52691e-02
0.90368	2.52691e-02
0.90445	2.50304e-02
0.90259	2.40297e-02
0.90259	2.40297e-02
0.90313	2.48670e-02
0.90193	2.52295e-02
0.90412	2.60212e-02
0.91201	2.77979e-02
0.91196	3.05479e-02
0.90817	2.90641e-02
0.93205	1.03922e-02
0.93205	1.03922e-02
0.93487	1.17236e-02
0.91760	1.46185e-02
0.92759	1.13081e-02
0.93543	1.79978e-03
0.93543	1.79978e-03
0.92974	8.31975e-03
0.93423	1.34552e-02
0.92577	7.51462e-03
0.92577	7.51462e-03
0.92577	7.51462e-03
0.92577	7.51462e-03
0.92968	1.14278e-02
0.92968	1.14278e-02
0.92968	1.14278e-02
0.92968	1.14278e-02
0.92968	1.14278e-02
0.92968	1.14278e-02
0.93574	1.74888e-02
0.93574	1.74888e-02
0.93574	1.74888e-02
0.93600	1.77455e-02
0.91884	0.00000e+00
0.91884	0.00000e+00
0.92852	0.00000e+00
0.92852	0.00000e+00
0.92852	0.00000e+00
0.92972	0.00000e+00
0.92972	0.00000e+00
0.92972	0.00000e+00
0.92972	0.00000e+00
0.94837	0.00000e+00
