0.98298	3.89035e-03
0.96979	1.47753e-02
0.95545	1.90792e-02
0.92796	3.08388e-02
0.90894	5.59145e-02
0.89331	6.14138e-02
0.86353	9.57936e-02
0.85018	1.19020e-01
0.82549	1.34655e-01
0.79275	2.17220e-01
0.80089	1.39429e-01
0.79890	1.57656e-01
0.77440	1.34294e-01
0.80475	1.03860e-01
0.80466	1.05411e-01
0.79986	9.90732e-02
0.76486	1.19702e-01
0.81535	5.55203e-02
0.81327	6.06895e-02
0.81377	5.49692e-02
0.81250	4.61132e-02
0.78516	4.40846e-02
0.78554	5.51873e-02
0.79402	4.34063e-02
0.78329	4.57700e-02
0.78247	4.00575e-02
0.78940	7.89286e-02
0.77568	8.46861e-02
0.77457	6.67534e-02
0.76802	6.33230e-02
0.78300	3.87029e-02
0.77899	5.31606e-02
0.77578	3.90960e-02
0.78195	4.96356e-02
0.77719	5.50621e-02
0.76704	4.65240e-02
0.76514	3.87513e-02
0.77130	3.83550e-02
0.75987	3.60424e-02
0.76608	3.50544e-02
0.75208	5.81870e-02
0.76265	3.10022e-02
0.73867	3.68098e-02
0.75093	3.63098e-02
0.75208	4.31385e-02
0.73541	3.68392e-02
0.74452	4.71324e-02
0.73030	5.00977e-02
0.74480	4.95244e-02
0.72761	5.67319e-02
0.74433	5.81993e-02
0.71734	5.05235e-02
0.71588	3.25740e-02
0.69035	3.92456e-02
0.67669	5.38889e-02
0.68829	3.68928e-02
0.68230	5.06599e-02
0.65769	7.25897e-02
0.66705	4.05728e-02
0.66160	4.20008e-02
0.65862	3.08335e-02
0.66701	3.41614e-02
0.66617	5.05880e-02
0.66752	4.21715e-02
0.64471	3.86720e-02
0.65361	5.44754e-02
0.65964	5.66485e-02
0.66371	4.53345e-02
0.62337	3.72397e-02
0.62511	4.32887e-02
0.65139	5.42576e-02
0.60428	4.11370e-02
0.61646	5.82868e-02
0.62395	6.98667e-02
0.61159	5.07199e-02
0.58336	5.30437e-02
0.57335	7.09445e-02
0.57987	5.80009e-02
0.57852	5.35156e-02
0.56523	4.59548e-02
0.55985	7.56880e-02
0.54713	5.42370e-02
0.56135	4.63607e-02
0.53045	5.89313e-02
0.49463	6.18481e-02
0.52451	5.59367e-02
0.51873	4.68536e-02
0.51882	5.57874e-02
0.47448	7.59449e-02
0.46911	7.05220e-02
0.48832	6.93511e-02
0.50632	5.89813e-02
0.45776	6.36090e-02
0.46346	8.03216e-02
0.45282	7.58804e-02
0.46675	7.41712e-02
0.44315	9.15902e-02
0.40479	7.60078e-02
0.44214	9.66768e-02
0.43207	1.02395e-01
0.42243	9.89064e-02
0.43260	1.03793e-01
0.45986	7.53987e-02
0.44525	6.73661e-02
0.45425	6.42457e-02
0.47794	5.82923e-02
0.49024	7.77049e-02
0.48566	7.92419e-02
0.47690	7.63635e-02
0.45879	8.29026e-02
0.46572	8.40003e-02
0.45689	7.56713e-02
0.46027	7.17038e-02
0.47083	5.93760e-02
0.47357	6.30042e-02
0.48041	7.34200e-02
0.47550	7.28844e-02
0.47550	7.28844e-02
0.46730	7.37075e-02
0.47279	7.66788e-02
0.47135	7.58434e-02
0.46938	8.68121e-02
0.46855	8.73677e-02
0.47868	9.34244e-02
0.48642	9.39204e-02
0.47618	9.37406e-02
0.49833	9.53057e-02
0.50454	9.79907e-02
0.52175	7.80411e-02
0.51960	8.16903e-02
0.50504	8.02422e-02
0.51154	8.43199e-02
0.50671	8.46722e-02
0.50897	8.98209e-02
0.50897	8.98209e-02
0.51258	9.00263e-02
0.52483	8.27391e-02
0.52252	8.20669e-02
0.52209	7.82933e-02
0.52209	7.82933e-02
0.52352	7.88439e-02
0.52227	8.08922e-02
0.51156	8.30892e-02
0.52804	7.40691e-02
0.54674	7.11594e-02
0.54275	7.12991e-02
0.54275	7.12991e-02
0.54110	7.18483e-02
0.54216	7.21083e-02
0.54250	7.20464e-02
0.55450	8.37741e-02
0.55929	9.71348e-02
0.55929	9.71348e-02
0.57324	1.02135e-01
0.58035	1.00806e-01
0.58154	1.02104e-01
0.57239	1.17569e-01
0.56483	1.08922e-01
0.56135	1.07183e-01
0.56780	9.49141e-02
0.57454	9.13906e-02
0.57507	8.99799e-02
0.56927	9.38078e-02
0.58312	7.72673e-02
0.58819	8.46304e-02
0.58583	8.14174e-02
0.59460	8.78638e-02
0.59160	8.09698e-02
0.58615	9.15437e-02
0.59739	9.40865e-02
0.58971	9.02042e-02
0.58856	8.83932e-02
0.59573	7.28361e-02
0.59599	7.30336e-02
0.59599	7.30336e-02
0.59391	7.18602e-02
0.59454	7.24043e-02
0.59650	6.68574e-02
0.59512	5.96263e-02
0.60742	6.16038e-02
0.61076	6.29444e-02
0.61076	6.29444e-02
0.62269	5.82450e-02
0.62007	5.92281e-02
0.61994	6.90233e-02
0.61994	6.90233e-02
0.62400	4.79971e-02
0.62430	4.56297e-02
0.62329	4.49881e-02
0.61971	5.88512e-02
0.63744	6.20153e-02
0.64170	7.57837e-02
0.64049	6.08956e-02
0.64556	6.43353e-02
0.65172	5.89254e-02
0.64824	6.15521e-02
0.65145	5.75539e-02
0.65960	5.18124e-02
0.64254	6.04279e-02
0.65275	5.83928e-02
0.65133	5.90832e-02
0.65659	6.41813e-02
0.66280	7.27420e-02
0.66248	6.86551e-02
0.64834	5.74798e-02
0.64969	6.50013e-02
0.66040	6.46253e-02
0.66040	6.54841e-02
0.67167	6.67323e-02
0.67138	6.54086e-02
0.67247	6.76049e-02
0.68135	7.09427e-02
0.67918	7.54863e-02
0.68360	8.16073e-02
0.68922	7.51540e-02
0.69091	7.92640e-02
0.69727	7.17750e-02
0.71042	5.95310e-02
0.70737	5.90352e-02
0.71164	5.80779e-02
0.70583	5.70934e-02
0.71849	5.89198e-02
0.72477	5.65239e-02
0.71884	5.21287e-02
0.70844	6.18492e-02
0.71574	6.28190e-02
0.71719	6.10504e-02
0.71933	6.24861e-02
0.72873	4.60042e-02
0.72968	5.07786e-02
0.73085	5.23806e-02
0.72362	6.46986e-02
0.72370	6.45698e-02
0.72292	5.88510e-02
0.73237	5.69046e-02
0.73467	5.30142e-02
0.73074	5.90160e-02
0.73624	6.15529e-02
0.73672	6.19257e-02
0.73601	5.75841e-02
0.74214	5.65141e-02
0.75730	6.19426e-02
0.75237	6.39971e-02
0.76246	6.80929e-02
0.76272	6.38105e-02
0.76886	4.85988e-02
0.76680	4.89067e-02
0.77103	4.93137e-02
0.77260	5.38017e-02
0.77017	6.80709e-02
0.76695	6.60074e-02
0.76695	6.60074e-02
0.77005	6.86599e-02
0.76988	5.67586e-02
0.76837	6.03307e-02
0.77382	6.63357e-02
0.78834	5.73300e-02
0.79144	4.97260e-02
0.78176	5.78780e-02
0.77902	5.36936e-02
0.78269	5.42648e-02
0.78673	5.65446e-02
0.78191	7.05711e-02
0.77846	6.65642e-02
0.78298	7.26153e-02
0.77564	6.82263e-02
0.77989	7.64064e-02
0.77989	7.64064e-02
0.77657	6.96995e-02
0.78482	7.98268e-02
0.78720	7.81202e-02
0.78401	7.25387e-02
0.79362	6.78016e-02
0.80502	5.52236e-02
0.81429	5.79598e-02
0.81931	6.65528e-02
0.81931	6.65528e-02
0.81315	7.03059e-02
0.81966	6.27616e-02
0.81570	6.99012e-02
0.81892	6.08163e-02
0.81503	6.41635e-02
0.81674	6.70107e-02
0.81756	6.55906e-02
0.81536	7.30478e-02
0.82402	7.31770e-02
0.83079	6.56694e-02
0.83072	6.64450e-02
0.82746	7.11630e-02
0.82312	6.96618e-02
0.82812	6.24461e-02
0.82931	6.16099e-02
0.83204	6.47971e-02
0.83443	6.27185e-02
0.84093	5.84098e-02
0.83397	6.64529e-02
0.82031	4.84603e-02
0.82321	4.22948e-02
0.82443	4.01467e-02
0.82029	3.34875e-02
0.82213	3.52985e-02
0.81597	3.99057e-02
0.82737	5.03568e-02
0.82984	4.37124e-02
0.83461	4.40722e-02
0.83406	4.45564e-02
0.82864	4.03638e-02
0.82865	4.03649e-02
0.83472	3.49458e-02
0.85142	4.54455e-02
0.85473	3.43670e-02
0.84993	2.95764e-02
0.85079	3.35591e-02
0.85076	3.35696e-02
0.84915	3.26210e-02
0.84793	2.94461e-02
0.84989	2.95204e-02
0.85041	3.09752e-02
0.85498	3.89570e-02
0.85498	3.89570e-02
0.84947	4.03549e-02
0.85461	3.96537e-02
0.85999	4.94296e-02
0.86200	4.69192e-02
0.86173	4.54606e-02
0.86362	5.03598e-02
0.86291	4.91566e-02
0.86732	4.81197e-02
0.85785	4.54639e-02
0.87061	2.84052e-02
0.87061	2.84052e-02
0.87147	2.76432e-02
0.87107	3.36813e-02
0.87278	3.49503e-02
0.87677	3.53137e-02
0.88750	3.35591e-02
0.88147	3.73013e-02
0.87695	4.28682e-02
0.89405	3.93414e-02
0.89454	3.94251e-02
0.89264	3.89247e-02
0.88937	4.21403e-02
0.88396	4.60176e-02
0.89196	4.10428e-02
0.89709	3.19451e-02
0.90465	3.96331e-02
0.90694	4.05791e-02
0.90707	4.07945e-02
0.89170	2.67258e-02
0.89188	3.80632e-02
0.89534	3.19656e-02
0.89875	3.54027e-02
0.90928	2.08280e-02
0.90928	2.08280e-02
0.90826	2.21897e-02
0.90849	2.21342e-02
0.90888	2.22533e-02
0.90975	2.19890e-02
0.91288	3.93513e-02
0.91288	3.93513e-02
0.91288	3.93513e-02
0.90915	3.48597e-02
0.91323	3.69008e-02
0.90932	3.89413e-02
0.90932	3.89413e-02
0.90932	3.89413e-02
0.90932	3.89413e-02
0.90914	3.92202e-02
0.90805	3.96690e-02
0.90479	3.68817e-02
0.90681	3.76115e-02
0.90895	3.34163e-02
0.90976	3.30069e-02
0.91360	3.05293e-02
0.91944	3.41188e-02
0.92520	2.20203e-02
0.92823	2.26283e-02
0.92704	2.31545e-02
0.92826	2.33952e-02
0.92362	2.81466e-02
0.92217	3.05360e-02
0.92722	3.18920e-02
0.92965	3.11007e-02
0.92894	3.13081e-02
0.92507	3.19669e-02
0.93530	2.69324e-02
0.93530	2.69324e-02
0.93732	2.81976e-02
0.94307	2.24212e-02
0.94807	2.18300e-02
0.93597	2.72465e-02
0.93597	2.72465e-02
0.93792	2.89924e-02
0.93792	2.89924e-02
0.93719	2.91261e-02
0.93719	2.91261e-02
0.94233	3.16139e-02
0.94369	2.58600e-02
0.94494	2.25962e-02
0.93722	1.59670e-02
0.93973	1.31967e-02
0.94373	1.77955e-02
0.94486	1.65210e-02
0.94265	3.00672e-02
0.93298	2.48057e-02
0.93405	2.45814e-02
0.94435	1.24576e-02
0.94435	1.24576e-02
0.94523	1.70829e-02
0.95141	1.30155e-02
0.95139	1.30483e-02
0.94857	1.40543e-02
0.95576	1.55631e-02
0.95661	1.56727e-02
0.96026	1.86133e-02
0.96504	1.13841e-02
0.96504	1.13841e-02
0.96658	1.34872e-02
0.96500	1.13423e-02
0.96500	1.13423e-02
0.96690	1.39890e-02
0.96636	1.19882e-02
0.95437	0.00000e+00
0.97320	0.00000e+00
0.97320	0.00000e+00
0.97320	0.00000e+00
0.97448	0.00000e+00
0.97448	0.00000e+00
0.97448	0.00000e+00
0.97448	0.00000e+00
0.97448	0.00000e+00
0.97500	0.00000e+00
