0.98537	2.01753e-03
0.97328	1.05132e-02
0.97005	1.08418e-02
0.94391	2.71019e-02
0.93453	3.48334e-02
0.91805	4.93589e-02
0.87695	8.28726e-02
0.89535	5.67712e-02
0.88023	5.34456e-02
0.86628	6.43025e-02
0.85660	5.50289e-02
0.84981	6.35776e-02
0.82924	8.43946e-02
0.81659	9.88565e-02
0.81392	8.93665e-02
0.82053	8.29775e-02
0.77707	1.27774e-01
0.78051	1.00987e-01
0.77596	1.13344e-01
0.79419	8.60217e-02
0.81002	7.43948e-02
0.77641	9.62992e-02
0.79672	8.19698e-02
0.78543	7.21991e-02
0.79488	6.70331e-02
0.80124	7.53539e-02
0.79836	7.20943e-02
0.78557	9.09680e-02
0.80104	7.69680e-02
0.77084	6.82772e-02
0.77266	8.51608e-02
0.77205	8.45440e-02
0.78803	6.85652e-02
0.76917	7.73723e-02
0.75364	8.48507e-02
0.76791	9.51845e-02
0.77585	7.57171e-02
0.79579	6.42051e-02
0.76269	6.02178e-02
0.78797	5.32106e-02
0.77811	6.63811e-02
0.78864	6.35837e-02
0.74915	6.14215e-02
0.75276	6.53466e-02
0.75054	4.95208e-02
0.75807	5.36372e-02
0.74515	5.01414e-02
0.74601	5.06033e-02
0.74319	6.57355e-02
0.73940	3.89952e-02
0.75622	4.94561e-02
0.73517	4.91038e-02
0.73832	5.49330e-02
0.72881	5.01597e-02
0.74115	2.80265e-02
0.73856	4.10104e-02
0.71140	4.47242e-02
0.71105	3.84896e-02
0.70217	5.24416e-02
0.70141	7.16696e-02
0.69217	5.53891e-02
0.68123	3.90379e-02
0.69450	6.18519e-02
0.67397	7.29740e-02
0.65448	4.82547e-02
0.67956	5.19363e-02
0.65404	8.72458e-02
0.64567	5.85398e-02
0.66468	6.87162e-02
0.62783	7.24896e-02
0.63815	5.75238e-02
0.63361	7.08634e-02
0.63654	7.63030e-02
0.61309	7.46439e-02
0.59881	7.04177e-02
0.59249	7.27605e-02
0.59633	6.11553e-02
0.58382	5.50359e-02
0.58640	6.75344e-02
0.56488	6.92151e-02
0.58401	5.77527e-02
0.54158	7.10903e-02
0.53760	8.21700e-02
0.55342	6.96548e-02
0.51820	5.00746e-02
0.54342	4.91699e-02
0.53741	4.51423e-02
0.49490	9.31988e-02
0.51297	9.39309e-02
0.49608	7.52762e-02
0.51241	5.99490e-02
0.46061	9.16068e-02
0.42463	9.73747e-02
0.48353	6.31929e-02
0.48226	7.99227e-02
0.43409	6.88010e-02
0.45027	6.85422e-02
0.43091	8.87774e-02
0.40700	7.65934e-02
0.43117	7.90658e-02
0.43117	7.90658e-02
0.43422	7.75257e-02
0.43089	7.89534e-02
0.43019	8.10306e-02
0.46793	8.69838e-02
0.44947	9.72185e-02
0.46234	8.76790e-02
0.46116	8.79561e-02
0.43842	8.68458e-02
0.46375	7.44308e-02
0.48952	5.62727e-02
0.47056	6.56479e-02
0.48518	5.83040e-02
0.48024	5.87427e-02
0.48024	5.87427e-02
0.49563	6.31495e-02
0.49182	4.98704e-02
0.49615	5.82549e-02
0.50046	5.94782e-02
0.51208	5.76716e-02
0.50927	5.41899e-02
0.51279	5.55860e-02
0.52012	6.87910e-02
0.52958	7.40379e-02
0.53186	7.41137e-02
0.53991	6.61496e-02
0.54641	7.21357e-02
0.53428	6.91362e-02
0.54647	7.99839e-02
0.54104	8.33025e-02
0.55407	8.67085e-02
0.55030	8.45524e-02
0.55240	8.36999e-02
0.54862	8.45577e-02
0.54537	8.62046e-02
0.55518	9.93687e-02
0.55341	9.89950e-02
0.54526	8.75664e-02
0.54500	8.22780e-02
0.54850	8.69093e-02
0.54446	8.57231e-02
0.56071	8.79435e-02
0.57261	6.37940e-02
0.58112	6.37226e-02
0.58112	6.56018e-02
0.58380	6.52063e-02
0.60009	6.25933e-02
0.61618	5.56864e-02
0.61884	5.51404e-02
0.60691	6.10700e-02
0.60553	5.67620e-02
0.60291	5.61656e-02
0.60424	6.37076e-02
0.59623	6.59513e-02
0.59523	6.68266e-02
0.59820	6.34485e-02
0.60487	5.69382e-02
0.60834	6.16061e-02
0.60912	5.87941e-02
0.61036	5.91560e-02
0.62866	6.60652e-02
0.63849	5.39376e-02
0.62498	5.03797e-02
0.63978	4.97214e-02
0.65498	5.55446e-02
0.66037	4.78713e-02
0.66132	5.40488e-02
0.64760	4.85733e-02
0.66390	5.30043e-02
0.66557	5.44696e-02
0.66571	5.46989e-02
0.65959	5.58015e-02
0.65191	6.41516e-02
0.64663	4.34873e-02
0.64572	4.45533e-02
0.64648	4.56776e-02
0.65593	4.72295e-02
0.64734	4.70497e-02
0.65138	4.10496e-02
0.66085	3.88894e-02
0.67874	4.86075e-02
0.67874	4.86075e-02
0.68869	5.37586e-02
0.68344	6.38733e-02
0.68856	6.96291e-02
0.68856	6.96291e-02
0.68949	6.99524e-02
0.68575	6.42974e-02
0.69099	6.86280e-02
0.68424	6.36024e-02
0.67686	7.63506e-02
0.66643	6.35373e-02
0.66648	6.34805e-02
0.66846	5.77536e-02
0.67412	6.07694e-02
0.67942	7.01888e-02
0.67109	5.82322e-02
0.69884	4.62558e-02
0.69837	4.78581e-02
0.69837	4.78581e-02
0.70333	4.67834e-02
0.70525	3.86403e-02
0.71047	3.54234e-02
0.70727	3.61281e-02
0.72171	5.01898e-02
0.72683	4.85707e-02
0.72338	5.10781e-02
0.73917	5.48796e-02
0.73917	5.48796e-02
0.73191	5.02749e-02
0.73449	5.96267e-02
0.74441	5.82384e-02
0.74817	5.28094e-02
0.74417	4.97508e-02
0.75302	4.71492e-02
0.75540	4.78313e-02
0.75874	5.47527e-02
0.76373	5.60464e-02
0.76540	5.65156e-02
0.76900	5.42227e-02
0.76110	5.55512e-02
0.75594	4.58041e-02
0.74727	4.99712e-02
0.75563	5.51457e-02
0.75662	5.11015e-02
0.76180	5.30891e-02
0.76783	5.18123e-02
0.77043	5.46994e-02
0.77106	5.45229e-02
0.78093	5.42470e-02
0.77677	5.22477e-02
0.77267	5.63087e-02
0.77508	5.80281e-02
0.77784	5.93905e-02
0.77629	6.10115e-02
0.77271	6.79473e-02
0.78243	5.93624e-02
0.78205	5.63413e-02
0.78400	5.65895e-02
0.79069	3.87927e-02
0.79423	3.97626e-02
0.79314	3.86668e-02
0.78814	3.38274e-02
0.78392	3.82495e-02
0.78579	3.55897e-02
0.78678	4.02943e-02
0.78694	4.59996e-02
0.80143	4.88135e-02
0.80996	4.18293e-02
0.80979	4.49862e-02
0.80979	4.49862e-02
0.81318	3.94475e-02
0.81533	4.07242e-02
0.81401	3.97660e-02
0.81879	4.00535e-02
0.81817	4.08788e-02
0.81536	4.37588e-02
0.82297	4.61450e-02
0.82558	4.44372e-02
0.82753	3.96731e-02
0.83008	4.21526e-02
0.82907	4.43924e-02
0.83434	4.60392e-02
0.82909	4.46056e-02
0.82575	4.66330e-02
0.83263	4.29633e-02
0.83296	5.07706e-02
0.84420	3.98677e-02
0.84305	4.67159e-02
0.84770	4.54187e-02
0.84555	4.56559e-02
0.84729	4.48032e-02
0.84701	4.45625e-02
0.85366	4.42732e-02
0.85117	4.32564e-02
0.85121	4.08928e-02
0.85121	4.08928e-02
0.85935	3.61459e-02
0.85408	3.53967e-02
0.85408	3.53967e-02
0.85026	3.47325e-02
0.85969	3.99236e-02
0.85520	4.10726e-02
0.85805	3.93634e-02
0.85896	3.75679e-02
0.86520	3.61364e-02
0.86604	3.60017e-02
0.86655	3.57272e-02
0.87058	3.50738e-02
0.87281	3.72741e-02
0.86410	3.80524e-02
0.86528	3.86661e-02
0.86469	3.17180e-02
0.86133	3.48359e-02
0.86486	3.25813e-02
0.86615	3.19201e-02
0.87185	3.55575e-02
0.87555	3.53106e-02
0.88347	3.58149e-02
0.88245	3.33426e-02
0.87958	3.26484e-02
0.88334	3.31387e-02
0.88214	3.29159e-02
0.88361	3.27785e-02
0.88688	4.44637e-02
0.88633	3.41327e-02
0.88677	3.40598e-02
0.89534	3.27604e-02
0.89356	3.47626e-02
0.89963	3.95388e-02
0.89673	3.59158e-02
0.89673	3.59158e-02
0.89793	3.91151e-02
0.88808	2.69581e-02
0.89438	2.52389e-02
0.89192	2.35174e-02
0.89562	2.86423e-02
0.90026	3.20143e-02
0.89862	2.96710e-02
0.89382	3.82470e-02
0.89560	3.96591e-02
0.89986	3.54813e-02
0.89776	3.34993e-02
0.90300	3.74690e-02
0.89618	3.75351e-02
0.91033	3.70084e-02
0.90460	4.20577e-02
0.90044	4.02466e-02
0.90300	3.90419e-02
0.90886	3.77500e-02
0.91508	3.97671e-02
0.91851	3.09689e-02
0.92105	3.46585e-02
0.92706	3.46659e-02
0.92148	3.09507e-02
0.91712	3.42942e-02
0.92129	3.11237e-02
0.92098	3.10451e-02
0.91367	3.33252e-02
0.91638	3.65781e-02
0.91733	3.62900e-02
0.92503	3.38277e-02
0.92569	3.76794e-02
0.92522	3.77570e-02
0.92929	3.75311e-02
0.92164	3.37739e-02
0.92823	3.39279e-02
0.93098	3.74595e-02
0.92195	3.26596e-02
0.91672	3.67850e-02
0.91162	3.22065e-02
0.90262	4.46456e-02
0.90985	3.40773e-02
0.91385	4.05209e-02
0.91385	4.05209e-02
0.92264	4.45309e-02
0.92270	4.46079e-02
0.91161	3.12681e-02
0.91098	3.14233e-02
0.91136	3.20957e-02
0.90650	3.57742e-02
0.90650	3.57742e-02
0.91436	3.78615e-02
0.92081	3.53517e-02
0.91693	2.91702e-02
0.93526	3.01262e-02
0.92734	2.66897e-02
0.92415	2.46040e-02
0.92942	2.63699e-02
0.93179	2.24598e-02
0.93201	2.23030e-02
0.93713	2.10072e-02
0.93299	2.91202e-02
0.93299	2.91202e-02
0.93567	2.38507e-02
0.92894	3.31180e-02
0.92894	3.31180e-02
0.92500	3.18228e-02
0.93819	1.20374e-02
0.93819	1.20374e-02
0.94580	2.46159e-02
0.94145	2.34750e-02
0.93130	1.31817e-02
0.93393	1.53217e-02
0.94315	1.37053e-02
0.94315	1.37053e-02
0.94315	1.37053e-02
0.93763	1.15978e-02
0.93763	1.15978e-02
0.94647	1.26267e-02
0.94204	9.40550e-03
0.94016	3.25378e-02
0.93933	3.24936e-02
0.94350	3.44682e-02
0.94350	3.44682e-02
0.94531	3.63081e-02
0.95831	1.72478e-02
0.95831	1.72478e-02
0.95669	8.62984e-03
0.96268	7.54981e-03
0.96762	1.22938e-02
0.95526	1.79879e-02
0.95875	2.12660e-02
0.95875	2.12660e-02
0.96156	2.43093e-02
0.96806	1.62601e-02
0.96806	1.62601e-02
0.96814	1.63571e-02
0.95755	8.06880e-03
0.95755	8.06880e-03
0.97124	6.48017e-03
0.97124	6.48017e-03
0.97124	6.48017e-03
0.97245	5.27092e-03
0.97245	5.27092e-03
0.97020	7.51817e-03
0.97020	7.51817e-03
0.97020	7.51817e-03
0.98077	3.05504e-03
0.98098	3.26160e-03
0.98098	3.26160e-03
0.98098	3.26160e-03
0.98098	3.26160e-03
0.98098	3.26160e-03
0.98128	3.55939e-03
0.97772	0.00000e+00
0.97772	0.00000e+00
0.97772	0.00000e+00
0.97772	0.00000e+00
0.97772	0.00000e+00
0.97772	0.00000e+00
0.97772	0.00000e+00
0.97772	0.00000e+00
0.97772	0.00000e+00
0.97772	0.00000e+00
0.97772	0.00000e+00
0.97772	0.00000e+00
0.98713	0.00000e+00
0.98713	0.00000e+00
0.98752	0.00000e+00
0.98752	0.00000e+00
0.98752	0.00000e+00
0.98752	0.00000e+00
0.98752	0.00000e+00
0.98752	0.00000e+00
0.98752	0.00000e+00
0.98752	0.00000e+00
0.98752	0.00000e+00
0.98752	0.00000e+00
0.98752	0.00000e+00
0.98752	0.00000e+00
0.98752	0.00000e+00
0.98740	0.00000e+00
