0.99196	9.12584e-04
0.98370	9.28965e-03
0.97416	1.42038e-02
0.96991	1.85963e-02
0.96996	1.64139e-02
0.96206	2.03272e-02
0.96227	1.85834e-02
0.94632	2.00666e-02
0.92636	2.16220e-02
0.90566	2.55140e-02
0.89355	3.28609e-02
0.88608	2.54690e-02
0.86743	4.50578e-02
0.86639	4.52577e-02
0.86441	3.65795e-02
0.87574	4.26826e-02
0.84313	4.75591e-02
0.85483	3.88460e-02
0.84581	4.36765e-02
0.86469	4.54446e-02
0.85675	3.44113e-02
0.85142	3.99995e-02
0.84362	4.87904e-02
0.83425	4.31531e-02
0.85598	2.83561e-02
0.86990	4.03055e-02
0.85045	3.66664e-02
0.84708	2.12068e-02
0.84341	2.81765e-02
0.83909	3.64689e-02
0.82637	3.75011e-02
0.81241	4.19000e-02
0.81997	3.94775e-02
0.81861	3.57059e-02
0.80139	4.63212e-02
0.80356	4.99896e-02
0.80315	3.61686e-02
0.81379	4.02696e-02
0.80476	3.33492e-02
0.78486	4.13884e-02
0.80083	3.95971e-02
0.77580	4.49188e-02
0.79052	3.84670e-02
0.79463	3.75214e-02
0.76072	5.16531e-02
0.75943	4.57057e-02
0.76846	4.25996e-02
0.74636	5.17464e-02
0.76428	4.31562e-02
0.74698	6.12066e-02
0.76156	6.22989e-02
0.74161	7.11263e-02
0.73223	6.67701e-02
0.75616	7.04275e-02
0.75592	5.42076e-02
0.75283	5.81401e-02
0.74882	4.79764e-02
0.72055	3.31928e-02
0.73097	4.93763e-02
0.71638	3.24620e-02
0.71966	7.11605e-02
0.72825	5.22781e-02
0.69773	6.18384e-02
0.68361	4.00997e-02
0.70229	5.10364e-02
0.67639	5.99113e-02
0.68150	5.60793e-02
0.67943	4.38296e-02
0.65949	5.87489e-02
0.67530	4.80039e-02
0.65690	5.29096e-02
0.64406	5.37696e-02
0.65351	5.44675e-02
0.62221	5.68330e-02
0.63925	6.83158e-02
0.63406	4.47659e-02
0.62540	6.57008e-02
0.63354	5.64803e-02
0.63132	5.18093e-02
0.58693	6.07269e-02
0.59862	5.35935e-02
0.59107	4.96435e-02
0.58016	5.97045e-02
0.57243	5.54389e-02
0.59043	6.43448e-02
0.56722	5.75183e-02
0.57854	7.67405e-02
0.54266	5.45355e-02
0.55534	4.71404e-02
0.51323	6.85881e-02
0.52005	4.61738e-02
0.51939	7.89842e-02
0.51823	8.40362e-02
0.50628	7.15738e-02
0.50112	8.04078e-02
0.46828	6.48131e-02
0.46886	8.26163e-02
0.47593	8.63512e-02
0.48849	7.16802e-02
0.51486	6.70283e-02
0.51100	8.56648e-02
0.50458	8.88905e-02
0.50392	8.79585e-02
0.52331	9.07564e-02
0.53864	8.35529e-02
0.53493	6.98866e-02
0.53821	6.63331e-02
0.52921	5.48291e-02
0.52166	4.76614e-02
0.52109	3.03282e-02
0.52367	3.30647e-02
0.52304	3.07028e-02
0.52265	3.13623e-02
0.55163	6.18331e-02
0.56046	5.62248e-02
0.56017	5.60685e-02
0.56027	7.94719e-02
0.56370	7.68462e-02
0.56370	7.68462e-02
0.54108	9.35226e-02
0.54507	7.88622e-02
0.55763	7.91131e-02
0.56208	6.47823e-02
0.57909	5.85743e-02
0.57908	5.85687e-02
0.57908	5.85687e-02
0.56860	5.31934e-02
0.59346	6.28917e-02
0.58798	6.01502e-02
0.60624	8.10563e-02
0.60624	8.10563e-02
0.59322	7.05209e-02
0.58847	6.61574e-02
0.59489	6.96362e-02
0.57801	6.41227e-02
0.57355	6.44064e-02
0.58024	5.99818e-02
0.58344	4.81656e-02
0.61434	5.88759e-02
0.60667	5.74798e-02
0.61572	5.88731e-02
0.60150	6.82273e-02
0.59696	6.48657e-02
0.59696	6.48657e-02
0.59731	5.16584e-02
0.60394	6.33305e-02
0.59777	7.14282e-02
0.61039	7.87366e-02
0.62972	8.87152e-02
0.62094	7.61505e-02
0.63179	7.15486e-02
0.63241	7.04979e-02
0.63459	6.64579e-02
0.62768	5.91979e-02
0.64448	5.50910e-02
0.66446	6.31410e-02
0.66770	5.92713e-02
0.65250	5.61389e-02
0.65844	6.08091e-02
0.65844	6.08091e-02
0.65900	6.01819e-02
0.66201	6.17986e-02
0.66014	6.19162e-02
0.65826	5.50722e-02
0.66816	3.62725e-02
0.66760	3.29922e-02
0.67758	4.61239e-02
0.67004	4.55651e-02
0.67556	4.78396e-02
0.66329	5.61897e-02
0.66798	5.59696e-02
0.66764	5.58012e-02
0.67688	6.01858e-02
0.66988	5.67743e-02
0.67157	6.00054e-02
0.66815	5.88432e-02
0.67272	5.94425e-02
0.66675	5.44407e-02
0.69200	4.19166e-02
0.69841	4.38752e-02
0.69987	4.14428e-02
0.70673	3.81504e-02
0.71165	4.36027e-02
0.70967	4.40568e-02
0.70055	3.85670e-02
0.70007	3.46167e-02
0.70638	3.66995e-02
0.70689	3.65866e-02
0.71003	3.95021e-02
0.70852	4.76351e-02
0.71659	4.68192e-02
0.72902	1.84787e-02
0.73019	2.97465e-02
0.73019	2.97465e-02
0.73845	2.10066e-02
0.74417	3.27712e-02
0.73186	4.32174e-02
0.73204	4.30917e-02
0.73157	4.33600e-02
0.73485	4.88379e-02
0.73851	4.78125e-02
0.74923	5.48312e-02
0.75449	6.52097e-02
0.75455	6.51967e-02
0.74673	5.73465e-02
0.76601	5.46108e-02
0.76601	5.46108e-02
0.76122	6.48477e-02
0.76329	6.50298e-02
0.77422	5.32940e-02
0.76777	5.27692e-02
0.76276	5.23884e-02
0.76350	4.74450e-02
0.76508	5.53018e-02
0.76138	4.91650e-02
0.75838	5.21048e-02
0.75749	5.17826e-02
0.76718	5.79571e-02
0.76668	5.71961e-02
0.78031	6.58003e-02
0.79034	4.94225e-02
0.79074	4.91490e-02
0.77202	4.72329e-02
0.77073	4.56317e-02
0.77671	5.35087e-02
0.77792	4.47045e-02
0.79354	4.74048e-02
0.79507	5.10888e-02
0.79975	5.55418e-02
0.80347	5.43921e-02
0.80369	5.46402e-02
0.80446	5.55740e-02
0.80306	5.34254e-02
0.79877	4.54037e-02
0.79877	4.54037e-02
0.79589	3.91993e-02
0.80494	3.85951e-02
0.80706	4.24344e-02
0.80305	4.29563e-02
0.80959	4.03767e-02
0.80788	3.91214e-02
0.80406	4.45505e-02
0.81787	4.53915e-02
0.82286	4.70224e-02
0.82399	4.89170e-02
0.82076	5.12584e-02
0.82254	5.19511e-02
0.82069	4.83733e-02
0.82658	4.19688e-02
0.82658	4.19688e-02
0.82519	4.13712e-02
0.82235	4.24085e-02
0.81722	3.41689e-02
0.81597	3.33776e-02
0.81743	3.35622e-02
0.82062	3.66287e-02
0.81267	4.31351e-02
0.82331	5.34291e-02
0.83776	6.11936e-02
0.83446	5.98133e-02
0.83486	6.00769e-02
0.83411	6.01484e-02
0.84264	5.41092e-02
0.84751	4.00163e-02
0.84751	4.00163e-02
0.86005	3.11693e-02
0.86023	3.15928e-02
0.86005	2.91915e-02
0.85048	3.51216e-02
0.85235	3.76684e-02
0.85012	3.78018e-02
0.85012	3.78018e-02
0.85957	3.07310e-02
0.85758	3.40326e-02
0.85432	3.61316e-02
0.83993	2.96436e-02
0.84508	3.12569e-02
0.85219	3.04514e-02
0.85569	3.14107e-02
0.86236	3.46368e-02
0.85598	3.77464e-02
0.86491	4.51944e-02
0.86491	4.51944e-02
0.86491	4.51919e-02
0.85463	4.70561e-02
0.86409	3.93567e-02
0.87038	3.79465e-02
0.88113	3.50324e-02
0.87693	3.78580e-02
0.87915	3.60312e-02
0.87302	4.02354e-02
0.87589	4.17050e-02
0.86919	3.40916e-02
0.86866	3.54271e-02
0.87834	3.73608e-02
0.88736	3.16037e-02
0.89020	4.03172e-02
0.89065	4.11346e-02
0.89005	4.36661e-02
0.89097	4.35384e-02
0.88628	4.51683e-02
0.89129	4.87312e-02
0.89899	4.49665e-02
0.89770	4.35553e-02
0.89770	4.35553e-02
0.90238	4.26078e-02
0.89822	4.15467e-02
0.89686	3.94651e-02
0.89674	4.12769e-02
0.89215	4.36776e-02
0.89835	4.28638e-02
0.89355	4.28031e-02
0.89665	4.03170e-02
0.89665	4.03170e-02
0.90751	4.52673e-02
0.90706	4.50955e-02
0.90819	4.51000e-02
0.90400	4.72357e-02
0.90512	4.61009e-02
0.90042	4.83676e-02
0.91492	4.62556e-02
0.91065	2.98121e-02
0.89512	3.31319e-02
0.89896	3.36633e-02
0.90012	3.25353e-02
0.89918	3.20392e-02
0.90449	3.42321e-02
0.91035	3.39991e-02
0.91774	3.83918e-02
0.92277	3.94950e-02
0.92240	3.80492e-02
0.92147	3.98452e-02
0.91232	4.12473e-02
0.90723	4.43584e-02
0.91449	3.23065e-02
0.91449	3.23065e-02
0.90547	3.25605e-02
0.91476	3.09084e-02
0.92394	3.57622e-02
0.91321	3.06986e-02
0.91823	3.45939e-02
0.91823	3.45939e-02
0.91815	3.46738e-02
0.91518	3.16634e-02
0.91848	3.55967e-02
0.91917	3.62889e-02
0.92511	3.33532e-02
0.93489	3.23434e-02
0.93095	3.21777e-02
0.93071	2.54447e-02
0.92139	3.00653e-02
0.92486	3.52525e-02
0.93834	3.14143e-02
0.93752	3.12551e-02
0.93753	3.82859e-02
0.92988	3.47494e-02
0.93051	3.43405e-02
0.92777	3.54765e-02
0.92777	3.54765e-02
0.93775	3.36344e-02
0.94193	3.11249e-02
0.93372	2.82864e-02
0.93805	2.48880e-02
0.92795	1.18363e-02
0.92641	1.14020e-02
0.92641	1.14020e-02
0.92036	1.78633e-02
0.92107	1.77808e-02
0.91992	1.43235e-02
0.91897	1.52767e-02
0.92372	2.40227e-02
0.92547	2.66363e-02
0.93329	3.07566e-02
0.93672	2.80960e-02
0.93612	3.23392e-02
0.95024	2.42112e-02
0.95487	2.76492e-02
0.96356	1.56531e-02
0.96356	1.56531e-02
0.95938	1.99160e-02
0.96010	1.97888e-02
0.95324	1.93196e-02
0.95864	2.10823e-02
0.95536	2.32203e-02
0.96017	2.01206e-02
0.95910	2.16052e-02
0.96331	1.70013e-02
0.96275	1.68908e-02
0.96613	2.14304e-02
0.96334	2.45130e-02
0.96428	2.34006e-02
0.97029	2.02123e-02
0.96977	2.01281e-02
0.97006	2.04508e-02
0.96530	2.37540e-02
0.95853	2.18229e-02
0.96589	1.51641e-02
0.96834	1.55220e-02
0.95962	9.01071e-03
0.96742	1.49861e-02
0.95816	1.68662e-03
0.95816	1.68662e-03
0.96221	7.22152e-03
0.97278	1.38235e-02
0.97278	1.38235e-02
0.97278	1.38235e-02
0.98502	9.02966e-03
0.98502	9.02966e-03
0.98502	9.02966e-03
0.98502	9.02966e-03
0.98502	9.02966e-03
0.97774	8.74133e-03
0.97758	6.97809e-03
0.98419	9.01803e-03
0.98565	1.75630e-03
0.98089	6.51688e-03
0.98089	6.51688e-03
0.98089	6.51688e-03
0.98967	2.26112e-03
0.98364	0.00000e+00
0.97985	0.00000e+00
0.97985	0.00000e+00
0.99228	0.00000e+00
