0.99412	1.17031e-03
0.98094	8.49785e-03
0.97263	1.39761e-02
0.96350	1.54560e-02
0.94835	1.62647e-02
0.94671	1.78100e-02
0.91825	1.75263e-02
0.91745	1.92827e-02
0.88782	2.24720e-02
0.89523	1.65580e-02
0.87383	2.49830e-02
0.84525	3.32513e-02
0.84729	2.45179e-02
0.82816	2.77490e-02
0.81415	1.93689e-02
0.78461	3.46278e-02
0.78999	2.36338e-02
0.77505	3.81287e-02
0.75220	3.74007e-02
0.74708	3.21426e-02
0.75118	3.41120e-02
0.70671	3.06974e-02
0.71340	4.50475e-02
0.68569	4.88829e-02
0.68375	5.62337e-02
0.63982	3.32465e-02
0.64009	3.04918e-02
0.62964	3.72057e-02
0.60357	4.61806e-02
0.56408	3.91307e-02
0.55614	4.25614e-02
0.50250	4.45073e-02
0.48080	4.94548e-02
0.44812	6.49634e-02
0.43068	7.02717e-02
0.34968	8.52784e-02
0.33043	9.51104e-02
0.32812	6.68782e-02
0.31955	5.99294e-02
0.26515	6.00881e-02
0.23418	7.58246e-02
0.18599	7.28324e-02
0.19238	9.09365e-02
0.19191	8.97396e-02
0.19446	8.93246e-02
0.17827	5.24112e-02
0.16801	5.08421e-02
0.12590	6.01264e-02
0.14450	4.23842e-02
0.17051	6.99368e-02
0.13458	4.68797e-02
0.13222	6.75022e-02
0.11048	8.87266e-02
0.12598	3.70829e-02
0.10938	7.37653e-02
0.09677	4.33159e-02
0.11900	6.13571e-02
0.11350	5.52691e-02
0.09252	3.66432e-02
0.11327	5.22600e-02
0.09893	5.65786e-02
0.09678	4.19644e-02
0.08692	2.47399e-02
0.08004	2.97204e-02
0.09333	4.61233e-02
0.08922	4.99930e-02
0.11401	5.00921e-02
0.09339	2.14434e-02
0.10935	5.51173e-02
0.08798	5.21052e-02
0.09793	3.84277e-02
0.08676	3.97990e-02
0.08548	3.37373e-02
0.06529	3.42011e-02
0.07846	4.19911e-02
0.09188	6.39626e-02
0.07024	3.88146e-02
0.11110	5.34003e-02
0.08697	3.36144e-02
0.10732	3.95925e-02
0.09300	4.19154e-02
0.09164	3.89304e-02
0.09568	6.04284e-02
0.07737	4.32328e-02
0.07997	3.56765e-02
0.07514	3.96464e-02
0.07133	3.18584e-02
0.09856	4.21307e-02
0.08360	3.98106e-02
0.12732	3.25056e-02
0.10379	5.51793e-02
0.09808	4.29105e-02
0.07989	5.60878e-02
0.06325	3.88467e-02
0.06233	4.06228e-02
0.10795	5.20099e-02
0.09791	6.55019e-02
0.09109	4.62967e-02
0.06477	3.08069e-02
