0.98591	1.46984e-03
0.96904	9.47151e-03
0.95298	1.05330e-02
0.93454	1.41280e-02
0.90843	2.05874e-02
0.86892	2.99542e-02
0.80913	4.46630e-02
0.75390	3.89497e-02
0.70930	2.97888e-02
0.63222	6.91754e-02
0.57499	6.88607e-02
0.48503	9.88079e-02
0.32533	1.11308e-01
0.28389	1.15568e-01
0.28971	1.05887e-01
0.26434	1.31404e-01
0.23668	1.04937e-01
0.22963	1.02480e-01
0.21416	8.10124e-02
0.19035	7.88705e-02
0.16602	6.37550e-02
0.21103	1.07948e-01
0.16071	8.53693e-02
0.16230	6.81555e-02
0.14509	7.83274e-02
0.14762	5.66946e-02
0.12729	4.74909e-02
0.12282	1.00670e-01
0.11729	7.25054e-02
0.09803	4.99395e-02
0.09747	7.15893e-02
0.15601	4.83392e-02
0.12570	5.51762e-02
0.13871	6.98962e-02
0.08878	4.85271e-02
0.15921	9.70414e-02
0.11574	3.51498e-02
0.11230	6.48613e-02
0.10272	5.78976e-02
0.10996	5.73287e-02
0.13845	5.59476e-02
0.10150	4.91623e-02
0.09698	3.68221e-02
0.08201	4.87632e-02
0.09475	4.78654e-02
0.08419	5.58840e-02
0.10708	4.26043e-02
0.11106	6.02482e-02
0.11694	4.72467e-02
0.10436	7.53502e-02
0.11354	5.21172e-02
0.08930	4.10593e-02
0.08060	4.57743e-02
0.07015	3.28801e-02
0.08824	6.45185e-02
0.08388	2.75778e-02
0.09106	3.03120e-02
0.09769	2.73175e-02
0.09028	3.48861e-02
0.09851	5.43026e-02
0.05461	3.23971e-02
0.06561	3.30100e-02
0.06667	2.58050e-02
0.09419	3.60658e-02
0.07392	3.71996e-02
0.08282	4.98326e-02
0.06859	2.62758e-02
0.06855	2.19984e-02
0.07395	3.82320e-02
0.09300	3.29529e-02
0.07056	4.66122e-02
0.08504	4.60856e-02
0.06125	3.47131e-02
0.07493	3.89042e-02
0.09353	3.61031e-02
0.08231	3.67839e-02
0.08795	3.79634e-02
0.06631	4.37887e-02
0.10762	7.23044e-02
0.10107	6.89707e-02
0.07021	5.16387e-02
0.07912	2.65116e-02
0.06959	2.69701e-02
0.09165	4.66199e-02
0.08598	3.77912e-02
0.06593	3.59004e-02
0.07778	5.29083e-02
0.09963	3.71845e-02
0.09859	4.69469e-02
0.08912	3.27702e-02
0.08665	4.34886e-02
0.09523	4.24651e-02
0.08388	2.31253e-02
0.09975	4.26203e-02
0.09174	3.81558e-02
0.08273	2.97500e-02
0.10812	5.12702e-02
0.09175	4.27740e-02
0.07399	2.93833e-02
