0.1354
0.1355
0.1352
0.1352
0.1355
0.1357
0.1357
0.1355
0.1357
0.1357
0.1355
0.1357
0.1357
0.1352
0.1352
0.1351
0.1349
0.1345
0.1340
0.1334
0.1327
0.1319
0.1310
0.1299
0.1287
0.1275
0.1260
0.1245
0.1229
0.1212
0.1193
0.1174
0.1153
0.1132
0.1109
0.1086
0.1061
0.1036
0.1010
0.0983
0.0956
0.0928
0.0899
0.0870
0.0840
0.0811
0.0781
0.0751
0.0722
0.0693
0.0665
0.0638
0.0612
0.0588
0.0566
0.0547
0.0531
0.0518
0.0510
0.0506
0.0507
0.0513
0.0524
0.0540
0.0561
0.0585
0.0614
0.0646
0.0681
0.0718
0.0758
0.0800
0.0844
0.0889
0.0936
0.0984
0.1032
0.1082
0.1133
0.1184
0.1235
0.1287
0.1340
0.1393
0.1446
0.1499
0.1552
0.1606
0.1659
0.1712
0.1766
0.1819
0.1872
0.1925
0.1977
0.2029
0.2081
0.2133
0.2184
0.2235
0.2285
0.2335
0.2384
0.2433
0.2481
0.2528
0.2575
0.2621
0.2667
0.2711
0.2755
0.2798
0.2841
0.2882
0.2923
0.2963
0.3002
0.3040
0.3077
0.3113
0.3149
0.3183
0.3216
0.3248
0.3280
0.3310
0.3339
0.3367
0.3394
0.3420
0.3445
0.3469
0.3492
0.3513
0.3533
0.3553
0.3571
0.3588
0.3604
0.3618
0.3632
0.3644
0.3656
0.3666
0.3674
0.3682
0.3688
0.3694
0.3698
0.3701
0.3702
0.3703
0.1351
0.1348
0.1344
0.1339
0.1332
0.1324
0.1315
0.1305
0.1294
0.1281
0.1267
0.1253
0.1236
0.1219
0.1201
0.1181
0.1161
0.1139
0.1117
0.1094
0.1069
0.1044
0.1019
0.0992
0.0965
0.0938
0.0910
0.0881
0.0853
0.0825
0.0797
0.0769
0.0742
0.0716
0.0691
0.0668
0.0646
0.0627
0.0610
0.0597
0.0587
0.0581
0.0579
0.0582
0.0589
0.0601
0.0617
0.0638
0.0662
0.0690
0.0721
0.0755
0.0791
0.0830
0.0871
0.0914
0.0959
0.1004
0.1051
0.1099
0.1148
0.1198
0.1248
0.1299
0.1351
0.1403
0.1455
0.1507
0.1560
0.1612
0.1665
0.1718
0.1770
0.1823
0.1875
0.1927
0.1979
0.2031
0.2082
0.2133
0.2184
0.2234
0.2284
0.2333
0.2382
0.2430
0.2478
0.2525
0.2571
0.2617
0.2662
0.2706
0.2750
0.2792
0.2834
0.2876
0.2916
0.2956
0.2995
0.3032
0.3069
0.3106
0.3141
0.3175
0.3209
0.3241
0.3272
0.3303
0.3332
0.3361
0.3389
0.3415
0.3441
0.3465
0.3489
0.3511
0.3533
0.3553
0.3572
0.3591
0.3608
0.3624
0.3639
0.3653
0.3666
0.3678
0.3689
0.3699
0.3708
0.3716
0.3722
0.3728
0.3732
0.3736
0.3738
0.3739
0.3739
0.1352
0.1351
0.1348
0.1344
0.1340
0.1333
0.1326
0.1317
0.1308
0.1297
0.1284
0.1271
0.1256
0.1241
0.1224
0.1206
0.1187
0.1166
0.1145
0.1123
0.1100
0.1076
0.1051
0.1025
0.0999
0.0972
0.0945
0.0917
0.0888
0.0860
0.0832
0.0804
0.0776
0.0749
0.0723
0.0698
0.0675
0.0654
0.0635
0.0619
0.0606
0.0597
0.0592
0.0591
0.1353
0.1352
0.1350
0.1346
0.1341
0.1335
0.1327
0.1319
0.1309
0.1298
0.1286
0.1273
0.1259
0.1243
0.1227
0.1210
0.1192
0.1173
0.1153
0.1133
0.1112
0.1090
0.1068
0.1045
0.1022
0.0999
0.0976
0.0954
0.0931
0.0909
0.0887
0.0867
0.0847
0.0829
0.0813
0.0798
0.0786
0.0776
0.0768
0.0763
0.0761
0.0763
0.0767
0.0775
0.0787
0.0801
0.0819
0.0840
0.0863
0.0890
0.0918
0.0950
0.0983
0.1018
0.1055
0.1093
0.1133
0.1174
0.1216
0.1259
0.1303
0.1348
0.1393
0.1439
0.1485
0.1532
0.1579
0.1626
0.1673
0.1721
0.1768
0.1816
0.1863
0.1911
0.1958
0.2005
0.2052
0.2098
0.2144
0.2190
0.2236
0.2281
0.2326
0.2370
0.2414
0.2458
0.2501
0.2543
0.2585
0.2627
0.2667
0.2708
0.2747
0.2786
0.2825
0.2863
0.2900
0.2936
0.2972
0.3007
0.3042
0.3076
0.3109
0.3141
0.3173
0.3204
0.3234
0.3263
0.3292
0.3320
0.3347
0.3373
0.3398
0.3423
0.3447
0.3470
0.3492
0.3513
0.3534
0.3554
0.3572
0.3590
0.3607
0.3624
0.3639
0.3653
0.3667
0.3679
0.3691
0.3702
0.3711
0.3720
0.3728
0.3735
0.3741
0.3746
0.3750
0.3752
0.3754
0.3755
0.1349
0.1345
0.1339
0.1332
0.1324
0.1315
0.1305
0.1293
0.1280
0.1267
0.1252
0.1235
0.1218
0.1200
0.1181
0.1161
0.1140
0.1118
0.1095
0.1071
0.1047
0.1022
0.0997
0.0972
0.0946
0.0919
0.0893
0.0867
0.0842
0.0816
0.0792
0.0768
0.0746
0.0725
0.0706
0.0689
0.0674
0.0663
0.0654
0.0649
0.0647
0.0649
0.0655
0.0664
0.0678
0.0695
0.0716
0.0740
0.0767
0.0797
0.0829
0.0864
0.0901
0.0940
0.0980
0.1022
0.1065
0.1109
0.1155
0.1201
0.1248
0.1295
0.1344
0.1392
0.1441
0.1491
0.1541
0.1591
0.1641
0.1691
0.1742
0.1792
0.1843
0.1893
0.1944
0.1994
0.2044
0.2094
0.2144
0.2194
0.2243
0.2292
0.2341
0.2389
0.2437
0.2485
0.2532
0.2579
0.2625
0.2671
0.2717
0.2762
0.2806
0.2850
0.2894
0.2936
0.2978
0.3020
0.3061
0.3101
0.3141
0.3180
0.3218
0.3256
0.3293
0.3329
0.3364
0.3399
0.3432
0.3465
0.3497
0.3529
0.3559
0.3589
0.3618
0.3646
0.3672
0.3699
0.3724
0.3748
0.3771
0.3793
0.3815
0.3835
0.3854
0.3873
0.3890
0.3906
0.3921
0.3935
0.3948
0.3960
0.3971
0.3981
0.3990
0.3998
0.4004
0.4010
0.4014
0.4017
0.4019
0.4020
0.1349
0.1344
0.1337
0.1330
0.1321
0.1311
0.1300
0.1288
0.1275
0.1260
0.1244
0.1227
0.1209
0.1190
0.1169
0.1148
0.1125
0.1101
0.1077
0.1051
0.1025
0.0997
0.0969
0.0940
0.0911
0.0881
0.0850
0.0819
0.0788
0.0757
0.0725
0.0694
0.0664
0.0634
0.0606
0.0578
0.0553
0.0530
0.0511
0.0495
0.0483
0.0476
0.0474
0.0477
0.0486
0.0501
0.0521
0.0546
0.0575
0.0608
0.0644
0.0683
0.0725
0.0769
0.0815
0.0862
0.0911
0.0962
0.1013
0.1066
0.1119
0.1173
0.1228
0.1283
0.1339
0.1396
0.1452
0.1509
0.1567
0.1624
0.1682
0.1740
0.1797
0.1855
0.1913
0.1971
0.2029
0.2086
0.2144
0.2201
0.2258
0.2314
0.2371
0.2427
0.2482
0.2537
0.2592
0.2646
0.2700
0.2753
0.2806
0.2858
0.2909
0.2960
0.3010
0.3059
0.3108
0.3156
0.3203
0.3249
0.3294
0.3339
0.3382
0.3425
0.3467
0.3508
0.3548
0.3586
0.3624
0.3661
0.3697
0.3732
0.3766
0.3798
0.3830
0.3860
0.3890
0.3918
0.3945
0.3971
0.3996
0.4020
0.4042
0.4064
0.4084
0.4103
0.4121
0.4137
0.4152
0.4167
0.4180
0.4191
0.4202
0.4211
0.4219
0.4226
0.4231
0.4235
0.4238
0.4240
0.4241
0.1350
0.1346
0.1342
0.1336
0.1329
0.1320
0.1311
0.1300
0.1288
0.1275
0.1260
0.1245
0.1228
0.1210
0.1190
0.1170
0.1148
0.1126
0.1102
0.1077
0.1051
0.1024
0.0995
0.0966
0.0936
0.0905
0.0874
0.0841
0.0808
0.0774
0.0740
0.0705
0.0670
0.0635
0.0601
0.0567
0.0533
0.0501
0.0471
0.0444
0.0420
0.0401
0.0387
0.0380
0.0379
0.1351
0.1349
0.1346
0.1341
0.1336
0.1329
0.1321
0.1312
0.1302
0.1291
0.1278
0.1265
0.1250
0.1234
0.1217
0.1198
0.1179
0.1159
0.1137
0.1114
0.1091
0.1066
0.1040
0.1013
0.0985
0.0956
0.0927
0.0896
0.0864
0.0832
0.0799
0.0765
0.0731
0.0696
0.0661
0.0626
0.0590
0.0554
0.0519
0.0485
0.0451
0.0420
0.0391
0.0365
0.0343
0.0328
0.0319
0.0318
0.1354
0.1355
