0.1744
0.1777
0.1810
0.1844
0.1878
0.1912
0.1947
0.1982
0.2018
0.2054
0.2091
0.2129
0.2167
0.2207
0.2247
0.2288
0.2331
0.2375
0.2420
0.2466
0.2514
0.2564
0.2615
0.2668
0.2722
0.2779
0.2837
0.2898
0.2960
0.3026
0.3094
0.3165
0.3239
0.3318
0.3400
0.3488
0.3580
0.3678
0.3781
0.3891
0.4007
0.4130
0.4258
0.4392
0.4532
0.4676
0.4824
0.4975
0.5128
0.5282
0.5437
0.5592
0.5747
0.5901
0.6055
0.6208
0.6361
0.6513
0.6665
0.6816
0.6967
0.7117
0.7264
0.7409
0.7550
0.7688
0.7820
0.7947
0.8068
0.8184
0.8293
0.8396
0.8494
0.8586
0.8673
0.8755
0.8832
0.8905
0.8974
0.9039
0.9100
0.9157
0.9211
0.9262
0.9309
0.9353
0.9394
0.9433
0.9468
0.9500
0.9531
0.9558
0.9583
0.9607
0.9628
0.9647
0.9665
0.9680
0.9695
0.9708
0.9719
0.9730
0.9739
0.9747
0.9754
0.9761
0.9766
0.9771
0.9775
0.9778
0.9781
0.9783
0.9785
0.9786
0.9787
0.1744
0.1777
0.1810
0.1844
0.1878
0.1912
0.1947
0.1982
0.2018
0.2054
0.2091
0.2129
0.2167
0.2207
0.2247
0.2288
0.2331
0.2375
0.2420
0.2466
0.2514
0.2564
0.2615
0.2668
0.2722
0.2779
0.2837
0.2898
0.2960
0.3026
0.3094
0.3165
0.3239
0.3318
0.3400
0.3488
0.3580
0.3678
0.3781
0.3891
0.4007
0.4130
0.4258
0.4392
0.4532
0.4676
0.4824
0.4975
0.5128
0.5282
0.5437
0.5592
0.5747
0.5901
0.6055
0.6208
0.6361
0.6513
0.6665
0.6816
0.6967
0.7117
0.7264
0.7409
0.7550
0.7688
0.7820
0.7947
0.8068
0.8184
0.8293
0.8396
0.8494
0.8586
0.8673
0.8755
0.8832
0.8905
0.8974
0.9039
0.9100
0.9157
0.9211
0.9262
0.9309
0.9353
0.9394
0.9433
0.9468
0.9500
0.9531
0.9558
0.9583
0.9607
0.9628
0.9647
0.9665
0.9680
0.9695
0.9708
0.9719
0.9730
0.9739
0.9747
0.9754
0.9761
0.9766
0.9771
0.9775
0.9778
0.9781
0.9783
0.9785
0.9786
0.9787
0.1744
0.1777
0.1810
0.1844
0.1878
0.1912
0.1947
0.1982
0.2018
0.2054
0.2091
0.2129
0.2167
0.2207
0.2247
0.2288
0.2331
0.2375
0.2420
0.2466
0.2514
0.2564
0.2615
0.2668
0.2722
0.2779
0.2837
0.2898
0.2960
0.3026
0.3094
0.3165
0.3239
0.3318
0.3400
0.3488
0.3580
0.3678
0.3781
0.3891
0.4007
0.4130
0.4258
0.4392
0.4532
0.4676
0.4824
0.4975
0.5128
0.5282
0.5437
0.5592
0.5747
0.5901
0.6055
0.6208
0.6361
0.6513
0.6665
0.6816
0.6967
0.7117
0.7264
0.7409
0.7550
0.7688
0.7820
0.7947
0.8068
0.8184
0.8293
0.8396
0.8494
0.8586
0.8673
0.8755
0.8832
0.8905
0.8974
0.9039
0.9100
0.9157
0.9211
0.9262
0.9309
0.9353
0.9394
0.9433
0.9468
0.9500
0.9531
0.9558
0.9583
0.9607
0.9628
0.9647
0.9665
0.9680
0.9695
0.9708
0.9719
0.9730
0.9739
0.9747
0.9754
0.9761
0.9766
0.9771
0.9775
0.9778
0.9781
0.9783
0.9785
0.9786
0.9787
0.1744
0.1777
0.1810
0.1844
0.1878
0.1912
0.1947
0.1982
0.2018
0.2054
0.2091
0.2129
0.2167
0.2207
0.2247
0.2288
0.2331
0.2375
0.2420
0.2466
0.2514
0.2564
0.2615
0.2668
0.2722
0.2779
0.2837
0.2898
0.2960
0.3026
0.3094
0.3165
0.3239
0.3318
0.3400
0.3488
0.3580
0.3678
0.3781
0.3891
0.4007
0.4130
0.4258
0.4392
0.4532
0.4676
0.4824
0.4975
0.5128
0.5282
0.5437
0.5592
0.5747
0.5901
0.6055
0.6208
0.6361
0.6513
0.6665
0.6816
0.6967
0.7117
0.7264
0.7409
0.7550
0.7688
0.7820
0.7947
0.8068
0.8184
0.8293
0.8396
0.8494
0.8586
0.8673
0.8755
0.8832
0.8905
0.8974
0.9039
0.9100
0.9157
0.9211
0.9262
0.9309
0.9353
0.9394
0.9433
0.9468
0.9500
0.9531
0.9558
0.9583
0.9607
0.9628
0.9647
0.9665
0.9680
0.9695
0.9708
0.9719
0.9730
0.9739
0.9747
0.9754
0.9761
0.9766
0.9771
0.9775
0.9778
0.9781
0.9783
0.9785
0.9786
0.9787
0.1711
0.1734
0.1757
0.1779
0.1801
0.1823
0.1845
0.1866
0.1888
0.1908
0.1929
0.1950
0.1970
0.1990
0.2010
0.2029
0.2049
0.2068
0.2088
0.2107
0.2126
0.2146
0.2165
0.2185
0.2206
0.2226
0.2248
0.2271
0.2294
0.2320
0.2347
0.2376
0.2408
0.2443
0.2481
0.2524
0.2571
0.2624
0.2684
0.2749
0.2822
0.2902
0.2991
0.3088
0.3192
0.3306
0.3427
0.3555
0.3691
0.3833
0.3981
0.4133
0.4290
0.4450
0.4612
0.4776
0.4941
0.5106
0.5269
0.5431
0.5590
0.5745
0.5895
0.6041
0.6181
0.6315
0.6443
0.6566
0.6684
0.6796
0.6904
0.7007
0.7106
0.7202
0.7295
0.7384
0.7471
0.7554
0.7635
0.7713
0.7788
0.7860
0.7929
0.7995
0.8057
0.8116
0.8172
0.8224
0.8273
0.8318
0.8361
0.8400
0.8436
0.8469
0.8499
0.8527
0.8552
0.8575
0.8595
0.8613
0.8629
0.8644
0.8656
0.8667
0.8676
0.8684
0.8691
0.8696
0.8700
0.8703
0.8705
0.8706
0.8707
0.1711
0.1741
0.1771
0.1801
0.1832
0.1863
0.1894
0.1926
0.1958
0.1990
0.2022
0.2055
0.2087
0.2120
0.2153
0.2186
0.2220
0.2254
0.2288
0.2322
0.2357
0.2392
0.2428
0.2465
0.2502
0.2540
0.2578
0.2617
0.2657
0.2698
0.2740
0.2783
0.2827
0.2872
0.2919
0.2966
0.3016
0.3066
0.3118
0.3172
0.3228
0.3286
0.3347
0.3410
0.3476
0.3546
0.3619
0.3696
0.3778
0.3864
0.3956
0.4054
0.4157
0.4266
0.4381
0.4502
0.4627
0.4757
0.4890
0.5027
0.5164
0.5303
0.5442
0.5580
0.5718
0.5854
0.5988
0.6122
0.6254
0.6386
0.6516
0.6645
0.6773
0.6900
0.7026
0.7150
0.7271
0.7390
0.7506
0.7618
0.7727
0.7830
0.7929
0.8023
0.8112
0.8196
0.8274
0.8348
0.8416
0.8480
0.8540
0.8595
0.8646
0.8694
0.8739
0.8780
0.8818
0.8854
0.8887
0.8918
0.8947
0.8974
0.8999
0.9022
0.9045
0.9065
0.9085
0.9103
0.9120
0.9136
0.9151
0.9165
0.9179
0.9191
0.9203
0.9215
0.9225
0.9235
0.9245
0.9254
0.9262
0.9270
0.9278
0.9285
0.9291
0.9298
0.9304
0.9309
0.9314
0.9319
0.9324
0.9328
0.9332
0.9336
0.9339
0.9342
0.9345
0.9348
0.9350
0.9352
0.9354
0.9356
0.9357
0.9358
0.9359
0.1711
0.1736
0.1764
0.1796
0.1833
0.1876
0.1925
0.1981
0.2044
0.2115
0.2193
0.2278
0.2370
0.2469
0.2575
0.2687
0.2804
0.2926
0.3052
0.3181
0.3314
0.3449
0.3585
0.3724
0.3863
0.4003
0.4144
0.4286
0.4429
0.4572
0.4716
0.4862
0.5008
0.5155
0.5302
0.5450
0.5596
0.5741
0.5884
0.6023
0.6158
0.6288
0.6412
0.6529
0.6640
0.6745
0.6842
0.6933
0.7017
0.7096
0.7170
0.7239
0.7303
0.7364
0.7422
0.7476
0.7528
0.7577
0.7625
0.7670
0.7714
0.7757
0.7798
0.7838
0.7877
0.7915
0.7952
0.7988
0.8023
0.8058
0.8092
0.8125
0.8157
0.8188
0.8219
0.8249
0.8278
0.8307
0.8335
0.8362
0.8388
0.8414
0.8439
0.8463
0.8486
0.8509
0.8531
0.8552
0.8572
0.8592
0.8611
0.8629
0.8646
0.8663
0.8678
0.8693
0.8707
0.8721
0.8734
0.8745
0.8757
0.8767
0.8777
0.8785
0.8794
0.8801
0.8808
0.8814
0.8819
0.8824
0.8828
0.8831
0.8833
0.8835
0.8837
0.8837
0.1727
0.1745
0.1764
0.1786
0.1810
0.1837
0.1867
0.1901
0.1939
0.1980
0.2027
0.2078
0.2134
0.2196
0.2263
0.2336
0.2415
0.2500
0.2592
0.2689
0.2792
0.2902
0.3017
0.3138
0.3264
0.3394
0.3529
0.3667
0.3808
0.3951
0.4095
0.4239
0.4384
0.4527
0.4670
0.4812
0.4951
0.5089
0.5225
0.5360
0.5492
0.5621
0.5748
0.5872
0.5991
0.6106
0.6215
0.6319
0.6417
0.6508
0.6592
0.6670
0.6742
0.6809
0.6870
0.6926
0.6979
0.7027
0.7072
0.7114
0.7154
0.7192
0.7228
0.7262
0.7294
0.7326
0.7356
0.7385
0.7414
0.7442
0.7469
0.7495
0.7521
0.7546
0.7571
0.7595
0.7619
0.7642
0.7665
0.7688
0.7710
0.7732
0.7753
0.7774
0.7795
0.7815
0.7834
0.7853
0.7872
0.7891
0.7909
0.7926
0.7943
0.7960
0.7976
0.7992
0.8008
0.8023
0.8037
0.8051
0.8065
0.8078
0.8091
0.8103
0.8115
0.8126
0.8137
0.8148
0.8158
0.8167
0.8177
0.8186
0.8194
0.8202
0.8209
0.8217
0.8223
0.8230
0.8236
0.8241
0.8246
0.8251
0.8255
0.8259
0.8263
0.8266
0.8269
0.8272
0.8274
0.8276
0.8277
0.8278
0.8279
0.1711
0.1711
0.1711
0.1733
0.1758
0.1787
0.1819
0.1856
0.1899
0.1947
0.2001
0.2063
0.2131
0.2208
0.2292
0.2384
0.2483
0.2590
0.2704
0.2824
0.2949
0.3079
0.3212
0.3346
0.3482
0.3617
0.3750
0.3879
0.4005
0.4125
0.4239
0.4346
0.4447
0.4541
0.4627
0.4708
0.4781
0.4850
0.4912
0.4970
0.5023
0.5073
0.5119
0.5163
0.5204
0.5243
0.5280
0.5315
0.5349
0.5382
0.5414
0.5446
0.5476
0.5506
0.5536
0.5565
0.5594
0.5623
0.5651
0.5679
0.5707
0.5735
0.5763
0.5790
0.5818
0.5845
0.5872
0.5899
0.5925
0.5952
0.5978
0.6004
0.6030
0.6055
0.6081
0.6106
0.6131
0.6156
0.6180
0.6204
0.6228
0.6252
0.6275
0.6298
0.6321
0.6343
0.6365
0.6387
0.6408
0.6429
0.6450
0.6470
0.6490
0.6510
0.6529
0.6548
0.6567
0.6585
0.6603
0.6620
0.6638
0.6654
0.6671
0.6687
0.6702
0.6718
0.6733
0.6747
0.6761
0.6775
0.6788
0.6801
0.6814
0.6826
0.6838
0.6849
0.6860
0.6871
0.6881
0.6890
0.6900
0.6909
0.6917
0.6925
0.6933
0.6940
0.6947
0.6954
0.6960
0.6966
0.6971
0.6976
0.6981
0.6985
0.6989
0.6993
0.6997
0.7000
0.7003
0.7005
0.7008
0.7010
0.7012
0.7014
0.7015
0.7017
0.7018
0.7019
0.7021
0.7022
0.7023
0.7024
0.7025
0.7026
0.7027
0.7029
0.7030
0.7032
0.7033
0.7035
0.7037
0.7039
0.7042
0.7044
0.7047
0.7050
0.7053
0.7057
0.7061
0.7065
0.7069
0.7074
0.7079
0.7084
0.7090
0.7096
0.7102
0.7108
0.7115
0.7121
0.7128
0.7135
0.7143
0.7150
0.7157
0.7165
0.7173
0.7180
0.7188
0.7196
0.7203
0.7211
0.7218
0.7226
0.7233
0.7240
0.7247
0.7253
0.7260
0.7266
0.7272
0.7277
0.7283
0.7287
0.7292
0.7296
0.7300
0.7303
0.7306
0.7309
0.7311
0.7313
0.7314
0.7315
0.1711
0.1776
0.1840
0.1904
0.1968
0.2032
0.2095
0.2159
0.2224
0.2290
0.2356
0.2424
0.2494
0.2565
0.2638
0.2713
0.2789
0.2868
0.2947
0.3028
0.3110
0.3193
0.3276
0.3358
0.3440
0.3521
0.3600
0.3678
0.3754
0.3828
0.3900
0.3970
0.4038
0.4104
0.4169
0.4231
0.4292
0.4351
0.4409
0.4465
0.4521
0.4575
0.4628
0.4680
0.4731
0.4781
0.4831
0.4879
0.4927
0.4974
0.5020
0.5066
0.5111
0.5155
0.5199
0.5241
0.5283
0.5324
0.5365
0.5405
0.5444
0.5482
0.5519
0.5556
0.5592
0.5627
0.5662
0.5695
0.5728
0.5760
0.5791
0.5821
0.5851
0.5880
0.5908
0.5935
0.5961
0.5987
0.6011
0.6035
0.6058
0.6081
0.6102
0.6123
0.6143
0.6163
0.6181
0.6199
0.6216
0.6233
0.6249
0.6264
0.6278
0.6292
0.6305
0.6318
0.6330
0.6341
0.6352
0.6363
0.6372
0.6382
0.6390
0.6399
0.6407
0.6414
0.6421
0.6428
0.6434
0.6440
0.6446
0.6451
0.6457
0.6462
0.6467
0.6471
0.6476
0.6480
0.6484
0.6488
0.6493
0.6497
0.6501
0.6505
0.6509
0.6514
0.6518
0.6523
0.6528
0.6533
0.6538
0.6543
0.6549
0.6555
0.6561
0.6567
0.6574
0.6581
0.6588
0.6595
0.6603
0.6611
0.6619
0.6628
0.6637
0.6646
0.6655
0.6665
0.6674
0.6684
0.6694
0.6704
0.6714
0.6725
0.6735
0.6745
0.6756
0.6766
0.6776
0.6786
0.6796
0.6806
0.6815
0.6825
0.6834
0.6843
0.6851
0.6859
0.6867
0.6874
0.6881
0.6887
0.6893
0.6898
0.6903
0.6907
0.6911
0.6914
0.6917
0.6919
0.6920
0.6921
0.1744
0.1777
0.1810
0.1844
0.1878
0.1912
0.1947
0.1982
0.2018
0.2054
0.2091
0.2129
0.2167
0.2207
0.2247
0.2288
0.2331
0.2375
0.2420
0.2466
0.2514
0.2564
0.2615
0.2668
0.2722
0.2779
0.2837
0.2898
0.2960
0.3026
0.3094
0.3165
0.3239
0.3318
0.3400
0.3488
0.3580
0.3678
0.3781
0.3891
0.4007
0.4130
0.4258
0.4392
0.4532
0.4676
0.4824
0.4975
0.5128
0.5282
0.5437
0.5592
0.5747
0.5901
0.6055
0.6208
0.6361
0.6513
0.6665
0.6816
0.6967
0.7117
0.7264
0.7409
0.7550
0.7688
0.7820
0.7947
0.8068
0.8184
0.8293
0.8396
0.8494
0.8586
0.8673
0.8755
0.8832
0.8905
0.8974
0.9039
0.9100
0.9157
0.9211
0.9262
0.9309
0.9353
0.9394
0.9433
0.9468
0.9500
0.9531
0.9558
0.9583
0.9607
0.9628
0.9647
0.9665
0.9680
0.9695
0.9708
0.9719
0.9730
0.9739
0.9747
0.9754
0.9761
0.9766
0.9771
0.9775
0.9778
0.9781
0.9783
0.9785
0.9786
0.9787
