0.2578
0.2567
0.2555
0.2544
0.2531
0.2519
0.2506
0.2493
0.2480
0.2466
0.2453
0.2439
0.2425
0.2411
0.2396
0.2382
0.2367
0.2352
0.2337
0.2322
0.2306
0.2291
0.2275
0.2259
0.2243
0.2227
0.2211
0.2194
0.2177
0.2160
0.2142
0.2125
0.2106
0.2088
0.2069
0.2050
0.2030
0.2010
0.1990
0.1969
0.1947
0.1925
0.1902
0.1879
0.1855
0.1831
0.1805
0.1779
0.1753
0.1725
0.1697
0.1668
0.1639
0.1609
0.1577
0.1545
0.1513
0.1479
0.1445
0.1410
0.1375
0.1339
0.1302
0.1264
0.1226
0.1188
0.1149
0.1110
0.1071
0.1032
0.0993
0.0954
0.0916
0.0879
0.0842
0.0807
0.0774
0.0743
0.0716
0.0691
0.0670
0.0654
0.0643
0.0637
0.0637
0.2578
0.2567
0.2555
0.2544
0.2531
0.2519
0.2506
0.2493
0.2480
0.2466
0.2453
0.2439
0.2425
0.2411
0.2396
0.2382
0.2367
0.2352
0.2337
0.2322
0.2306
0.2291
0.2275
0.2259
0.2243
0.2227
0.2211
0.2194
0.2177
0.2160
0.2142
0.2125
0.2106
0.2088
0.2069
0.2050
0.2030
0.2010
0.1990
0.1969
0.1947
0.1925
0.1902
0.1879
0.1855
0.1831
0.1805
0.1779
0.1753
0.1725
0.1697
0.1668
0.1639
0.1609
0.1577
0.1545
0.1513
0.1479
0.1445
0.1410
0.1375
0.1339
0.1302
0.1264
0.1226
0.1188
0.1149
0.1110
0.1071
0.1032
0.0993
0.0954
0.0916
0.0879
0.0842
0.0807
0.0774
0.0743
0.0716
0.0691
0.0670
0.0654
0.0643
0.0637
0.0637
0.2578
0.2567
0.2555
0.2544
0.2531
0.2519
0.2506
0.2493
0.2480
0.2466
0.2453
0.2439
0.2425
0.2411
0.2396
0.2382
0.2367
0.2352
0.2337
0.2322
0.2306
0.2291
0.2275
0.2259
0.2243
0.2227
0.2211
0.2194
0.2177
0.2160
0.2142
0.2125
0.2106
0.2088
0.2069
0.2050
0.2030
0.2010
0.1990
0.1969
0.1947
0.1925
0.1902
0.1879
0.1855
0.1831
0.1805
0.1779
0.1753
0.1725
0.1697
0.1668
0.1639
0.1609
0.1577
0.1545
0.1513
0.1479
0.1445
0.1410
0.1375
0.1339
0.1302
0.1264
0.1226
0.1188
0.1149
0.1110
0.1071
0.1032
0.0993
0.0954
0.0916
0.0879
0.0842
0.0807
0.0774
0.0743
0.0716
0.0691
0.0670
0.0654
0.0643
0.0637
0.0637
0.2589
0.2589
0.2572
0.2554
0.2536
0.2517
0.2499
0.2480
0.2460
0.2441
0.2421
0.2401
0.2381
0.2361
0.2340
0.2319
0.2299
0.2278
0.2257
0.2236
0.2214
0.2193
0.2172
0.2150
0.2128
0.2107
0.2085
0.2063
0.2041
0.2018
0.1996
0.1973
0.1950
0.1927
0.1904
0.1881
0.1857
0.1833
0.1809
0.1784
0.1759
0.1734
0.1708
0.1682
0.1655
0.1628
0.1601
0.1573
0.1545
0.1516
0.1486
0.1456
0.1426
0.1395
0.1363
0.1331
0.1298
0.1264
0.1230
0.1196
0.1160
0.1125
0.1088
0.1052
0.1015
0.0977
0.0939
0.0901
0.0863
0.0824
0.0786
0.0748
0.0710
0.0673
0.0636
0.0601
0.0568
0.0537
0.0508
0.0484
0.0463
0.0448
0.0439
0.0437
0.0441
0.0452
0.0470
0.0495
0.0524
0.0558
0.0596
0.0638
0.0682
0.0729
0.0778
0.0828
0.0880
0.0934
0.0988
0.1043
0.1099
0.1155
0.1212
0.1270
0.1328
0.1386
0.1445
0.1503
0.1562
0.1621
0.1680
0.1739
0.1798
0.1857
0.1915
0.1974
0.2032
0.2091
0.2149
0.2206
0.2264
0.2321
0.2378
0.2435
0.2491
0.2547
0.2603
0.2658
0.2713
0.2768
0.2822
0.2876
0.2930
0.2983
0.3036
0.3088
0.3140
0.3192
0.3243
0.3293
0.3344
0.3393
0.3443
0.3492
0.3540
0.3588
0.3636
0.3683
0.3730
0.3776
0.3822
0.3868
0.3913
0.3957
0.4001
0.4045
0.4088
0.4131
0.4173
0.4215
0.4256
0.4297
0.4338
0.4378
0.4417
0.4456
0.4494
0.4532
0.4570
0.4607
0.4643
0.4679
0.4714
0.4749
0.4783
0.4817
0.4849
0.4882
0.4913
0.4944
0.4974
0.5004
0.5033
0.5061
0.5088
0.5115
0.5141
0.5165
0.5190
0.5213
0.5235
0.5257
0.5277
0.5297
0.5316
0.5333
0.5350
0.5366
0.5381
0.5395
0.5408
0.5420
0.5431
0.5440
0.5449
0.5457
0.5464
0.5470
0.5475
0.5478
0.5481
0.5483
0.5483
0.2572
0.2554
0.2536
0.2517
0.2499
0.2480
0.2460
0.2441
0.2421
0.2401
0.2381
0.2361
0.2340
0.2319
0.2299
0.2278
0.2257
0.2236
0.2214
0.2193
0.2172
0.2150
0.2128
0.2107
0.2085
0.2063
0.2041
0.2018
0.1996
0.1973
0.1950
0.1927
0.1904
0.1881
0.1857
0.1833
0.1809
0.1784
0.1759
0.1734
0.1708
0.1682
0.1655
0.1628
0.1601
0.1573
0.1545
0.1516
0.1486
0.1456
0.1426
0.1395
0.1363
0.1331
0.1298
0.1264
0.1230
0.1196
0.1160
0.1125
0.1088
0.1052
0.1015
0.0977
0.0939
0.0901
0.0863
0.0824
0.0786
0.0748
0.0710
0.0673
0.0636
0.0601
0.0568
0.0537
0.0508
0.0484
0.0463
0.0448
0.0439
0.0437
0.0441
0.0452
0.0470
0.0495
0.0524
0.0558
0.0596
0.0638
0.0682
0.0729
0.0778
0.0828
0.0880
0.0934
0.0988
0.1043
0.1099
0.1155
0.1212
0.1270
0.1328
0.1386
0.1445
0.1503
0.1562
0.1621
0.1680
0.1739
0.1798
0.1857
0.1915
0.1974
0.2032
0.2091
0.2149
0.2206
0.2264
0.2321
0.2378
0.2435
0.2491
0.2547
0.2603
0.2658
0.2713
0.2768
0.2822
0.2876
0.2930
0.2983
0.3036
0.3088
0.3140
0.3192
0.3243
0.3293
0.3344
0.3393
0.3443
0.3492
0.3540
0.3588
0.3636
0.3683
0.3730
0.3776
0.3822
0.3868
0.3913
0.3957
0.4001
0.4045
0.4088
0.4131
0.4173
0.4215
0.4256
0.4297
0.4338
0.4378
0.4417
0.4456
0.4494
0.4532
0.4570
0.4607
0.4643
0.4679
0.4714
0.4749
0.4783
0.4817
0.4849
0.4882
0.4913
0.4944
0.4974
0.5004
0.5033
0.5061
0.5088
0.5115
0.5141
0.5165
0.5190
0.5213
0.5235
0.5257
0.5277
0.5297
0.5316
0.5333
0.5350
0.5366
0.5381
0.5395
0.5408
0.5420
0.5431
0.5440
0.5449
0.5457
0.5464
0.5470
0.5475
0.5478
0.5481
0.5483
0.5483
0.2572
0.2554
0.2536
0.2517
0.2499
0.2480
0.2460
0.2441
0.2421
0.2401
0.2381
0.2361
0.2340
0.2319
0.2299
0.2278
0.2257
0.2236
0.2214
0.2193
0.2172
0.2150
0.2128
0.2107
0.2085
0.2063
0.2041
0.2018
0.1996
0.1973
0.1950
0.1927
0.1904
0.1881
0.1857
0.1833
0.1809
0.1784
0.1759
0.1734
0.1708
0.1682
0.1655
0.1628
0.1601
0.1573
0.1545
0.1516
0.1486
0.1456
0.1426
0.1395
0.1363
0.1331
0.1298
0.1264
0.1230
0.1196
0.1160
0.1125
0.1088
0.1052
0.1015
0.0977
0.0939
0.0901
0.0863
0.0824
0.0786
0.0748
0.0710
0.0673
0.0636
0.0601
0.0568
0.0537
0.0508
0.0484
0.0463
0.0448
0.0439
0.0437
0.0441
0.0452
0.0470
0.0495
0.0524
0.0558
0.0596
0.0638
0.0682
0.0729
0.0778
0.0828
0.0880
0.0934
0.0988
0.1043
0.1099
0.1155
0.1212
0.1270
0.1328
0.1386
0.1445
0.1503
0.1562
0.1621
0.1680
0.1739
0.1798
0.1857
0.1915
0.1974
0.2032
0.2091
0.2149
0.2206
0.2264
0.2321
0.2378
0.2435
0.2491
0.2547
0.2603
0.2658
0.2713
0.2768
0.2822
0.2876
0.2930
0.2983
0.3036
0.3088
0.3140
0.3192
0.3243
0.3293
0.3344
0.3393
0.3443
0.3492
0.3540
0.3588
0.3636
0.3683
0.3730
0.3776
0.3822
0.3868
0.3913
0.3957
0.4001
0.4045
0.4088
0.4131
0.4173
0.4215
0.4256
0.4297
0.4338
0.4378
0.4417
0.4456
0.4494
0.4532
0.4570
0.4607
0.4643
0.4679
0.4714
0.4749
0.4783
0.4817
0.4849
0.4882
0.4913
0.4944
0.4974
0.5004
0.5033
0.5061
0.5088
0.5115
0.5141
0.5165
0.5190
0.5213
0.5235
0.5257
0.5277
0.5297
0.5316
0.5333
0.5350
0.5366
0.5381
0.5395
0.5408
0.5420
0.5431
0.5440
0.5449
0.5457
0.5464
0.5470
0.5475
0.5478
0.5481
0.5483
0.5483
0.2589
0.2569
0.2548
0.2526
0.2503
0.2480
0.2457
0.2433
0.2409
0.2384
0.2358
0.2332
0.2306
0.2279
0.2252
0.2225
0.2197
0.2169
0.2140
0.2111
0.2082
0.2053
0.2023
0.1993
0.1963
0.1933
0.1902
0.1871
0.1840
0.1809
0.1778
0.1746
0.1714
0.1682
0.1650
0.1617
0.1584
0.1551
0.1518
0.1485
0.1451
0.1417
0.1383
0.1349
0.1314
0.1279
0.1244
0.1208
0.1172
0.1136
0.1099
0.1062
0.1024
0.0986
0.0948
0.0909
0.0870
0.0830
0.0790
0.0750
0.0709
0.0667
0.0625
0.0583
0.0540
0.0497
0.0453
0.0409
0.0365
0.0320
0.0275
0.0231
0.0188
0.0146
0.0110
0.0088
0.0090
0.0116
0.0155
0.0200
0.0248
0.0297
0.0348
0.0399
0.0451
0.0504
0.0557
0.0611
0.0665
0.0720
0.0775
0.0830
0.0886
0.0942
0.0998
0.1054
0.1110
0.1167
0.1223
0.1280
0.1337
0.1393
0.1450
0.1507
0.1564
0.1620
0.1677
0.1733
0.1790
0.1846
0.1902
0.1957
0.2013
0.2068
0.2123
0.2177
0.2231
0.2285
0.2339
0.2392
0.2445
0.2497
0.2549
0.2600
0.2651
0.2702
0.2751
0.2801
0.2850
0.2898
0.2946
0.2994
0.3041
0.3087
0.3133
0.3178
0.3223
0.3267
0.3311
0.3354
0.3397
0.3439
0.3480
0.3522
0.3562
0.3602
0.3642
0.3681
0.3719
0.3758
0.3795
0.3833
0.3869
0.3906
0.3942
0.3977
0.4012
0.4047
0.4081
0.4115
0.4149
0.4182
0.4215
0.4248
0.4280
0.4312
0.4343
0.4374
0.4405
0.4435
0.4465
0.4495
0.4524
0.4553
0.4581
0.4609
0.4637
0.4664
0.4691
0.4717
0.4743
0.4769
0.4793
0.4818
0.4842
0.4865
0.4887
0.4910
0.4931
0.4952
0.4972
0.4992
0.5011
0.5030
0.5047
0.5064
0.5081
0.5097
0.5112
0.5126
0.5140
0.5153
0.5165
0.5176
0.5187
0.5198
0.5207
0.5216
0.5224
0.5232
0.5238
0.5244
0.5250
0.5255
0.5259
0.5262
0.5265
0.5268
0.5269
0.5270
0.5271
0.2589
0.2570
0.2550
0.2529
0.2508
0.2486
0.2463
0.2440
0.2416
0.2391
0.2366
0.2341
0.2314
0.2287
0.2260
0.2232
0.2203
0.2174
0.2145
0.2115
0.2084
0.2053
0.2021
0.1989
0.1956
0.1923
0.1889
0.1855
0.1821
0.1786
0.1750
0.1715
0.1678
0.1642
0.1604
0.1567
0.1529
0.1491
0.1452
0.1413
0.1373
0.1333
0.1293
0.1252
0.1211
0.1170
0.1128
0.1086
0.1044
0.1001
0.0958
0.0914
0.0871
0.0827
0.0782
0.0738
0.0693
0.0648
0.0603
0.0558
0.0513
0.0468
0.0424
0.0380
0.0338
0.0297
0.0260
0.0228
0.0203
0.0188
0.0188
0.2589
0.2574
0.2557
0.2540
0.2523
0.2505
0.2486
0.2467
0.2448
0.2428
0.2407
0.2386
0.2364
0.2342
0.2320
0.2297
0.2273
0.2250
0.2226
0.2201
0.2176
0.2151
0.2125
0.2099
0.2073
0.2046
0.2019
0.1991
0.1964
0.1936
0.1907
0.1879
0.1850
0.1821
0.1791
0.1761
0.1731
0.1701
0.1670
0.1639
0.1607
0.1575
0.1543
0.1511
0.1478
0.1445
0.1411
0.1378
0.1343
0.1309
0.1273
0.1238
0.1202
0.1165
0.1128
0.1091
0.1053
0.1014
0.0975
0.0935
0.0895
0.0855
0.0813
0.0771
0.0729
0.0686
0.0642
0.0598
0.0553
0.0508
0.0462
0.0416
0.0369
0.0322
0.0274
0.0227
0.0180
0.0135
0.0095
0.0071
0.0080
0.0116
0.0162
0.0211
0.0263
0.0316
0.0370
0.0424
0.0479
0.0535
0.0591
0.0647
0.0704
0.0761
0.0818
0.0875
0.0932
0.0990
0.1047
0.1105
0.1163
0.1220
0.1278
0.1336
0.1393
0.1450
0.1507
0.1564
0.1620
0.1677
0.1733
0.1788
0.1843
0.1898
0.1952
0.2006
0.2059
0.2112
0.2164
0.2215
0.2266
0.2316
0.2366
0.2415
0.2463
0.2510
0.2556
0.2602
0.2647
0.2691
0.2734
0.2776
0.2818
0.2858
0.2898
0.2936
0.2974
0.3010
0.3046
0.3081
0.3115
0.3147
0.3179
0.3210
0.3240
0.3269
0.3297
0.3324
0.3350
0.3375
0.3399
0.3422
0.3445
0.3466
0.3487
0.3507
0.3526
0.3544
0.3561
0.3578
0.3594
0.3609
0.3623
0.3637
0.3650
0.3663
0.3674
0.3686
0.3696
0.3706
0.3716
0.3725
0.3734
0.3742
0.3750
0.3757
0.3765
0.3771
0.3778
0.3784
0.3789
0.3795
0.3800
0.3805
0.3810
0.3814
0.3818
0.3822
0.3826
0.3830
0.3834
0.3837
0.3840
0.3843
0.3846
0.3849
0.3851
0.3854
0.3856
0.3859
0.3861
0.3863
0.3865
0.3866
0.3868
0.3869
0.3871
0.3872
0.3873
0.3874
0.2575
0.2560
0.2544
0.2528
0.2511
0.2493
0.2476
0.2457
0.2438
0.2419
0.2399
0.2379
0.2358
0.2337
0.2316
0.2294
0.2271
0.2248
0.2225
0.2202
0.2178
0.2153
0.2129
0.2104
0.2078
0.2052
0.2026
0.2000
0.1973
0.1946
0.1919
0.1891
0.1863
0.1835
0.1806
0.1777
0.1748
0.1718
0.1688
0.1658
0.1627
0.1596
0.1564
0.1532
0.1500
0.1467
0.1434
0.1400
0.1366
0.1332
0.1297
0.1261
0.1225
0.1188
0.1151
0.1113
0.1075
0.1036
0.0996
0.0956
0.0915
0.0873
0.0831
0.0788
0.0745
0.0700
0.0655
0.0610
0.0563
0.0516
0.0469
0.0421
0.0372
0.0322
0.0272
0.0222
0.0171
0.0120
0.0072
0.0039
0.0060
0.0108
0.0161
0.0216
0.0271
0.0327
0.0384
0.0442
0.0499
0.0557
0.0616
0.0675
0.0734
0.0793
0.0852
0.0912
0.0971
0.1031
0.1091
0.1151
0.1211
0.1271
0.1330
0.1390
0.1449
0.1509
0.1568
0.1626
0.1685
0.1743
0.1800
0.1858
0.1915
0.1971
0.2027
0.2082
0.2137
0.2191
0.2245
0.2298
0.2350
0.2401
0.2452
0.2502
0.2551
0.2600
0.2647
0.2694
0.2740
0.2785
0.2829
0.2872
0.2915
0.2956
0.2996
0.3036
0.3074
0.3112
0.3148
0.3183
0.3218
0.3252
0.3284
0.3316
0.3346
0.3376
0.3405
0.3432
0.3459
0.3485
0.3510
0.3534
0.3558
0.3580
0.3602
0.3622
0.3642
0.3662
0.3680
0.3698
0.3715
0.3731
0.3747
0.3762
0.3777
0.3790
0.3804
0.3817
0.3829
0.3841
0.3852
0.3863
0.3874
0.3884
0.3894
0.3903
0.3913
0.3921
0.3930
0.3938
0.3946
0.3954
0.3962
0.3969
0.3976
0.3983
0.3990
0.3996
0.4003
0.4009
0.4015
0.4021
0.4026
0.4032
0.4037
0.4042
0.4047
0.4052
0.4057
0.4061
0.4065
0.4069
0.4073
0.4077
0.4081
0.4084
0.4087
0.4090
0.4093
0.4095
0.4098
0.4100
0.4102
0.4103
0.4105
0.4106
0.4107
0.2589
0.2589
0.2578
0.2567
0.2555
0.2544
0.2531
0.2519
0.2506
0.2493
0.2480
0.2466
0.2453
0.2439
0.2425
0.2411
0.2396
0.2382
0.2367
0.2352
0.2337
0.2322
0.2306
0.2291
0.2275
0.2259
0.2243
0.2227
0.2211
0.2194
0.2177
0.2160
0.2142
0.2125
0.2106
0.2088
0.2069
0.2050
0.2030
0.2010
0.1990
0.1969
0.1947
0.1925
0.1902
0.1879
0.1855
0.1831
0.1805
0.1779
0.1753
0.1725
0.1697
0.1668
0.1639
0.1609
0.1577
0.1545
0.1513
0.1479
0.1445
0.1410
0.1375
0.1339
0.1302
0.1264
0.1226
0.1188
0.1149
0.1110
0.1071
0.1032
0.0993
0.0954
0.0916
0.0879
0.0842
0.0807
0.0774
0.0743
0.0716
0.0691
0.0670
0.0654
0.0643
0.0637
0.0637
