0.2658
0.2700
0.2741
0.2782
0.2822
0.2862
0.2902
0.2942
0.2981
0.3020
0.3059
0.3097
0.3135
0.3174
0.3211
0.3249
0.3287
0.3325
0.3363
0.3400
0.3438
0.3476
0.3514
0.3552
0.3590
0.3628
0.3666
0.3704
0.3742
0.3779
0.3817
0.3854
0.3891
0.3928
0.3964
0.4001
0.4036
0.4072
0.4107
0.4141
0.4175
0.4208
0.4241
0.4273
0.4304
0.4334
0.4364
0.4393
0.4421
0.4448
0.4475
0.4500
0.4525
0.4549
0.4572
0.4594
0.4615
0.4636
0.4655
0.4674
0.4691
0.4708
0.4724
0.4739
0.4753
0.4766
0.4779
0.4790
0.4800
0.4810
0.4819
0.4827
0.4833
0.4840
0.4845
0.4849
0.4853
0.4855
0.4858
0.4859
0.4859
0.4859
0.4859
0.4857
0.4856
0.4853
0.4851
0.4847
0.4844
0.4840
0.4836
0.4832
0.4828
0.4823
0.4819
0.4815
0.4810
0.4806
0.4803
0.4799
0.4796
0.4794
0.4792
0.4790
0.4789
0.4788
0.4787
0.4787
0.4788
0.4788
0.4789
0.4790
0.4791
0.4792
0.4793
0.4794
0.4795
0.4796
0.4797
0.4798
0.4798
0.4798
0.4798
0.4798
0.4798
0.4797
0.4796
0.4795
0.4794
0.4792
0.4790
0.4789
0.4787
0.4785
0.4783
0.4782
0.4780
0.4779
0.4778
0.4777
0.4776
0.4776
0.4775
0.4776
0.4776
0.4777
0.4777
0.4778
0.4780
0.4781
0.4783
0.4784
0.4786
0.4788
0.4791
0.4793
0.4796
0.4799
0.4802
0.4805
0.4809
0.4812
0.4817
0.4821
0.4826
0.4831
0.4836
0.4841
0.4847
0.4853
0.4860
0.4866
0.4873
0.4880
0.4887
0.4895
0.4902
0.4910
0.4917
0.4925
0.4932
0.4940
0.4947
0.4955
0.4962
0.4969
0.4975
0.4982
0.4988
0.4993
0.4999
0.5004
0.5008
0.5012
0.5016
0.5020
0.5023
0.5025
0.5028
0.5030
0.5032
0.5034
0.5036
0.5038
0.5040
0.5044
0.5048
0.5053
0.5059
0.5066
0.5075
0.5085
0.5096
0.5108
0.5121
0.5134
0.5149
0.5164
0.5180
0.5197
0.5214
0.5232
0.5250
0.5269
0.5288
0.5308
0.5328
0.5348
0.5369
0.5389
0.5410
0.5431
0.5452
0.5472
0.5493
0.5513
0.5532
0.5552
0.5571
0.5589
0.5607
0.5624
0.5641
0.5657
0.5672
0.5687
0.5701
0.5714
0.5727
0.5738
0.5749
0.5759
0.5769
0.5777
0.5785
0.5793
0.5799
0.5805
0.5810
0.5814
0.5818
0.5821
0.5823
0.5825
0.5825
0.5826
0.5825
0.5824
0.5823
0.5821
0.5818
0.5815
0.5811
0.5806
0.5802
0.5796
0.5790
0.5784
0.5777
0.5770
0.5762
0.5755
0.5746
0.5738
0.5729
0.5720
0.5711
0.5702
0.5693
0.5684
0.5678
0.5674
0.5675
0.5679
0.5684
0.5691
0.5698
0.5705
0.5713
0.5720
0.5728
0.5736
0.5743
0.5751
0.5758
0.5766
0.5773
0.5780
0.5786
0.5793
0.5799
0.5805
0.5811
0.5816
0.5821
0.5826
0.5830
0.5834
0.5837
0.5840
0.5842
0.5844
0.5846
0.5847
0.5847
0.5847
0.5847
0.5846
0.5844
0.5842
0.5839
0.5836
0.5832
0.5827
0.5822
0.5816
0.5810
0.5802
0.5794
0.5786
0.5777
0.5767
0.5756
0.5746
0.5734
0.5724
0.5716
0.5715
0.5719
0.5724
0.5729
0.5734
0.5739
0.5745
0.5750
0.5755
0.5760
0.5765
0.5769
0.5773
0.5777
0.5780
0.5783
0.5786
0.5788
0.5790
0.5791
0.5791
0.5792
0.5791
0.5790
0.5789
0.5786
0.5784
0.5780
0.5776
0.5771
0.5766
0.5760
0.5753
0.5745
0.5737
0.5728
0.5718
0.5708
0.5697
0.5685
0.5672
0.5658
0.5644
0.5629
0.5613
0.5596
0.5579
0.5561
0.5542
0.5523
0.5503
0.5482
0.5461
0.5439
0.5417
0.5394
0.5370
0.5346
0.5322
0.5297
0.5272
0.5246
0.5221
0.5195
0.5170
0.5147
0.5126
0.5108
0.5093
0.5079
0.5066
0.5053
0.5040
0.5027
0.5014
0.5002
0.4989
0.4977
0.4965
0.4953
0.4941
0.4929
0.4918
0.4906
0.4895
0.4885
0.4874
0.4864
0.4854
0.4844
0.4835
0.4826
0.4817
0.4809
0.4800
0.4792
0.4784
0.4777
0.4770
0.4762
0.4755
0.4749
0.4742
0.4735
0.4729
0.4723
0.4717
0.4712
0.4707
0.4703
0.4702
0.4702
0.4705
0.4709
0.4713
0.4718
0.4724
0.4729
0.4735
0.4741
0.4747
0.4753
0.4759
0.4765
0.4771
0.4777
0.4783
0.4789
0.4795
0.4801
0.4808
0.4815
0.4823
0.4833
0.4846
0.4863
0.4883
0.4905
0.4927
0.4950
0.4973
0.4997
0.5020
0.5044
0.5068
0.5091
0.5115
0.5139
0.5162
0.5186
0.5210
0.5234
0.5257
0.5281
0.5305
0.5328
0.5352
0.5375
0.5399
0.5422
0.5445
0.5468
0.5491
0.5513
0.5536
0.5558
0.5580
0.5602
0.5624
0.5645
0.5666
0.5687
0.5708
0.5728
0.5748
0.5768
0.5787
0.5805
0.5823
0.5841
0.5857
0.5873
0.5889
0.5903
0.5916
0.5929
0.5941
0.5951
0.5961
0.5970
0.5977
0.5984
0.5990
0.5995
0.5999
0.6002
0.6004
0.6006
0.6006
0.6006
0.6005
0.6004
0.6002
0.5999
0.5996
0.5992
0.5988
0.5984
0.5979
0.5973
0.5968
0.5962
0.5956
0.5950
0.5944
0.5937
0.5931
0.5925
0.5919
0.5913
0.5909
0.5906
0.5904
0.5903
0.5904
0.5905
0.5906
0.5907
0.5909
0.5910
0.5911
0.5912
0.5913
0.5914
0.5914
0.5913
0.5913
0.5912
0.5911
0.5909
0.5907
0.5904
0.5902
0.5898
0.5895
0.5890
0.5886
0.5881
0.5876
0.5870
0.5864
0.5857
0.5850
0.5842
0.5835
0.5826
0.5818
0.5809
0.5799
0.5789
0.5779
0.5769
0.5758
0.5747
0.5735
0.5723
0.5711
0.5699
0.5687
0.5674
0.5662
0.5649
0.5636
0.5623
0.5610
0.5597
0.5584
0.5571
0.5559
0.5546
0.5533
0.5521
0.5509
0.5497
0.5485
0.5474
0.5463
0.5452
0.5441
0.5431
0.5421
0.5412
0.5403
0.5394
0.5386
0.5378
0.5370
0.5363
0.5356
0.5350
0.5344
0.5338
0.5332
0.5327
0.5322
0.5317
0.5313
0.5309
0.5306
0.5303
0.5300
0.5298
0.5297
0.5296
0.5296
0.5297
0.5298
0.5300
0.5303
0.5306
0.5311
0.5318
0.5327
0.5338
0.5352
0.5368
0.5387
0.5407
0.5428
0.5450
0.5472
0.5495
0.5517
0.5540
0.5562
0.5585
0.5607
0.5629
0.5650
0.5672
0.5692
0.5712
0.5732
0.5751
0.5769
0.5787
0.5804
0.5821
0.5836
0.5851
0.5865
0.5879
0.5892
0.5903
0.5915
0.5925
0.5935
0.5944
0.5952
0.5960
0.5967
0.5973
0.5979
0.5984
0.5989
0.5993
0.5996
0.5999
0.6001
0.6003
0.6005
0.6006
0.6006
0.6006
0.6006
0.6005
0.6004
0.6003
0.6001
0.5999
0.5997
0.5995
0.5993
0.5990
0.5988
0.5985
0.5982
0.5979
0.5976
0.5972
0.5968
0.5963
0.5958
0.5952
0.5946
0.5939
0.5932
0.5923
0.5915
0.5905
0.5895
0.5884
0.5873
0.5861
0.5849
0.5835
0.5822
0.5807
0.5793
0.5777
0.5762
0.5746
0.5729
0.5713
0.5697
0.5680
0.5664
0.5649
0.5634
0.5620
0.5607
0.5594
0.5582
0.5569
0.5558
0.5546
0.5534
0.5522
0.5511
0.5499
0.5487
0.5475
0.5464
0.5452
0.5441
0.5430
0.5419
0.5409
0.5399
0.5390
0.5381
0.5374
0.5367
0.5361
0.5356
0.5351
0.5348
0.5345
0.5343
0.5342
0.5341
0.5341
0.5341
0.5341
0.5342
0.5343
0.5344
0.5345
0.5346
0.5347
0.5347
0.5348
0.5348
0.5348
0.5348
0.5348
0.5347
0.5346
0.5344
0.5343
0.5340
0.5338
0.5335
0.5332
0.5328
0.5324
0.5320
0.5316
0.5311
0.5306
0.5300
0.5295
0.5289
0.5282
0.5276
0.5269
0.5262
0.5255
0.5247
0.5239
0.5231
0.5222
0.5213
0.5204
0.5195
0.5185
0.5176
0.5165
0.5155
0.5145
0.5134
0.5123
0.5112
0.5101
0.5090
0.5079
0.5068
0.5058
0.5048
0.5039
0.5032
0.5027
0.5024
0.5023
0.5026
0.5031
0.5038
0.5047
0.5058
0.5071
0.5085
0.5100
0.5117
0.5135
0.5155
0.5176
0.5198
0.5221
0.5245
0.5271
0.5297
0.5324
0.5352
0.5381
0.5410
0.5440
0.5470
0.5501
0.5531
0.5562
0.5592
0.5623
0.5653
0.5683
0.5712
0.5740
0.5768
0.5796
0.5822
0.5848
0.5873
0.5897
0.5920
0.5942
0.5963
0.5983
0.6002
0.6021
0.6038
0.6054
0.6070
0.6084
0.6098
0.6111
0.6123
0.6134
0.6144
0.6153
0.6162
0.6170
0.6177
0.6184
0.6189
0.6195
0.6199
0.6204
0.6207
0.6210
0.6213
0.6215
0.6217
0.6219
0.6220
0.6221
0.6222
0.6223
0.6223
0.6223
0.6223
0.6223
0.6223
0.6223
0.6223
0.6223
0.6223
0.6223
0.6224
0.6224
0.6225
0.6226
0.6227
0.6228
0.6230
0.6232
0.6234
0.6237
0.6240
0.6243
0.6247
0.6250
0.6254
0.6258
0.6263
0.6267
0.6272
0.6277
0.6282
0.6286
0.6291
0.6296
0.6300
0.6304
0.6309
0.6312
0.6316
0.6319
0.6322
0.6325
0.6327
0.6329
0.6331
0.6332
0.6333
0.6333
0.6333
0.6332
0.6331
0.6329
0.6327
0.6324
0.6321
0.6317
0.6313
0.6308
0.6302
0.6296
0.6289
0.6282
0.6273
0.6265
0.6256
0.6246
0.6235
