0.2554
0.2581
0.2608
0.2636
0.2665
0.2695
0.2725
0.2757
0.2791
0.2828
0.2866
0.2910
0.2960
0.3010
0.3060
0.3111
0.3162
0.3213
0.3263
0.3314
0.3365
0.3417
0.3468
0.3519
0.3571
0.3623
0.3674
0.3726
0.3778
0.3830
0.3881
0.3933
0.3984
0.4035
0.4086
0.4136
0.4186
0.4236
0.4285
0.4334
0.4382
0.4430
0.4477
0.4524
0.4570
0.4615
0.4660
0.4705
0.4749
0.4793
0.4836
0.4878
0.4920
0.4962
0.5002
0.5042
0.5082
0.5121
0.5159
0.5196
0.5233
0.5269
0.5303
0.5337
0.5371
0.5403
0.5434
0.5464
0.5493
0.5521
0.5548
0.5574
0.5599
0.5623
0.5645
0.5667
0.5688
0.5707
0.5726
0.5744
0.5761
0.5777
0.5792
0.5807
0.5820
0.5834
0.5846
0.5858
0.5869
0.5880
0.5891
0.5901
0.5911
0.5920
0.5930
0.5938
0.5947
0.5955
0.5964
0.5972
0.5979
0.5987
0.5994
0.6001
0.6008
0.6015
0.6021
0.6028
0.6033
0.6039
0.6044
0.6049
0.6054
0.6058
0.6062
0.6065
0.6068
0.6071
0.6073
0.6074
0.6075
0.6075
0.6075
0.6075
0.6074
0.6072
0.6070
0.6067
0.6064
0.6060
0.6056
0.6052
0.6046
0.6041
0.6035
0.6029
0.6022
0.6015
0.6007
0.6000
0.5992
0.5983
0.5975
0.5966
0.5958
0.5949
0.5940
0.5931
0.5922
0.5913
0.5904
0.5896
0.5887
0.5879
0.5871
0.5863
0.5855
0.5848
0.5841
0.5834
0.5828
0.5822
0.5816
0.5811
0.5807
0.5803
0.5799
0.5796
0.5793
0.5791
0.5790
0.5789
0.5788
0.5788
0.5788
0.5789
0.5789
0.5790
0.5791
0.5791
0.5792
0.5792
0.5792
0.5792
0.5792
0.5791
0.5789
0.5788
0.5785
0.5782
0.5779
0.5775
0.5771
0.5766
0.5761
0.5755
0.5750
0.5744
0.5738
0.5731
0.5726
0.5720
0.5715
0.5710
0.5705
0.5702
0.5698
0.5695
0.5693
0.5691
0.5690
0.5689
0.5688
0.5688
0.5688
0.5688
0.5688
0.5689
0.5689
0.5690
0.5691
0.5691
0.5692
0.5693
0.5693
0.5693
0.5693
0.5693
0.5692
0.5690
0.5688
0.5686
0.5683
0.5679
0.5675
0.5669
0.5664
0.5657
0.5651
0.5643
0.5635
0.5626
0.5617
0.5607
0.5597
0.5586
0.5575
0.5564
0.5552
0.5540
0.5528
0.5515
0.5502
0.5489
0.5475
0.5462
0.5448
0.5434
0.5420
0.5406
0.5391
0.5377
0.5362
0.5347
0.5333
0.5318
0.5303
0.5288
0.5273
0.5258
0.5243
0.5228
0.5213
0.5198
0.5184
0.5169
0.5154
0.5140
0.5125
0.5111
0.5097
0.5083
0.5069
0.5055
0.5042
0.5029
0.5016
0.5003
0.4991
0.4979
0.4968
0.4957
0.4947
0.4938
0.4929
0.4921
0.4914
0.4909
0.4904
0.4901
0.4899
0.4898
0.4899
0.4901
0.4904
0.4909
0.4915
0.4921
0.4929
0.4938
0.4947
0.4958
0.4969
0.4980
0.4993
0.5006
0.5019
0.5033
0.5048
0.5063
0.5078
0.5093
0.5109
0.5126
0.5142
0.5159
0.5176
0.5194
0.5212
0.5230
0.5249
0.5268
0.5288
0.5308
0.5329
0.5351
0.5374
0.5397
0.5421
0.5445
0.5469
0.5494
0.5519
0.5543
0.5568
0.5593
0.5617
0.5641
0.5665
0.5688
0.5711
0.5733
0.5755
0.5776
0.5796
0.5816
0.5835
0.5852
0.5869
0.5885
0.5900
0.5914
0.5927
0.5939
0.5950
0.5960
0.5968
0.5976
0.5982
0.5987
0.5991
0.5994
0.5996
0.5996
0.5996
0.5994
0.5992
0.5988
0.5984
0.5979
0.5973
0.5967
0.5960
0.5954
0.5947
0.5941
0.5936
0.5931
0.5927
0.5923
0.5919
0.5916
0.5912
0.5908
0.5904
0.5900
0.5895
0.5890
0.5884
0.5878
0.5872
0.5865
0.5858
0.5851
0.5843
0.5835
0.5827
0.5819
0.5811
0.5803
0.5795
0.5788
0.5780
0.5773
0.5765
0.5759
0.5752
0.5745
0.5739
0.5732
0.5726
0.5719
0.5712
0.5706
0.5699
0.5692
0.5685
0.5677
0.5670
0.5663
0.5655
0.5648
0.5640
0.5632
0.5625
0.5617
0.5609
0.5602
0.5594
0.5587
0.5580
0.5573
0.5566
0.5559
0.5553
0.5546
0.5540
0.5535
0.5529
0.5524
0.5520
0.5515
0.5511
0.5508
0.5505
0.5502
0.5500
0.5498
0.5497
0.5496
0.5495
0.5495
0.5495
0.5496
0.5497
0.5499
0.5500
0.5502
0.5505
0.5507
0.5510
0.5512
0.5515
0.5518
0.5521
0.5525
0.5528
0.5531
0.5535
0.5538
0.5542
0.5545
0.5548
0.5552
0.5555
0.5559
0.5562
0.5566
0.5569
0.5572
0.5575
0.5578
0.5581
0.5583
0.5585
0.5587
0.5589
0.5590
0.5591
0.5592
0.5592
0.5592
0.5591
0.5590
0.5589
0.5588
0.5586
0.5584
0.5581
0.5578
0.5575
0.5571
0.5568
0.5564
0.5560
0.5555
0.5551
0.5546
0.5541
0.5536
0.5532
0.5527
0.5522
0.5517
0.5512
0.5508
0.5503
0.5499
0.5494
0.5490
0.5486
0.5482
0.5478
0.5475
0.5471
0.5468
0.5464
0.5460
0.5457
0.5453
0.5449
0.5445
0.5440
0.5436
0.5431
0.5425
0.5419
0.5413
0.5406
0.5399
0.5391
0.5383
0.5375
0.5366
0.5357
0.5348
0.5338
0.5329
0.5319
0.5309
0.5299
0.5290
0.5280
0.5270
0.5260
0.5249
0.5239
0.5229
0.5218
0.5207
0.5196
0.5184
0.5173
0.5161
0.5149
0.5137
0.5124
0.5112
0.5099
0.5086
0.5073
0.5061
0.5048
0.5036
0.5024
0.5012
0.5000
0.4989
0.4979
0.4969
0.4960
0.4952
0.4944
0.4937
0.4930
0.4923
0.4917
0.4911
0.4905
0.4900
0.4896
0.4896
0.4902
0.4912
0.4924
0.4937
0.4950
0.4964
0.4979
0.4994
0.5010
0.5027
0.5044
0.5062
0.5081
0.5101
0.5122
0.5144
0.5167
0.5190
0.5214
0.5239
0.5264
0.5290
0.5316
0.5342
0.5368
0.5394
0.5420
0.5446
0.5472
0.5497
0.5521
0.5546
0.5569
0.5593
0.5615
0.5637
0.5658
0.5679
0.5698
0.5717
0.5736
0.5753
0.5770
0.5786
0.5802
0.5816
0.5831
0.5844
0.5857
0.5869
0.5880
0.5891
0.5902
0.5912
0.5921
0.5929
0.5937
0.5945
0.5952
0.5958
0.5964
0.5969
0.5974
0.5978
0.5982
0.5985
0.5988
0.5990
0.5991
0.5992
0.5992
0.5992
0.5991
0.5990
0.5988
0.5985
0.5982
0.5978
0.5974
0.5969
0.5964
0.5958
0.5952
0.5945
0.5937
0.5929
0.5921
0.5912
0.5902
0.5892
0.5882
0.5871
0.5860
0.5849
0.5837
0.5825
0.5812
0.5800
0.5787
0.5774
0.5761
0.5747
0.5734
0.5720
0.5707
0.5693
0.5680
0.5666
0.5653
0.5639
0.5626
0.5613
0.5599
0.5587
0.5574
0.5561
0.5549
0.5537
0.5525
0.5514
0.5502
0.5492
0.5481
0.5471
0.5461
0.5452
0.5443
0.5435
0.5427
0.5419
0.5412
0.5406
0.5400
0.5395
0.5390
0.5386
0.5382
0.5379
0.5377
0.5375
0.5374
0.5373
0.5373
0.5374
0.5376
0.5378
0.5381
0.5388
0.5397
0.5407
0.5417
0.5428
0.5440
0.5452
0.5465
0.5479
0.5493
0.5508
0.5524
0.5541
0.5558
0.5576
0.5594
0.5613
0.5632
0.5651
0.5671
0.5691
0.5711
0.5731
0.5751
0.5771
0.5790
0.5809
0.5828
0.5846
0.5863
0.5880
0.5896
0.5911
0.5926
0.5939
0.5952
0.5963
0.5974
0.5984
0.5993
0.6001
0.6008
0.6014
0.6019
0.6023
0.6027
0.6030
0.6032
0.6033
0.6034
0.6034
0.6033
0.6032
0.6031
0.6028
0.6025
0.6022
0.6018
0.6014
0.6010
0.6005
0.5999
0.5994
0.5988
0.5982
0.5975
0.5968
0.5961
0.5954
0.5946
0.5938
0.5930
0.5922
0.5914
0.5905
0.5896
0.5888
0.5879
0.5870
0.5861
0.5851
0.5842
0.5833
0.5825
0.5817
0.5811
0.5810
0.5811
0.5813
0.5815
0.5818
0.5821
0.5824
0.5828
0.5832
0.5836
0.5840
0.5844
0.5849
0.5853
0.5858
0.5862
0.5867
0.5872
0.5876
0.5881
0.5886
0.5890
0.5894
0.5899
0.5903
0.5907
0.5910
0.5914
0.5918
0.5921
0.5924
0.5927
0.5930
0.5932
0.5935
0.5937
0.5939
0.5941
0.5942
0.5943
0.5944
0.5945
0.5945
0.5944
0.5943
0.5942
0.5940
0.5937
0.5934
0.5930
0.5926
0.5920
0.5914
0.5907
0.5900
0.5892
0.5883
0.5873
0.5863
0.5852
0.5840
0.5828
0.5815
0.5801
0.5787
0.5773
0.5758
0.5743
0.5727
0.5711
0.5695
0.5678
0.5662
0.5645
0.5628
0.5611
0.5595
0.5578
0.5562
0.5547
0.5531
0.5516
0.5502
0.5489
0.5476
0.5464
0.5453
0.5442
0.5433
0.5425
0.5417
0.5411
0.5406
0.5401
0.5398
0.5395
0.5394
0.5393
0.5393
0.5394
0.5396
0.5399
0.5402
0.5406
0.5410
0.5415
0.5421
0.5427
0.5434
0.5441
0.5448
0.5456
0.5464
0.5473
0.5481
0.5490
0.5499
0.5508
0.5517
0.5526
0.5535
0.5545
0.5554
0.5562
0.5571
0.5579
0.5587
0.5595
0.5602
0.5609
0.5616
0.5622
0.5628
0.5633
0.5638
0.5642
0.5646
0.5650
0.5653
0.5656
0.5659
0.5662
0.5664
0.5667
0.5669
0.5671
0.5674
0.5676
0.5679
0.5682
0.5686
0.5690
0.5694
0.5698
0.5704
0.5709
0.5715
0.5721
0.5728
0.5735
0.5742
0.5749
0.5756
0.5763
0.5770
