0.16146	5.93267e-02
0.15904	6.63534e-02
0.20912	8.87042e-02
0.14762	7.92135e-02
0.13211	4.38450e-02
0.15947	6.06093e-02
0.14255	6.73102e-02
0.11625	5.85711e-02
0.15285	9.30378e-02
0.13528	5.62314e-02
0.11074	5.77521e-02
0.11243	5.83108e-02
0.08907	6.47440e-02
0.10455	6.37642e-02
0.11714	5.90342e-02
0.17787	6.35251e-02
0.11912	7.11715e-02
0.10431	6.91787e-02
0.14745	8.30001e-02
0.13553	8.35371e-02
0.10792	4.98362e-02
0.17229	7.39685e-02
0.18800	6.98524e-02
0.12383	3.99384e-02
0.12621	8.12752e-02
0.13369	4.69309e-02
0.17002	8.22805e-02
0.11962	3.74070e-02
0.11540	5.90485e-02
0.11977	9.07430e-02
0.14682	5.87379e-02
0.15154	5.48458e-02
0.12694	5.93016e-02
0.14566	5.78997e-02
0.14280	6.46815e-02
0.13083	4.53018e-02
0.16850	8.68921e-02
0.14314	7.17419e-02
0.10342	7.05783e-02
0.14757	4.45381e-02
0.17033	6.03010e-02
0.14421	6.77721e-02
0.15593	5.83974e-02
0.12075	4.63005e-02
0.13434	5.54479e-02
0.14112	6.14983e-02
0.18554	7.29378e-02
0.14883	6.66555e-02
0.14660	6.54652e-02
0.12492	6.96936e-02
0.11823	6.17899e-02
0.15153	6.24235e-02
0.11366	5.83075e-02
0.14878	5.40214e-02
0.17978	7.65852e-02
0.14489	5.90435e-02
0.11670	6.25162e-02
0.12975	5.91917e-02
0.12534	6.02419e-02
0.11576	5.06315e-02
0.13248	6.31694e-02
0.10824	6.25669e-02
0.13957	6.14561e-02
0.13600	6.67670e-02
0.14347	6.92883e-02
0.13427	6.84293e-02
0.14553	7.15669e-02
0.08978	6.36719e-02
0.12575	6.57032e-02
0.13565	6.10485e-02
0.12502	4.98917e-02
0.11811	5.21273e-02
0.11823	5.02742e-02
0.14127	6.53535e-02
0.13550	5.04371e-02
0.12730	4.82730e-02
0.13653	8.16419e-02
0.13639	7.56191e-02
0.14678	7.98354e-02
0.13734	5.70374e-02
0.12786	4.75877e-02
0.12578	5.22999e-02
0.11099	4.10484e-02
0.14407	6.35242e-02
0.16417	7.42853e-02
0.14181	6.00830e-02
0.12336	3.69948e-02
0.14905	5.93692e-02
0.08706	6.29808e-02
0.14043	7.29695e-02
0.11071	6.59813e-02
0.12772	6.03363e-02
0.10822	5.28454e-02
0.11127	3.92920e-02
0.12966	6.72697e-02
0.08293	3.68328e-02
0.16518	6.72751e-02
0.12434	3.98643e-02
0.11179	4.65618e-02
0.09764	7.62879e-02
0.08349	5.47878e-02
0.08293	5.44472e-02
0.08537	5.19750e-02
0.08181	4.26226e-02
0.08917	3.86796e-02
0.10143	4.41602e-02
0.12093	3.65306e-02
0.11627	2.85833e-02
0.11567	3.21484e-02
0.08370	4.89600e-02
0.06048	3.56306e-02
0.06588	3.76335e-02
0.07712	7.64504e-02
0.06902	7.66472e-02
0.09267	7.31519e-02
0.09563	7.29208e-02
0.13351	5.90929e-02
0.11302	4.39199e-02
0.11123	4.77727e-02
0.10724	4.67574e-02
0.10878	4.56398e-02
0.11603	4.75353e-02
0.09471	4.16618e-02
0.11033	5.06844e-02
0.12390	6.14028e-02
0.12057	6.37108e-02
0.12057	6.37108e-02
0.12883	5.83211e-02
0.13611	4.77252e-02
0.13611	4.77252e-02
0.14257	6.36251e-02
0.14201	6.37469e-02
0.14812	6.48041e-02
0.12113	6.79255e-02
0.12020	6.34121e-02
0.12478	5.95590e-02
0.11712	5.08702e-02
0.10725	5.30035e-02
0.10725	5.30035e-02
0.10331	5.56576e-02
0.10108	5.54771e-02
0.10108	5.54771e-02
0.10502	5.12395e-02
0.09305	4.62962e-02
0.09638	4.80056e-02
0.10280	5.68952e-02
0.10717	5.34502e-02
0.11844	4.61857e-02
0.13918	5.15344e-02
0.11175	4.43289e-02
0.11994	4.34133e-02
0.11994	4.34133e-02
0.12426	4.93384e-02
0.12745	5.33586e-02
0.11227	5.22573e-02
0.11525	5.69036e-02
0.10369	5.77129e-02
0.10369	5.77129e-02
0.08020	3.11042e-02
0.08487	3.32035e-02
0.11486	5.49633e-02
0.11677	5.55580e-02
0.11677	5.55580e-02
0.12472	6.78334e-02
0.15059	6.47487e-02
0.13382	5.21934e-02
0.09859	3.98877e-02
0.09314	3.37072e-02
0.09041	3.52299e-02
0.11278	5.41514e-02
0.12161	6.47604e-02
0.10715	7.03486e-02
0.11007	7.02553e-02
0.11075	7.05127e-02
0.13847	5.81692e-02
0.14134	6.45310e-02
0.11246	5.30601e-02
0.09892	4.46594e-02
0.12513	5.21610e-02
0.13077	5.44609e-02
0.13306	6.36725e-02
0.13243	6.91101e-02
0.10569	6.39177e-02
0.10324	4.89503e-02
0.10182	3.26555e-02
0.09563	4.13612e-02
0.12086	4.44838e-02
0.12094	4.66779e-02
0.11182	4.69692e-02
0.11182	4.69692e-02
0.11322	4.76519e-02
0.11322	4.76519e-02
0.10938	4.43321e-02
0.12748	5.69218e-02
0.12233	5.53079e-02
0.12365	5.55355e-02
0.12365	5.55355e-02
0.13762	6.52767e-02
0.12118	5.95627e-02
0.12806	6.48203e-02
0.13547	5.84729e-02
0.13601	5.37530e-02
0.14418	6.40319e-02
0.14227	6.59423e-02
0.13438	7.25269e-02
0.13891	7.29936e-02
0.14331	5.87753e-02
0.13265	4.58635e-02
0.11313	4.54061e-02
0.12678	4.71324e-02
0.13375	5.14299e-02
0.13695	6.67481e-02
0.15335	7.58132e-02
0.15539	7.28207e-02
0.13864	5.83591e-02
0.13801	7.24941e-02
0.13225	6.70325e-02
0.11410	7.14269e-02
0.11788	7.18297e-02
0.07480	4.49342e-02
0.07456	4.47705e-02
0.10664	8.14574e-02
0.12746	8.69827e-02
0.12297	8.68332e-02
0.13596	5.33680e-02
0.13535	5.37709e-02
0.13297	4.97986e-02
0.12209	4.83926e-02
0.10964	4.37126e-02
0.10956	4.36164e-02
0.10492	5.34953e-02
0.11691	5.95408e-02
0.12092	6.35498e-02
0.09817	3.97932e-02
0.10829	4.23436e-02
0.14008	5.95405e-02
0.15600	5.55802e-02
0.15321	5.61958e-02
0.15527	2.39479e-02
0.15336	2.32547e-02
0.15063	5.14897e-02
0.16787	4.92163e-02
0.13560	7.66646e-02
0.11698	8.20572e-02
0.13165	8.49991e-02
0.16858	7.54582e-02
0.15036	5.47409e-02
0.12266	6.41514e-02
0.11537	5.82494e-02
0.12143	5.54062e-02
0.12305	7.06281e-02
0.15543	7.00840e-02
0.16540	7.63467e-02
0.16392	7.68392e-02
0.17942	7.43270e-02
0.16973	6.73119e-02
0.16091	7.49421e-02
0.16905	7.41169e-02
0.16905	7.41169e-02
0.16746	8.87201e-02
0.17977	7.85253e-02
0.18765	6.50801e-02
0.14117	7.37291e-02
0.13453	7.44234e-02
0.09649	5.44200e-02
0.11025	3.70385e-02
0.10730	4.30031e-02
0.10649	4.19726e-02
0.11078	4.18759e-02
0.12845	3.11715e-02
0.11537	3.84812e-02
0.13497	4.61089e-02
0.14546	5.15545e-02
0.14751	5.03513e-02
0.14455	4.59967e-02
0.15970	4.91950e-02
0.16517	9.31061e-02
0.16068	9.85426e-02
0.15059	1.00664e-01
0.14722	1.01493e-01
0.15022	1.00191e-01
0.12989	9.27392e-02
0.13559	8.72558e-02
0.14401	8.68212e-02
0.12820	6.62786e-02
0.14245	7.20084e-02
0.13568	8.05283e-02
0.15908	8.85512e-02
0.12944	6.94693e-02
0.12944	6.94693e-02
0.14939	6.83942e-02
0.14306	6.10497e-02
0.11798	5.96406e-02
0.13872	5.48061e-02
0.15205	4.48562e-02
0.15205	4.48562e-02
0.15397	4.46046e-02
0.14740	6.38955e-02
0.15405	6.73446e-02
0.15243	6.64864e-02
0.15190	6.64024e-02
0.16959	8.22346e-02
0.17200	8.68007e-02
0.12821	8.35780e-02
0.15830	6.77582e-02
0.13349	4.76940e-02
0.13101	4.73262e-02
0.11004	4.58402e-02
0.15192	6.72273e-02
0.14923	6.78149e-02
0.14923	6.78149e-02
0.14184	6.94888e-02
0.16597	7.83997e-02
0.15530	6.85983e-02
0.15262	7.30101e-02
0.16717	6.66811e-02
0.16717	6.66811e-02
0.16047	7.36477e-02
0.16551	6.50241e-02
0.19685	6.26501e-02
0.19685	6.26501e-02
0.20037	7.76487e-02
0.14651	6.95217e-02
0.14394	6.77962e-02
0.12911	7.76064e-02
0.16173	7.39913e-02
0.17614	6.89887e-02
0.19534	6.61945e-02
0.18336	7.45558e-02
0.19978	6.73900e-02
0.20444	6.71797e-02
0.21012	7.21849e-02
0.19347	7.97317e-02
0.17235	6.67916e-02
0.18748	9.79531e-02
0.17041	9.98199e-02
0.17133	1.03253e-01
0.16753	1.00686e-01
0.16167	9.71690e-02
0.16167	9.71690e-02
0.16831	1.03493e-01
0.15384	9.20284e-02
0.16832	8.57566e-02
0.15187	6.28450e-02
0.14923	6.58147e-02
0.14681	7.09944e-02
0.16058	8.97845e-02
0.17669	7.69860e-02
0.16353	5.69307e-02
0.17278	6.24740e-02
0.16085	7.76674e-02
0.16118	7.80405e-02
0.17082	7.54523e-02
0.16680	5.79619e-02
0.16861	6.12361e-02
0.17772	8.30845e-02
0.17772	8.30845e-02
0.13964	5.36998e-02
0.11225	6.35258e-02
0.13947	5.81236e-02
0.13947	5.81236e-02
0.12774	4.43985e-02
0.12504	4.68464e-02
0.12367	7.18613e-02
0.15348	8.01067e-02
0.17123	9.88292e-02
0.19012	9.76293e-02
0.18654	1.04239e-01
0.18014	1.05386e-01
0.13871	6.57369e-02
0.14197	5.85782e-02
0.15241	4.43778e-02
0.14110	5.38561e-02
0.14110	5.38561e-02
0.12499	6.62626e-02
0.15662	4.69363e-02
0.16949	4.76926e-02
0.16949	4.76926e-02
0.09327	6.24680e-02
0.09327	6.24680e-02
0.09327	6.24680e-02
0.09773	7.20688e-02
0.11733	5.48876e-02
0.13425	4.86311e-02
0.11359	5.75351e-02
0.06693	8.81258e-03
0.06693	8.81258e-03
0.08322	2.66415e-02
0.08322	2.66415e-02
0.18518	8.30302e-02
0.21900	4.22474e-02
0.19105	6.51991e-02
0.19105	6.51991e-02
0.19105	6.51991e-02
0.18521	7.18476e-02
0.18521	7.18476e-02
0.23379	4.17613e-02
0.17061	8.96297e-02
0.20472	5.15212e-02
0.18149	1.95065e-02
0.18149	1.95065e-02
0.17547	1.19680e-02
0.17547	1.19680e-02
0.17547	1.19680e-02
0.18904	9.56559e-03
0.19302	5.43438e-03
0.17381	2.17284e-02
0.17381	2.17284e-02
0.19362	4.31694e-02
0.19362	4.31694e-02
0.19362	4.31694e-02
0.19362	4.31694e-02
0.18734	4.46953e-02
0.14191	6.44272e-02
0.14191	6.44272e-02
0.17176	9.77648e-02
0.17086	1.00069e-01
0.22990	6.22807e-02
0.22279	6.93921e-02
0.22279	6.93921e-02
0.22279	6.93921e-02
0.20528	5.18829e-02
0.15339	0.00000e+00
0.15339	0.00000e+00
0.15339	0.00000e+00
0.15339	0.00000e+00
0.15339	0.00000e+00
0.15339	0.00000e+00
0.15339	0.00000e+00
0.13747	0.00000e+00
0.13747	0.00000e+00
0.13747	0.00000e+00
0.09955	0.00000e+00
0.11361	0.00000e+00
0.11361	0.00000e+00
0.11361	0.00000e+00
0.11361	0.00000e+00
0.11361	0.00000e+00
0.11361	0.00000e+00
0.14061	0.00000e+00
0.14061	0.00000e+00
0.14061	0.00000e+00
0.14061	0.00000e+00
0.14061	0.00000e+00
0.14452	0.00000e+00
0.14452	0.00000e+00
0.14452	0.00000e+00
0.14452	0.00000e+00
0.14452	0.00000e+00
0.14452	0.00000e+00
0.14452	0.00000e+00
0.14452	0.00000e+00
0.14452	0.00000e+00
0.14452	0.00000e+00
0.24958	0.00000e+00
0.24958	0.00000e+00
0.24958	0.00000e+00
0.24958	0.00000e+00
0.24958	0.00000e+00
0.19265	0.00000e+00
0.11601	0.00000e+00
0.11601	0.00000e+00
0.11601	0.00000e+00
0.11601	0.00000e+00
0.11601	0.00000e+00
0.11601	0.00000e+00
0.11601	0.00000e+00
0.11601	0.00000e+00
0.11601	0.00000e+00
0.11123	0.00000e+00
