0.96005	6.56313e-03
0.93754	1.19107e-02
0.91875	1.89488e-02
0.89373	3.91876e-02
0.87211	4.91297e-02
0.86934	2.79857e-02
0.84934	4.39430e-02
0.82412	5.31635e-02
0.78300	6.54256e-02
0.73391	7.37857e-02
0.72087	7.96768e-02
0.69526	1.04276e-01
0.65935	7.14752e-02
0.63369	1.15364e-01
0.60448	9.80631e-02
0.64882	9.66231e-02
0.64461	1.11079e-01
0.65111	1.30232e-01
0.66630	8.48971e-02
0.67604	8.09995e-02
0.67186	9.81447e-02
0.68492	8.02990e-02
0.71015	5.31693e-02
0.66829	6.82857e-02
0.68802	6.20081e-02
0.69919	5.44916e-02
0.67486	7.80160e-02
0.69102	6.39750e-02
0.67069	8.98659e-02
0.69555	6.86990e-02
0.66989	8.43763e-02
0.67941	8.15434e-02
0.66788	8.99192e-02
0.67489	5.63729e-02
0.68176	8.04641e-02
0.65741	8.90375e-02
0.70948	7.85355e-02
0.68421	6.45902e-02
0.70304	7.11993e-02
0.67978	6.82384e-02
0.70384	5.49852e-02
0.69245	5.58790e-02
0.67167	5.04623e-02
0.67320	4.37135e-02
0.68824	4.82607e-02
0.68188	5.39003e-02
0.67652	4.96263e-02
0.67210	5.39962e-02
0.66622	4.07332e-02
0.66040	4.37380e-02
0.65974	6.14867e-02
0.68123	4.51546e-02
0.65706	5.39554e-02
0.66413	5.43806e-02
0.65079	5.45872e-02
0.67312	6.37014e-02
0.64382	4.55850e-02
0.64740	5.28812e-02
0.62723	3.52942e-02
0.64417	4.91611e-02
0.63082	3.89699e-02
0.60459	4.25428e-02
0.60309	5.62310e-02
0.61818	5.31563e-02
0.56506	5.95039e-02
0.61450	4.25983e-02
0.59427	8.48757e-02
0.56906	5.84456e-02
0.57970	5.13118e-02
0.56699	5.15685e-02
0.54901	6.37312e-02
0.50995	5.53424e-02
0.55407	5.77680e-02
0.51279	6.57499e-02
0.48194	9.19590e-02
0.51603	8.36066e-02
0.53321	5.24965e-02
0.49428	7.60784e-02
0.54347	6.64841e-02
0.47225	6.35236e-02
0.51249	4.53527e-02
0.49216	6.28076e-02
0.48007	7.01327e-02
0.45004	9.37444e-02
0.46435	5.81222e-02
0.45373	7.35494e-02
0.41614	3.56377e-02
0.43737	7.48927e-02
0.41923	7.16511e-02
0.39797	7.99580e-02
0.39768	6.82578e-02
0.41954	6.97121e-02
0.41220	5.73365e-02
0.39208	3.66904e-02
0.37888	5.98992e-02
0.39663	6.87694e-02
0.37567	6.95346e-02
0.39748	7.61698e-02
0.35841	9.22703e-02
0.36744	6.07384e-02
0.37738	6.81282e-02
0.37378	6.92801e-02
0.37075	7.60244e-02
0.37156	7.60727e-02
0.37479	7.70327e-02
0.38566	7.11596e-02
0.37073	6.71411e-02
0.36706	6.68200e-02
0.36706	6.68200e-02
0.36706	6.68200e-02
0.36706	6.68200e-02
0.38788	7.70888e-02
0.38786	7.78196e-02
0.38482	7.43996e-02
0.38619	6.80431e-02
0.39426	6.37612e-02
0.39889	6.86556e-02
0.39091	6.57227e-02
0.39323	6.68968e-02
0.39759	7.13027e-02
0.41049	7.53784e-02
0.39694	9.62751e-02
0.39331	9.74360e-02
0.41160	7.25740e-02
0.42843	7.41481e-02
0.43620	8.37020e-02
0.43738	7.26371e-02
0.44901	6.84830e-02
0.45368	6.98102e-02
0.45368	6.98102e-02
0.44842	6.22553e-02
0.46148	7.66445e-02
0.46148	7.66445e-02
0.45465	4.86100e-02
0.48115	4.52030e-02
0.48179	4.36554e-02
0.45181	6.38000e-02
0.46747	6.78557e-02
0.46747	6.78557e-02
0.46530	7.10766e-02
0.47161	7.54464e-02
0.49011	7.57678e-02
0.49277	7.67121e-02
0.50345	7.58294e-02
0.49658	7.66808e-02
0.50176	7.82744e-02
0.50655	6.15658e-02
0.49305	6.32831e-02
0.50188	6.34207e-02
0.49865	6.42210e-02
0.49104	5.70148e-02
0.49025	5.73767e-02
0.50846	5.03009e-02
0.50720	5.50569e-02
0.53313	5.13335e-02
0.53313	5.13335e-02
0.53236	4.99811e-02
0.54509	3.59717e-02
0.54220	3.94331e-02
0.52990	3.15492e-02
0.53095	4.91062e-02
0.53095	4.91062e-02
0.53670	5.39650e-02
0.53305	5.56165e-02
0.50801	8.26473e-02
0.49540	7.43354e-02
0.49454	6.94274e-02
0.50389	6.53272e-02
0.53024	7.87849e-02
0.53743	5.89371e-02
0.54303	5.18925e-02
0.53206	3.68248e-02
0.53539	5.01995e-02
0.56195	5.95058e-02
0.56174	5.85530e-02
0.55282	5.95627e-02
0.55995	6.23622e-02
0.55677	5.49918e-02
0.55523	6.75066e-02
0.55401	7.19734e-02
0.56212	6.80390e-02
0.56200	6.49511e-02
0.54870	6.29729e-02
0.56429	7.32715e-02
0.59410	4.50241e-02
0.60099	3.04884e-02
0.60257	3.59004e-02
0.60550	5.32437e-02
0.61530	5.60316e-02
0.60545	5.06957e-02
0.61501	5.57136e-02
0.60694	6.16049e-02
0.60655	6.17804e-02
0.60371	6.24348e-02
0.60366	6.24492e-02
0.60579	4.36359e-02
0.60048	4.30974e-02
0.60641	4.46198e-02
0.62537	4.35481e-02
0.62410	5.09737e-02
0.62822	5.88477e-02
0.64307	4.88273e-02
0.63776	5.54858e-02
0.62907	6.96942e-02
0.60141	5.35625e-02
0.60316	5.40183e-02
0.61603	6.05683e-02
0.61335	5.93410e-02
0.62546	4.38964e-02
0.62286	4.52885e-02
0.64163	4.49294e-02
0.64188	4.45032e-02
0.64748	5.21694e-02
0.64597	5.05706e-02
0.63577	3.91478e-02
0.64128	3.69439e-02
0.64128	3.69439e-02
0.64385	4.05591e-02
0.64568	5.93070e-02
0.67268	5.95592e-02
0.67520	6.01374e-02
0.67189	6.48527e-02
0.67189	6.48527e-02
0.67207	6.47921e-02
0.65889	4.80612e-02
0.66333	6.04342e-02
0.67430	5.58767e-02
0.67401	7.07048e-02
0.67673	6.87386e-02
0.67381	6.96921e-02
0.67537	7.08087e-02
0.68643	7.13990e-02
0.69352	5.63331e-02
0.69942	5.88537e-02
0.69678	5.78242e-02
0.69375	5.60653e-02
0.71519	2.96945e-02
0.71519	2.96945e-02
0.71951	3.13629e-02
0.69470	4.27947e-02
0.70746	4.87219e-02
0.70746	4.87219e-02
0.70680	6.18497e-02
0.70694	6.19336e-02
0.71227	6.34973e-02
0.71227	6.34973e-02
0.71111	5.81879e-02
0.71383	5.42535e-02
0.71871	3.99413e-02
0.72229	3.94456e-02
0.71871	3.61492e-02
0.71905	5.02238e-02
0.72209	5.55028e-02
0.71757	6.18616e-02
0.72380	6.08821e-02
0.72292	6.11007e-02
0.72292	6.11007e-02
0.71776	6.25970e-02
0.72446	5.41858e-02
0.73692	5.47474e-02
0.73024	4.81606e-02
0.74046	4.61519e-02
0.74165	4.63847e-02
0.72985	4.35149e-02
0.72985	4.35149e-02
0.73610	5.12010e-02
0.74603	5.96706e-02
0.74761	6.03131e-02
0.74905	5.93207e-02
0.74614	6.21194e-02
0.74286	5.89611e-02
0.74368	5.81210e-02
0.74570	6.23762e-02
0.75235	6.58794e-02
0.74409	6.59336e-02
0.75434	6.92121e-02
0.76328	7.53987e-02
0.75753	7.24683e-02
0.76128	7.33944e-02
0.75032	8.85133e-02
0.75615	8.57541e-02
0.76255	8.98949e-02
0.78835	5.49383e-02
0.78563	5.36618e-02
0.78783	5.19745e-02
0.78200	5.62252e-02
0.78034	5.71759e-02
0.78626	5.67397e-02
0.78370	5.59554e-02
0.78817	5.63789e-02
0.79035	5.05943e-02
0.77830	4.50607e-02
0.78164	4.60615e-02
0.77934	4.67939e-02
0.78443	4.75336e-02
0.78867	4.48463e-02
0.79176	4.91180e-02
0.79612	5.76540e-02
0.80155	5.66464e-02
0.80499	5.40173e-02
0.80606	5.38146e-02
0.80866	5.20140e-02
0.81126	5.19069e-02
0.81515	5.24599e-02
0.81922	5.53112e-02
0.82473	4.21403e-02
0.81740	5.64009e-02
0.82089	6.13878e-02
0.81852	6.23210e-02
0.81898	6.07435e-02
0.81898	6.07435e-02
0.83401	5.37797e-02
0.83645	5.49557e-02
0.83705	6.12019e-02
0.83630	6.02362e-02
0.83586	6.75249e-02
0.83408	6.68967e-02
0.84600	4.02611e-02
0.85257	4.49418e-02
0.85327	4.42792e-02
0.85529	4.13957e-02
0.86146	4.32690e-02
0.86047	4.40246e-02
0.86251	4.22257e-02
0.86383	4.85138e-02
0.86661	4.62534e-02
0.86059	6.03014e-02
0.86371	5.37835e-02
0.86740	5.49624e-02
0.86554	4.90679e-02
0.86638	5.81026e-02
0.86348	5.89977e-02
0.86162	5.86938e-02
0.86253	5.52428e-02
0.86136	5.41854e-02
0.86512	5.65188e-02
0.86430	5.60424e-02
0.87276	4.33627e-02
0.87376	5.35930e-02
0.87429	5.33832e-02
0.87244	5.25013e-02
0.87052	5.31437e-02
0.87052	5.31437e-02
0.87223	5.22829e-02
0.87367	5.38486e-02
0.87668	4.59978e-02
0.88268	4.85021e-02
0.87987	4.69696e-02
0.88375	4.90570e-02
0.88794	4.95827e-02
0.89278	5.52099e-02
0.89730	5.32348e-02
0.88462	4.83574e-02
0.88668	4.91852e-02
0.88636	4.91564e-02
0.89133	5.20521e-02
0.89074	5.20446e-02
0.89164	5.19695e-02
0.89214	5.12701e-02
0.89520	5.44875e-02
0.89516	5.44386e-02
0.89352	6.14052e-02
0.90553	5.30533e-02
0.90283	5.51502e-02
0.90916	5.21572e-02
0.90404	5.14512e-02
0.90404	5.09860e-02
0.88977	4.59258e-02
0.88977	4.59258e-02
0.89213	4.60597e-02
0.88780	4.23406e-02
0.88458	4.74994e-02
0.89247	5.42211e-02
0.89247	5.42211e-02
0.89663	5.71077e-02
0.90328	4.46061e-02
0.90328	4.46061e-02
0.90554	4.54796e-02
0.90131	4.60483e-02
0.90449	4.91880e-02
0.90449	4.91822e-02
0.90211	4.46832e-02
0.91181	4.61235e-02
0.91808	4.40803e-02
0.91807	4.63517e-02
0.88729	3.48019e-02
0.89694	4.11913e-02
0.90061	4.34326e-02
0.90583	3.60515e-02
0.89950	3.15950e-02
0.89950	3.15950e-02
0.89950	3.15950e-02
0.90277	2.69846e-02
0.90277	2.69846e-02
0.91720	3.43952e-02
0.91718	3.43712e-02
0.91729	3.44946e-02
0.89689	2.65308e-02
0.89689	2.65308e-02
0.89689	2.65308e-02
0.89964	2.92826e-02
0.89803	2.50774e-02
0.89803	2.50774e-02
0.89803	2.50774e-02
0.91737	4.44120e-02
0.91737	4.44120e-02
0.91008	5.17033e-02
0.91008	5.17033e-02
0.93870	2.30798e-02
0.93856	2.29391e-02
0.90266	0.00000e+00
0.93067	0.00000e+00
0.93067	0.00000e+00
0.93067	0.00000e+00
0.90700	0.00000e+00
0.90700	0.00000e+00
0.90033	0.00000e+00
0.90033	0.00000e+00
0.90033	0.00000e+00
0.90033	0.00000e+00
0.90033	0.00000e+00
0.92260	0.00000e+00
0.92260	0.00000e+00
0.92260	0.00000e+00
0.93537	0.00000e+00
0.93590	0.00000e+00
0.95566	0.00000e+00
