0.98600	2.16193e-03
0.97417	9.88908e-03
0.96312	1.64261e-02
0.95624	1.61080e-02
0.93264	2.66993e-02
0.91623	3.43732e-02
0.89658	5.75424e-02
0.90846	5.36132e-02
0.89476	4.46736e-02
0.88607	2.89381e-02
0.86389	5.11460e-02
0.85694	5.15817e-02
0.85525	3.66303e-02
0.81138	4.23932e-02
0.79846	5.37008e-02
0.78257	7.70958e-02
0.82579	4.96480e-02
0.81843	6.77897e-02
0.82563	3.56530e-02
0.83262	3.52043e-02
0.84108	4.29466e-02
0.83161	4.27005e-02
0.83196	3.67070e-02
0.82238	5.51425e-02
0.82803	4.66149e-02
0.81464	5.23153e-02
0.82325	4.72550e-02
0.81534	3.49767e-02
0.78528	5.08890e-02
0.80361	5.04427e-02
0.79104	3.65041e-02
0.80902	4.60465e-02
0.78991	4.75117e-02
0.79982	4.35131e-02
0.78298	4.33775e-02
0.79877	4.12062e-02
0.78691	5.58412e-02
0.79311	2.02915e-02
0.77119	4.02795e-02
0.78188	3.37165e-02
0.76901	4.50027e-02
0.76504	4.21794e-02
0.76458	3.00096e-02
0.75595	2.25374e-02
0.77585	3.89913e-02
0.75963	4.43572e-02
0.75184	3.92154e-02
0.77576	5.66107e-02
0.74395	1.84928e-02
0.75673	4.87766e-02
0.72735	5.70529e-02
0.75506	3.34587e-02
0.73585	2.78464e-02
0.73904	3.92810e-02
0.72617	2.97545e-02
0.72975	5.47764e-02
0.72770	4.43366e-02
0.70481	3.38782e-02
0.70826	4.64661e-02
0.69853	4.70638e-02
0.70071	3.73881e-02
0.68468	6.62724e-02
0.68099	4.73209e-02
0.68915	4.01124e-02
0.68539	3.71324e-02
0.64434	5.90325e-02
0.65465	4.20666e-02
0.64555	5.30180e-02
0.63753	4.62245e-02
0.62059	5.26826e-02
0.63992	4.67406e-02
0.60916	4.79179e-02
0.64350	5.58695e-02
0.58540	5.68323e-02
0.59342	5.52312e-02
0.57686	4.15957e-02
0.58373	5.69173e-02
0.60087	5.77935e-02
0.55974	5.31581e-02
0.53573	5.38626e-02
0.55888	5.23821e-02
0.51648	8.08375e-02
0.52135	7.21361e-02
0.53321	3.91968e-02
0.52582	6.34967e-02
0.46742	5.61910e-02
0.49712	5.17022e-02
0.47727	7.61781e-02
0.47629	5.49116e-02
0.47194	5.96661e-02
0.46455	4.70169e-02
0.43253	6.22478e-02
0.47308	6.84288e-02
0.44784	4.75912e-02
0.43578	5.68924e-02
0.43894	5.48396e-02
0.45499	6.83881e-02
0.41449	7.63901e-02
0.40687	7.97456e-02
0.43771	5.46266e-02
0.43784	5.47284e-02
0.43829	5.43400e-02
0.41344	5.49021e-02
0.40497	6.23055e-02
0.42841	7.83362e-02
0.43006	8.13862e-02
0.43208	8.50887e-02
0.44272	7.59883e-02
0.45847	7.10745e-02
0.45269	8.25371e-02
0.46577	7.15129e-02
0.47961	8.70614e-02
0.47914	8.50266e-02
0.49611	7.96543e-02
0.48670	8.18435e-02
0.48939	8.35108e-02
0.48916	8.33699e-02
0.48829	7.01554e-02
0.49557	6.69762e-02
0.49557	6.69762e-02
0.49557	6.69762e-02
0.49557	6.69762e-02
0.51500	8.45923e-02
0.53660	9.26249e-02
0.52021	8.85356e-02
0.51694	7.98190e-02
0.52271	7.84339e-02
0.52961	7.50355e-02
0.52211	6.99281e-02
0.52211	6.99281e-02
0.51938	7.24597e-02
0.53685	7.31890e-02
0.55278	7.85038e-02
0.56078	7.21644e-02
0.55711	7.03794e-02
0.55187	6.77466e-02
0.54960	7.31229e-02
0.54717	8.00067e-02
0.54013	8.15869e-02
0.55718	9.87659e-02
0.56543	1.01135e-01
0.57323	1.08026e-01
0.58182	9.61852e-02
0.59516	9.54857e-02
0.60286	9.03409e-02
0.60878	8.04519e-02
0.59766	7.89380e-02
0.60978	8.22539e-02
0.60580	8.07372e-02
0.61185	7.59371e-02
0.61598	7.63725e-02
0.61751	8.96776e-02
0.60435	8.82197e-02
0.61204	9.57313e-02
0.61204	9.57313e-02
0.61833	9.85882e-02
0.62368	1.04001e-01
0.62368	1.04001e-01
0.62213	1.06121e-01
0.61539	9.15668e-02
0.61387	8.96851e-02
0.60411	9.95073e-02
0.60429	8.49480e-02
0.60429	8.49480e-02
0.60486	8.54683e-02
0.60839	7.03495e-02
0.62837	5.45461e-02
0.63170	6.59970e-02
0.64004	6.99052e-02
0.65609	6.48966e-02
0.67064	6.41795e-02
0.67082	6.42347e-02
0.66200	6.60123e-02
0.65537	5.85744e-02
0.64478	8.19759e-02
0.64539	8.28281e-02
0.66185	4.84934e-02
0.66107	4.69130e-02
0.67102	4.63813e-02
0.68389	6.12089e-02
0.67899	6.42213e-02
0.67843	6.49376e-02
0.67825	6.49006e-02
0.68075	6.04439e-02
0.68627	7.80018e-02
0.68061	7.75198e-02
0.69651	5.90348e-02
0.70734	7.70655e-02
0.70559	7.62457e-02
0.69073	7.38202e-02
0.68722	7.55324e-02
0.69600	7.80327e-02
0.70943	7.74949e-02
0.72272	5.26428e-02
0.70874	4.17433e-02
0.70760	4.65006e-02
0.71808	4.32054e-02
0.70250	6.12873e-02
0.70800	6.60855e-02
0.70242	6.12087e-02
0.70179	6.03105e-02
0.71044	6.47933e-02
0.72252	4.24174e-02
0.73050	4.75691e-02
0.72384	4.80914e-02
0.72205	4.39958e-02
0.73111	4.95176e-02
0.73784	4.49392e-02
0.73330	4.67234e-02
0.73749	5.51807e-02
0.71710	6.40782e-02
0.72921	6.24765e-02
0.72933	6.26374e-02
0.72949	6.27089e-02
0.72614	6.18646e-02
0.71529	5.57907e-02
0.72558	3.48835e-02
0.73833	3.13643e-02
0.73835	3.11886e-02
0.73698	3.13539e-02
0.73362	3.17810e-02
0.74386	5.05204e-02
0.74273	4.98035e-02
0.75338	5.45871e-02
0.75794	5.64086e-02
0.75900	5.74376e-02
0.75870	5.71609e-02
0.74869	5.62413e-02
0.75585	5.28025e-02
0.76778	6.50245e-02
0.76817	4.63629e-02
0.76356	4.70295e-02
0.76742	4.97063e-02
0.76274	4.55956e-02
0.76712	4.79888e-02
0.76358	5.85019e-02
0.76831	5.59551e-02
0.77270	5.80914e-02
0.76528	5.60627e-02
0.78482	3.94056e-02
0.78140	2.90330e-02
0.77565	3.19722e-02
0.78537	3.36348e-02
0.78996	3.95067e-02
0.79800	4.14280e-02
0.80215	4.48038e-02
0.79989	4.44488e-02
0.80019	4.70235e-02
0.79743	3.54994e-02
0.79303	4.38431e-02
0.79303	4.38431e-02
0.78156	4.36384e-02
0.78341	4.05221e-02
0.78335	4.04751e-02
0.79735	2.38704e-02
0.79368	3.11658e-02
0.79564	3.90073e-02
0.79564	3.90073e-02
0.79821	3.96467e-02
0.80324	4.71714e-02
0.81295	4.63652e-02
0.81295	4.63652e-02
0.81925	3.84905e-02
0.81964	3.92923e-02
0.81955	4.06001e-02
0.82015	3.26402e-02
0.82357	2.84513e-02
0.82784	2.87672e-02
0.82169	3.42145e-02
0.82600	4.05274e-02
0.82838	4.24251e-02
0.82926	4.39280e-02
0.83319	4.09357e-02
0.83424	3.94376e-02
0.83249	3.84363e-02
0.83204	3.65574e-02
0.83232	3.64624e-02
0.84037	3.17309e-02
0.83602	3.62317e-02
0.83721	3.21717e-02
0.84237	3.69887e-02
0.83110	3.36852e-02
0.83110	3.36852e-02
0.83410	3.35561e-02
0.83801	3.14892e-02
0.84090	2.65880e-02
0.84117	2.69307e-02
0.84477	3.15540e-02
0.84614	3.15141e-02
0.84762	2.83142e-02
0.85190	3.17414e-02
0.85403	3.15148e-02
0.85787	3.36943e-02
0.86613	3.13553e-02
0.86093	3.79133e-02
0.86001	3.71253e-02
0.86874	3.68505e-02
0.86522	3.48530e-02
0.85759	2.84573e-02
0.86990	2.11713e-02
0.87564	2.55849e-02
0.88081	3.05128e-02
0.87344	3.03319e-02
0.88110	3.72677e-02
0.87944	3.61265e-02
0.87976	4.21540e-02
0.87940	4.32034e-02
0.88046	4.37669e-02
0.87923	3.99060e-02
0.87414	4.64890e-02
0.87239	4.83541e-02
0.87173	4.82275e-02
0.87629	4.31765e-02
0.88111	4.85752e-02
0.88475	5.15693e-02
0.88026	5.02017e-02
0.88884	4.34064e-02
0.89558	4.04997e-02
0.90119	3.77177e-02
0.90501	3.29813e-02
0.89717	3.15604e-02
0.90481	3.45007e-02
0.90566	3.18114e-02
0.89912	2.94150e-02
0.89786	3.24839e-02
0.89508	3.58208e-02
0.89508	3.58208e-02
0.90306	2.84410e-02
0.90193	2.79579e-02
0.90193	2.79579e-02
0.90463	2.91829e-02
0.90262	3.28676e-02
0.90646	2.76618e-02
0.90955	3.34214e-02
0.91239	3.46639e-02
0.91322	3.29188e-02
0.91784	3.24502e-02
0.92937	3.39298e-02
0.92591	3.38593e-02
0.92676	3.26006e-02
0.92597	3.23447e-02
0.92781	3.36748e-02
0.92881	4.12887e-02
0.93433	3.50380e-02
0.94165	3.95661e-02
0.93987	3.93754e-02
0.93231	3.69603e-02
0.93139	3.56003e-02
0.92626	3.45690e-02
0.92629	3.45645e-02
0.93014	3.28376e-02
0.92046	1.99053e-02
0.91800	1.88766e-02
0.91800	1.88766e-02
0.91800	1.88766e-02
0.92741	1.78621e-02
0.92741	1.78621e-02
0.92741	1.78621e-02
0.92657	1.84601e-02
0.93182	2.96145e-02
0.92322	3.19262e-02
0.91092	1.76844e-02
0.91573	1.29250e-02
0.91634	1.28478e-02
0.92312	2.06098e-02
0.92312	2.06098e-02
0.92312	2.06098e-02
0.92467	1.96268e-02
0.92721	1.82207e-02
0.92726	2.09654e-02
0.92726	2.09654e-02
0.92726	2.09654e-02
0.93725	2.20517e-02
0.93725	2.20517e-02
0.93821	2.38857e-02
0.93373	1.24834e-02
0.92808	2.10165e-02
0.92808	2.10165e-02
0.92265	2.77791e-02
0.92717	3.29428e-02
0.94111	4.04187e-02
0.94111	4.04187e-02
0.94111	4.04187e-02
0.94257	3.78847e-02
0.93149	3.43503e-02
0.93149	3.43503e-02
0.94151	3.49822e-02
0.94151	3.49822e-02
0.92233	3.41027e-02
0.92233	3.41027e-02
0.92228	3.41557e-02
0.92228	3.41557e-02
0.94029	2.33133e-02
0.94755	1.75574e-02
0.94755	1.75574e-02
0.94755	1.75574e-02
0.93944	2.73553e-02
0.93108	7.87678e-03
0.93108	7.87678e-03
0.93172	8.65100e-03
0.93172	8.65100e-03
0.93172	8.65100e-03
0.93172	8.65100e-03
0.93172	8.65100e-03
0.92898	9.47398e-03
0.93112	8.27678e-03
0.94617	1.70991e-02
0.94617	1.70991e-02
0.94284	2.81953e-02
0.94929	3.24202e-02
0.94929	3.24202e-02
0.94755	3.48728e-02
0.94755	3.48728e-02
0.96542	9.90114e-03
0.96542	9.90114e-03
0.96841	1.32984e-02
0.96841	1.32984e-02
0.96199	1.60083e-02
0.96309	1.51941e-02
0.96309	1.51941e-02
0.96814	1.32988e-02
0.96814	1.32988e-02
0.96817	1.33354e-02
0.96817	1.33354e-02
0.96817	1.33354e-02
0.96817	1.33354e-02
0.96817	1.33354e-02
0.96817	1.33354e-02
0.96817	1.33354e-02
0.96817	1.33354e-02
0.97188	9.30146e-03
0.96545	2.40360e-03
0.96563	2.22968e-03
0.95938	8.47698e-03
0.96936	1.84577e-02
0.95090	0.00000e+00
0.95090	0.00000e+00
0.95110	0.00000e+00
0.95110	0.00000e+00
0.97295	0.00000e+00
0.97295	0.00000e+00
0.97295	0.00000e+00
0.97295	0.00000e+00
0.97295	0.00000e+00
0.97295	0.00000e+00
0.97295	0.00000e+00
0.97295	0.00000e+00
0.98595	0.00000e+00
0.96779	0.00000e+00
0.96779	0.00000e+00
0.96779	0.00000e+00
0.96779	0.00000e+00
0.96779	0.00000e+00
0.98783	0.00000e+00
