0.98946	1.09635e-03
0.97800	8.41754e-03
0.96616	1.35799e-02
0.94550	2.38696e-02
0.94887	3.46666e-02
0.93304	3.41281e-02
0.92143	4.01016e-02
0.91313	4.23677e-02
0.91361	4.18368e-02
0.89370	1.98436e-02
0.88421	4.06145e-02
0.86633	4.51814e-02
0.84793	5.42989e-02
0.82094	4.51097e-02
0.81845	5.66485e-02
0.82401	5.68326e-02
0.80290	6.85406e-02
0.81274	7.97344e-02
0.81903	5.95412e-02
0.81889	6.33252e-02
0.81167	5.21506e-02
0.79610	6.47090e-02
0.79950	9.32167e-02
0.77773	7.39560e-02
0.76698	7.21873e-02
0.75975	9.18441e-02
0.73812	1.01195e-01
0.74174	1.23352e-01
0.72566	8.10244e-02
0.72882	9.29198e-02
0.74896	5.77417e-02
0.77821	6.92859e-02
0.75372	7.52121e-02
0.73525	7.15155e-02
0.73128	8.27899e-02
0.73514	7.83622e-02
0.72070	9.05828e-02
0.72411	8.58468e-02
0.73772	8.89424e-02
0.73483	6.72721e-02
0.74007	4.23445e-02
0.73157	5.69942e-02
0.75869	4.88506e-02
0.73341	4.95752e-02
0.76369	4.19726e-02
0.73716	3.95910e-02
0.74841	2.96542e-02
0.73189	3.01038e-02
0.72755	3.61885e-02
0.74359	3.83748e-02
0.75120	3.27141e-02
0.73427	4.26346e-02
0.72832	5.22190e-02
0.75509	3.13224e-02
0.71474	3.48114e-02
0.71869	3.28882e-02
0.72951	3.83585e-02
0.74260	5.66424e-02
0.72067	3.52578e-02
0.72155	2.43450e-02
0.71380	3.15290e-02
0.71593	3.54792e-02
0.72688	3.52788e-02
0.71930	5.49288e-02
0.70757	5.60756e-02
0.70604	5.66586e-02
0.71966	4.75843e-02
0.71106	4.91539e-02
0.69900	5.69452e-02
0.68545	5.79554e-02
0.68461	5.31384e-02
0.69740	5.54214e-02
0.67201	5.88794e-02
0.68683	4.86229e-02
0.66048	6.22227e-02
0.64247	3.20058e-02
0.63806	6.49763e-02
0.64774	6.50238e-02
0.64065	5.42869e-02
0.63036	5.70876e-02
0.62441	4.72862e-02
0.62432	4.14469e-02
0.61759	4.58330e-02
0.57747	5.82718e-02
0.57428	5.13259e-02
0.60162	4.99877e-02
0.57644	5.84013e-02
0.57177	4.62919e-02
0.56194	7.26854e-02
0.56149	5.94863e-02
0.54374	7.02002e-02
0.58009	5.14380e-02
0.54858	2.25045e-02
0.52276	6.34343e-02
0.52696	5.45258e-02
0.53571	6.23316e-02
0.51952	5.49517e-02
0.49779	5.45755e-02
0.48561	5.95257e-02
0.51071	8.20114e-02
0.52443	9.41391e-02
0.52113	9.61200e-02
0.54235	8.60725e-02
0.53964	8.84820e-02
0.54107	8.78466e-02
0.54107	8.78466e-02
0.54196	8.80617e-02
0.54196	8.80617e-02
0.55090	9.19695e-02
0.56689	5.88909e-02
0.56881	5.87624e-02
0.56881	5.87624e-02
0.54291	5.86561e-02
0.55673	6.02217e-02
0.56312	5.75983e-02
0.56552	6.09253e-02
0.56395	5.31141e-02
0.56646	4.26999e-02
0.55769	4.11667e-02
0.56981	4.86569e-02
0.57177	4.85943e-02
0.58174	4.74829e-02
0.59581	5.49948e-02
0.58272	6.30843e-02
0.59564	7.07860e-02
0.59305	7.27557e-02
0.57828	6.65933e-02
0.56256	4.94944e-02
0.57828	3.65796e-02
0.58517	5.70298e-02
0.59291	5.66169e-02
0.59827	4.96985e-02
0.59901	5.09648e-02
0.59460	5.08863e-02
0.60069	5.50102e-02
0.61722	5.25125e-02
0.61809	5.16534e-02
0.62358	5.32337e-02
0.63719	5.17148e-02
0.63850	5.13507e-02
0.64433	5.69705e-02
0.65524	6.41241e-02
0.67140	5.34243e-02
0.66920	5.02951e-02
0.66861	5.01759e-02
0.65743	4.67685e-02
0.66888	3.78668e-02
0.65185	4.80491e-02
0.65683	4.70934e-02
0.66767	5.78825e-02
0.65809	4.77180e-02
0.66563	3.34330e-02
0.67593	4.22256e-02
0.67593	4.22256e-02
0.67522	3.42975e-02
0.67360	3.31505e-02
0.67968	3.51582e-02
0.68657	3.34413e-02
0.68758	3.65844e-02
0.68339	3.43107e-02
0.67980	4.01028e-02
0.69830	3.34899e-02
0.70146	3.87457e-02
0.70015	3.86614e-02
0.69742	4.43111e-02
0.69801	4.40727e-02
0.69801	4.40727e-02
0.69794	4.40501e-02
0.70321	3.22488e-02
0.71304	4.71596e-02
0.70171	6.08462e-02
0.70367	3.81679e-02
0.70909	3.74904e-02
0.73430	5.76090e-02
0.72878	6.39660e-02
0.72878	6.39660e-02
0.73368	5.69337e-02
0.72100	6.04726e-02
0.70081	4.71008e-02
0.70650	5.35048e-02
0.71121	5.11831e-02
0.72122	4.65780e-02
0.72122	4.65780e-02
0.72144	4.71172e-02
0.72144	4.71172e-02
0.72483	5.15250e-02
0.73531	6.21261e-02
0.73531	6.21261e-02
0.71835	5.88715e-02
0.73231	5.38346e-02
0.74696	4.17366e-02
0.74696	4.17366e-02
0.74990	4.24359e-02
0.74513	4.17006e-02
0.74793	3.78019e-02
0.74967	4.01692e-02
0.74367	4.70842e-02
0.75288	4.13006e-02
0.74769	4.51494e-02
0.75476	3.83722e-02
0.76455	3.90040e-02
0.76939	4.25759e-02
0.76839	2.60309e-02
0.76875	2.62233e-02
0.76083	3.17122e-02
0.76221	3.48201e-02
0.75118	3.91162e-02
0.74999	4.06748e-02
0.75010	4.07083e-02
0.74843	4.87909e-02
0.74762	5.65117e-02
0.74488	5.71300e-02
0.75838	4.53751e-02
0.75873	4.56988e-02
0.76298	4.10622e-02
0.77765	4.12168e-02
0.78384	3.24580e-02
0.78577	3.34229e-02
0.77897	3.86017e-02
0.78031	3.03596e-02
0.77814	3.15585e-02
0.78877	3.75583e-02
0.79386	4.32480e-02
0.79095	3.96175e-02
0.79299	4.27449e-02
0.78988	3.09478e-02
0.79565	2.92456e-02
0.79694	2.85361e-02
0.79599	2.89353e-02
0.78698	2.22839e-02
0.78601	2.26285e-02
0.78020	2.24768e-02
0.78020	2.24768e-02
0.78923	3.16125e-02
0.78923	3.16125e-02
0.80288	2.99927e-02
0.81279	2.90904e-02
0.82093	2.52146e-02
0.82633	3.48936e-02
0.82328	4.17883e-02
0.82031	4.09857e-02
0.81616	4.00177e-02
0.80804	3.95103e-02
0.79437	5.07887e-02
0.79102	5.10846e-02
0.79102	5.10846e-02
0.81268	3.08924e-02
0.81629	3.02609e-02
0.82143	3.13339e-02
0.81016	3.09869e-02
0.81408	3.51229e-02
0.81059	3.19553e-02
0.81122	2.96556e-02
0.80920	2.92449e-02
0.81281	3.01982e-02
0.82472	3.31038e-02
0.82505	3.48164e-02
0.82479	3.45300e-02
0.82095	3.32795e-02
0.82337	3.39661e-02
0.81483	2.72489e-02
0.82149	3.43214e-02
0.82342	3.45571e-02
0.82331	3.50284e-02
0.82484	2.93943e-02
0.82543	2.99419e-02
0.82677	3.29403e-02
0.82975	2.88771e-02
0.83176	2.79045e-02
0.83182	2.88283e-02
0.83524	2.98436e-02
0.84638	3.22950e-02
0.84638	3.22950e-02
0.84680	3.70160e-02
0.84591	3.61911e-02
0.84509	3.51204e-02
0.84706	3.19604e-02
0.84467	2.53591e-02
0.84262	3.05866e-02
0.85800	3.39110e-02
0.85056	3.49317e-02
0.84177	3.18635e-02
0.84177	3.18635e-02
0.84172	3.25108e-02
0.84330	3.22151e-02
0.84711	3.39579e-02
0.85526	3.40916e-02
0.85501	3.43371e-02
0.86016	2.99632e-02
0.85640	3.03751e-02
0.86026	3.04888e-02
0.86311	3.01856e-02
0.86549	3.09936e-02
0.86195	2.88341e-02
0.86195	2.88341e-02
0.85717	3.17472e-02
0.85818	3.47384e-02
0.86149	3.59868e-02
0.86041	3.34008e-02
0.86592	3.52600e-02
0.86734	3.55433e-02
0.86851	3.34857e-02
0.86881	3.21794e-02
0.87377	3.24362e-02
0.87619	2.90618e-02
0.87871	3.33826e-02
0.88477	3.64991e-02
0.88290	3.27376e-02
0.87713	3.51888e-02
0.88256	3.31832e-02
0.87599	4.42863e-02
0.87387	3.66529e-02
0.87791	3.39735e-02
0.88304	3.28153e-02
0.88780	3.61153e-02
0.89170	3.42352e-02
0.89170	3.42352e-02
0.89271	2.29291e-02
0.88867	2.91408e-02
0.89582	3.47092e-02
0.89831	3.26054e-02
0.89831	3.26054e-02
0.90081	3.68444e-02
0.89278	3.60007e-02
0.89083	3.13430e-02
0.89645	3.13857e-02
0.89822	2.91708e-02
0.90691	2.16288e-02
0.90823	2.80457e-02
0.90767	2.97606e-02
0.90783	2.42760e-02
0.90587	1.90875e-02
0.90573	2.29266e-02
0.90372	2.59059e-02
0.90663	2.22305e-02
0.90372	1.86842e-02
0.90514	1.70071e-02
0.89838	2.35952e-02
0.89811	2.38312e-02
0.89839	2.37432e-02
0.89839	2.37432e-02
0.90136	2.38972e-02
0.90136	2.38972e-02
0.89657	2.24127e-02
0.90779	2.99012e-02
0.90875	3.02813e-02
0.90875	3.02813e-02
0.91073	3.29957e-02
0.91655	3.78216e-02
0.91655	3.78216e-02
0.91573	3.75893e-02
0.91031	3.65502e-02
0.91442	3.37210e-02
0.91419	3.43958e-02
0.91160	3.46266e-02
0.91159	3.46306e-02
0.90918	3.64991e-02
0.91558	4.01366e-02
0.90814	3.26832e-02
0.91532	3.60482e-02
0.91509	2.90058e-02
0.91418	2.83125e-02
0.92515	1.90409e-02
0.92447	1.87501e-02
0.92271	2.68469e-02
0.92258	2.68043e-02
0.92533	3.24923e-02
0.92944	3.23229e-02
0.92688	3.29910e-02
0.93525	3.54140e-02
0.93535	3.66825e-02
0.93535	3.66825e-02
0.93988	3.38132e-02
0.94073	3.38871e-02
0.94012	3.41973e-02
0.94606	2.73260e-02
0.93976	2.40753e-02
0.93976	2.40753e-02
0.93285	2.85043e-02
0.93086	2.94913e-02
0.93388	2.64129e-02
0.93388	2.64129e-02
0.93174	2.33023e-02
0.93353	2.38805e-02
0.93353	2.38805e-02
0.94921	3.33745e-02
0.94113	2.89660e-02
0.94293	2.18544e-02
0.94771	2.24562e-02
0.94771	2.24562e-02
0.94665	2.12907e-02
0.95026	1.97758e-02
0.94617	1.96786e-02
0.95131	2.36913e-02
0.94929	1.94364e-02
0.94493	2.17708e-02
0.94493	2.17708e-02
0.94251	2.95539e-02
0.94251	2.95539e-02
0.95033	1.97479e-02
0.94811	1.96692e-02
0.94944	2.03286e-02
0.94944	2.03286e-02
0.95145	1.95042e-02
0.95163	1.96063e-02
0.95367	2.63676e-02
0.95374	2.63587e-02
0.95845	2.36124e-02
0.95845	2.36124e-02
0.94915	3.42248e-02
0.96013	2.32940e-02
0.96016	2.33258e-02
0.95691	1.95856e-02
0.95690	1.95563e-02
0.93468	3.21036e-02
0.93329	3.04129e-02
0.93329	3.04129e-02
0.94948	1.40307e-02
0.94948	1.40307e-02
0.95962	1.83903e-02
0.95962	1.83903e-02
0.95962	1.83903e-02
0.95353	2.32326e-02
0.95307	2.33360e-02
0.95885	2.40193e-02
0.96710	1.63934e-02
0.95907	1.00215e-02
0.95484	1.42571e-02
0.95484	1.42571e-02
0.94457	1.77058e-02
0.95635	2.54177e-02
0.94036	1.42305e-02
0.95286	2.67273e-02
0.95286	2.67273e-02
0.94753	2.13925e-02
0.95839	3.22578e-02
0.95839	3.22578e-02
0.95839	3.22578e-02
0.95836	3.22285e-02
0.92613	0.00000e+00
0.92613	0.00000e+00
0.95571	0.00000e+00
0.95571	0.00000e+00
0.95571	0.00000e+00
0.92137	0.00000e+00
0.92072	0.00000e+00
0.92072	0.00000e+00
0.92072	0.00000e+00
0.92072	0.00000e+00
0.94378	0.00000e+00
0.94378	0.00000e+00
0.94378	0.00000e+00
0.94378	0.00000e+00
0.94378	0.00000e+00
0.94378	0.00000e+00
0.94378	0.00000e+00
0.94378	0.00000e+00
0.94378	0.00000e+00
0.94378	0.00000e+00
0.94378	0.00000e+00
0.94378	0.00000e+00
0.94774	0.00000e+00
0.94774	0.00000e+00
0.94774	0.00000e+00
0.97483	0.00000e+00
0.97483	0.00000e+00
0.97483	0.00000e+00
0.97483	0.00000e+00
0.98997	0.00000e+00
0.98997	0.00000e+00
0.98997	0.00000e+00
0.98997	0.00000e+00
0.98997	0.00000e+00
0.98976	0.00000e+00
