0.98493	7.07926e-03
0.97426	8.89917e-03
0.96911	1.19783e-02
0.96682	1.45738e-02
0.95016	1.59602e-02
0.94382	1.66158e-02
0.94034	2.11871e-02
0.93129	1.38698e-02
0.92014	2.43328e-02
0.90808	3.12454e-02
0.90281	3.57509e-02
0.90359	3.47150e-02
0.88002	3.22529e-02
0.87209	2.90554e-02
0.87140	3.84397e-02
0.85937	3.54092e-02
0.85669	3.48918e-02
0.83532	4.56327e-02
0.82438	3.42075e-02
0.81563	3.24614e-02
0.81725	3.67621e-02
0.81528	3.71328e-02
0.79698	2.61037e-02
0.79834	3.00127e-02
0.79543	3.31340e-02
0.79147	3.74373e-02
0.77555	5.25906e-02
0.77659	4.79455e-02
0.77286	3.81469e-02
0.72493	5.12487e-02
0.73991	5.53457e-02
0.76100	5.73817e-02
0.72858	4.94497e-02
0.69043	7.97197e-02
0.71356	8.72045e-02
0.67886	7.05736e-02
0.67684	9.70457e-02
0.64900	8.42836e-02
0.64638	9.06335e-02
0.61529	1.00917e-01
0.64005	7.41168e-02
0.62571	8.65512e-02
0.59636	1.06705e-01
0.59831	1.15237e-01
0.58501	1.08803e-01
0.60836	1.03328e-01
0.59333	1.19712e-01
0.58939	1.24232e-01
0.52343	1.28992e-01
0.56973	8.85807e-02
0.54223	1.06280e-01
0.57375	4.84273e-02
0.54629	7.77269e-02
0.54275	5.88985e-02
0.51697	6.57224e-02
0.54832	7.28882e-02
0.54452	5.39535e-02
0.54846	7.78673e-02
0.54001	7.26776e-02
0.51840	5.26475e-02
0.52938	1.01372e-01
0.52128	6.01298e-02
0.50785	4.72737e-02
0.50553	6.51176e-02
0.49257	8.58656e-02
0.49407	5.72574e-02
0.48158	6.49182e-02
0.52147	6.77041e-02
0.46898	6.01898e-02
0.50631	4.74674e-02
0.46978	7.41452e-02
0.45794	6.99528e-02
0.49018	6.86534e-02
0.45973	7.12125e-02
0.45753	1.01979e-01
0.48492	7.52672e-02
0.49526	5.83469e-02
0.45146	6.19533e-02
0.44669	5.92165e-02
0.48028	9.31323e-02
0.44746	6.57351e-02
0.43441	9.70893e-02
0.47073	1.14416e-01
0.47412	8.73666e-02
0.45552	7.02878e-02
0.45906	8.39338e-02
0.44855	7.36862e-02
0.43794	6.87364e-02
0.49535	7.79370e-02
0.44428	1.06311e-01
0.46383	9.73338e-02
0.41747	8.63716e-02
0.44147	1.44517e-01
0.42450	9.00849e-02
0.44598	1.02394e-01
0.43204	6.93501e-02
0.41647	1.32248e-01
0.44138	1.12722e-01
0.41660	1.51875e-01
0.44842	1.62361e-01
0.46652	1.33641e-01
0.47059	1.28721e-01
0.48041	1.36430e-01
0.49278	1.36374e-01
0.51678	1.32776e-01
0.51279	1.15162e-01
0.52784	9.14849e-02
0.53692	9.97043e-02
0.57466	9.06731e-02
0.58515	7.21656e-02
0.58798	8.15958e-02
0.60776	8.99037e-02
0.60945	9.17597e-02
0.62639	7.67443e-02
0.61027	8.48173e-02
0.62496	7.62002e-02
0.62855	7.45663e-02
0.63126	7.70883e-02
0.64413	7.55575e-02
0.64544	7.53107e-02
0.64471	8.49662e-02
0.65678	8.97515e-02
0.65678	8.97515e-02
0.63728	8.35320e-02
0.64793	8.78378e-02
0.65498	9.11935e-02
0.67408	7.02789e-02
0.67844	7.36506e-02
0.68310	8.09691e-02
0.68380	8.20577e-02
0.68518	8.31024e-02
0.69351	7.24724e-02
0.67989	9.05454e-02
0.67469	8.44103e-02
0.67469	8.44103e-02
0.67603	8.54950e-02
0.68429	8.39550e-02
0.68608	8.46338e-02
0.70766	7.54638e-02
0.70483	7.53897e-02
0.71840	8.03193e-02
0.71387	8.39915e-02
0.72339	6.46978e-02
0.73723	7.01591e-02
0.73925	5.80220e-02
0.73883	5.50055e-02
0.75839	6.00026e-02
0.75839	6.00026e-02
0.75784	5.99187e-02
0.77005	6.01845e-02
0.76940	4.30498e-02
0.77834	4.59896e-02
0.77324	4.23055e-02
0.78015	4.32516e-02
0.78015	4.32516e-02
0.78284	4.39640e-02
0.78471	4.72703e-02
0.78471	4.72703e-02
0.78338	4.63748e-02
0.78521	4.22431e-02
0.79069	4.77251e-02
0.80884	4.26706e-02
0.80557	4.02794e-02
0.80360	3.93160e-02
0.79949	4.00726e-02
0.79937	4.53842e-02
0.79676	4.52082e-02
0.80413	3.87240e-02
0.80743	3.85848e-02
0.80084	3.98052e-02
0.79779	3.95263e-02
0.80509	4.11037e-02
0.80975	4.62277e-02
0.80744	3.63896e-02
0.81567	3.74685e-02
0.81533	4.05353e-02
0.82585	4.23352e-02
0.82995	3.82500e-02
0.82994	3.82510e-02
0.83156	4.05306e-02
0.83156	4.05306e-02
0.84994	3.61251e-02
0.85047	3.68019e-02
0.85472	3.43896e-02
0.85036	3.80841e-02
0.84850	3.91262e-02
0.84350	3.64229e-02
0.84138	3.53309e-02
0.83769	3.80532e-02
0.83769	3.80532e-02
0.83592	3.85602e-02
0.84239	4.00356e-02
0.84046	3.67710e-02
0.83874	3.73438e-02
0.83967	3.81765e-02
0.85934	3.02065e-02
0.86003	3.03945e-02
0.86217	3.00381e-02
0.85959	3.04335e-02
0.86646	1.40700e-02
0.86960	2.39909e-02
0.87359	2.55689e-02
0.87736	2.84056e-02
0.87693	3.22603e-02
0.87408	3.52376e-02
0.87958	3.22862e-02
0.87958	3.22862e-02
0.88350	2.86869e-02
0.87799	3.06244e-02
0.88560	2.80243e-02
0.88288	2.89418e-02
0.88897	3.52661e-02
0.88670	5.02935e-02
0.88258	3.75401e-02
0.88611	4.00991e-02
0.88556	4.07880e-02
0.88428	4.10263e-02
0.88837	3.58413e-02
0.88913	3.57269e-02
0.88268	3.03355e-02
0.88174	2.83099e-02
0.88095	2.86780e-02
0.88325	3.20017e-02
0.87934	3.66409e-02
0.88116	3.39725e-02
0.88471	3.23940e-02
0.88900	3.31066e-02
0.89045	3.36193e-02
0.89550	2.43210e-02
0.89095	2.22503e-02
0.88981	1.87022e-02
0.89847	1.35094e-02
0.89576	2.00599e-02
0.89573	2.00436e-02
0.89533	1.99333e-02
0.89714	2.00540e-02
0.89609	2.02381e-02
0.89609	2.02381e-02
0.89628	2.01098e-02
0.89536	2.06745e-02
0.89924	1.79835e-02
0.89972	1.80997e-02
0.90420	2.26539e-02
0.90420	2.26539e-02
0.90355	2.12110e-02
0.90212	2.12047e-02
0.90016	2.31259e-02
0.89956	2.52227e-02
0.89955	2.52141e-02
0.89510	2.70388e-02
0.89573	2.81240e-02
0.90159	2.63605e-02
0.90977	2.05892e-02
0.90977	2.05892e-02
0.90660	2.04495e-02
0.90476	2.16229e-02
0.90729	2.10885e-02
0.91473	2.15504e-02
0.90946	2.38247e-02
0.90658	2.88766e-02
0.91014	2.66865e-02
0.90995	2.67355e-02
0.90644	2.53021e-02
0.90598	2.52978e-02
0.90760	2.33803e-02
0.90502	2.58299e-02
0.90558	2.12827e-02
0.90838	2.23493e-02
0.91633	2.26502e-02
0.91670	2.27797e-02
0.91456	2.25570e-02
0.91731	2.51969e-02
0.91483	2.52893e-02
0.91406	2.48420e-02
0.92031	1.57460e-02
0.92365	1.59449e-02
0.92238	1.68943e-02
0.91770	1.50981e-02
0.92066	1.15884e-02
0.92067	9.84087e-03
0.92432	1.15636e-02
0.91920	1.34037e-02
0.91920	1.41882e-02
0.92246	1.55638e-02
0.92719	1.68224e-02
0.93147	1.43223e-02
0.93213	1.21596e-02
0.93346	1.38150e-02
0.92804	1.63062e-02
0.92802	1.62986e-02
0.92303	1.80407e-02
0.92313	1.82576e-02
0.91829	1.97556e-02
0.92302	2.16600e-02
0.92497	2.03019e-02
0.93016	1.79013e-02
0.93352	1.86178e-02
0.92525	2.21097e-02
0.93065	1.79710e-02
0.93065	1.79710e-02
0.93162	1.95338e-02
0.93162	1.95338e-02
0.93437	2.16151e-02
0.93625	1.84487e-02
0.93574	1.71757e-02
0.93379	1.86662e-02
0.93757	1.84814e-02
0.93642	1.75407e-02
0.93786	1.87827e-02
0.93671	1.91655e-02
0.93802	1.78417e-02
0.93804	1.78040e-02
0.93663	1.75457e-02
0.93338	1.05759e-02
0.93527	1.00961e-02
0.93605	8.49172e-03
0.93701	1.13097e-02
0.93521	1.16583e-02
0.93664	9.42980e-03
0.93468	1.32937e-02
0.93378	1.28901e-02
0.93378	1.28901e-02
0.94489	1.36900e-02
0.94215	1.31792e-02
0.94062	1.22279e-02
0.94651	1.29004e-02
0.94241	1.35598e-02
0.94424	1.31294e-02
0.94392	1.37169e-02
0.94177	1.90348e-02
0.94813	1.55041e-02
0.94708	1.43624e-02
0.94338	1.69569e-02
0.94523	1.53898e-02
0.94354	1.10865e-02
0.94392	1.14392e-02
0.94250	1.18439e-02
0.94644	1.76363e-02
0.95100	1.64664e-02
0.95100	1.64664e-02
0.95358	1.77780e-02
0.95383	1.58172e-02
0.95409	1.62243e-02
0.95352	1.67997e-02
0.95241	1.90859e-02
0.94956	1.92731e-02
0.94926	2.01699e-02
0.95174	1.97974e-02
0.95472	1.61146e-02
0.95470	1.61253e-02
0.95460	1.56613e-02
0.95330	2.07049e-02
0.95340	2.06944e-02
0.95700	2.11774e-02
0.95650	1.98713e-02
0.95579	2.06727e-02
0.95238	1.87719e-02
0.95220	1.93273e-02
0.95552	1.63520e-02
0.95950	1.42705e-02
0.95742	1.74553e-02
0.96104	1.43415e-02
0.96104	1.43415e-02
0.96429	1.75996e-02
0.96209	1.74579e-02
0.95830	1.97949e-02
0.95876	2.05012e-02
0.96033	1.98694e-02
0.96103	1.88753e-02
0.95997	2.12069e-02
0.95993	2.12574e-02
0.96220	2.17446e-02
0.96494	2.01617e-02
0.96843	2.03610e-02
0.96813	2.17330e-02
0.96665	2.39664e-02
0.96762	2.27548e-02
0.96762	2.27548e-02
0.96761	2.27496e-02
0.96357	2.23017e-02
0.96235	2.10766e-02
0.95873	2.07100e-02
0.96374	1.78351e-02
0.96146	1.83333e-02
0.96146	1.83333e-02
0.96378	1.58282e-02
0.96387	1.58983e-02
0.96053	1.35585e-02
0.96007	1.31111e-02
0.96289	1.69237e-02
0.96287	1.71253e-02
0.96456	1.55077e-02
0.96069	1.26436e-02
0.96440	1.29884e-02
0.96350	1.62355e-02
0.96350	1.62355e-02
0.96344	1.61510e-02
0.96815	1.47096e-02
0.96576	1.49227e-02
0.96576	1.49227e-02
0.96376	1.64827e-02
0.96394	1.67163e-02
0.96554	1.56539e-02
0.96087	1.97220e-02
0.96326	2.05826e-02
0.96326	2.05826e-02
0.95476	1.84841e-02
0.96765	1.30261e-02
0.96724	5.00762e-03
0.96052	9.52310e-03
0.96667	7.90174e-03
0.97352	1.18434e-02
0.96746	8.11917e-03
0.96746	8.11917e-03
0.96746	8.11917e-03
0.96897	6.37429e-03
0.96897	6.37429e-03
0.96897	6.37429e-03
0.96859	6.65281e-03
0.96859	6.65281e-03
0.97505	5.57556e-03
0.97505	5.57556e-03
0.97584	5.97700e-03
0.97584	5.97700e-03
0.97584	5.97700e-03
0.97584	5.97700e-03
0.97026	6.75177e-03
0.97026	6.75177e-03
0.97681	6.83954e-03
0.97307	7.35473e-03
0.97307	7.35473e-03
0.97307	7.35473e-03
0.96718	1.04784e-03
0.96543	1.77974e-03
0.96543	1.77974e-03
0.97198	9.69107e-03
0.97198	9.69107e-03
0.97920	1.03119e-02
0.97920	1.03119e-02
0.97920	1.03119e-02
0.97319	9.78875e-03
0.97990	8.45149e-03
0.97990	8.45149e-03
0.97990	8.45254e-03
0.97985	8.40529e-03
0.96801	0.00000e+00
0.96801	0.00000e+00
0.98779	0.00000e+00
0.98779	0.00000e+00
0.98779	0.00000e+00
0.98779	0.00000e+00
0.97089	0.00000e+00
0.99051	0.00000e+00
0.99051	0.00000e+00
0.99051	0.00000e+00
0.99051	0.00000e+00
0.98970	0.00000e+00
0.98970	0.00000e+00
0.98954	0.00000e+00
