0.22035	7.60100e-02
0.14123	8.98512e-02
0.16611	5.42617e-02
0.19293	6.35496e-02
0.16177	8.58359e-02
0.13512	4.11654e-02
0.12826	7.43069e-02
0.13959	6.89824e-02
0.12138	6.26128e-02
0.14172	9.64051e-02
0.15599	8.34456e-02
0.15559	9.50211e-02
0.21433	8.37509e-02
0.17863	9.69124e-02
0.14642	5.43565e-02
0.11763	7.96709e-02
0.15257	8.09092e-02
0.15779	5.49699e-02
0.17889	8.86405e-02
0.15079	5.81339e-02
0.16696	6.83426e-02
0.11669	5.17891e-02
0.13674	5.78103e-02
0.11495	6.69346e-02
0.16017	6.57763e-02
0.14891	7.25755e-02
0.13359	7.40739e-02
0.15135	7.21441e-02
0.11173	7.09880e-02
0.12772	4.71237e-02
0.12838	8.92482e-02
0.12267	4.14565e-02
0.08713	3.14833e-02
0.17843	4.93390e-02
0.16328	5.73776e-02
0.16522	7.72808e-02
0.16903	4.39591e-02
0.18270	7.46693e-02
0.11536	5.54936e-02
0.12784	4.06805e-02
0.11667	4.10729e-02
0.12854	5.91559e-02
0.14521	6.42541e-02
0.12822	3.33543e-02
0.11928	7.14029e-02
0.14730	6.66765e-02
0.15263	6.03438e-02
0.15572	6.40143e-02
0.13993	5.90010e-02
0.09745	4.64415e-02
0.11666	3.78362e-02
0.13757	6.23123e-02
0.11910	5.34006e-02
0.14324	5.43384e-02
0.12571	6.62144e-02
0.11830	4.55420e-02
0.12055	6.87058e-02
0.14107	7.43024e-02
0.13791	7.53521e-02
0.10344	2.60886e-02
0.08413	4.92839e-02
0.14129	6.99206e-02
0.13373	4.42696e-02
0.07378	3.86505e-02
0.08861	3.38293e-02
0.10279	4.54921e-02
0.12355	5.02739e-02
0.14087	6.62065e-02
0.11050	4.18003e-02
0.11465	4.82444e-02
0.09710	3.77138e-02
0.11459	4.14484e-02
0.11158	5.36513e-02
0.14269	4.25112e-02
0.09466	5.05303e-02
0.10951	3.87511e-02
0.11131	7.11882e-02
0.10967	6.48311e-02
0.09246	3.78333e-02
0.08235	4.59740e-02
0.08791	4.83117e-02
0.10831	5.18115e-02
0.10289	3.83691e-02
0.09765	7.66989e-02
0.11540	6.19227e-02
0.09494	2.98903e-02
0.11260	4.59874e-02
0.13054	3.94665e-02
0.13244	5.35829e-02
0.09629	4.56379e-02
0.09017	7.53987e-02
0.12736	6.58712e-02
0.08955	2.75275e-02
0.09644	3.90238e-02
0.10589	5.12998e-02
0.09958	5.19924e-02
0.09339	5.57326e-02
0.08064	4.72291e-02
0.09270	3.73369e-02
0.10995	5.25476e-02
0.13006	5.71170e-02
0.12086	5.95262e-02
0.12086	5.95262e-02
0.09344	4.21736e-02
0.08927	4.63781e-02
0.08542	4.69891e-02
0.09081	5.01220e-02
0.09124	4.99237e-02
0.10213	4.78244e-02
0.10570	4.69601e-02
0.09923	4.11235e-02
0.09677	4.58766e-02
0.09826	4.70149e-02
0.10321	3.72627e-02
0.10071	5.39838e-02
0.09087	3.84613e-02
0.08062	3.28741e-02
0.08062	3.28741e-02
0.08598	3.61451e-02
0.08598	3.61451e-02
0.09291	4.16123e-02
0.08779	4.19903e-02
0.08127	4.32675e-02
0.08825	4.21000e-02
0.09372	3.46877e-02
0.09360	3.70671e-02
0.09467	3.62429e-02
0.09940	3.97166e-02
0.10679	4.50000e-02
0.11348	3.66632e-02
0.12146	3.80192e-02
0.09451	4.66715e-02
0.10022	4.30861e-02
0.12000	4.07540e-02
0.10935	4.42103e-02
0.09551	4.56512e-02
0.07389	4.38210e-02
0.07366	4.34761e-02
0.08690	3.71005e-02
0.06301	2.73346e-02
0.05993	2.72958e-02
0.08208	4.83443e-02
0.07264	3.85343e-02
0.09302	5.42081e-02
0.10522	7.51263e-02
0.11716	8.33066e-02
0.11143	8.74357e-02
0.11066	8.77740e-02
0.08819	7.91629e-02
0.09690	7.90748e-02
0.10641	7.21026e-02
0.09555	7.86849e-02
0.09029	7.07835e-02
0.10551	6.55883e-02
0.11276	6.18558e-02
0.11276	6.18558e-02
0.10523	6.37008e-02
0.11938	6.67311e-02
0.11021	7.39240e-02
0.11021	7.39240e-02
0.10868	7.38750e-02
0.10877	7.38259e-02
0.11390	6.97445e-02
0.12156	7.96156e-02
0.10731	7.72211e-02
0.10521	8.41059e-02
0.10026	6.84731e-02
0.09264	6.01484e-02
0.09889	4.47715e-02
0.10430	3.75676e-02
0.10637	3.53809e-02
0.10637	3.53809e-02
0.10724	5.01128e-02
0.11325	5.75317e-02
0.12071	7.27959e-02
0.11789	7.49086e-02
0.12425	7.45771e-02
0.12330	7.14190e-02
0.12537	6.95364e-02
0.12542	6.72560e-02
0.12147	6.90756e-02
0.11770	6.85948e-02
0.13524	7.67212e-02
0.12224	5.89318e-02
0.10989	6.13650e-02
0.09174	4.69733e-02
0.10751	4.74168e-02
0.12049	4.09132e-02
0.11861	4.87492e-02
0.14304	6.75049e-02
0.13278	8.19076e-02
0.14168	7.47106e-02
0.15742	6.65475e-02
0.15945	6.75065e-02
0.15903	7.98266e-02
0.15029	7.88471e-02
0.15929	7.96389e-02
0.13632	6.91811e-02
0.13964	6.78132e-02
0.14174	6.75179e-02
0.16204	5.57355e-02
0.15344	4.49835e-02
0.15344	4.49835e-02
0.12610	5.62511e-02
0.12209	5.03347e-02
0.12397	5.69304e-02
0.11753	5.52783e-02
0.11768	5.53407e-02
0.11506	4.40388e-02
0.11540	4.72222e-02
0.11458	6.65751e-02
0.11395	6.55033e-02
0.16935	7.88173e-02
0.14825	7.20397e-02
0.12817	7.33003e-02
0.13115	7.14790e-02
0.12009	5.39645e-02
0.10560	4.18951e-02
0.10896	4.96939e-02
0.10744	5.07591e-02
0.11480	5.15198e-02
0.11561	5.02011e-02
0.09128	5.50199e-02
0.10115	5.84704e-02
0.08620	4.49207e-02
0.08620	4.49207e-02
0.09373	5.31753e-02
0.09267	4.55478e-02
0.09267	4.55478e-02
0.09207	4.58635e-02
0.09244	4.47358e-02
0.10473	5.95346e-02
0.10473	5.95346e-02
0.12606	8.03484e-02
0.12447	6.56917e-02
0.10312	6.81012e-02
0.12776	7.01939e-02
0.12039	6.81564e-02
0.14802	7.29531e-02
0.13784	7.08287e-02
0.14732	7.00619e-02
0.14732	7.00619e-02
0.14504	6.23630e-02
0.13300	5.10963e-02
0.15666	6.25053e-02
0.15427	6.37883e-02
0.14944	4.25288e-02
0.15449	6.70142e-02
0.13434	5.33097e-02
0.12853	5.44142e-02
0.12516	5.72082e-02
0.12516	5.72082e-02
0.12552	5.71345e-02
0.11003	4.68089e-02
0.11619	5.80130e-02
0.12359	5.61913e-02
0.11280	5.76836e-02
0.12944	5.67546e-02
0.13673	6.71979e-02
0.14500	6.42430e-02
0.13610	7.30679e-02
0.14608	6.56968e-02
0.15442	5.92193e-02
0.15024	5.62955e-02
0.13127	5.53260e-02
0.12556	6.25288e-02
0.14173	6.43014e-02
0.14069	4.86593e-02
0.14982	5.56767e-02
0.16025	6.67998e-02
0.15233	5.68770e-02
0.14961	5.86005e-02
0.13826	4.30747e-02
0.13826	4.30747e-02
0.13593	6.07502e-02
0.15012	5.72838e-02
0.15012	5.72838e-02
0.13240	6.40932e-02
0.10835	7.70713e-02
0.10191	7.52132e-02
0.12491	8.69995e-02
0.12671	8.68492e-02
0.14381	9.66955e-02
0.15301	9.65883e-02
0.13999	8.38457e-02
0.13999	8.38457e-02
0.15066	7.62626e-02
0.15635	6.54778e-02
0.15470	6.46189e-02
0.16255	8.30937e-02
0.15880	8.05654e-02
0.14079	8.31119e-02
0.15474	7.27086e-02
0.17060	6.58060e-02
0.15635	6.80646e-02
0.15030	6.20761e-02
0.15430	6.33706e-02
0.13764	6.46336e-02
0.14914	7.92426e-02
0.12555	8.53741e-02
0.11375	7.05881e-02
0.12203	6.81514e-02
0.10162	4.85265e-02
0.09393	4.77988e-02
0.11144	6.65170e-02
0.12467	7.36613e-02
0.10834	7.30940e-02
0.10906	3.94736e-02
0.14963	5.10569e-02
0.14168	5.14856e-02
0.16329	6.55737e-02
0.18145	5.91668e-02
0.16773	7.06374e-02
0.15178	6.13531e-02
0.15907	6.40612e-02
0.15591	6.71150e-02
0.15610	6.79728e-02
0.14523	7.45369e-02
0.15890	7.52096e-02
0.12738	7.11624e-02
0.13616	8.41373e-02
0.15894	9.18156e-02
0.17448	9.78249e-02
0.16912	1.01925e-01
0.16030	9.36116e-02
0.14769	9.90189e-02
0.13519	1.00725e-01
0.11312	9.43530e-02
0.11336	9.43829e-02
0.12802	9.15335e-02
0.12802	9.15335e-02
0.14430	9.23191e-02
0.15123	9.48618e-02
0.15123	9.48618e-02
0.15765	9.85968e-02
0.12198	1.01439e-01
0.13464	1.07169e-01
0.16326	9.28574e-02
0.16326	9.28574e-02
0.17495	7.95106e-02
0.17335	8.01685e-02
0.18347	7.92558e-02
0.18207	8.17835e-02
0.18207	8.17835e-02
0.13650	6.69281e-02
0.15339	6.66565e-02
0.13534	6.43649e-02
0.14023	6.32776e-02
0.12590	5.92313e-02
0.09488	4.86244e-02
0.09144	4.81845e-02
0.09453	3.64422e-02
0.10414	5.56408e-02
0.11745	6.32386e-02
0.13710	4.38368e-02
0.13029	4.17514e-02
0.10041	4.59546e-02
0.09685	3.54836e-02
0.09377	3.86922e-02
0.12100	6.82881e-02
0.12872	3.86947e-02
0.12284	3.78578e-02
0.10486	4.85771e-02
0.11281	6.41895e-02
0.11236	6.44220e-02
0.12347	7.14604e-02
0.12347	7.14604e-02
0.14035	7.87263e-02
0.13245	7.00336e-02
0.16075	1.06025e-01
0.16605	1.02772e-01
0.15718	1.04313e-01
0.09795	5.37493e-02
0.14388	8.48352e-02
0.14712	8.62428e-02
0.14944	1.00923e-01
0.12705	7.77971e-02
0.15580	8.35699e-02
0.13101	6.86755e-02
0.15054	5.90858e-02
0.14793	5.61792e-02
0.15248	6.10134e-02
0.15248	6.10134e-02
0.17783	6.75191e-02
0.18353	8.32970e-02
0.20109	9.80863e-02
0.20109	9.80863e-02
0.20961	1.00486e-01
0.18135	9.62887e-02
0.19451	1.13285e-01
0.16153	9.35203e-02
0.17298	7.98507e-02
0.17366	7.98716e-02
0.15432	4.80339e-02
0.15007	5.36818e-02
0.15777	4.90036e-02
0.15777	4.90036e-02
0.16556	5.24424e-02
0.16467	5.29580e-02
0.16467	5.29580e-02
0.19800	5.18057e-02
0.19800	5.18057e-02
0.19800	5.18057e-02
0.20738	2.12451e-02
0.21773	2.91590e-02
0.21773	2.91590e-02
0.20532	4.01929e-02
0.19056	5.42415e-02
0.19056	5.42415e-02
0.18483	5.60181e-02
0.17508	4.53971e-02
0.16898	9.24379e-02
0.17781	9.31475e-02
0.14092	5.83545e-02
0.13007	4.48942e-02
0.13007	4.48942e-02
0.12118	6.78265e-02
0.17010	8.55254e-02
0.18425	6.16837e-02
0.17585	5.26395e-02
0.16465	5.32618e-02
0.15317	4.43260e-02
0.14071	4.37509e-02
0.11904	3.29722e-02
0.11904	3.29722e-02
0.11904	3.29722e-02
0.12912	3.86454e-02
0.09472	1.20521e-02
0.09472	1.20521e-02
0.10004	1.78221e-02
0.12626	4.15158e-02
0.08824	2.41305e-02
0.08824	2.41305e-02
0.08824	2.41305e-02
0.09666	1.83436e-02
0.09666	1.83436e-02
0.09666	1.83436e-02
0.09624	1.84909e-02
0.09624	1.84909e-02
0.08863	1.42312e-02
0.09546	8.83282e-03
0.08643	2.10845e-02
0.10226	4.12396e-03
0.10226	4.12396e-03
0.10226	4.12396e-03
0.16251	8.11132e-02
0.16251	8.11132e-02
0.15910	8.36474e-02
0.17457	3.06510e-02
0.11938	2.45428e-02
0.11938	2.45428e-02
0.16794	2.40217e-02
0.16794	2.40217e-02
0.24420	5.22386e-02
0.18689	1.09550e-01
0.29644	0.00000e+00
0.29644	0.00000e+00
0.08832	0.00000e+00
0.23097	0.00000e+00
0.23097	0.00000e+00
0.23097	0.00000e+00
0.16907	0.00000e+00
0.16907	0.00000e+00
0.17418	0.00000e+00
0.17418	0.00000e+00
0.17418	0.00000e+00
0.17418	0.00000e+00
0.17418	0.00000e+00
0.15900	0.00000e+00
