0.89868	3.26071e-02
0.87732	2.75350e-02
0.84857	4.74373e-02
0.78511	6.06065e-02
0.78947	6.11311e-02
0.72047	8.39909e-02
0.67553	9.56205e-02
0.63733	1.29813e-01
0.59673	1.47750e-01
0.60773	1.58480e-01
0.63156	9.45402e-02
0.63829	6.92910e-02
0.59431	1.18190e-01
0.61472	9.38654e-02
0.54590	1.60341e-01
0.54833	1.46762e-01
0.48489	1.62664e-01
0.55803	1.47823e-01
0.55375	1.69364e-01
0.55344	1.22533e-01
0.56616	1.67765e-01
0.57552	1.25775e-01
0.58172	1.09627e-01
0.61822	9.77670e-02
0.62572	1.39281e-01
0.60387	1.26312e-01
0.63638	1.01841e-01
0.59230	1.76587e-01
0.63050	9.87279e-02
0.60492	1.26469e-01
0.64023	1.08727e-01
0.65187	9.25506e-02
0.66367	6.48009e-02
0.62969	1.02696e-01
0.62234	6.65737e-02
0.64003	8.39091e-02
0.63804	6.97714e-02
0.62235	6.36972e-02
0.62710	9.09674e-02
0.63782	8.11079e-02
0.64434	3.94153e-02
0.63201	8.87099e-02
0.64711	4.71586e-02
0.63484	6.39998e-02
0.61532	6.51959e-02
0.62434	5.76168e-02
0.63149	7.19854e-02
0.61542	4.79574e-02
0.60097	4.53922e-02
0.59350	6.79930e-02
0.57434	7.04732e-02
0.58573	7.85031e-02
0.58043	5.49255e-02
0.59107	5.03473e-02
0.58359	5.90504e-02
0.56865	5.65006e-02
0.55327	5.86382e-02
0.57906	4.84211e-02
0.57905	3.91714e-02
0.55282	4.46254e-02
0.54888	3.80225e-02
0.57205	5.71605e-02
0.53500	5.18507e-02
0.55823	3.33625e-02
0.51687	4.51305e-02
0.53171	3.90373e-02
0.53095	6.60735e-02
0.52005	6.75911e-02
0.52164	3.74387e-02
0.49987	2.95290e-02
0.48895	3.56394e-02
0.48725	5.98615e-02
0.48998	4.93958e-02
0.47451	5.95798e-02
0.47811	3.82224e-02
0.49527	6.21669e-02
0.49261	5.91756e-02
0.47878	3.89982e-02
0.49053	6.34656e-02
0.45965	5.03952e-02
0.44947	5.29535e-02
0.44951	5.86570e-02
0.44581	4.64333e-02
0.39525	7.59496e-02
0.38579	7.82760e-02
0.39131	6.15135e-02
0.39454	5.53391e-02
0.38216	8.39266e-02
0.35635	7.10440e-02
0.33993	7.34862e-02
0.35190	5.42124e-02
0.35843	1.00802e-01
0.32860	8.81704e-02
0.33043	8.02774e-02
0.30868	1.04995e-01
0.30254	8.10279e-02
0.35720	9.87589e-02
0.31515	6.26157e-02
0.31785	9.69675e-02
0.31145	9.41734e-02
0.31168	9.41031e-02
0.30078	8.57249e-02
0.31647	8.85883e-02
0.31986	8.93419e-02
0.32180	9.21287e-02
0.31180	9.55334e-02
0.30826	7.35385e-02
0.30483	7.82833e-02
0.33575	6.34752e-02
0.32218	8.18339e-02
0.32792	8.37031e-02
0.32945	8.57628e-02
0.33279	9.26044e-02
0.32826	9.46622e-02
0.33961	1.04186e-01
0.31910	9.78903e-02
0.33539	9.68453e-02
0.34673	1.07426e-01
0.36825	8.62475e-02
0.36102	1.00111e-01
0.35493	1.28953e-01
0.33635	1.29216e-01
0.35165	1.10131e-01
0.36393	1.06792e-01
0.39368	1.04960e-01
0.40549	9.21145e-02
0.41079	1.03931e-01
0.40222	1.16297e-01
0.38937	1.32066e-01
0.37716	1.26562e-01
0.38466	1.08417e-01
0.38331	1.07110e-01
0.38401	1.07495e-01
0.38208	1.13705e-01
0.36379	9.44230e-02
0.35213	8.39440e-02
0.35980	8.40965e-02
0.36003	8.41941e-02
0.37701	9.82641e-02
0.38153	1.04056e-01
0.37495	1.03160e-01
0.39987	8.46474e-02
0.40261	7.44499e-02
0.42059	8.51396e-02
0.41839	8.86993e-02
0.41267	9.16602e-02
0.43145	9.06389e-02
0.44490	9.98933e-02
0.44490	9.98933e-02
0.43854	1.12232e-01
0.43820	1.12012e-01
0.42639	1.04218e-01
0.43482	1.06160e-01
0.42994	9.90376e-02
0.42994	9.90376e-02
0.44287	6.73782e-02
0.41393	1.23230e-01
0.42163	1.16198e-01
0.42814	1.16786e-01
0.41701	1.09247e-01
0.41936	1.14035e-01
0.43663	7.01579e-02
0.42962	7.93032e-02
0.44000	1.00785e-01
0.46961	1.13517e-01
0.47020	1.14217e-01
0.47621	8.97977e-02
0.47621	8.97977e-02
0.46012	9.70871e-02
0.48671	9.61917e-02
0.48662	9.60999e-02
0.48152	9.17130e-02
0.49443	7.28044e-02
0.50660	7.21902e-02
0.47567	8.67033e-02
0.47028	8.51732e-02
0.46840	9.96643e-02
0.46339	1.02559e-01
0.46281	1.02477e-01
0.46102	1.00948e-01
0.46651	8.24818e-02
0.46651	8.24818e-02
0.45722	7.89315e-02
0.44972	8.32366e-02
0.47596	8.33852e-02
0.49589	9.59045e-02
0.49589	9.59045e-02
0.50981	8.41064e-02
0.50966	7.25010e-02
0.50116	8.21508e-02
0.49555	8.35051e-02
0.50365	9.20317e-02
0.50782	9.58092e-02
0.48450	9.24258e-02
0.49591	7.85029e-02
0.49350	7.84714e-02
0.49489	6.87134e-02
0.50092	7.09128e-02
0.49557	8.54656e-02
0.49550	8.81124e-02
0.51475	8.79555e-02
0.51762	8.72563e-02
0.53931	9.65521e-02
0.54018	8.38026e-02
0.52247	9.01131e-02
0.54347	8.16176e-02
0.54347	8.16176e-02
0.54347	8.16176e-02
0.54561	6.06355e-02
0.55396	6.27174e-02
0.55302	6.21264e-02
0.54476	6.00198e-02
0.52816	7.00805e-02
0.53821	7.08513e-02
0.55058	6.27383e-02
0.55066	6.27005e-02
0.55969	6.17370e-02
0.55034	7.22078e-02
0.58325	8.20339e-02
0.58370	8.20219e-02
0.57732	8.19819e-02
0.57915	6.21313e-02
0.57451	6.04509e-02
0.57709	7.73381e-02
0.57289	7.26943e-02
0.57289	7.26943e-02
0.58523	7.34973e-02
0.60560	6.77398e-02
0.59769	6.55533e-02
0.60573	6.45924e-02
0.59812	8.10156e-02
0.60376	6.90056e-02
0.59235	6.51352e-02
0.62836	6.48699e-02
0.61354	5.75803e-02
0.62294	6.12357e-02
0.62047	6.15322e-02
0.63927	6.52462e-02
0.63271	7.01975e-02
0.62628	7.18438e-02
0.63802	5.64028e-02
0.64617	6.81623e-02
0.64464	6.80193e-02
0.63711	6.42275e-02
0.63711	6.42275e-02
0.64776	6.34535e-02
0.65897	7.03695e-02
0.65300	8.27976e-02
0.64960	8.06269e-02
0.63123	9.07916e-02
0.63125	9.07719e-02
0.62973	9.08874e-02
0.65507	5.27921e-02
0.66018	5.40345e-02
0.66759	6.20310e-02
0.67263	6.19084e-02
0.67263	6.19084e-02
0.68163	6.40950e-02
0.66956	6.38085e-02
0.65743	6.89238e-02
0.67342	5.81340e-02
0.67219	5.67965e-02
0.67619	6.42175e-02
0.66799	6.77068e-02
0.67617	5.78307e-02
0.69121	4.19515e-02
0.68145	3.42298e-02
0.68332	3.75356e-02
0.67810	3.40318e-02
0.67785	3.36112e-02
0.67785	3.36112e-02
0.68897	4.28604e-02
0.70040	5.07828e-02
0.70040	5.07828e-02
0.70177	4.91179e-02
0.69190	4.38910e-02
0.68246	6.11474e-02
0.67013	5.57696e-02
0.67602	5.72217e-02
0.68634	5.76515e-02
0.69465	5.60978e-02
0.68779	5.39710e-02
0.71065	4.51107e-02
0.71473	4.87983e-02
0.72439	5.36632e-02
0.72523	5.35849e-02
0.72078	4.94648e-02
0.73252	4.67105e-02
0.72150	6.61706e-02
0.72528	5.62438e-02
0.72613	5.75493e-02
0.72710	5.51320e-02
0.73758	5.83735e-02
0.73736	4.48234e-02
0.73107	5.27740e-02
0.73098	5.28530e-02
0.73583	5.45159e-02
0.73546	5.40043e-02
0.73916	6.22386e-02
0.76677	5.07328e-02
0.75989	5.59104e-02
0.75047	5.79713e-02
0.75047	5.79713e-02
0.75380	6.75414e-02
0.74941	6.38257e-02
0.74895	7.00538e-02
0.75895	6.77817e-02
0.76809	4.72872e-02
0.76370	4.85396e-02
0.77002	4.53338e-02
0.77614	4.40223e-02
0.77180	4.28169e-02
0.78584	3.72153e-02
0.78786	3.74619e-02
0.78325	3.54203e-02
0.79032	4.89806e-02
0.79230	5.44944e-02
0.78812	5.43463e-02
0.78292	5.05954e-02
0.78369	5.03022e-02
0.78957	5.50284e-02
0.78860	5.32910e-02
0.78999	5.29563e-02
0.79544	5.35802e-02
0.79504	5.41617e-02
0.80882	4.82869e-02
0.80989	4.79176e-02
0.80746	4.57626e-02
0.80362	4.24338e-02
0.80773	4.28380e-02
0.80811	4.14175e-02
0.81415	4.47200e-02
0.80128	6.13272e-02
0.80829	6.36943e-02
0.80607	6.26112e-02
0.81072	5.89688e-02
0.80489	6.06812e-02
0.81061	6.55058e-02
0.80826	6.63274e-02
0.82717	4.56268e-02
0.82565	4.49861e-02
0.83236	4.52514e-02
0.82671	4.48432e-02
0.82701	4.48378e-02
0.82701	4.48378e-02
0.83127	4.67100e-02
0.82927	4.36941e-02
0.83688	4.77971e-02
0.84348	4.63266e-02
0.83142	3.75419e-02
0.84231	5.23457e-02
0.84603	5.19516e-02
0.86103	2.60319e-02
0.85412	4.63415e-02
0.85392	4.62859e-02
0.84993	3.14904e-02
0.85004	3.14682e-02
0.85336	3.41357e-02
0.85304	3.54181e-02
0.85873	4.03178e-02
0.86409	3.87962e-02
0.86500	3.67929e-02
0.86250	3.62853e-02
0.86113	3.65442e-02
0.86956	4.15191e-02
0.86944	4.15846e-02
0.86900	4.17960e-02
0.87402	3.98128e-02
0.87407	3.98463e-02
0.87407	3.98463e-02
0.88039	4.39776e-02
0.87819	4.32113e-02
0.87010	4.19429e-02
0.87069	4.25018e-02
0.87181	4.51309e-02
0.87006	4.37060e-02
0.87073	4.47370e-02
0.86855	4.30949e-02
0.87122	4.56536e-02
0.87447	3.71747e-02
0.87446	3.71764e-02
0.87271	4.03104e-02
0.87725	4.17870e-02
0.88773	3.68986e-02
0.89209	3.89309e-02
0.89211	3.89441e-02
0.89498	4.15742e-02
0.88005	4.73468e-02
0.87125	4.76441e-02
0.86024	5.17029e-02
0.82369	1.47316e-03
0.82369	1.47316e-03
0.82369	1.47316e-03
0.85932	1.55551e-02
0.85965	1.58867e-02
0.86508	2.13154e-02
0.87002	1.63732e-02
0.87654	2.28989e-02
0.87654	2.28989e-02
0.87654	2.28989e-02
0.86519	1.15454e-02
0.86519	1.15454e-02
0.88425	3.06085e-02
0.87495	2.22653e-02
0.89420	2.32416e-02
0.87708	0.00000e+00
0.87708	0.00000e+00
0.87792	0.00000e+00
0.87792	0.00000e+00
0.87792	0.00000e+00
0.87792	0.00000e+00
0.87792	0.00000e+00
0.87792	0.00000e+00
0.87792	0.00000e+00
0.87792	0.00000e+00
0.89634	0.00000e+00
