1.0000 2.0000
0.9900 1.9430
0.9800 1.8850
0.9700 1.8320
0.9600 1.7810
0.9490 1.7290
0.9380 1.6780
0.9270 1.6290
0.9140 1.5780
0.9040 1.5310
0.8940 1.4860
0.8830 1.4410
0.8700 1.3950
0.8570 1.3510
0.8380 1.3100
0.8260 1.2660
0.7560 1.2260
0.7100 1.1850
0.5850 1.1490
0.5650 1.1100
0.4990 1.0730
0.4750 1.0340
0.4340 0.9970
0.3740 0.9590
0.3280 0.9220
0.3040 0.8840
0.2720 0.8480
0.2600 0.8110
0.2490 0.7770
0.2350 0.7420
0.2200 0.7090
0.2090 0.6780
0.1730 0.6450
0.1640 0.6150
0.1430 0.5850
0.1400 0.5570
0.1350 0.5260
0.1250 0.5000
0.1200 0.4740
0.1100 0.4500
0.1090 0.4260
0.1050 0.4040
0.0920 0.3830
0.0790 0.3620
0.0770 0.3400
0.0700 0.3180
0.0690 0.2980
0.0630 0.2810
0.0630 0.2660
0.0610 0.2450
0.0580 0.2280
0.0580 0.2150
0.0550 0.1980
0.0530 0.1840
0.0530 0.1690
0.0460 0.1530
0.0460 0.1410
0.0420 0.1300
0.0420 0.1200
0.0400 0.1070
0.0350 0.0940
0.0340 0.0800
0.0330 0.0700
0.0320 0.0610
0.0300 0.0560
0.0290 0.0510
0.0280 0.0470
0.0280 0.0440
0.0270 0.0380
0.0270 0.0350
0.0240 0.0280
0.0240 0.0260
0.0240 0.0240
0.0230 0.0210
0.0220 0.0180
0.0210 0.0160
0.0210 0.0140
0.0210 0.0140
0.0200 0.0130
0.0180 0.0110
0.0180 0.0110
0.0160 0.0080
0.0160 0.0080
0.0160 0.0070
0.0150 0.0050
0.0130 0.0030
0.0130 0.0030
0.0120 0.0020
0.0110 0.0010
0.0110 0.0010
0.0110 0.0010
0.0110 0.0010
0.0100 0.0000
0.0100 0.0000
0.0100 0.0000
0.0100 0.0000
0.0100 0.0000
0.0100 0.0000
0.0100 0.0000
0.0000 0.0000
