1.0000 2.0000
0.9900 1.9570
0.9800 1.9240
0.9700 1.9020
0.9600 1.8790
0.9500 1.8540
0.9400 1.8310
0.9300 1.8120
0.9200 1.7900
0.9100 1.7670
0.9000 1.7440
0.8900 1.7220
0.8800 1.6990
0.8700 1.6750
0.8600 1.6550
0.8500 1.6340
0.8400 1.6120
0.8300 1.5910
0.8200 1.5690
0.8100 1.5460
0.8000 1.5240
0.7900 1.5050
0.7800 1.4840
0.7700 1.4630
0.7600 1.4410
0.7500 1.4210
0.7400 1.3980
0.7300 1.3790
0.7200 1.3580
0.7100 1.3390
0.7000 1.3170
0.6900 1.2950
0.6800 1.2750
0.6700 1.2530
0.6600 1.2330
0.6500 1.2110
0.6400 1.1890
0.6300 1.1680
0.6190 1.1480
0.6100 1.1300
0.6000 1.1080
0.5900 1.0860
0.5800 1.0640
0.5700 1.0430
0.5600 1.0240
0.5500 1.0030
0.5400 0.9840
0.5300 0.9620
0.5200 0.9420
0.5100 0.9210
0.5000 0.9030
0.4900 0.8840
0.4800 0.8650
0.4700 0.8460
0.4600 0.8270
0.4500 0.8060
0.4400 0.7880
0.4300 0.7700
0.4200 0.7510
0.4100 0.7300
0.4000 0.7090
0.3900 0.6870
0.3800 0.6670
0.3700 0.6490
0.3600 0.6310
0.3500 0.6100
0.3400 0.5910
0.3300 0.5740
0.3190 0.5560
0.3100 0.5380
0.2990 0.5170
0.2900 0.5010
0.2800 0.4850
0.2700 0.4670
0.2600 0.4480
0.2500 0.4300
0.2400 0.4110
0.2300 0.3920
0.2200 0.3730
0.2100 0.3540
0.2000 0.3330
0.1900 0.3140
0.1800 0.2950
0.1700 0.2780
0.1600 0.2580
0.1500 0.2390
0.1400 0.2210
0.1300 0.2040
0.1200 0.1860
0.1100 0.1690
0.1000 0.1540
0.0890 0.1340
0.0790 0.1170
0.0700 0.1000
0.0600 0.0810
0.0500 0.0620
0.0400 0.0430
0.0300 0.0270
0.0180 0.0080
0.0000 0.0000
