0.94932	8.83000e-02
0.97292	1.07903e-02
0.96573	1.11689e-02
0.94434	1.39964e-02
0.95401	1.39204e-02
0.93945	1.73549e-02
0.93504	2.09130e-02
0.92215	2.09789e-02
0.91732	2.05078e-02
0.90296	2.64635e-02
0.90188	2.40619e-02
0.88911	1.90905e-02
0.86550	4.22952e-02
0.86126	3.24977e-02
0.86831	2.69656e-02
0.84581	3.36215e-02
0.83272	3.74447e-02
0.83337	5.07825e-02
0.81282	3.17739e-02
0.80927	3.38593e-02
0.80071	4.72314e-02
0.79346	4.25197e-02
0.77262	5.06021e-02
0.77115	3.16702e-02
0.74950	5.70115e-02
0.74475	4.14238e-02
0.74305	4.84709e-02
0.73825	6.43885e-02
0.71065	6.31960e-02
0.72470	3.49167e-02
0.71520	3.94677e-02
0.68141	5.16098e-02
0.69116	4.50036e-02
0.66154	5.05951e-02
0.66153	4.26443e-02
0.64353	3.62110e-02
0.63158	4.44502e-02
0.63166	3.31388e-02
0.63805	6.16957e-02
0.59797	4.86275e-02
0.58667	6.47043e-02
0.59222	6.89375e-02
0.58561	7.38851e-02
0.60249	6.31104e-02
0.58623	5.49176e-02
0.58336	5.11047e-02
0.57315	9.30225e-02
0.53447	5.56935e-02
0.51027	6.63118e-02
0.53446	7.23756e-02
0.55135	6.55885e-02
0.54220	7.65607e-02
0.56298	7.84328e-02
0.54371	4.70084e-02
0.55040	7.86950e-02
0.55766	5.58668e-02
0.55767	6.93805e-02
0.50233	9.24830e-02
0.53046	4.41804e-02
0.52502	5.82012e-02
0.49079	8.30139e-02
0.48949	6.91478e-02
0.49063	6.83093e-02
0.47555	9.35559e-02
0.49416	9.04159e-02
0.47509	9.90914e-02
0.48954	8.75709e-02
0.49569	6.10840e-02
0.50015	7.41129e-02
0.48238	8.16238e-02
0.46177	1.01510e-01
0.46484	6.88719e-02
0.47176	7.46997e-02
0.47795	6.76345e-02
0.45234	6.66248e-02
0.41187	4.47223e-02
0.43469	6.49439e-02
0.41915	7.27436e-02
0.43808	9.66092e-02
0.46979	8.07796e-02
0.40183	9.92125e-02
0.37419	1.06707e-01
0.41049	7.78024e-02
0.41053	8.47737e-02
0.42760	6.06538e-02
0.40628	9.76922e-02
0.35877	1.13834e-01
0.39451	5.54687e-02
0.42387	6.73250e-02
0.42772	1.12661e-01
0.37419	9.15767e-02
0.37406	8.61154e-02
0.35199	7.93559e-02
0.33909	1.27419e-01
0.32937	1.51335e-01
0.34331	1.23993e-01
0.33458	1.17327e-01
0.30941	1.10334e-01
0.34663	1.16422e-01
0.38980	1.47471e-01
0.41174	1.51882e-01
0.41319	1.52401e-01
0.40034	1.77028e-01
0.40270	1.80527e-01
0.40270	1.80527e-01
0.38006	1.63767e-01
0.39853	1.46798e-01
0.42065	1.42413e-01
0.46990	8.77084e-02
0.46990	8.77084e-02
0.46189	8.28962e-02
0.44656	9.06205e-02
0.44847	1.04157e-01
0.46239	1.00733e-01
0.47818	1.20010e-01
0.48303	1.39544e-01
0.49682	1.44618e-01
0.48509	1.46484e-01
0.49427	1.31534e-01
0.49427	1.31534e-01
0.51991	1.11089e-01
0.52449	1.10942e-01
0.53502	1.11589e-01
0.53943	1.06779e-01
0.54712	1.13639e-01
0.56046	1.19883e-01
0.57478	1.22131e-01
0.57201	1.22465e-01
0.56654	1.35443e-01
0.57424	1.37804e-01
0.59367	1.02101e-01
0.60803	1.04132e-01
0.61065	1.05933e-01
0.63336	6.27112e-02
0.64069	7.03726e-02
0.65547	6.97169e-02
0.66913	6.24779e-02
0.68426	5.42460e-02
0.69565	4.55940e-02
0.69569	4.56245e-02
0.69713	4.73648e-02
0.70663	5.44485e-02
0.70297	5.52377e-02
0.69934	5.36887e-02
0.69312	4.67995e-02
0.68860	4.93062e-02
0.69219	5.56795e-02
0.69522	5.79993e-02
0.69337	5.93219e-02
0.70204	5.63295e-02
0.70449	6.09968e-02
0.73190	5.23495e-02
0.73225	4.96199e-02
0.72640	5.19958e-02
0.73584	5.02175e-02
0.74167	3.04681e-02
0.73906	3.49678e-02
0.73956	3.51895e-02
0.73170	4.51462e-02
0.73292	4.60565e-02
0.73754	4.68348e-02
0.74028	5.03686e-02
0.73437	4.47076e-02
0.73211	4.30550e-02
0.72733	4.26466e-02
0.72830	3.90212e-02
0.73569	4.81971e-02
0.75131	6.51266e-02
0.75803	6.86963e-02
0.77582	4.78224e-02
0.77242	3.93829e-02
0.76586	3.73710e-02
0.77047	5.00047e-02
0.78184	4.15691e-02
0.78231	4.94288e-02
0.78089	5.07778e-02
0.78059	5.10905e-02
0.78059	5.10905e-02
0.78664	5.25145e-02
0.78672	5.26082e-02
0.79626	4.45619e-02
0.79623	4.77533e-02
0.79623	4.77533e-02
0.80076	4.95804e-02
0.79968	4.40190e-02
0.80292	4.45344e-02
0.80126	4.35847e-02
0.80877	4.60589e-02
0.80289	3.98889e-02
0.80849	3.96104e-02
0.80399	3.99544e-02
0.80973	4.15941e-02
0.82056	4.39268e-02
0.82363	4.26363e-02
0.82853	4.31103e-02
0.82837	4.40644e-02
0.82628	4.35646e-02
0.82629	4.35664e-02
0.82729	4.56753e-02
0.82512	4.18377e-02
0.82790	5.12647e-02
0.82113	4.67538e-02
0.82093	4.66378e-02
0.81569	4.34824e-02
0.81907	4.74102e-02
0.82444	4.59635e-02
0.82553	4.66953e-02
0.82556	4.67461e-02
0.82946	4.15549e-02
0.83400	4.24973e-02
0.83315	4.27280e-02
0.82857	4.04467e-02
0.83776	2.62452e-02
0.84185	2.68578e-02
0.83780	3.47465e-02
0.83794	3.48217e-02
0.84352	3.88972e-02
0.84086	4.06317e-02
0.84938	3.68980e-02
0.84914	3.73245e-02
0.83728	3.73544e-02
0.84530	3.41167e-02
0.84548	3.40534e-02
0.84465	3.47734e-02
0.84724	3.37381e-02
0.85548	3.14399e-02
0.85548	3.14399e-02
0.85526	3.13393e-02
0.85995	3.58809e-02
0.85995	3.58809e-02
0.85992	3.58681e-02
0.86393	2.39392e-02
0.85982	2.68459e-02
0.86077	2.76716e-02
0.85705	2.15705e-02
0.85189	2.06764e-02
0.85142	2.32714e-02
0.85355	2.35974e-02
0.85985	2.68433e-02
0.85631	2.83764e-02
0.85631	2.83764e-02
0.86119	2.66406e-02
0.85948	2.63499e-02
0.86155	2.54087e-02
0.85762	2.72379e-02
0.85652	2.64138e-02
0.85560	2.53744e-02
0.85621	2.85115e-02
0.85646	2.44555e-02
0.86465	1.88167e-02
0.86459	1.87540e-02
0.86378	1.74720e-02
0.86146	1.77318e-02
0.86383	2.47708e-02
0.86207	2.68118e-02
0.86271	2.77342e-02
0.86421	2.73592e-02
0.86102	2.89964e-02
0.86458	3.09823e-02
0.86976	3.12765e-02
0.87819	2.54187e-02
0.87948	2.28475e-02
0.88185	2.10683e-02
0.88597	2.33042e-02
0.88756	2.17332e-02
0.88393	2.08608e-02
0.88048	1.99352e-02
0.87795	1.58811e-02
0.87906	1.72822e-02
0.88019	1.79392e-02
0.88006	1.82440e-02
0.88406	2.17576e-02
0.88374	2.17209e-02
0.88299	2.08362e-02
0.88104	2.04981e-02
0.87901	1.95378e-02
0.88663	2.56865e-02
0.88677	2.44518e-02
0.88434	2.44407e-02
0.88292	2.73709e-02
0.88463	2.72654e-02
0.88342	2.41077e-02
0.89004	2.73002e-02
0.88496	2.41896e-02
0.88129	2.49447e-02
0.88097	2.43092e-02
0.88097	2.43092e-02
0.88204	1.98128e-02
0.88204	1.98128e-02
0.88764	2.41664e-02
0.88951	2.47396e-02
0.89571	2.70938e-02
0.89825	2.64468e-02
0.89434	2.58849e-02
0.89337	2.55861e-02
0.89752	2.04517e-02
0.89680	2.12632e-02
0.89447	2.06056e-02
0.90331	1.41306e-02
0.90619	1.71258e-02
0.90817	1.99109e-02
0.90277	2.01068e-02
0.89523	2.18760e-02
0.89612	2.17606e-02
0.89373	2.73408e-02
0.90031	3.11429e-02
0.89550	2.82702e-02
0.89887	3.33012e-02
0.89920	3.47109e-02
0.90146	2.60582e-02
0.90510	2.63782e-02
0.90252	2.87171e-02
0.90057	2.49808e-02
0.90758	2.92981e-02
0.90935	2.71458e-02
0.91254	2.55724e-02
0.91572	2.46804e-02
0.91153	2.38150e-02
0.91363	2.54507e-02
0.90951	2.24892e-02
0.91254	2.25831e-02
0.90874	2.33322e-02
0.90642	2.50887e-02
0.90531	2.52680e-02
0.90625	2.86254e-02
0.91076	2.92897e-02
0.91502	2.60348e-02
0.92114	2.27593e-02
0.91444	2.22573e-02
0.91722	2.69928e-02
0.91946	2.75460e-02
0.92134	2.87103e-02
0.92315	2.28923e-02
0.92042	2.25824e-02
0.91920	2.13913e-02
0.91903	2.12548e-02
0.92218	2.58300e-02
0.92221	2.58378e-02
0.92460	2.58571e-02
0.92751	2.78445e-02
0.92748	2.77888e-02
0.92857	2.66672e-02
0.93397	2.68588e-02
0.93479	2.77014e-02
0.93393	2.76642e-02
0.93185	2.83026e-02
0.92408	2.37585e-02
0.92269	2.42242e-02
0.92291	2.38519e-02
0.92535	2.34355e-02
0.92870	2.44076e-02
0.92870	2.44076e-02
0.93025	2.42791e-02
0.93156	2.51762e-02
0.93236	2.55903e-02
0.92935	2.66184e-02
0.93159	2.36564e-02
0.93307	2.39034e-02
0.93950	2.01372e-02
0.93850	2.65823e-02
0.93939	2.65163e-02
0.93093	2.20568e-02
0.93093	2.20568e-02
0.93174	2.28447e-02
0.93540	1.94196e-02
0.94325	2.05810e-02
0.94681	2.18839e-02
0.94733	2.60050e-02
0.94733	2.60050e-02
0.94762	2.62339e-02
0.95274	1.70618e-02
0.95125	1.56160e-02
0.95018	2.16375e-02
0.94795	1.91363e-02
0.95377	2.18876e-02
0.95377	2.18876e-02
0.95718	2.38301e-02
0.95724	2.35717e-02
0.95762	2.35945e-02
0.95624	2.00426e-02
0.95624	2.00426e-02
0.95620	2.00328e-02
0.95966	2.15538e-02
0.95886	2.85593e-02
0.96076	1.68237e-02
0.95842	1.70777e-02
0.95350	1.66680e-02
0.95836	2.01725e-02
0.96566	1.38854e-02
0.96566	1.38854e-02
0.96571	1.38834e-02
0.96571	1.38834e-02
0.95903	1.74750e-02
0.96549	2.13211e-02
0.96333	2.12016e-02
0.96172	2.03375e-02
0.96547	2.25074e-02
0.97095	1.91205e-02
0.97092	1.91299e-02
0.97092	1.91299e-02
0.97092	1.91299e-02
0.97092	1.91299e-02
0.97092	1.91299e-02
0.97092	1.91299e-02
0.96844	2.36989e-02
0.96843	2.37016e-02
0.96937	2.64192e-02
0.96317	2.78696e-02
0.96280	2.34748e-02
0.96280	2.34748e-02
0.96280	2.34748e-02
0.96280	2.34748e-02
0.95916	2.70944e-02
0.93206	0.00000e+00
0.93206	0.00000e+00
0.93206	0.00000e+00
0.95638	0.00000e+00
0.95638	0.00000e+00
0.95638	0.00000e+00
0.95638	0.00000e+00
0.95638	0.00000e+00
0.95638	0.00000e+00
0.93686	0.00000e+00
0.93686	0.00000e+00
0.93686	0.00000e+00
0.93686	0.00000e+00
0.97594	0.00000e+00
0.97594	0.00000e+00
0.97594	0.00000e+00
0.95697	0.00000e+00
0.98133	0.00000e+00
0.97917	0.00000e+00
0.97917	0.00000e+00
0.97897	0.00000e+00
0.97897	0.00000e+00
0.97888	0.00000e+00
