0.99153	2.47543e-03
0.98420	9.32824e-03
0.97803	1.42750e-02
0.96440	1.61427e-02
0.95966	1.14887e-02
0.95423	2.20420e-02
0.94669	1.84161e-02
0.93755	1.46625e-02
0.92089	2.30269e-02
0.92094	2.44518e-02
0.92025	2.64567e-02
0.90545	4.20530e-02
0.91510	3.17155e-02
0.88918	1.98827e-02
0.88550	2.66092e-02
0.87716	3.87748e-02
0.85984	3.08069e-02
0.86019	2.85881e-02
0.85477	2.63145e-02
0.85734	3.08353e-02
0.83923	3.02145e-02
0.85812	2.97767e-02
0.83543	1.79208e-02
0.80568	2.60324e-02
0.81415	2.26700e-02
0.79929	4.46002e-02
0.79717	3.94141e-02
0.77272	5.38096e-02
0.77716	4.81750e-02
0.75998	6.15757e-02
0.72902	6.00518e-02
0.72583	7.54277e-02
0.71990	4.58674e-02
0.72179	7.51365e-02
0.75407	6.15197e-02
0.71061	6.54360e-02
0.72621	5.30726e-02
0.72417	7.52009e-02
0.70053	9.36280e-02
0.70039	7.90303e-02
0.67507	7.84770e-02
0.69170	9.19846e-02
0.67735	9.44705e-02
0.65748	7.67489e-02
0.66949	7.86238e-02
0.63776	8.42947e-02
0.63115	8.16792e-02
0.65731	5.66024e-02
0.63453	8.46419e-02
0.66131	7.28413e-02
0.64005	7.50553e-02
0.61323	9.74920e-02
0.64776	9.58400e-02
0.62879	8.91598e-02
0.62921	6.19896e-02
0.64038	7.36098e-02
0.61268	8.38621e-02
0.63610	7.95227e-02
0.62655	7.74400e-02
0.63469	9.67069e-02
0.60588	8.35339e-02
0.60980	6.21798e-02
0.60136	5.83726e-02
0.56497	7.02769e-02
0.61377	6.99591e-02
0.60712	7.20937e-02
0.60518	7.00904e-02
0.59024	5.36624e-02
0.57423	6.36933e-02
0.58447	5.40820e-02
0.57579	5.61119e-02
0.58340	1.03697e-01
0.57905	7.41334e-02
0.58249	6.37716e-02
0.55929	8.24067e-02
0.59003	7.74960e-02
0.55690	7.88735e-02
0.59007	8.54495e-02
0.57709	6.20267e-02
0.59247	6.38922e-02
0.54881	5.61503e-02
0.54151	8.76171e-02
0.56801	7.82044e-02
0.52689	4.81368e-02
0.53808	6.89822e-02
0.54118	5.51493e-02
0.54273	6.95464e-02
0.51351	8.16257e-02
0.48974	6.96395e-02
0.51235	9.61886e-02
0.52896	4.30436e-02
0.51783	7.82205e-02
0.47711	7.32481e-02
0.49657	6.46774e-02
0.50396	7.10236e-02
0.45550	9.08846e-02
0.49465	5.69622e-02
0.52122	7.22794e-02
0.50862	7.81872e-02
0.58221	4.20086e-02
0.58119	4.29640e-02
0.57705	5.75297e-02
0.59734	5.95168e-02
0.59320	4.82028e-02
0.57646	5.78644e-02
0.57613	5.76865e-02
0.59086	6.52367e-02
0.60700	7.36139e-02
0.60664	7.02074e-02
0.60773	6.95873e-02
0.61810	6.91836e-02
0.61999	7.64263e-02
0.61999	7.64263e-02
0.62245	7.34802e-02
0.64402	6.72264e-02
0.64511	6.86274e-02
0.64100	6.89378e-02
0.65209	7.06868e-02
0.65118	7.17801e-02
0.65348	5.54315e-02
0.66200	6.54963e-02
0.66200	6.54963e-02
0.66736	5.70995e-02
0.67345	5.21430e-02
0.68684	6.33288e-02
0.69436	6.16254e-02
0.69373	5.13191e-02
0.70491	4.65428e-02
0.70491	4.65428e-02
0.71752	4.88375e-02
0.71202	4.77170e-02
0.70958	4.83495e-02
0.71340	4.78550e-02
0.71196	4.66194e-02
0.71079	4.69227e-02
0.72046	2.96531e-02
0.72802	2.72923e-02
0.72618	3.04940e-02
0.72484	2.98871e-02
0.73201	2.64147e-02
0.74200	2.67074e-02
0.74505	2.85417e-02
0.75568	4.22699e-02
0.77168	4.01722e-02
0.77904	3.87950e-02
0.78493	4.49355e-02
0.77924	4.02710e-02
0.78226	3.64124e-02
0.78226	3.64124e-02
0.77729	3.62690e-02
0.78148	3.93214e-02
0.78357	3.84548e-02
0.79380	4.25367e-02
0.79108	4.69600e-02
0.79162	4.91487e-02
0.78114	3.96306e-02
0.78870	4.72477e-02
0.79396	4.86518e-02
0.78553	4.22257e-02
0.79711	4.45502e-02
0.79711	4.45502e-02
0.79957	4.42268e-02
0.79957	4.42268e-02
0.80417	4.32327e-02
0.81070	5.11989e-02
0.82717	3.97951e-02
0.82562	4.09570e-02
0.82612	4.43385e-02
0.83598	4.59677e-02
0.82768	4.32476e-02
0.82208	3.60781e-02
0.82879	3.71780e-02
0.84180	3.20319e-02
0.83531	3.07722e-02
0.84024	2.91145e-02
0.83947	2.83687e-02
0.84094	2.73351e-02
0.84176	4.48434e-02
0.83872	4.82646e-02
0.83872	4.82646e-02
0.84522	4.30140e-02
0.84431	4.35787e-02
0.85014	4.20052e-02
0.85872	3.63026e-02
0.85252	3.46917e-02
0.85382	3.26530e-02
0.85289	3.22067e-02
0.86005	2.89741e-02
0.85450	2.46358e-02
0.86023	2.78271e-02
0.86497	3.14705e-02
0.87001	3.54214e-02
0.86486	4.22305e-02
0.87261	4.46906e-02
0.87184	4.31808e-02
0.88073	3.92079e-02
0.88076	3.98901e-02
0.87166	3.13271e-02
0.87183	3.01195e-02
0.87464	2.82883e-02
0.87598	3.14708e-02
0.87391	2.97940e-02
0.87678	3.36508e-02
0.88221	3.48136e-02
0.88000	3.00790e-02
0.88281	2.95962e-02
0.88257	3.20202e-02
0.88257	3.20202e-02
0.87839	4.12485e-02
0.87860	4.52192e-02
0.87691	4.34654e-02
0.88570	3.19200e-02
0.88084	3.50797e-02
0.88086	3.11147e-02
0.88475	3.33471e-02
0.88895	3.54639e-02
0.88468	3.46212e-02
0.89080	2.34583e-02
0.89042	2.30695e-02
0.88961	2.90127e-02
0.89029	2.70294e-02
0.88926	2.66552e-02
0.89090	2.32162e-02
0.89166	2.28997e-02
0.89670	2.45112e-02
0.89722	3.22151e-02
0.89912	3.59431e-02
0.89864	3.55513e-02
0.89664	3.72621e-02
0.90116	3.27003e-02
0.90744	2.84408e-02
0.90487	3.19959e-02
0.90100	3.24747e-02
0.90777	2.80085e-02
0.91257	2.86247e-02
0.91476	3.02857e-02
0.91533	3.03976e-02
0.90901	3.13676e-02
0.91396	2.95428e-02
0.91729	2.44840e-02
0.91602	2.51189e-02
0.91545	2.79585e-02
0.90961	2.56397e-02
0.90701	2.49736e-02
0.90866	2.54984e-02
0.90001	1.41039e-02
0.89970	1.36201e-02
0.89970	1.36201e-02
0.89970	1.36201e-02
0.90453	1.19552e-02
0.90210	1.74846e-02
0.91004	1.85131e-02
0.91004	1.85131e-02
0.91004	1.85131e-02
0.90824	1.78540e-02
0.90904	1.57205e-02
0.91772	1.64888e-02
0.91529	1.77204e-02
0.91243	1.88071e-02
0.91698	1.97612e-02
0.91653	1.97818e-02
0.91305	1.67779e-02
0.91303	1.45992e-02
0.91088	1.93259e-02
0.91088	1.93259e-02
0.91534	2.03778e-02
0.91979	2.02540e-02
0.92292	2.14366e-02
0.92316	2.17066e-02
0.92417	2.42531e-02
0.92264	2.32056e-02
0.92247	1.74294e-02
0.92422	1.90874e-02
0.92779	1.69966e-02
0.92698	1.99691e-02
0.91836	2.47055e-02
0.91871	2.46727e-02
0.91871	1.70417e-02
0.92333	2.16362e-02
0.92371	2.51251e-02
0.92371	2.51251e-02
0.92545	2.22855e-02
0.92642	1.95900e-02
0.92961	1.99136e-02
0.92402	1.67795e-02
0.92061	1.53778e-02
0.92289	1.53834e-02
0.92741	1.44707e-02
0.92569	1.24329e-02
0.92862	1.41142e-02
0.92889	1.67062e-02
0.93028	1.53981e-02
0.93038	1.54675e-02
0.92696	1.63608e-02
0.92690	1.94045e-02
0.92262	2.05338e-02
0.91992	1.69737e-02
0.93159	1.86150e-02
0.93729	1.88369e-02
0.93729	1.88369e-02
0.93560	1.67841e-02
0.93362	1.78640e-02
0.93629	2.01890e-02
0.94054	2.06768e-02
0.93398	2.10859e-02
0.93701	2.09060e-02
0.93946	2.29895e-02
0.94108	2.14874e-02
0.94401	2.17976e-02
0.93496	2.47802e-02
0.94066	2.50747e-02
0.94066	2.50747e-02
0.94458	2.64552e-02
0.94319	2.74885e-02
0.94332	2.76382e-02
0.94362	2.73422e-02
0.94100	2.90335e-02
0.93560	2.54347e-02
0.93756	2.35479e-02
0.93886	2.42502e-02
0.94415	2.33369e-02
0.93431	2.36743e-02
0.93466	2.61032e-02
0.92856	1.91604e-02
0.93120	2.15942e-02
0.93090	3.14639e-02
0.93788	2.44395e-02
0.93485	2.37240e-02
0.93434	2.33309e-02
0.94243	2.69419e-02
0.94020	2.32610e-02
0.94287	2.27690e-02
0.94537	2.18411e-02
0.94326	2.23711e-02
0.94467	2.19152e-02
0.94464	2.18976e-02
0.94460	2.18794e-02
0.94625	2.20945e-02
0.94625	2.20945e-02
0.94625	2.20945e-02
0.94784	2.20945e-02
0.94467	2.26601e-02
0.94844	1.65262e-02
0.93981	1.84609e-02
0.95236	2.04094e-02
0.95160	2.03973e-02
0.95272	2.34753e-02
0.95100	2.18187e-02
0.95093	2.18832e-02
0.95184	2.12399e-02
0.96246	2.30475e-02
0.96506	2.04503e-02
0.96265	2.06100e-02
0.96256	2.07734e-02
0.96086	2.87736e-02
0.95400	2.69721e-02
0.95961	2.94612e-02
0.96179	3.11685e-02
0.95958	3.10275e-02
0.95955	3.03149e-02
0.96170	2.08100e-02
0.96393	2.10194e-02
0.96452	2.25723e-02
0.96452	2.25726e-02
0.96787	2.12181e-02
0.96345	2.38708e-02
0.96784	2.40652e-02
0.97104	1.93973e-02
0.97104	1.93983e-02
0.96651	1.68721e-02
0.97070	1.85038e-02
0.97251	1.89213e-02
0.97675	1.31574e-02
0.97347	1.75422e-02
0.97067	2.18414e-02
0.96933	1.99121e-02
0.96337	2.04838e-02
0.96603	1.91874e-02
0.97131	1.75643e-02
0.96957	2.06354e-02
0.96957	2.06353e-02
0.96705	1.39068e-02
0.96705	1.39068e-02
0.96705	1.39068e-02
0.96705	1.39068e-02
0.97081	1.22249e-02
0.97048	2.32684e-02
0.97368	1.72880e-02
0.97510	1.74365e-02
0.96729	1.32739e-02
0.96729	1.32739e-02
0.96782	1.81765e-02
0.96782	1.81765e-02
0.97324	1.79577e-02
0.97324	1.79577e-02
0.97324	1.79577e-02
0.97324	1.79577e-02
0.97325	1.79657e-02
0.97780	1.85575e-02
0.98187	1.91971e-02
0.97890	2.04153e-02
0.97881	2.03522e-02
0.97881	2.03522e-02
0.97877	2.03280e-02
0.97437	2.17642e-02
0.97440	2.17790e-02
0.96504	2.11790e-02
0.96504	2.11790e-02
0.96507	2.12110e-02
0.94386	0.00000e+00
0.94386	0.00000e+00
0.95798	0.00000e+00
0.95798	0.00000e+00
0.97621	0.00000e+00
0.97621	0.00000e+00
0.97621	0.00000e+00
0.97621	0.00000e+00
0.94880	0.00000e+00
0.94880	0.00000e+00
0.94880	0.00000e+00
0.94880	0.00000e+00
0.94880	0.00000e+00
0.96640	0.00000e+00
0.96640	0.00000e+00
0.96640	0.00000e+00
0.96640	0.00000e+00
0.96640	0.00000e+00
0.95672	0.00000e+00
0.95672	0.00000e+00
0.96771	0.00000e+00
0.96771	0.00000e+00
0.96771	0.00000e+00
0.95241	0.00000e+00
0.95241	0.00000e+00
0.95241	0.00000e+00
0.95241	0.00000e+00
0.96894	0.00000e+00
0.96917	0.00000e+00
0.96917	0.00000e+00
0.97341	0.00000e+00
0.97341	0.00000e+00
0.97341	0.00000e+00
0.97341	0.00000e+00
0.97341	0.00000e+00
0.97443	0.00000e+00
0.97579	0.00000e+00
0.97579	0.00000e+00
0.99012	0.00000e+00
0.99015	0.00000e+00
0.99015	0.00000e+00
