0.98526	3.35137e-03
0.96741	6.38920e-03
0.96500	1.08635e-02
0.95265	1.55319e-02
0.93346	1.53668e-02
0.92078	2.09514e-02
0.91931	1.36289e-02
0.88732	2.70180e-02
0.88223	2.43385e-02
0.87039	2.22645e-02
0.85907	1.98721e-02
0.84168	2.45714e-02
0.81679	2.86401e-02
0.80059	3.09288e-02
0.80499	1.63062e-02
0.76973	2.30188e-02
0.76162	3.35235e-02
0.76974	2.56418e-02
0.73865	5.53580e-02
0.70722	2.85002e-02
0.68127	5.19660e-02
0.67556	4.41952e-02
0.62889	2.68236e-02
0.63136	4.18784e-02
0.59379	4.98088e-02
0.56212	8.47488e-02
0.52339	8.09742e-02
0.47605	9.26156e-02
0.45272	8.83755e-02
0.43126	9.45079e-02
0.32044	9.32149e-02
0.30325	1.12405e-01
0.28353	9.93395e-02
0.30594	1.01101e-01
0.29112	7.40558e-02
0.27911	5.23731e-02
0.20304	5.39788e-02
0.18557	8.50991e-02
0.16848	1.27560e-01
0.15747	6.87912e-02
0.17399	6.86291e-02
0.12372	6.39521e-02
0.19869	9.01099e-02
0.12426	4.50599e-02
0.10310	6.24445e-02
0.11254	7.27848e-02
0.12988	7.84931e-02
0.09346	4.11115e-02
0.14853	6.58838e-02
0.07584	3.40697e-02
0.13037	4.85740e-02
0.12896	6.15277e-02
0.09107	6.93455e-02
0.08100	3.15478e-02
0.09787	5.28888e-02
0.12375	5.75227e-02
0.11307	4.32044e-02
0.09032	2.87597e-02
0.10631	2.97951e-02
0.07906	3.11537e-02
0.12170	3.26140e-02
0.10278	3.78072e-02
0.10030	4.56539e-02
0.06580	3.38846e-02
0.10964	5.30637e-02
0.09149	4.45252e-02
0.07706	4.61379e-02
0.08807	4.37461e-02
0.08377	4.10761e-02
0.11955	5.80471e-02
0.06610	4.87075e-02
0.09237	3.60629e-02
0.08938	4.04610e-02
0.12172	4.57794e-02
0.09285	4.61543e-02
0.08933	4.84669e-02
0.08003	4.19072e-02
0.10547	4.96827e-02
0.09584	4.56430e-02
0.07369	4.91180e-02
0.07099	4.12410e-02
0.07262	3.69552e-02
0.09139	3.10930e-02
0.05657	2.63597e-02
0.05716	3.58449e-02
0.08039	5.28962e-02
0.10047	4.95390e-02
0.08597	4.60060e-02
0.09177	3.95484e-02
0.11186	5.14332e-02
0.05954	2.36440e-02
0.06961	3.73971e-02
0.10012	4.09305e-02
0.09511	4.57719e-02
0.07157	3.51517e-02
0.08634	4.77282e-02
0.09730	4.68587e-02
0.08808	2.18538e-02
0.09413	5.82780e-02
