0.2519
0.2535
0.2551
0.2568
0.2586
0.2603
0.2621
0.2639
0.2657
0.2675
0.2692
0.2710
0.2727
0.2744
0.2761
0.2777
0.2792
0.2807
0.2822
0.2836
0.2849
0.2861
0.2873
0.2884
0.2894
0.2904
0.2912
0.2920
0.2927
0.2933
0.2939
0.2943
0.2947
0.2950
0.2951
0.2953
0.2953
0.2952
0.2951
0.2949
0.2946
0.2942
0.2937
0.2932
0.2926
0.2920
0.2913
0.2905
0.2897
0.2889
0.2880
0.2871
0.2862
0.2852
0.2842
0.2831
0.2820
0.2809
0.2798
0.2786
0.2774
0.2761
0.2749
0.2736
0.2722
0.2709
0.2695
0.2681
0.2668
0.2654
0.2641
0.2627
0.2615
0.2603
0.2591
0.2581
0.2572
0.2563
0.2557
0.2552
0.2548
0.2547
0.2548
0.2551
0.2556
0.2563
0.2572
0.2583
0.2596
0.2610
0.2625
0.2641
0.2658
0.2675
0.2692
0.2710
0.2729
0.2747
0.2766
0.2785
0.2803
0.2822
0.2842
0.2861
0.2880
0.2900
0.2920
0.2940
0.2960
0.2981
0.3002
0.3023
0.3044
0.3066
0.3088
0.3110
0.3133
0.3156
0.3179
0.3203
0.3232
0.3262
0.3293
0.3324
0.3355
0.3386
0.3416
0.3447
0.3478
0.3508
0.3538
0.3568
0.3598
0.3627
0.3656
0.3685
0.3714
0.3742
0.3769
0.3796
0.3823
0.3849
0.3874
0.3899
0.3923
0.3947
0.3970
0.3992
0.4013
0.4034
0.4054
0.4073
0.4092
0.4109
0.4126
0.4142
0.4157
0.4172
0.4185
0.4198
0.4210
0.4221
0.4231
0.4240
0.4249
0.4256
0.4263
0.4270
0.4275
0.4280
0.4284
0.4287
0.4290
0.4292
0.4293
0.4294
0.4294
0.4293
0.4292
0.4290
0.4288
0.4285
0.4281
0.4278
0.4273
0.4268
0.4263
0.4257
0.4250
0.4243
0.4236
0.4228
0.4219
0.4210
0.4201
0.4191
0.4180
0.4169
0.4158
0.4146
0.4133
0.4120
0.4107
0.4093
0.4079
0.4064
0.4049
0.4033
0.4017
0.4001
0.3985
0.3968
0.3951
0.3934
0.3917
0.3900
0.3884
0.3868
0.3852
0.3838
0.3824
0.3812
0.3801
0.3792
0.3784
0.3779
0.3777
0.3777
0.3780
0.3786
0.3795
0.3807
0.3822
0.3840
0.3860
0.3882
0.3904
0.3928
0.3952
0.3977
0.4001
0.4026
0.4051
0.4076
0.4101
0.4126
0.4151
0.4176
0.4200
0.4224
0.4248
0.4272
0.4295
0.4318
0.4341
0.4364
0.4386
0.4407
0.4428
0.4449
0.4469
0.4488
0.4507
0.4525
0.4543
0.4560
0.4577
0.4592
0.4608
0.4622
0.4636
0.4649
0.4661
0.4672
0.4683
0.4693
0.4702
0.4711
0.4719
0.4726
0.4732
0.4737
0.4742
0.4746
0.4749
0.4752
0.4753
0.4754
0.4755
0.4754
0.4753
0.4752
0.4749
0.4746
0.4743
0.4738
0.4733
0.4728
0.4722
0.4715
0.4708
0.4700
0.4692
0.4683
0.4673
0.4663
0.4652
0.4641
0.4629
0.4617
0.4604
0.4591
0.4577
0.4562
0.4546
0.4530
0.4514
0.4497
0.4479
0.4460
0.4441
0.4421
0.4400
0.4379
0.4357
0.4334
0.4311
0.4287
0.4262
0.4236
0.4210
0.4184
0.4156
0.4128
0.4100
0.4071
0.4041
0.4011
0.3981
0.3950
0.3920
0.3889
0.3858
0.3827
0.3797
0.3768
0.3740
0.3713
0.3688
0.3665
0.3646
0.3629
0.3616
0.3605
0.3597
0.3591
0.3585
0.3581
0.3577
0.3574
0.3571
0.3569
0.3568
0.3567
0.3567
0.3568
0.3571
0.3575
0.3581
0.3588
0.3596
0.3605
0.3614
0.3623
0.3633
0.3642
0.3651
0.3660
0.3669
0.3678
0.3687
0.3695
0.3703
0.3711
0.3719
0.3726
0.3734
0.3741
0.3748
0.3755
0.3762
0.3769
0.3781
0.3794
0.3807
0.3820
0.3834
0.3847
0.3859
0.3872
0.3885
0.3897
0.3909
0.3921
0.3933
0.3945
0.3956
0.3967
0.3978
0.3988
0.3998
0.4008
0.4018
0.4026
0.4035
0.4043
0.4051
0.4058
0.4065
0.4071
0.4077
0.4082
0.4086
0.4090
0.4093
0.4096
0.4098
0.4100
0.4101
0.4101
0.4100
0.4099
0.4097
0.4095
0.4091
0.4087
0.4083
0.4077
0.4071
0.4064
0.4057
0.4048
0.4040
0.4030
0.4020
0.4009
0.3998
0.3986
0.3973
0.3960
0.3948
0.3935
0.3924
0.3915
0.3910
0.3906
0.3904
0.3902
0.3900
0.3899
0.3898
0.3897
0.3897
0.3897
0.3897
0.3898
0.3900
0.3901
0.3904
0.3907
0.3910
0.3914
0.3919
0.3924
0.3929
0.3934
0.3940
0.3946
0.3952
0.3958
0.3964
0.3970
0.3975
0.3981
0.3987
0.3993
0.3999
0.4004
0.4010
0.4015
0.4021
0.4026
0.4032
0.4037
0.4043
0.4048
0.4054
0.4059
0.4065
0.4071
0.4077
0.4082
0.4088
0.4095
0.4101
0.4107
0.4114
0.4120
0.4127
0.4134
0.4142
0.4150
0.4158
0.4166
0.4175
0.4184
0.4193
0.4202
0.4211
0.4220
0.4228
0.4236
0.4243
0.4250
0.4256
0.4262
0.4267
0.4271
0.4275
0.4278
0.4280
0.4282
0.4283
0.4283
0.4282
0.4281
0.4279
0.4276
0.4272
0.4268
0.4263
0.4257
0.4250
0.4242
0.4234
0.4225
0.4215
0.4204
0.4192
0.4179
0.4166
0.4152
0.4137
0.4121
0.4104
0.4087
0.4069
0.4050
0.4030
0.4010
0.3988
0.3967
0.3945
0.3922
0.3899
0.3876
0.3852
0.3828
0.3803
0.3779
0.3754
0.3729
0.3703
0.3677
0.3651
0.3624
0.3597
0.3569
0.3541
0.3512
0.3483
0.3453
0.3423
0.3392
0.3361
0.3329
0.3297
0.3265
0.3232
0.3200
0.3167
0.3135
0.3103
0.3072
0.3042
0.3015
0.2990
0.2968
0.2950
0.2935
0.2923
0.2914
0.2907
0.2903
0.2901
0.2901
0.2904
0.2909
0.2916
0.2925
0.2936
0.2951
0.2969
0.2991
0.3015
0.3040
0.3067
0.3095
0.3124
0.3153
0.3182
0.3211
0.3241
0.3270
0.3300
0.3330
0.3361
0.3394
0.3428
0.3465
0.3502
0.3540
0.3577
0.3613
0.3648
0.3683
0.3716
0.3749
0.3780
0.3810
0.3839
0.3867
0.3894
0.3920
0.3944
0.3967
0.3989
0.4010
0.4030
0.4049
0.4066
0.4083
0.4098
0.4113
0.4127
0.4140
0.4153
0.4165
0.4176
0.4187
0.4198
0.4209
0.4220
0.4231
0.4242
0.4252
0.4263
0.4274
0.4285
0.4296
0.4306
0.4317
0.4328
0.4338
0.4348
0.4358
0.4367
0.4375
0.4384
0.4391
0.4398
0.4404
0.4410
0.4414
0.4418
0.4421
0.4424
0.4425
0.4426
0.4426
0.4425
0.4423
0.4420
0.4416
0.4412
0.4407
0.4401
0.4394
0.4387
0.4378
0.4369
0.4359
0.4349
0.4337
0.4325
0.4312
0.4299
0.4285
0.4270
0.4255
0.4239
0.4222
0.4205
0.4187
0.4169
0.4151
0.4132
0.4113
0.4094
0.4075
0.4057
0.4040
0.4025
0.4012
0.4000
0.3989
0.3979
0.3970
0.3961
0.3951
0.3942
0.3933
0.3923
0.3914
0.3904
0.3895
0.3886
0.3877
0.3868
0.3859
0.3851
0.3844
0.3836
0.3830
0.3824
0.3818
0.3813
0.3809
0.3805
0.3802
0.3799
0.3797
0.3795
0.3793
0.3792
0.3790
0.3789
0.3788
0.3788
0.3787
0.3786
0.3786
0.3785
0.3785
0.3784
0.3784
0.3783
0.3782
0.3782
0.3781
0.3781
0.3780
0.3779
0.3778
0.3777
0.3777
0.3776
0.3775
0.3774
0.3773
0.3772
0.3772
0.3771
0.3771
0.3770
0.3770
0.3771
0.3772
0.3773
0.3775
0.3777
0.3780
0.3785
0.3790
0.3796
0.3802
0.3809
0.3817
0.3825
0.3834
0.3842
0.3851
0.3860
0.3868
0.3877
0.3885
0.3893
0.3901
0.3909
0.3917
0.3924
0.3931
0.3938
0.3945
0.3951
0.3958
0.3963
0.3969
0.3974
0.3979
0.3983
0.3986
0.3989
0.3992
0.3994
0.3995
0.3996
0.3996
0.3995
0.3993
0.3991
0.3989
0.3986
0.3982
0.3977
0.3973
0.3967
0.3962
0.3956
0.3950
0.3943
0.3937
0.3930
0.3924
0.3917
0.3910
0.3902
0.3895
0.3887
0.3879
0.3870
0.3862
0.3853
0.3843
0.3834
0.3824
0.3814
0.3803
0.3793
0.3782
0.3771
0.3760
0.3749
0.3738
0.3727
0.3716
0.3705
0.3695
0.3686
0.3677
0.3668
0.3661
0.3655
0.3650
0.3646
0.3643
0.3640
0.3638
0.3636
0.3635
0.3633
0.3632
0.3630
0.3629
0.3627
0.3625
0.3623
0.3621
0.3618
0.3616
0.3613
0.3609
0.3605
0.3601
0.3597
0.3592
0.3587
0.3581
0.3575
0.3568
0.3561
0.3554
0.3545
0.3537
0.3527
0.3518
0.3507
0.3497
0.3485
0.3473
0.3461
0.3448
0.3435
0.3421
0.3406
0.3392
0.3377
0.3361
0.3346
0.3330
0.3314
0.3298
0.3282
0.3266
0.3250
0.3235
0.3220
0.3206
0.3193
0.3181
0.3170
0.3161
0.3153
0.3147
0.3142
0.3140
0.3139
0.3140
0.3142
0.3147
0.3152
0.3160
0.3168
0.3178
0.3190
0.3202
0.3216
0.3231
0.3248
0.3265
0.3283
0.3302
0.3322
0.3343
0.3364
0.3386
0.3408
0.3431
0.3454
0.3477
0.3501
0.3524
0.3548
0.3572
0.3595
0.3619
0.3642
0.3665
0.3688
0.3711
0.3733
0.3756
0.3777
0.3799
0.3820
0.3841
0.3861
0.3881
0.3901
0.3920
0.3939
0.3957
0.3974
0.3991
0.4008
0.4024
0.4039
0.4053
0.4067
0.4080
0.4093
0.4105
0.4116
0.4126
0.4136
0.4145
0.4154
0.4162
0.4170
0.4177
