0.2711
0.2776
0.2843
0.2911
0.2979
0.3047
0.3116
0.3185
0.3254
0.3324
0.3393
0.3461
0.3530
0.3598
0.3665
0.3732
0.3799
0.3864
0.3930
0.3995
0.4059
0.4123
0.4186
0.4249
0.4312
0.4374
0.4436
0.4498
0.4559
0.4621
0.4681
0.4742
0.4802
0.4862
0.4921
0.4980
0.5038
0.5096
0.5153
0.5209
0.5264
0.5319
0.5372
0.5425
0.5476
0.5527
0.5576
0.5625
0.5673
0.5719
0.5765
0.5810
0.5854
0.5897
0.5940
0.5983
0.6025
0.6066
0.6107
0.6149
0.6189
0.6230
0.6271
0.6312
0.6352
0.6393
0.6434
0.6475
0.6516
0.6558
0.6599
0.6641
0.6682
0.6724
0.6765
0.6807
0.6848
0.6889
0.6929
0.6970
0.7009
0.7049
0.7087
0.7125
0.7163
0.7199
0.7235
0.7270
0.7305
0.7338
0.7371
0.7402
0.7433
0.7463
0.7493
0.7521
0.7549
0.7576
0.7602
0.7628
0.7653
0.7677
0.7701
0.7724
0.7747
0.7770
0.7792
0.7814
0.7835
0.7856
0.7877
0.7898
0.7918
0.7939
0.7959
0.7979
0.7998
0.8018
0.8037
0.8056
0.8075
0.8094
0.8112
0.8131
0.8149
0.8166
0.8184
0.8201
0.8218
0.8234
0.8250
0.8266
0.8282
0.8297
0.8313
0.8327
0.8342
0.8356
0.8370
0.8384
0.8397
0.8411
0.8423
0.8436
0.8449
0.8461
0.8473
0.8484
0.8496
0.8507
0.8518
0.8528
0.8538
0.8548
0.8558
0.8567
0.8576
0.8584
0.8592
0.8600
0.8607
0.8613
0.8620
0.8625
0.8630
0.8635
0.8639
0.8643
0.8646
0.8649
0.8651
0.8652
0.8654
0.8654
0.8654
0.8654
0.8653
0.8652
0.8651
0.8649
0.8646
0.8644
0.8641
0.8638
0.8634
0.8630
0.8626
0.8622
0.8617
0.8612
0.8607
0.8602
0.8597
0.8592
0.8586
0.8580
0.8574
0.8568
0.8562
0.8556
0.8550
0.8543
0.8537
0.8530
0.8524
0.8517
0.8510
0.8503
0.8497
0.8490
0.8483
0.8476
0.8469
0.8462
0.8455
0.8448
0.8441
0.8434
0.8427
0.8420
0.8412
0.8405
0.8398
0.8391
0.8384
0.8377
0.8370
0.8362
0.8355
0.8348
0.8341
0.8334
0.8327
0.8320
0.8312
0.8305
0.8298
0.8291
0.8284
0.8277
0.8270
0.8263
0.8256
0.8249
0.8243
0.8236
0.8229
0.8223
0.8216
0.8209
0.8203
0.8197
0.8191
0.8184
0.8178
0.8173
0.8167
0.8161
0.8156
0.8151
0.8146
0.8141
0.8136
0.8132
0.8128
0.8124
0.8120
0.8116
0.8113
0.8110
0.8107
0.8105
0.8103
0.8101
0.8099
0.8097
0.8096
0.8094
0.8093
0.8092
0.8091
0.8090
0.8089
0.8088
0.8086
0.8085
0.8084
0.8082
0.8080
0.8078
0.8076
0.8073
0.8071
0.8068
0.8065
0.8061
0.8058
0.8054
0.8050
0.8046
0.8042
0.8038
0.8034
0.8030
0.8025
0.8021
0.8018
0.8014
0.8010
0.8007
0.8004
0.8001
0.7999
0.7997
0.7995
0.7994
0.7993
0.7993
0.7993
0.7993
0.7994
0.7995
0.7997
0.7999
0.8001
0.8004
0.8006
0.8009
0.8013
0.8016
0.8020
0.8023
0.8027
0.8030
0.8034
0.8038
0.8041
0.8045
0.8048
0.8052
0.8055
0.8058
0.8061
0.8064
0.8066
0.8069
0.8071
0.8073
0.8075
0.8077
0.8079
0.8081
0.8082
0.8084
0.8085
0.8086
0.8087
0.8088
0.8089
0.8090
0.8091
0.8091
0.8092
0.8092
0.8093
0.8093
0.8094
0.8094
0.8095
0.8095
0.8095
0.8095
0.8096
0.8096
0.8096
0.8096
0.8096
0.8096
0.8096
0.8096
0.8095
0.8095
0.8094
0.8094
0.8093
0.8092
0.8091
0.8090
0.8089
0.8087
0.8085
0.8083
0.8081
0.8078
0.8076
0.8072
0.8069
0.8066
0.8062
0.8058
0.8053
0.8049
0.8044
0.8039
0.8034
0.8028
0.8023
0.8017
0.8011
0.8004
0.7998
0.7992
0.7985
0.7978
0.7972
0.7965
0.7958
0.7951
0.7944
0.7937
0.7930
0.7924
0.7917
0.7911
0.7905
0.7899
0.7894
0.7891
0.7888
0.7888
0.7889
0.7891
0.7895
0.7900
0.7905
0.7912
0.7918
0.7926
0.7933
0.7941
0.7949
0.7957
0.7966
0.7975
0.7984
0.7994
0.8003
0.8013
0.8023
0.8033
0.8044
0.8054
0.8065
0.8075
0.8086
0.8097
0.8107
0.8118
0.8128
0.8138
0.8148
0.8158
0.8167
0.8176
0.8185
0.8193
0.8201
0.8208
0.8215
0.8222
0.8228
0.8233
0.8238
0.8243
0.8247
0.8251
0.8255
0.8258
0.8261
0.8263
0.8265
0.8267
0.8269
0.8270
0.8271
0.8272
0.8273
0.8273
0.8273
0.8273
0.8273
0.8273
0.8272
0.8271
0.8270
0.8269
0.8268
0.8267
0.8266
0.8264
0.8263
0.8261
0.8259
0.8257
0.8256
0.8254
0.8252
0.8250
0.8249
0.8247
0.8246
0.8245
0.8244
0.8243
0.8242
0.8242
0.8242
0.8242
0.8243
0.8244
0.8245
0.8246
0.8248
0.8250
0.8253
0.8256
0.8259
0.8262
0.8266
0.8270
0.8274
0.8278
0.8282
0.8287
0.8291
0.8296
0.8300
0.8304
0.8309
0.8313
0.8317
0.8321
0.8325
0.8328
0.8332
0.8335
0.8338
0.8341
0.8344
0.8347
0.8349
0.8352
0.8354
0.8356
0.8358
0.8360
0.8361
0.8363
0.8364
0.8366
0.8367
0.8368
0.8369
0.8370
0.8371
0.8373
0.8374
0.8375
0.8376
0.8377
0.8379
0.8380
0.8382
0.8384
0.8387
0.8389
0.8392
0.8396
0.8399
0.8403
0.8407
0.8412
0.8417
0.8422
0.8427
0.8433
0.8438
0.8444
0.8451
0.8457
0.8463
0.8469
0.8475
0.8481
0.8487
0.8492
0.8498
0.8503
0.8507
0.8512
0.8515
0.8519
0.8522
0.8525
0.8528
0.8530
0.8532
0.8533
0.8534
0.8535
0.8536
0.8536
0.8536
0.8537
0.8536
0.8536
0.8536
0.8535
0.8535
0.8534
0.8534
0.8533
0.8532
0.8531
0.8531
0.8530
0.8529
0.8528
0.8527
0.8526
0.8525
0.8525
0.8524
0.8523
0.8522
0.8521
0.8520
0.8519
0.8518
0.8517
0.8516
0.8515
0.8514
0.8513
0.8512
0.8511
0.8510
0.8509
0.8509
0.8508
0.8507
0.8507
0.8507
0.8507
0.8506
0.8506
0.8506
0.8506
0.8506
0.8506
0.8506
0.8506
0.8506
0.8506
0.8505
0.8504
0.8503
0.8502
0.8501
0.8499
0.8497
0.8495
0.8492
0.8489
0.8486
0.8482
0.8478
0.8474
0.8470
0.8465
0.8460
0.8455
0.8449
0.8443
0.8438
0.8432
0.8425
0.8419
0.8413
0.8406
0.8399
0.8392
0.8385
0.8378
0.8371
0.8364
0.8357
0.8350
0.8342
0.8335
0.8328
0.8320
0.8313
0.8305
0.8298
0.8290
0.8282
0.8275
0.8267
0.8260
0.8252
0.8244
0.8237
0.8229
0.8221
0.8214
0.8206
0.8198
0.8191
0.8183
0.8175
0.8168
0.8160
0.8152
0.8144
0.8137
0.8129
0.8121
0.8114
0.8106
0.8098
0.8090
0.8082
0.8075
0.8067
0.8059
0.8051
0.8043
0.8036
0.8028
0.8020
0.8012
0.8004
0.7996
0.7988
0.7980
0.7972
0.7964
0.7957
0.7949
0.7941
0.7933
0.7925
0.7917
0.7909
0.7901
0.7893
0.7886
0.7878
0.7870
0.7862
0.7855
0.7847
0.7840
0.7833
0.7825
0.7818
0.7811
0.7804
0.7798
0.7791
0.7785
0.7779
0.7773
0.7768
0.7763
0.7758
0.7753
0.7749
0.7746
0.7743
0.7740
0.7737
0.7736
0.7734
0.7733
0.7733
0.7733
0.7734
0.7735
0.7736
0.7738
0.7740
0.7743
0.7745
0.7748
0.7752
0.7755
0.7759
0.7763
0.7766
0.7770
0.7774
0.7777
0.7781
0.7784
0.7787
0.7790
0.7793
0.7795
0.7797
0.7799
0.7801
0.7802
0.7803
0.7803
0.7804
0.7803
0.7803
0.7802
0.7801
0.7800
0.7798
0.7796
0.7794
0.7791
0.7788
0.7786
0.7783
0.7780
0.7777
0.7774
0.7772
0.7770
0.7768
0.7768
0.7769
0.7772
0.7776
0.7782
0.7789
0.7798
0.7807
0.7818
0.7829
0.7840
0.7853
0.7866
0.7879
0.7893
0.7908
0.7923
0.7938
0.7954
0.7970
0.7986
0.8003
0.8019
0.8036
0.8053
0.8070
0.8086
0.8103
0.8119
0.8135
0.8150
0.8165
0.8180
0.8194
0.8208
0.8221
0.8234
0.8246
0.8257
0.8268
0.8279
0.8289
0.8299
0.8308
0.8317
0.8325
0.8333
0.8341
0.8348
0.8355
0.8361
0.8368
0.8374
0.8379
0.8385
0.8390
0.8395
0.8400
0.8404
0.8409
0.8413
0.8417
0.8421
0.8425
0.8428
0.8431
0.8434
0.8437
0.8440
0.8442
0.8444
0.8446
0.8447
0.8449
0.8450
0.8451
0.8451
0.8452
0.8452
0.8451
0.8451
0.8450
0.8449
0.8448
0.8446
0.8444
0.8442
0.8440
0.8437
0.8434
0.8431
0.8428
0.8424
0.8420
0.8416
0.8412
0.8408
0.8403
0.8399
0.8394
0.8389
0.8384
0.8378
0.8373
0.8368
0.8362
0.8356
0.8350
0.8345
0.8339
0.8333
0.8327
0.8321
0.8315
0.8309
0.8304
0.8298
0.8292
0.8287
0.8282
0.8276
0.8271
0.8267
0.8262
0.8258
0.8254
0.8250
0.8247
0.8244
0.8242
0.8240
0.8239
0.8238
0.8238
0.8238
0.8239
0.8241
0.8243
0.8246
0.8249
0.8253
0.8258
0.8263
0.8269
0.8275
0.8282
0.8290
0.8297
0.8305
0.8313
0.8322
0.8330
0.8339
0.8347
0.8356
0.8364
0.8372
0.8379
0.8386
0.8393
0.8399
0.8405
0.8410
0.8415
0.8419
