0.46328	1.45358e-01
0.41686	1.10726e-01
0.40797	1.08229e-01
0.30652	1.23960e-01
0.33179	1.15388e-01
0.30670	1.39177e-01
0.29945	1.04476e-01
0.31541	1.39173e-01
0.32826	1.05279e-01
0.36156	1.00021e-01
0.35299	5.52067e-02
0.34983	1.08447e-01
0.34013	6.81212e-02
0.37271	1.19594e-01
0.33737	9.14841e-02
0.34197	1.15261e-01
0.41492	7.13861e-02
0.38649	9.32956e-02
0.40419	7.30788e-02
0.30097	1.09283e-01
0.31298	7.21931e-02
0.36397	7.43978e-02
0.30143	1.17754e-01
0.30854	8.55407e-02
0.30092	1.19995e-01
0.31743	7.94020e-02
0.35571	6.38814e-02
0.28123	7.55541e-02
0.31234	6.23652e-02
0.27420	6.70069e-02
0.25739	1.19816e-01
0.23577	9.56118e-02
0.28723	1.02793e-01
0.26872	9.21537e-02
0.26334	8.62150e-02
0.23452	5.63314e-02
0.26185	9.82296e-02
0.20583	9.92754e-02
0.23228	9.06418e-02
0.26608	8.23801e-02
0.21653	8.06503e-02
0.23171	8.72894e-02
0.24312	8.41265e-02
0.23177	8.37575e-02
0.21494	8.66975e-02
0.24372	9.57220e-02
0.18767	7.78007e-02
0.17096	6.98182e-02
0.21047	8.30141e-02
0.16524	8.05178e-02
0.17640	5.00443e-02
0.16291	5.68226e-02
0.20232	7.60200e-02
0.18259	7.43327e-02
0.19197	8.65315e-02
0.17023	8.16243e-02
0.18564	8.71890e-02
0.20259	5.91794e-02
0.19661	7.44145e-02
0.21080	7.65862e-02
0.20645	6.19910e-02
0.15586	1.00687e-01
0.17197	6.62379e-02
0.19949	1.07077e-01
0.18027	6.64413e-02
0.20174	7.73490e-02
0.16138	8.41126e-02
0.16610	7.40111e-02
0.17359	8.27898e-02
0.22601	5.22640e-02
0.19154	5.87137e-02
0.18149	6.16002e-02
0.23166	8.09268e-02
0.16637	7.04941e-02
0.19511	7.73373e-02
0.16308	7.24351e-02
0.18711	7.44571e-02
0.20126	8.29043e-02
0.16035	8.07060e-02
0.16858	7.26819e-02
0.17365	6.21503e-02
0.17701	6.94408e-02
0.13543	7.46426e-02
0.19006	7.38228e-02
0.13414	7.65319e-02
0.17320	8.41020e-02
0.16044	6.58919e-02
0.14666	7.84833e-02
0.12679	6.55851e-02
0.14573	6.88195e-02
0.12166	6.09781e-02
0.14302	8.53209e-02
0.13024	7.10738e-02
0.15338	4.08759e-02
0.11117	5.94710e-02
0.13008	7.84987e-02
0.13359	4.51732e-02
0.11093	4.29675e-02
0.11481	6.12776e-02
0.13637	5.49750e-02
0.12939	4.65217e-02
0.11101	4.21396e-02
0.10744	3.92599e-02
0.08018	3.25322e-02
0.10363	6.30547e-02
0.12468	6.38251e-02
0.12468	6.38251e-02
0.11949	6.04888e-02
0.11949	6.04888e-02
0.12844	6.04075e-02
0.14292	6.91708e-02
0.14251	6.89554e-02
0.13972	6.89347e-02
0.14322	6.56405e-02
0.14322	6.56405e-02
0.14203	7.25278e-02
0.14203	7.25278e-02
0.13114	5.86104e-02
0.13357	5.71991e-02
0.14048	5.34685e-02
0.13792	6.37307e-02
0.12669	5.21671e-02
0.11683	4.46358e-02
0.12275	4.91182e-02
0.14156	4.83407e-02
0.14823	6.40483e-02
0.15529	5.95534e-02
0.17643	3.53314e-02
0.17205	3.09053e-02
0.17016	2.97471e-02
0.16066	3.72265e-02
0.16514	3.39758e-02
0.15900	3.71815e-02
0.16723	3.14954e-02
0.16236	6.70887e-02
0.16110	6.84749e-02
0.15928	6.73100e-02
0.16719	7.17096e-02
0.15582	7.84257e-02
0.14020	8.08476e-02
0.13047	8.13027e-02
0.12838	8.21112e-02
0.12448	8.45486e-02
0.13891	6.98002e-02
0.16861	7.11431e-02
0.17685	7.84479e-02
0.21065	8.05906e-02
0.16489	8.60660e-02
0.13597	6.58209e-02
0.10740	3.81722e-02
0.11371	2.89546e-02
0.13753	3.83894e-02
0.17897	6.31871e-02
0.17331	6.53011e-02
0.15361	5.21860e-02
0.15633	6.39652e-02
0.14575	6.62799e-02
0.14575	6.62850e-02
0.14575	6.62850e-02
0.12256	5.32746e-02
0.12456	4.97360e-02
0.14812	9.12732e-02
0.16362	9.49978e-02
0.16046	6.01041e-02
0.17275	5.76983e-02
0.17722	6.71171e-02
0.16089	7.38897e-02
0.15100	7.54642e-02
0.12938	7.92798e-02
0.15472	8.11987e-02
0.16738	6.72125e-02
0.16794	6.59739e-02
0.13743	7.24437e-02
0.14930	5.65729e-02
0.16403	5.35908e-02
0.15995	5.74210e-02
0.15440	5.24544e-02
0.14690	5.53508e-02
0.17395	4.70540e-02
0.17541	4.71929e-02
0.16435	5.07724e-02
0.15737	5.52125e-02
0.16142	5.47079e-02
0.15433	6.30980e-02
0.16328	7.41875e-02
0.18382	6.93729e-02
0.17861	7.00902e-02
0.16973	7.77361e-02
0.17524	8.29282e-02
0.15982	7.26645e-02
0.15726	7.14967e-02
0.18779	6.35461e-02
0.18779	6.35461e-02
0.18329	6.50226e-02
0.18329	6.50226e-02
0.20410	7.36778e-02
0.22449	7.30622e-02
0.23331	8.15928e-02
0.22825	8.40483e-02
0.24109	6.92579e-02
0.25718	6.58708e-02
0.24579	6.88126e-02
0.25380	5.70209e-02
0.26939	6.59646e-02
0.27651	7.94308e-02
0.23601	9.92628e-02
0.23399	9.41030e-02
0.24023	8.27712e-02
0.21906	9.04353e-02
0.24557	6.39884e-02
0.21979	4.29753e-02
0.23188	4.15935e-02
0.23212	8.51210e-02
0.24770	5.07297e-02
0.24242	5.33117e-02
0.21531	5.80198e-02
0.21430	5.66778e-02
0.20269	6.37683e-02
0.18402	6.16512e-02
0.18402	6.16512e-02
0.20054	7.44663e-02
0.21654	8.44033e-02
0.22261	7.95415e-02
0.22743	7.78678e-02
0.24288	7.55824e-02
0.25469	6.83503e-02
0.23809	6.55938e-02
0.22012	6.02262e-02
0.22405	8.65339e-02
0.19786	8.70440e-02
0.21621	9.30138e-02
0.21617	9.30848e-02
0.27828	8.98014e-02
0.29926	1.07571e-01
0.22502	1.00821e-01
0.21400	8.53213e-02
0.21647	7.17267e-02
0.20764	8.40889e-02
0.19447	9.15564e-02
0.19500	9.95178e-02
0.22696	8.38896e-02
0.23240	8.39434e-02
0.24746	7.65984e-02
0.25315	7.08626e-02
0.24264	6.97260e-02
0.24836	7.31101e-02
0.23241	8.05759e-02
0.23749	8.10238e-02
0.24407	9.09076e-02
0.26854	8.60568e-02
0.28359	8.37935e-02
0.24503	9.67603e-02
0.26666	9.47424e-02
0.29596	1.00959e-01
0.30770	8.01659e-02
0.30753	8.01343e-02
0.30493	8.26291e-02
0.29632	1.23536e-01
0.28118	1.26393e-01
0.29843	9.22971e-02
0.26948	8.64385e-02
0.28416	7.48276e-02
0.26262	7.12769e-02
0.22940	9.81410e-02
0.25438	6.79425e-02
0.24088	4.86081e-02
0.25392	5.60684e-02
0.27911	4.06423e-02
0.21798	8.83704e-02
0.25384	6.47660e-02
0.25384	6.47660e-02
0.25384	6.47660e-02
0.25381	9.04007e-02
0.23845	9.45894e-02
0.30844	1.04858e-01
0.28327	9.31742e-02
0.23349	1.09931e-01
0.22223	7.75325e-02
0.24798	8.48111e-02
0.23770	8.80280e-02
0.28023	9.38392e-02
0.30937	7.63948e-02
0.29385	7.16723e-02
0.29487	7.19481e-02
0.29119	6.83573e-02
0.25004	6.43482e-02
0.25487	5.85257e-02
0.27397	6.55378e-02
0.29812	7.84924e-02
0.31200	8.54009e-02
0.31775	9.18718e-02
0.29464	9.25467e-02
0.28581	8.84123e-02
0.29077	8.40005e-02
0.29141	8.38750e-02
0.29141	8.38750e-02
0.31836	7.63137e-02
0.32367	7.19295e-02
0.31248	7.43153e-02
0.31994	8.96949e-02
0.31994	8.96949e-02
0.33145	9.33531e-02
0.33909	9.14811e-02
0.33938	9.15217e-02
0.33146	9.76629e-02
0.33165	8.11861e-02
0.33917	8.50391e-02
0.34623	8.44418e-02
0.34719	8.45797e-02
0.35454	9.35657e-02
0.33432	1.10505e-01
0.32971	1.13708e-01
0.33054	1.16040e-01
0.35342	8.64478e-02
0.32514	1.20294e-01
0.35563	1.01234e-01
0.30776	8.74498e-02
0.32397	9.01791e-02
0.34016	1.04516e-01
0.34136	1.01860e-01
0.36387	9.01270e-02
0.39554	1.07723e-01
0.33966	8.36760e-02
0.31802	8.77917e-02
0.31904	1.02381e-01
0.33754	1.23780e-01
0.33382	1.21773e-01
0.33420	1.22270e-01
0.33444	7.94029e-02
0.34300	8.69689e-02
0.34497	8.80162e-02
0.35282	8.74331e-02
0.36888	8.56438e-02
0.37072	8.07421e-02
0.41779	3.57369e-02
0.39455	5.42778e-02
0.38359	8.91457e-02
0.37925	4.47714e-02
0.36896	8.08087e-02
0.35841	8.91005e-02
0.35580	9.20838e-02
0.37439	1.08738e-01
0.36037	1.13332e-01
0.37285	1.10793e-01
0.38433	1.05015e-01
0.35540	1.24984e-01
0.35740	1.24939e-01
0.35983	1.16849e-01
0.38343	9.31567e-02
0.38456	9.59203e-02
0.38456	9.59203e-02
0.39848	6.99162e-02
0.38572	7.62150e-02
0.38250	7.36524e-02
0.40016	8.53526e-02
0.36866	1.29930e-01
0.36755	1.13285e-01
0.36356	1.10504e-01
0.39515	5.57530e-02
0.40704	5.77250e-02
0.39147	9.80401e-02
0.37749	9.52647e-02
0.40147	8.31562e-02
0.37298	9.70376e-02
0.39444	8.74187e-02
0.44560	1.04843e-01
0.41768	8.20435e-02
0.41370	7.65743e-02
0.42707	5.52831e-02
0.41519	6.95424e-02
0.43249	5.29752e-02
0.42433	6.54686e-02
0.44314	5.02314e-02
0.45852	3.72178e-02
0.44152	2.93759e-02
0.41360	2.57525e-02
0.41021	2.74867e-02
0.41784	6.91540e-02
0.36500	6.07931e-02
0.43486	1.18600e-01
0.41012	1.16739e-01
0.39174	8.82348e-02
0.42898	1.01596e-01
0.45011	1.15142e-01
0.43496	1.00777e-01
0.48275	3.72280e-02
0.48496	4.63461e-02
0.46723	3.33418e-02
0.46104	4.38884e-02
0.45006	3.91304e-02
0.45115	3.98911e-02
0.45745	2.98169e-02
0.49581	3.14292e-02
0.49581	3.14292e-02
0.51110	5.71863e-02
0.42738	3.25904e-02
0.42738	3.25904e-02
0.45329	9.44854e-02
0.40317	5.84137e-02
0.40317	5.84137e-02
0.43342	1.00164e-01
0.40772	7.40227e-02
0.40772	7.40227e-02
0.43182	1.07102e-01
0.35764	2.63560e-02
0.45305	6.90556e-02
0.45581	8.78614e-03
0.45581	8.78614e-03
0.46405	1.70226e-02
0.46649	1.45790e-02
0.48107	0.00000e+00
0.48107	0.00000e+00
0.48107	0.00000e+00
0.37063	0.00000e+00
0.37063	0.00000e+00
0.37063	0.00000e+00
0.37063	0.00000e+00
0.37063	0.00000e+00
0.37063	0.00000e+00
0.44028	0.00000e+00
0.44028	0.00000e+00
0.44028	0.00000e+00
0.44028	0.00000e+00
0.44028	0.00000e+00
0.44028	0.00000e+00
0.44028	0.00000e+00
0.44028	0.00000e+00
0.44028	0.00000e+00
0.44028	0.00000e+00
0.44028	0.00000e+00
0.44028	0.00000e+00
0.43281	0.00000e+00
0.37229	0.00000e+00
0.37229	0.00000e+00
0.37229	0.00000e+00
0.50709	0.00000e+00
