0.71722	3.14835e-02
0.66501	5.77673e-02
0.57178	1.14260e-01
0.51847	8.76007e-02
0.45792	1.31601e-01
0.48666	7.74405e-02
0.39311	1.20691e-01
0.40036	1.40142e-01
0.37186	1.42286e-01
0.44656	1.13021e-01
0.40735	1.47665e-01
0.42397	1.32834e-01
0.47782	1.09663e-01
0.48914	1.34202e-01
0.48338	1.01422e-01
0.49969	1.28361e-01
0.55902	9.05227e-02
0.53564	1.04537e-01
0.46714	1.23060e-01
0.46295	1.24331e-01
0.48095	5.80075e-02
0.45937	9.66835e-02
0.50706	1.06169e-01
0.45218	9.69185e-02
0.46864	9.91897e-02
0.48387	8.83949e-02
0.44357	1.04723e-01
0.48503	7.35576e-02
0.48905	5.19815e-02
0.45129	5.11432e-02
0.44814	5.77552e-02
0.44433	5.72784e-02
0.44198	8.27803e-02
0.46938	5.56152e-02
0.43356	5.35601e-02
0.44895	6.78846e-02
0.43807	9.07297e-02
0.42519	4.42684e-02
0.46145	5.08381e-02
0.41081	8.92432e-02
0.40808	4.96716e-02
0.39029	4.34808e-02
0.40570	6.67455e-02
0.38097	8.43183e-02
0.38483	6.35654e-02
0.36664	7.51806e-02
0.39205	5.14747e-02
0.34002	5.65166e-02
0.32087	8.70423e-02
0.37082	7.61525e-02
0.31648	8.96599e-02
0.34455	5.64787e-02
0.30344	6.10513e-02
0.29732	6.44390e-02
0.30132	8.94773e-02
0.30647	9.68078e-02
0.30172	5.14381e-02
0.32332	5.37375e-02
0.26694	6.47702e-02
0.31559	1.07938e-01
0.27700	6.06687e-02
0.27103	6.55208e-02
0.30752	8.76139e-02
0.29587	7.10773e-02
0.26952	6.47661e-02
0.27958	1.11458e-01
0.28998	6.16201e-02
0.29556	7.07312e-02
0.25312	7.75042e-02
0.30142	5.92601e-02
0.24873	9.22532e-02
0.26996	5.36195e-02
0.28929	9.71009e-02
0.29341	9.10406e-02
0.27462	6.79261e-02
0.27478	7.37159e-02
0.28032	7.90115e-02
0.30598	7.57078e-02
0.26885	7.02260e-02
0.26040	7.45969e-02
0.28854	5.26717e-02
0.24825	6.72537e-02
0.24745	8.57631e-02
0.26298	7.09875e-02
0.23243	5.67171e-02
0.23676	6.05555e-02
0.23690	6.04734e-02
0.21008	8.20467e-02
0.18555	5.32556e-02
0.22850	5.44858e-02
0.19394	7.67577e-02
0.19882	4.79681e-02
0.20507	4.91030e-02
0.20582	5.15782e-02
0.21338	4.43312e-02
0.17484	4.90944e-02
0.13997	6.71324e-02
0.16345	5.90106e-02
0.17313	6.17077e-02
0.16958	8.54064e-02
0.17185	9.00454e-02
0.18895	8.51394e-02
0.17709	7.95750e-02
0.18135	7.82011e-02
0.18886	7.87851e-02
0.15470	5.19297e-02
0.14820	4.63333e-02
0.12461	3.68815e-02
0.11531	4.73471e-02
0.11531	4.73471e-02
0.14438	8.75367e-02
0.14438	8.75367e-02
0.12748	5.96711e-02
0.13379	5.84361e-02
0.13898	6.14503e-02
0.17980	5.49660e-02
0.20476	8.27464e-02
0.19210	8.79397e-02
0.20124	7.70010e-02
0.17795	6.52462e-02
0.19346	7.87251e-02
0.20669	7.38487e-02
0.20513	7.13332e-02
0.21364	7.05223e-02
0.17816	6.69871e-02
0.20383	6.57387e-02
0.20071	6.91414e-02
0.20187	6.89902e-02
0.18779	7.64411e-02
0.19818	8.12726e-02
0.19363	9.00274e-02
0.19489	8.79868e-02
0.21046	7.97622e-02
0.19935	7.14613e-02
0.18726	6.66248e-02
0.17829	7.22964e-02
0.19650	6.96486e-02
0.21322	9.15941e-02
0.20543	8.02314e-02
0.20959	7.57475e-02
0.20747	5.84137e-02
0.21722	4.46770e-02
0.23940	3.76656e-02
0.23183	4.93829e-02
0.22605	5.03464e-02
0.21430	5.69254e-02
0.20411	5.12508e-02
0.19455	6.60383e-02
0.19396	4.79876e-02
0.19396	4.79876e-02
0.21939	6.76101e-02
0.21122	6.95963e-02
0.20161	7.54574e-02
0.22705	7.99297e-02
0.24124	9.98843e-02
0.24440	1.03614e-01
0.21897	9.80943e-02
0.22003	1.00662e-01
0.23143	8.58552e-02
0.23055	7.30322e-02
0.23149	1.01462e-01
0.22166	1.08790e-01
0.22754	1.02930e-01
0.23579	8.73355e-02
0.24415	8.24223e-02
0.21788	9.60282e-02
0.21788	9.60282e-02
0.23616	1.00124e-01
0.25447	7.45136e-02
0.27592	5.74929e-02
0.26972	6.46661e-02
0.26734	7.10804e-02
0.26658	9.40796e-02
0.30520	6.67803e-02
0.28502	7.55491e-02
0.32318	5.70350e-02
0.28702	7.68243e-02
0.28643	7.11648e-02
0.30918	8.66276e-02
0.29927	9.02367e-02
0.29282	7.97371e-02
0.29603	7.98965e-02
0.28560	8.35407e-02
0.30758	4.68901e-02
0.31394	3.04346e-02
0.31748	6.04213e-02
0.31152	6.43446e-02
0.31267	6.50624e-02
0.31326	6.36828e-02
0.31326	6.36828e-02
0.31719	6.93424e-02
0.29751	8.30688e-02
0.29658	8.24359e-02
0.31596	9.40394e-02
0.34583	7.50694e-02
0.34583	7.50694e-02
0.32949	6.61473e-02
0.33028	7.10680e-02
0.31882	6.41496e-02
0.33013	6.93024e-02
0.34452	7.06887e-02
0.30416	5.48355e-02
0.32930	6.03703e-02
0.33170	6.10991e-02
0.32644	5.62199e-02
0.32644	5.62199e-02
0.34183	5.71679e-02
0.34560	5.88999e-02
0.34560	5.88999e-02
0.35016	5.92907e-02
0.35729	6.69596e-02
0.35718	6.69104e-02
0.34402	8.53331e-02
0.36313	6.80186e-02
0.35788	6.01495e-02
0.36455	5.96095e-02
0.38370	7.73973e-02
0.36966	6.53955e-02
0.36759	6.55990e-02
0.36009	8.10146e-02
0.35916	8.05534e-02
0.35624	8.12752e-02
0.36308	8.58964e-02
0.36985	8.76855e-02
0.35896	9.09207e-02
0.38967	8.25933e-02
0.38611	7.37040e-02
0.37441	7.39392e-02
0.36207	6.44995e-02
0.35063	7.88704e-02
0.35663	8.31229e-02
0.36728	7.92647e-02
0.35330	6.82290e-02
0.36117	8.67181e-02
0.40013	7.48959e-02
0.41306	6.83195e-02
0.40609	8.27739e-02
0.41687	6.64897e-02
0.39327	8.34594e-02
0.43486	5.82769e-02
0.43486	5.82769e-02
0.42886	4.93913e-02
0.42675	8.67232e-02
0.43520	9.45631e-02
0.42145	9.46586e-02
0.42145	9.46586e-02
0.43627	5.68624e-02
0.43875	5.58916e-02
0.42911	5.42244e-02
0.40621	6.70328e-02
0.41155	6.65646e-02
0.42746	7.22142e-02
0.41330	5.94774e-02
0.38747	8.37056e-02
0.37950	7.82187e-02
0.39673	9.45415e-02
0.38684	9.94722e-02
0.41585	9.17707e-02
0.43565	1.02387e-01
0.44085	8.16609e-02
0.44891	8.71437e-02
0.45022	8.63506e-02
0.43487	8.13414e-02
0.44164	7.62783e-02
0.43025	8.80526e-02
0.44334	9.69097e-02
0.43788	9.36224e-02
0.43442	8.05986e-02
0.44387	8.46474e-02
0.43502	7.88817e-02
0.43189	7.54943e-02
0.42956	7.53079e-02
0.45965	9.67812e-02
0.45889	9.71969e-02
0.46225	1.02803e-01
0.46640	7.43137e-02
0.46855	7.49749e-02
0.48154	7.63448e-02
0.45431	9.60963e-02
0.47123	8.91444e-02
0.48751	8.96722e-02
0.48885	8.92972e-02
0.48060	8.01069e-02
0.47158	7.57182e-02
0.47158	7.57182e-02
0.50186	6.72898e-02
0.48963	7.85000e-02
0.48064	8.96037e-02
0.47801	8.81236e-02
0.47744	1.08323e-01
0.46188	1.09028e-01
0.46458	1.13270e-01
0.49416	1.16620e-01
0.49032	1.12196e-01
0.49596	1.01076e-01
0.48931	1.02427e-01
0.48768	1.00683e-01
0.48504	9.52546e-02
0.49804	8.71618e-02
0.51420	1.02009e-01
0.50361	9.04253e-02
0.53752	4.64484e-02
0.54188	5.71054e-02
0.51790	5.82689e-02
0.47881	1.16176e-01
0.47720	1.19073e-01
0.50836	7.01218e-02
0.51465	6.31373e-02
0.52528	7.15473e-02
0.49248	1.10125e-01
0.49129	1.14138e-01
0.51142	9.56174e-02
0.49943	1.02806e-01
0.50804	1.13015e-01
0.49562	1.00761e-01
0.50176	1.06985e-01
0.50176	1.06985e-01
0.51164	1.02298e-01
0.50606	1.12713e-01
0.52941	8.96643e-02
0.51389	9.85202e-02
0.51613	1.01180e-01
0.50383	9.59239e-02
0.50769	1.00894e-01
0.53490	8.27929e-02
0.53793	7.97200e-02
0.54145	8.52499e-02
0.54049	8.66154e-02
0.55460	9.03521e-02
0.55863	8.62702e-02
0.54789	8.32010e-02
0.58139	5.88113e-02
0.59051	5.92039e-02
0.59589	6.01318e-02
0.60744	4.51708e-02
0.59932	5.56705e-02
0.59690	5.89582e-02
0.60965	6.80710e-02
0.58660	8.68868e-02
0.58492	8.55986e-02
0.59143	8.73659e-02
0.59076	8.56387e-02
0.59858	7.23197e-02
0.60066	7.87578e-02
0.61164	6.92814e-02
0.60416	6.43924e-02
0.61525	6.79902e-02
0.60766	7.08599e-02
0.61141	7.03974e-02
0.60364	6.90310e-02
0.59426	7.11411e-02
0.60205	6.27990e-02
0.61348	6.68790e-02
0.61141	6.48402e-02
0.60479	6.66680e-02
0.61007	7.16419e-02
0.62102	6.85716e-02
0.62102	6.85716e-02
0.62830	5.72224e-02
0.62381	5.85963e-02
0.62057	5.46885e-02
0.63545	4.50895e-02
0.63608	4.11432e-02
0.63158	3.88565e-02
0.63470	4.31808e-02
0.63831	4.16475e-02
0.64810	3.92033e-02
0.64772	3.62125e-02
0.65528	4.88072e-02
0.64408	3.33064e-02
0.64924	3.18375e-02
0.64838	4.12892e-02
0.66310	4.10318e-02
0.65550	3.60234e-02
0.63431	4.39462e-02
0.65412	4.00048e-02
0.65412	4.00048e-02
0.64323	3.35225e-02
0.63423	3.52931e-02
0.63334	3.66302e-02
0.64472	4.21886e-02
0.66525	6.57954e-02
0.62849	4.70508e-02
0.66034	5.45552e-02
0.66034	5.45552e-02
0.67753	6.49141e-02
0.64442	5.16861e-02
0.66462	3.40860e-02
0.66462	3.40860e-02
0.68944	4.62561e-02
0.68944	4.62561e-02
0.68909	4.66608e-02
0.68966	6.28953e-02
0.68571	6.20212e-02
0.67375	5.06346e-02
0.68073	3.86499e-02
0.68073	3.86499e-02
0.68589	4.27550e-02
0.67931	3.78135e-02
0.67252	4.14976e-02
0.67252	4.14976e-02
0.67252	4.14976e-02
0.68001	4.88552e-02
0.67458	4.79390e-02
0.67321	5.86646e-02
0.68017	6.56242e-02
0.68144	6.43467e-02
0.67634	6.94508e-02
0.67634	6.94508e-02
0.67634	6.94508e-02
0.67634	6.94508e-02
0.69323	8.63461e-02
0.60855	0.00000e+00
0.60855	0.00000e+00
0.62372	0.00000e+00
0.62372	0.00000e+00
0.62372	0.00000e+00
0.62372	0.00000e+00
0.62372	0.00000e+00
0.62372	0.00000e+00
0.62372	0.00000e+00
0.62372	0.00000e+00
0.62372	0.00000e+00
0.62372	0.00000e+00
0.62372	0.00000e+00
0.67872	0.00000e+00
0.67872	0.00000e+00
0.67872	0.00000e+00
0.67872	0.00000e+00
0.67872	0.00000e+00
0.70487	0.00000e+00
0.62768	0.00000e+00
0.72367	0.00000e+00
0.72367	0.00000e+00
0.72367	0.00000e+00
0.72367	0.00000e+00
0.72367	0.00000e+00
0.67828	0.00000e+00
