0.82391	8.80328e-02
0.82932	5.09461e-02
0.76640	6.02512e-02
0.70101	8.90363e-02
0.67085	1.24946e-01
0.65106	7.21107e-02
0.54245	1.41622e-01
0.56413	8.53071e-02
0.55739	1.36816e-01
0.50785	1.53284e-01
0.53547	1.37765e-01
0.53107	1.55650e-01
0.54762	1.48540e-01
0.57003	1.28698e-01
0.57346	2.31032e-01
0.58750	1.48744e-01
0.59746	1.35892e-01
0.60033	1.61321e-01
0.52002	1.93660e-01
0.55746	1.15342e-01
0.53762	1.44358e-01
0.54390	1.48158e-01
0.53730	1.62594e-01
0.51490	1.94755e-01
0.52371	1.70565e-01
0.55563	1.39202e-01
0.50623	1.76357e-01
0.52263	1.53042e-01
0.50142	1.50397e-01
0.53045	1.62841e-01
0.51383	1.29570e-01
0.51792	1.56028e-01
0.55266	1.03220e-01
0.51011	1.11011e-01
0.51553	1.02553e-01
0.52519	1.00271e-01
0.54619	8.31931e-02
0.53686	5.27301e-02
0.51395	5.75485e-02
0.49879	8.26105e-02
0.49235	7.17437e-02
0.50070	7.33675e-02
0.52297	6.60682e-02
0.48535	5.95547e-02
0.49251	5.04489e-02
0.48590	6.32341e-02
0.51167	6.28621e-02
0.44526	6.44656e-02
0.44441	6.27712e-02
0.44277	7.25330e-02
0.44421	6.01742e-02
0.42946	4.92381e-02
0.44712	3.86353e-02
0.40129	6.73542e-02
0.40700	4.01001e-02
0.43074	4.79416e-02
0.42442	3.66838e-02
0.37452	6.23177e-02
0.39324	7.17458e-02
0.42039	6.32503e-02
0.37479	4.96873e-02
0.39940	5.97525e-02
0.38028	7.10132e-02
0.38840	7.14055e-02
0.37333	5.14256e-02
0.35426	7.63898e-02
0.38922	6.47232e-02
0.35791	5.23002e-02
0.33800	1.05429e-01
0.36422	6.01153e-02
0.33570	7.32509e-02
0.35273	7.54154e-02
0.35279	7.52983e-02
0.31126	1.04591e-01
0.32163	7.43176e-02
0.32159	7.77099e-02
0.31358	6.63586e-02
0.31422	4.86989e-02
0.30519	6.23978e-02
0.30845	6.74604e-02
0.28445	7.06283e-02
0.26171	7.14854e-02
0.26716	7.12213e-02
0.28040	5.20612e-02
0.27236	5.40028e-02
0.22451	5.46251e-02
0.26217	5.86626e-02
0.24394	7.85132e-02
0.23641	5.14636e-02
0.28709	6.64648e-02
0.27657	5.29276e-02
0.22939	8.74623e-02
0.22098	8.40877e-02
0.23879	6.00840e-02
0.23344	4.44271e-02
0.21282	5.85494e-02
0.18622	6.02944e-02
0.18268	7.65302e-02
0.16055	2.93076e-02
0.17956	8.59605e-02
0.19817	7.19009e-02
0.20844	7.74145e-02
0.20840	7.74027e-02
0.21393	8.07478e-02
0.19855	6.61163e-02
0.21061	4.66435e-02
0.20437	5.61694e-02
0.24594	6.31769e-02
0.24551	6.29140e-02
0.24836	7.06253e-02
0.24106	8.17680e-02
0.24115	8.32145e-02
0.24365	7.33260e-02
0.21884	7.81779e-02
0.22866	7.27701e-02
0.21054	8.34261e-02
0.21893	8.56556e-02
0.21571	1.02451e-01
0.22224	9.76031e-02
0.24206	9.61497e-02
0.24206	9.61497e-02
0.23800	9.74053e-02
0.23046	9.45421e-02
0.22159	8.48329e-02
0.26244	6.25421e-02
0.24237	4.90840e-02
0.25822	5.77226e-02
0.26118	5.57551e-02
0.25453	6.31823e-02
0.25400	4.45708e-02
0.27572	6.29914e-02
0.27553	5.65040e-02
0.28938	6.64234e-02
0.28938	6.64234e-02
0.27687	7.24290e-02
0.27186	7.20708e-02
0.25811	9.77395e-02
0.29500	6.60047e-02
0.29500	6.60047e-02
0.30553	6.77922e-02
0.30694	6.80334e-02
0.27970	7.76755e-02
0.30105	8.42665e-02
0.32843	1.03306e-01
0.30595	7.35060e-02
0.33715	1.15738e-01
0.32413	1.19789e-01
0.31597	1.15890e-01
0.31597	1.15890e-01
0.33152	9.07057e-02
0.33809	8.53392e-02
0.33207	4.05254e-02
0.32875	4.64818e-02
0.33938	6.52986e-02
0.33531	6.61316e-02
0.35195	7.27168e-02
0.34463	7.11903e-02
0.34463	7.11903e-02
0.37670	7.25396e-02
0.37186	8.50321e-02
0.37503	8.30445e-02
0.37779	7.62448e-02
0.38864	7.66649e-02
0.38520	7.44472e-02
0.38520	7.44472e-02
0.39544	6.62590e-02
0.38891	6.29891e-02
0.39777	4.55536e-02
0.38334	4.67469e-02
0.37520	7.29203e-02
0.38270	8.27985e-02
0.38972	8.27933e-02
0.35053	9.96721e-02
0.39068	1.07171e-01
0.39068	1.07171e-01
0.39877	1.15799e-01
0.42242	9.94226e-02
0.42956	1.06376e-01
0.42049	1.08633e-01
0.40168	1.02685e-01
0.38796	8.51480e-02
0.38708	1.07291e-01
0.37871	1.01915e-01
0.40184	7.65148e-02
0.38339	1.19384e-01
0.37575	1.27820e-01
0.36272	1.25065e-01
0.40749	8.32781e-02
0.43207	1.04042e-01
0.39687	8.20101e-02
0.40707	9.21278e-02
0.44708	9.99324e-02
0.45818	1.01460e-01
0.47553	8.07752e-02
0.47718	8.16899e-02
0.48590	8.36786e-02
0.49518	6.83713e-02
0.48787	6.44192e-02
0.49112	6.96160e-02
0.48465	9.23467e-02
0.45846	8.50050e-02
0.47889	9.26390e-02
0.48597	8.44786e-02
0.47111	8.33573e-02
0.47042	8.28223e-02
0.47042	8.28223e-02
0.47373	8.65410e-02
0.45323	7.97914e-02
0.45828	8.25675e-02
0.47619	7.80829e-02
0.47846	7.78625e-02
0.47846	7.78625e-02
0.50116	8.43573e-02
0.50392	8.50279e-02
0.49075	9.90697e-02
0.53772	7.84426e-02
0.52854	8.42718e-02
0.53806	8.51020e-02
0.52800	7.63887e-02
0.53182	7.92711e-02
0.53637	8.21509e-02
0.53988	8.78310e-02
0.53766	9.01911e-02
0.52886	1.16079e-01
0.52341	1.15914e-01
0.50976	1.14765e-01
0.50149	1.14930e-01
0.50149	1.14930e-01
0.52607	8.57555e-02
0.52278	8.28810e-02
0.51318	8.51140e-02
0.52627	9.85725e-02
0.53607	8.99694e-02
0.51882	1.05894e-01
0.53044	1.01220e-01
0.52889	1.02634e-01
0.52865	1.05299e-01
0.55356	7.43672e-02
0.56091	7.58840e-02
0.55886	7.43148e-02
0.55747	7.09456e-02
0.56099	7.17686e-02
0.57029	7.78401e-02
0.56856	8.99560e-02
0.56543	7.29067e-02
0.56549	6.95046e-02
0.55006	6.06785e-02
0.57049	7.08403e-02
0.57603	7.58471e-02
0.57790	8.34211e-02
0.57431	9.74284e-02
0.57233	9.71639e-02
0.56532	9.86742e-02
0.56432	1.03970e-01
0.56356	1.01287e-01
0.57015	1.00514e-01
0.58010	7.61474e-02
0.59758	6.87778e-02
0.61109	8.39118e-02
0.60699	4.69599e-02
0.60789	8.24899e-02
0.61138	8.30860e-02
0.60535	9.95676e-02
0.59668	1.04730e-01
0.59187	1.17947e-01
0.57389	1.14684e-01
0.58481	9.76943e-02
0.58202	9.20607e-02
0.57466	9.41577e-02
0.59419	7.45056e-02
0.61035	8.31395e-02
0.59470	7.96995e-02
0.58737	7.51367e-02
0.61008	7.74339e-02
0.60026	7.36713e-02
0.61899	7.59232e-02
0.64351	8.07801e-02
0.63663	8.15621e-02
0.62631	7.19420e-02
0.63346	7.33221e-02
0.63244	7.21091e-02
0.62807	7.12509e-02
0.61577	9.28765e-02
0.61850	9.28648e-02
0.64620	7.81309e-02
0.64943	7.80783e-02
0.63699	9.36061e-02
0.63184	9.48322e-02
0.62106	9.02452e-02
0.63053	7.85053e-02
0.63205	8.03479e-02
0.63736	8.10540e-02
0.63632	8.11082e-02
0.62965	8.06403e-02
0.62428	1.04086e-01
0.62484	1.04348e-01
0.63514	9.92798e-02
0.65635	9.18688e-02
0.67094	7.24968e-02
0.67932	6.31101e-02
0.67932	6.31101e-02
0.67932	6.31101e-02
0.66828	6.31477e-02
0.65738	5.85744e-02
0.66526	6.92833e-02
0.67484	6.98418e-02
0.67075	8.41410e-02
0.65565	7.51747e-02
0.65645	9.22572e-02
0.64861	8.60838e-02
0.64861	8.60838e-02
0.65971	9.14557e-02
0.65971	9.14557e-02
0.69231	6.72192e-02
0.68680	7.12424e-02
0.68880	7.33909e-02
0.68476	7.66993e-02
0.68955	7.89049e-02
0.67711	8.17060e-02
0.67989	8.94195e-02
0.67466	9.25241e-02
0.68809	9.30186e-02
0.69363	9.94259e-02
0.68573	1.02138e-01
0.69514	9.63989e-02
0.70711	9.63090e-02
0.72004	8.02116e-02
0.70803	8.37495e-02
0.70385	8.37114e-02
0.70312	8.28054e-02
0.70072	8.58789e-02
0.70583	9.14955e-02
0.71291	8.75526e-02
0.71351	8.91828e-02
0.71490	8.27596e-02
0.71748	8.56873e-02
0.72201	8.56999e-02
0.73703	8.13452e-02
0.74125	7.81318e-02
0.73585	7.67479e-02
0.72857	7.93271e-02
0.72452	8.17941e-02
0.73974	7.05987e-02
0.75236	7.77214e-02
0.75883	8.40929e-02
0.74505	7.75181e-02
0.74905	8.14740e-02
0.75585	8.60841e-02
0.75328	7.60084e-02
0.76649	7.58384e-02
0.76407	8.34193e-02
0.75020	7.61995e-02
0.75617	6.13987e-02
0.75430	6.46715e-02
0.76067	6.61656e-02
0.76067	6.61656e-02
0.77022	6.06966e-02
0.77103	6.64716e-02
0.77713	6.53268e-02
0.77711	6.52978e-02
0.77985	6.25753e-02
0.77615	6.69474e-02
0.76600	6.88774e-02
0.76953	7.34419e-02
0.76915	7.29054e-02
0.76265	6.08947e-02
0.76725	5.77555e-02
0.77600	6.43791e-02
0.77538	6.55332e-02
0.77561	6.58300e-02
0.77574	6.96084e-02
0.77891	6.56843e-02
0.78577	6.09201e-02
0.78289	6.38139e-02
0.79260	5.91914e-02
0.79460	5.73741e-02
0.80735	5.62509e-02
0.78102	3.79489e-02
0.78592	3.26740e-02
0.78843	3.45535e-02
0.79076	3.69354e-02
0.79651	3.30628e-02
0.78633	2.45257e-02
0.79833	3.64599e-02
0.79428	3.00013e-02
0.79428	3.00013e-02
0.79493	2.94273e-02
0.79307	3.28028e-02
0.78559	3.26395e-02
0.78747	3.25346e-02
0.78747	3.25346e-02
0.79045	3.73386e-02
0.78768	3.91361e-02
0.80789	4.30209e-02
0.77093	1.47655e-02
0.76669	2.02951e-02
0.75944	1.41883e-02
0.77952	3.88692e-02
0.77952	3.88692e-02
0.80205	2.51039e-02
0.80205	2.51039e-02
0.81288	3.43286e-02
0.81288	3.43286e-02
0.81288	3.43286e-02
0.82985	1.37208e-02
0.82985	1.37208e-02
0.80919	3.64732e-02
0.80919	3.64732e-02
0.78313	2.48444e-02
0.82485	1.28078e-02
0.81988	1.64767e-02
0.82720	1.21498e-02
0.82720	1.21498e-02
0.81763	3.34136e-02
0.81763	3.34136e-02
0.83549	6.47904e-03
0.83549	6.47904e-03
0.84616	8.61369e-03
0.84007	2.07458e-04
0.83682	3.04779e-03
0.83868	4.91053e-03
0.83868	4.91053e-03
0.84693	3.34490e-03
0.84685	3.42484e-03
0.84685	3.42484e-03
0.84685	3.42484e-03
0.85024	4.12184e-05
0.85024	4.12184e-05
0.85024	4.12184e-05
0.85024	4.12184e-05
0.85024	4.12184e-05
0.85024	4.12184e-05
0.85024	4.12184e-05
0.84613	4.06947e-03
0.84613	4.06947e-03
0.84613	4.06947e-03
0.84655	4.49411e-03
0.84466	2.59924e-03
0.86521	2.31474e-02
0.86521	2.31474e-02
0.86521	2.31474e-02
0.86521	2.31474e-02
0.86521	2.31474e-02
0.86521	2.31474e-02
0.86521	2.31474e-02
0.86515	2.31993e-02
0.88835	0.00000e+00
0.88835	0.00000e+00
0.88835	0.00000e+00
0.88835	0.00000e+00
0.88835	0.00000e+00
0.88835	0.00000e+00
0.88835	0.00000e+00
0.88835	0.00000e+00
0.88835	0.00000e+00
0.88835	0.00000e+00
0.88658	0.00000e+00
