0.97237	4.98679e-03
0.95767	1.22180e-02
0.94919	1.90557e-02
0.92058	4.20320e-02
0.90178	2.88317e-02
0.88442	4.86977e-02
0.86489	3.09295e-02
0.86088	4.12082e-02
0.84627	2.25277e-02
0.84204	3.16996e-02
0.82262	3.18667e-02
0.81236	3.58798e-02
0.80638	5.03664e-02
0.81512	5.25928e-02
0.80393	5.74922e-02
0.79820	4.22995e-02
0.78737	5.77755e-02
0.80448	6.10294e-02
0.76719	4.68393e-02
0.76977	6.14033e-02
0.77771	5.41531e-02
0.75723	7.17396e-02
0.76678	6.10952e-02
0.76268	5.84856e-02
0.78670	3.99334e-02
0.76052	4.35727e-02
0.78529	4.80027e-02
0.77554	3.72792e-02
0.77867	4.53540e-02
0.75335	2.72336e-02
0.74341	3.42630e-02
0.73789	4.65310e-02
0.72514	3.59943e-02
0.73864	3.38825e-02
0.72043	4.06362e-02
0.71252	4.51578e-02
0.70624	3.67801e-02
0.70317	5.68589e-02
0.67506	3.69842e-02
0.68593	3.74021e-02
0.70690	4.38794e-02
0.68134	4.68480e-02
0.67012	4.05641e-02
0.69038	4.48246e-02
0.65270	4.85359e-02
0.65031	3.16421e-02
0.64423	3.06721e-02
0.63073	5.83859e-02
0.62993	4.66339e-02
0.62649	4.34165e-02
0.61578	5.40947e-02
0.62089	3.99656e-02
0.60055	4.78240e-02
0.58213	5.74385e-02
0.60328	7.40670e-02
0.59398	5.86166e-02
0.56535	7.34367e-02
0.58718	5.06844e-02
0.59507	4.22194e-02
0.55577	7.06891e-02
0.55857	6.80291e-02
0.56660	5.39691e-02
0.55892	4.54666e-02
0.53642	4.73914e-02
0.54573	3.25836e-02
0.52843	8.42357e-02
0.51707	4.80810e-02
0.52787	9.09422e-02
0.54633	7.86154e-02
0.53108	7.67887e-02
0.50562	6.58014e-02
0.53656	6.20683e-02
0.52488	6.68200e-02
0.51605	4.21246e-02
0.52340	6.28494e-02
0.48458	7.27677e-02
0.48823	6.40933e-02
0.48600	3.55162e-02
0.48643	5.31658e-02
0.44108	5.56327e-02
0.46223	9.11051e-02
0.44494	7.57889e-02
0.43575	7.31866e-02
0.40332	8.31723e-02
0.43000	6.45445e-02
0.37489	7.03298e-02
0.37397	7.61945e-02
0.37436	6.04586e-02
0.38918	5.60782e-02
0.38175	7.28443e-02
0.39322	8.45430e-02
0.36522	8.11220e-02
0.35275	7.18940e-02
0.34068	7.82914e-02
0.36685	8.47981e-02
0.29309	8.57261e-02
0.31534	7.66966e-02
0.29269	1.03721e-01
0.28374	7.44224e-02
0.32259	9.40416e-02
0.32324	9.01410e-02
0.31043	9.25212e-02
0.31660	9.25874e-02
0.32014	9.76262e-02
0.30896	8.66906e-02
0.30596	8.49211e-02
0.32973	8.37659e-02
0.32762	8.69202e-02
0.35073	6.38810e-02
0.35933	6.40386e-02
0.34937	7.25321e-02
0.33369	8.64255e-02
0.35115	7.36607e-02
0.34129	6.95831e-02
0.35451	7.68968e-02
0.36254	1.08597e-01
0.37368	9.47880e-02
0.38520	8.18554e-02
0.38520	8.18554e-02
0.38366	7.84518e-02
0.40087	7.28595e-02
0.39333	6.44072e-02
0.38945	5.89594e-02
0.37607	7.99451e-02
0.39848	6.30512e-02
0.37802	8.80530e-02
0.40749	1.07424e-01
0.42149	8.47653e-02
0.43564	7.89139e-02
0.42040	7.36564e-02
0.41616	7.28779e-02
0.42249	7.86831e-02
0.44635	6.00787e-02
0.44438	5.90898e-02
0.45582	6.84107e-02
0.47163	6.63068e-02
0.47163	6.63068e-02
0.46634	5.33544e-02
0.46634	5.33544e-02
0.46492	4.58380e-02
0.46433	4.30543e-02
0.46503	5.52987e-02
0.49321	6.60496e-02
0.49516	6.67791e-02
0.50705	5.06931e-02
0.51458	7.08399e-02
0.51260	6.98855e-02
0.51627	6.89702e-02
0.48841	5.47409e-02
0.50246	7.16450e-02
0.51312	7.67843e-02
0.51811	8.21520e-02
0.51811	8.21520e-02
0.50867	8.63587e-02
0.51016	8.83591e-02
0.51919	7.71039e-02
0.51491	7.67123e-02
0.54331	9.24305e-02
0.54168	8.70800e-02
0.54189	8.71438e-02
0.54023	8.82289e-02
0.55352	8.10789e-02
0.56327	8.68944e-02
0.57074	7.47580e-02
0.57144	7.54174e-02
0.57144	7.54174e-02
0.58029	6.83181e-02
0.57118	6.46161e-02
0.57378	6.20569e-02
0.57821	6.86554e-02
0.57130	5.97781e-02
0.58062	6.29725e-02
0.58495	6.61007e-02
0.58495	6.61007e-02
0.59023	7.35520e-02
0.58445	7.44540e-02
0.61048	8.71548e-02
0.61304	7.66754e-02
0.60683	7.06038e-02
0.62139	7.49492e-02
0.61611	7.57154e-02
0.60685	9.07083e-02
0.61942	9.17146e-02
0.62035	9.52608e-02
0.62096	9.60514e-02
0.61010	9.04219e-02
0.60487	8.60529e-02
0.61830	9.69308e-02
0.61221	9.78652e-02
0.61214	8.45078e-02
0.62890	5.59934e-02
0.63796	8.19791e-02
0.64633	8.80884e-02
0.63359	8.20883e-02
0.63513	8.31799e-02
0.65071	9.26171e-02
0.66879	8.65997e-02
0.66022	9.09299e-02
0.67500	7.83869e-02
0.67702	7.08157e-02
0.67945	7.73212e-02
0.66205	8.19782e-02
0.68040	7.71360e-02
0.67971	7.58093e-02
0.69733	8.13672e-02
0.69363	7.76232e-02
0.71183	4.30356e-02
0.69921	3.81385e-02
0.69722	3.67014e-02
0.69442	3.72578e-02
0.69442	3.72578e-02
0.70642	3.74276e-02
0.70592	3.50212e-02
0.69468	4.07490e-02
0.68905	5.26955e-02
0.69166	5.27733e-02
0.68992	5.70418e-02
0.70057	3.78931e-02
0.70364	3.99718e-02
0.70160	4.49663e-02
0.71802	4.34193e-02
0.71953	4.22011e-02
0.73125	5.28370e-02
0.72529	5.03640e-02
0.72729	4.79731e-02
0.72950	4.31390e-02
0.72415	4.32270e-02
0.72753	4.40684e-02
0.73645	4.03365e-02
0.72902	3.92561e-02
0.73257	3.77762e-02
0.72145	4.05697e-02
0.72029	4.34902e-02
0.73635	5.10363e-02
0.74548	5.91366e-02
0.74395	5.89006e-02
0.73540	5.79222e-02
0.73597	5.86992e-02
0.75507	4.98074e-02
0.76748	4.47443e-02
0.75101	2.92502e-02
0.75419	3.19005e-02
0.76032	5.13143e-02
0.76443	4.16054e-02
0.76738	4.34258e-02
0.75719	3.91335e-02
0.75719	3.91335e-02
0.75851	3.95692e-02
0.75884	4.40738e-02
0.75884	4.40738e-02
0.75884	4.40738e-02
0.75752	4.65389e-02
0.76018	5.01453e-02
0.76624	5.47560e-02
0.76746	4.40300e-02
0.77304	4.05041e-02
0.77108	4.23543e-02
0.76950	4.18366e-02
0.78754	3.50675e-02
0.78754	3.50675e-02
0.78846	3.72455e-02
0.78846	3.72455e-02
0.79509	4.74940e-02
0.79548	4.79612e-02
0.78629	5.34123e-02
0.78949	5.18357e-02
0.79792	4.64026e-02
0.80159	4.59144e-02
0.80665	4.76958e-02
0.79776	5.61590e-02
0.79929	5.76642e-02
0.78837	4.42860e-02
0.78513	4.17099e-02
0.79254	4.79769e-02
0.80348	4.03974e-02
0.79935	3.63936e-02
0.80096	3.75487e-02
0.80932	3.84306e-02
0.80384	4.95504e-02
0.80225	4.87697e-02
0.80965	4.12158e-02
0.81856	4.13479e-02
0.81856	4.13479e-02
0.81676	3.88947e-02
0.81663	4.06152e-02
0.81744	3.59592e-02
0.81431	3.99296e-02
0.81937	4.74208e-02
0.82083	4.56500e-02
0.82455	5.25221e-02
0.82501	5.22050e-02
0.82814	4.86925e-02
0.83146	5.15832e-02
0.83281	4.79013e-02
0.82994	4.91604e-02
0.83607	5.31615e-02
0.83676	5.39876e-02
0.84022	5.56669e-02
0.83333	5.66279e-02
0.84540	4.74786e-02
0.85270	4.64967e-02
0.85270	4.64967e-02
0.85903	4.94337e-02
0.85632	4.82588e-02
0.85492	4.77836e-02
0.85275	4.91415e-02
0.85060	5.08416e-02
0.84810	5.21161e-02
0.84810	5.21161e-02
0.84852	4.55676e-02
0.84821	4.42757e-02
0.84706	4.26535e-02
0.84470	4.60913e-02
0.84422	4.66691e-02
0.84724	4.62858e-02
0.84724	4.62858e-02
0.84525	4.90433e-02
0.85719	4.88531e-02
0.85319	4.64561e-02
0.86391	4.56381e-02
0.86999	4.99293e-02
0.86664	4.91057e-02
0.88103	4.89869e-02
0.88100	4.25856e-02
0.88252	4.34993e-02
0.89457	4.65094e-02
0.89457	4.65094e-02
0.89270	4.39347e-02
0.89569	4.66233e-02
0.89131	5.15037e-02
0.88900	5.13489e-02
0.89218	5.81270e-02
0.88891	5.80007e-02
0.88142	5.29009e-02
0.88277	5.17182e-02
0.88314	5.16277e-02
0.88314	5.16277e-02
0.88340	5.33072e-02
0.89376	4.58183e-02
0.89598	4.43760e-02
0.88439	3.57160e-02
0.88553	4.00627e-02
0.88553	4.00627e-02
0.88872	4.44276e-02
0.89201	4.53725e-02
0.89693	4.04628e-02
0.89723	4.08239e-02
0.90096	4.29570e-02
0.90711	4.00511e-02
0.91484	3.39933e-02
0.91918	3.24444e-02
0.91707	3.29892e-02
0.91900	3.24542e-02
0.92377	3.53711e-02
0.91182	3.95292e-02
0.91043	3.93668e-02
0.91043	3.93668e-02
0.91621	3.86368e-02
0.90881	3.56144e-02
0.91054	3.96253e-02
0.91277	4.21743e-02
0.91277	4.21743e-02
0.91588	4.26017e-02
0.91982	3.64674e-02
0.91907	2.71002e-02
0.92263	3.19756e-02
0.92721	3.18156e-02
0.92765	3.23319e-02
0.91400	2.89931e-02
0.91419	2.92579e-02
0.91419	2.92579e-02
0.90834	3.96154e-02
0.92038	2.82319e-02
0.90826	1.61608e-02
0.91383	2.30124e-02
0.90939	2.94789e-02
0.92213	3.61172e-02
0.92191	3.62990e-02
0.92191	3.62990e-02
0.92520	3.11313e-02
0.91882	4.12928e-02
0.91882	4.12928e-02
0.91882	4.12928e-02
0.92032	4.27816e-02
0.92536	4.65327e-02
0.92536	4.65327e-02
0.92617	3.97385e-02
0.92158	3.57083e-02
0.92448	3.58834e-02
0.92969	4.08366e-02
0.93362	4.16078e-02
0.93362	4.16078e-02
0.93489	3.94747e-02
0.94057	4.24482e-02
0.93684	4.04027e-02
0.94192	4.11980e-02
0.94596	2.83018e-02
0.94596	2.83018e-02
0.94596	2.83018e-02
0.94044	3.38265e-02
0.94044	3.38265e-02
0.94044	3.38265e-02
0.94044	3.38265e-02
0.93057	2.39582e-02
0.94061	3.39996e-02
0.94061	3.39996e-02
0.94061	3.39996e-02
0.93085	2.42373e-02
0.93085	2.42373e-02
0.94517	9.90922e-03
0.94517	9.90922e-03
0.92820	2.68794e-02
0.92820	2.68794e-02
0.92820	2.68794e-02
0.95700	1.79958e-02
0.95724	1.77560e-02
0.95733	1.76601e-02
0.96027	2.05977e-02
0.93967	0.00000e+00
0.94539	0.00000e+00
0.94539	0.00000e+00
0.94539	0.00000e+00
0.94539	0.00000e+00
0.94539	0.00000e+00
0.94539	0.00000e+00
0.94540	0.00000e+00
0.94540	0.00000e+00
0.94540	0.00000e+00
0.94555	0.00000e+00
0.94555	0.00000e+00
0.96573	0.00000e+00
0.96573	0.00000e+00
0.96573	0.00000e+00
0.97413	0.00000e+00
