0.96379	3.82035e-02
0.96101	1.38813e-02
0.95604	1.62700e-02
0.93313	2.76628e-02
0.90104	5.12984e-02
0.89920	6.85502e-02
0.86532	7.21244e-02
0.85621	9.70761e-02
0.85612	6.43443e-02
0.85474	8.01489e-02
0.84207	7.00615e-02
0.83626	9.51785e-02
0.83671	7.95015e-02
0.83337	7.12937e-02
0.83667	9.11440e-02
0.82074	9.19720e-02
0.80633	8.51341e-02
0.80841	8.60474e-02
0.80871	7.09720e-02
0.77605	7.76641e-02
0.80055	7.27735e-02
0.79060	8.43600e-02
0.79830	6.67525e-02
0.77750	9.08191e-02
0.78181	4.77515e-02
0.79562	4.93593e-02
0.77852	3.97912e-02
0.77064	5.66746e-02
0.76375	6.60281e-02
0.74867	7.24167e-02
0.75458	6.32939e-02
0.74928	6.88743e-02
0.75479	3.39066e-02
0.73756	5.40772e-02
0.72677	7.14276e-02
0.72241	7.48451e-02
0.71918	5.57221e-02
0.72048	4.64376e-02
0.70768	5.61260e-02
0.71131	4.74827e-02
0.69218	7.52604e-02
0.70685	6.71568e-02
0.69037	6.59931e-02
0.67911	6.06658e-02
0.67985	5.30339e-02
0.64859	7.05751e-02
0.65615	7.78861e-02
0.67159	5.79632e-02
0.63912	7.69457e-02
0.64687	7.04835e-02
0.62754	6.89717e-02
0.62271	7.10097e-02
0.62659	6.66691e-02
0.59903	5.94094e-02
0.61637	6.83446e-02
0.58261	8.07167e-02
0.60735	4.28130e-02
0.58755	6.00493e-02
0.59503	5.69624e-02
0.55789	5.37281e-02
0.56863	8.90726e-02
0.53050	7.87863e-02
0.57036	7.34029e-02
0.53531	8.78872e-02
0.55814	5.46876e-02
0.54925	7.19211e-02
0.54185	4.85561e-02
0.51114	8.00775e-02
0.50098	9.15745e-02
0.50781	5.00561e-02
0.48756	9.13348e-02
0.49828	6.97624e-02
0.46488	8.32314e-02
0.47739	9.52740e-02
0.46535	7.00271e-02
0.46692	5.20965e-02
0.45956	9.29854e-02
0.44411	9.29290e-02
0.47030	6.68426e-02
0.43492	7.27438e-02
0.44270	7.63651e-02
0.41802	7.47986e-02
0.42457	5.61709e-02
0.42190	6.51954e-02
0.40357	8.51983e-02
0.37359	7.86011e-02
0.37839	6.81055e-02
0.39445	8.39207e-02
0.36629	5.05749e-02
0.38075	5.92530e-02
0.35342	9.90739e-02
0.35364	5.08712e-02
0.36666	5.58864e-02
0.35783	5.43578e-02
0.30979	9.46675e-02
0.30185	6.46177e-02
0.29081	9.43660e-02
0.29179	1.07268e-01
0.28137	6.07150e-02
0.28336	6.15107e-02
0.28869	5.00942e-02
0.29683	5.89966e-02
0.31496	7.34384e-02
0.30994	6.04181e-02
0.29683	7.08715e-02
0.31547	9.61381e-02
0.32451	9.82496e-02
0.32272	8.15974e-02
0.34289	1.03060e-01
0.37181	9.40577e-02
0.36232	8.53096e-02
0.36929	8.40657e-02
0.36652	8.58456e-02
0.38764	1.00886e-01
0.38203	9.09314e-02
0.39476	9.42193e-02
0.39011	9.19958e-02
0.38165	8.79776e-02
0.38312	8.84400e-02
0.41269	5.47972e-02
0.41106	5.77833e-02
0.41696	4.39821e-02
0.41696	4.39821e-02
0.42354	4.95052e-02
0.42280	6.49405e-02
0.43150	5.99412e-02
0.43414	6.32866e-02
0.44815	3.53146e-02
0.45762	6.33109e-02
0.45467	6.46100e-02
0.45467	6.46100e-02
0.44536	7.55165e-02
0.43230	6.42168e-02
0.45023	6.09307e-02
0.44764	4.84815e-02
0.44562	4.91954e-02
0.43746	5.94332e-02
0.46206	6.64423e-02
0.46257	6.57547e-02
0.47412	5.16543e-02
0.46993	4.82334e-02
0.46993	4.82334e-02
0.45545	5.95695e-02
0.46963	6.30344e-02
0.48067	7.89451e-02
0.48281	5.59073e-02
0.48820	5.91143e-02
0.48262	5.60456e-02
0.48840	5.15962e-02
0.50223	4.50991e-02
0.50481	5.56935e-02
0.49731	5.42851e-02
0.49099	5.72822e-02
0.48764	5.65876e-02
0.48873	5.94086e-02
0.50616	4.65847e-02
0.50246	5.05364e-02
0.54246	6.15328e-02
0.55098	5.88315e-02
0.55098	5.88315e-02
0.54691	5.45934e-02
0.54879	6.95997e-02
0.56192	7.61284e-02
0.55794	7.71469e-02
0.53768	9.36306e-02
0.54375	9.98564e-02
0.53510	9.43091e-02
0.54426	9.62814e-02
0.55789	9.43676e-02
0.57023	1.00853e-01
0.56484	9.84698e-02
0.58049	1.07470e-01
0.58050	1.07476e-01
0.58642	1.03200e-01
0.58059	9.67804e-02
0.59159	5.12080e-02
0.58927	5.50700e-02
0.59769	6.38317e-02
0.61521	8.22412e-02
0.61786	8.52868e-02
0.61571	9.08709e-02
0.61571	9.08709e-02
0.61454	8.53357e-02
0.61749	8.59916e-02
0.60960	7.77416e-02
0.61082	7.76779e-02
0.61050	6.44260e-02
0.62558	5.44964e-02
0.64125	5.82236e-02
0.63452	5.48933e-02
0.65091	5.58964e-02
0.65918	6.36876e-02
0.66212	6.64678e-02
0.66281	6.68861e-02
0.65794	7.53202e-02
0.63651	7.53137e-02
0.63665	7.66447e-02
0.65696	7.67859e-02
0.66518	7.26887e-02
0.66803	5.12200e-02
0.66299	5.85458e-02
0.65021	6.00253e-02
0.66833	6.64699e-02
0.67363	6.76988e-02
0.67167	6.82285e-02
0.69102	5.95741e-02
0.67883	6.17767e-02
0.68699	6.36567e-02
0.69915	6.60829e-02
0.69949	6.05876e-02
0.69567	5.98023e-02
0.70203	5.48692e-02
0.70244	5.53316e-02
0.70244	5.53316e-02
0.71602	4.66832e-02
0.72088	5.47861e-02
0.72120	6.38451e-02
0.71238	5.19265e-02
0.72326	4.71152e-02
0.72290	6.01088e-02
0.72638	6.33812e-02
0.72372	6.29661e-02
0.72558	6.38837e-02
0.73301	6.15522e-02
0.73397	5.76345e-02
0.74230	3.05668e-02
0.75116	4.47254e-02
0.73595	6.28066e-02
0.72929	5.52775e-02
0.74163	4.00719e-02
0.74163	4.00719e-02
0.74748	3.87501e-02
0.75261	4.24741e-02
0.75549	4.62302e-02
0.75437	4.91184e-02
0.75903	5.42862e-02
0.77599	4.16435e-02
0.77318	4.25930e-02
0.77586	4.66550e-02
0.77187	5.08226e-02
0.77769	4.97432e-02
0.77718	4.83112e-02
0.77729	4.84231e-02
0.77496	3.36316e-02
0.77496	3.36316e-02
0.77728	2.95245e-02
0.78658	3.62033e-02
0.78786	3.43153e-02
0.79577	3.22937e-02
0.79863	3.15565e-02
0.79501	3.74019e-02
0.79895	3.61010e-02
0.79207	2.65692e-02
0.79248	2.68657e-02
0.79167	2.78770e-02
0.79494	3.08831e-02
0.80715	3.11628e-02
0.80344	2.53769e-02
0.80122	3.03144e-02
0.80546	3.79580e-02
0.80261	3.39586e-02
0.80504	3.72694e-02
0.79707	3.98587e-02
0.79111	4.64519e-02
0.80572	3.81146e-02
0.81084	3.54235e-02
0.81287	3.06017e-02
0.81323	2.70107e-02
0.81590	2.89336e-02
0.81448	3.49331e-02
0.81744	3.12693e-02
0.81530	2.69653e-02
0.81931	2.67101e-02
0.81640	3.46738e-02
0.81808	3.39736e-02
0.81808	3.39736e-02
0.81735	3.43995e-02
0.82738	2.87263e-02
0.82262	2.89902e-02
0.82262	2.89902e-02
0.83007	3.96019e-02
0.83608	4.89429e-02
0.83007	5.04017e-02
0.83722	4.97019e-02
0.83576	4.92395e-02
0.84467	3.97325e-02
0.84307	3.39801e-02
0.84297	4.92560e-02
0.84039	3.43618e-02
0.84311	3.72850e-02
0.83981	3.39082e-02
0.84400	2.81063e-02
0.84473	2.86289e-02
0.85023	3.02147e-02
0.85167	3.19138e-02
0.84803	3.46867e-02
0.84611	3.64572e-02
0.85200	3.54974e-02
0.85553	4.03199e-02
0.85769	3.89754e-02
0.86202	3.20137e-02
0.85844	3.31095e-02
0.85844	3.31095e-02
0.86025	3.03926e-02
0.85816	2.78067e-02
0.85637	2.94015e-02
0.85843	3.31354e-02
0.86797	3.93117e-02
0.86563	4.56377e-02
0.86333	4.26228e-02
0.86281	4.35411e-02
0.86679	3.91640e-02
0.86486	3.70834e-02
0.87038	4.17022e-02
0.88877	4.49015e-02
0.88103	4.68268e-02
0.87090	4.32853e-02
0.87451	4.42502e-02
0.88778	2.98303e-02
0.88556	4.02155e-02
0.87875	4.76506e-02
0.88848	4.20333e-02
0.89177	4.60105e-02
0.88842	4.75094e-02
0.88926	4.94953e-02
0.88591	5.10616e-02
0.88591	5.10616e-02
0.88528	5.11308e-02
0.88756	5.35710e-02
0.90066	4.51889e-02
0.89877	4.25070e-02
0.90013	4.38892e-02
0.90013	4.38892e-02
0.89937	4.22874e-02
0.89979	4.18152e-02
0.89802	4.02601e-02
0.90499	3.70296e-02
0.90274	3.66638e-02
0.90647	3.16128e-02
0.90700	3.89828e-02
0.89872	3.59819e-02
0.89872	3.59819e-02
0.89208	4.39981e-02
0.89443	4.25340e-02
0.90165	4.19140e-02
0.91113	4.60339e-02
0.91186	4.59534e-02
0.91186	4.59534e-02
0.91334	4.50978e-02
0.91334	4.50978e-02
0.91766	4.54227e-02
0.92917	3.46354e-02
0.92622	3.96335e-02
0.92630	3.97218e-02
0.92239	3.71293e-02
0.93281	2.59988e-02
0.92701	2.24341e-02
0.93310	2.33031e-02
0.93186	2.30247e-02
0.93217	2.32000e-02
0.93220	2.31428e-02
0.92298	3.84856e-02
0.92582	4.00833e-02
0.92034	3.82602e-02
0.91634	4.07000e-02
0.92078	1.94413e-02
0.93177	1.97281e-02
0.92423	2.47709e-02
0.92423	2.47709e-02
0.92319	2.38494e-02
0.92119	2.29766e-02
0.92584	1.87427e-02
0.92584	1.87427e-02
0.92563	2.57754e-02
0.92563	2.57754e-02
0.93488	2.81285e-02
0.93488	2.81285e-02
0.94295	1.80126e-02
0.93699	2.46207e-02
0.93410	2.46689e-02
0.93978	2.68225e-02
0.93966	2.70100e-02
0.93988	2.69878e-02
0.94173	2.63649e-02
0.93396	2.15204e-02
0.93186	2.14364e-02
0.93981	2.62151e-02
0.93992	1.32535e-02
0.93726	1.62621e-02
0.93726	1.62621e-02
0.94253	1.49735e-02
0.94337	1.59719e-02
0.95018	8.23760e-03
0.94659	9.71129e-03
0.94056	6.31985e-03
0.94469	8.26102e-03
0.94242	5.98124e-03
0.95426	1.08343e-02
0.95426	1.08343e-02
0.95857	1.01289e-02
0.96985	6.31470e-03
0.97001	6.44241e-03
0.96869	6.56983e-03
0.96869	6.56983e-03
0.97318	5.59721e-03
0.97336	7.85866e-03
0.96550	0.00000e+00
0.96550	0.00000e+00
0.96550	0.00000e+00
0.96550	0.00000e+00
0.96550	0.00000e+00
0.96921	0.00000e+00
