0.99219	1.43320e-03
0.98399	8.57292e-03
0.97482	1.16109e-02
0.96151	1.19844e-02
0.95713	2.29464e-02
0.94865	2.87756e-02
0.93544	3.91151e-02
0.92637	4.23658e-02
0.92209	4.74304e-02
0.91783	4.26088e-02
0.91730	4.91989e-02
0.90869	5.37191e-02
0.90745	6.17117e-02
0.88917	6.45475e-02
0.88564	7.33610e-02
0.87568	6.94633e-02
0.88954	4.20893e-02
0.88010	3.67957e-02
0.86102	5.16584e-02
0.84143	7.11693e-02
0.83547	6.11204e-02
0.84871	6.48891e-02
0.83068	5.73696e-02
0.83504	3.83942e-02
0.81530	6.24932e-02
0.82636	6.97098e-02
0.81544	6.02175e-02
0.80210	3.81667e-02
0.77223	5.77750e-02
0.78324	5.15722e-02
0.77660	7.42875e-02
0.76673	7.96293e-02
0.77775	4.51291e-02
0.76175	5.91698e-02
0.73363	7.45566e-02
0.73805	7.67881e-02
0.74182	8.72637e-02
0.74700	2.95715e-02
0.75057	3.21929e-02
0.72265	3.32153e-02
0.71449	4.18609e-02
0.71659	5.31888e-02
0.73111	4.25572e-02
0.70722	4.79200e-02
0.70338	4.37754e-02
0.70459	4.09091e-02
0.70354	4.25083e-02
0.69126	3.95862e-02
0.66413	5.18743e-02
0.66001	4.08974e-02
0.63821	4.76821e-02
0.63375	5.58961e-02
0.64232	5.37937e-02
0.62510	5.10497e-02
0.63812	5.52889e-02
0.62488	6.23668e-02
0.61846	4.63467e-02
0.64242	5.39298e-02
0.60940	4.95174e-02
0.59224	7.72641e-02
0.56820	5.49073e-02
0.62522	6.40458e-02
0.59658	7.50768e-02
0.58307	7.53492e-02
0.60454	6.38368e-02
0.57200	7.13038e-02
0.60601	6.18774e-02
0.55110	8.35790e-02
0.55206	6.40256e-02
0.59235	7.52780e-02
0.56731	5.27624e-02
0.55204	5.66117e-02
0.57758	6.51879e-02
0.55088	5.89946e-02
0.56052	6.54566e-02
0.53927	6.58889e-02
0.55090	7.99113e-02
0.55192	6.79845e-02
0.53748	6.96057e-02
0.54239	4.36982e-02
0.53223	6.21647e-02
0.52799	6.89094e-02
0.51409	5.68604e-02
0.50496	1.02305e-01
0.49961	4.60557e-02
0.51768	7.70687e-02
0.47394	7.02322e-02
0.47102	5.96198e-02
0.52109	9.03350e-02
0.47929	7.46269e-02
0.45691	1.31863e-01
0.44935	9.65957e-02
0.45888	9.37898e-02
0.43953	1.24437e-01
0.44895	7.88117e-02
0.42962	6.06918e-02
0.44999	7.95237e-02
0.39485	1.07278e-01
0.39581	9.20757e-02
0.44135	4.43384e-02
0.44696	3.83067e-02
0.46475	6.43228e-02
0.45397	5.97835e-02
0.47547	6.75464e-02
0.48114	6.13777e-02
0.50354	7.53229e-02
0.50574	7.78685e-02
0.49027	9.24281e-02
0.49902	7.76157e-02
0.49902	7.76157e-02
0.47784	5.39514e-02
0.49732	7.16316e-02
0.50563	6.74598e-02
0.51357	5.65632e-02
0.51838	5.94081e-02
0.51838	5.94081e-02
0.51200	5.29102e-02
0.50148	6.40170e-02
0.50268	7.71228e-02
0.50268	7.71228e-02
0.51638	7.29563e-02
0.52190	7.51366e-02
0.51497	7.33639e-02
0.52790	6.63782e-02
0.55241	9.00332e-02
0.57534	8.58479e-02
0.57534	8.58479e-02
0.57105	8.77482e-02
0.58547	8.08544e-02
0.59403	7.30573e-02
0.60227	7.27862e-02
0.58762	8.21790e-02
0.57307	9.81153e-02
0.59337	8.14466e-02
0.59337	8.14466e-02
0.59904	7.73397e-02
0.60382	7.52170e-02
0.61140	6.36530e-02
0.61100	6.41113e-02
0.60885	6.11554e-02
0.61703	6.03039e-02
0.61547	6.45893e-02
0.61553	6.46167e-02
0.61599	5.89632e-02
0.63143	4.98596e-02
0.62441	5.83935e-02
0.63883	5.31760e-02
0.63886	5.32414e-02
0.63524	5.49751e-02
0.63829	5.68067e-02
0.64059	5.74895e-02
0.63741	5.62810e-02
0.63240	5.65197e-02
0.63681	5.87167e-02
0.62846	5.76610e-02
0.62846	5.76610e-02
0.64053	5.57818e-02
0.65597	6.27406e-02
0.65568	7.19905e-02
0.65608	7.19605e-02
0.65503	6.34123e-02
0.66178	6.89013e-02
0.66535	6.31927e-02
0.66708	6.58441e-02
0.67002	8.34697e-02
0.67239	6.88320e-02
0.67189	6.64387e-02
0.67435	6.66064e-02
0.67513	5.68846e-02
0.67731	6.09715e-02
0.68656	5.71719e-02
0.68558	5.91990e-02
0.69416	6.14235e-02
0.69416	6.14235e-02
0.69926	7.17424e-02
0.69849	6.36467e-02
0.70484	5.53993e-02
0.70362	5.55934e-02
0.70380	6.50656e-02
0.70025	6.06011e-02
0.70078	6.13839e-02
0.70565	6.61929e-02
0.70628	6.78257e-02
0.71997	6.33169e-02
0.72276	6.73117e-02
0.72276	6.73117e-02
0.73891	6.18773e-02
0.73616	5.67170e-02
0.73406	5.61922e-02
0.73129	6.06006e-02
0.72956	5.19632e-02
0.73310	5.85131e-02
0.73360	5.84354e-02
0.74961	5.94351e-02
0.74961	5.94351e-02
0.76276	6.73257e-02
0.75814	6.22046e-02
0.76770	5.31095e-02
0.76457	3.57581e-02
0.76741	5.87321e-02
0.76359	5.72408e-02
0.76115	7.19088e-02
0.76304	7.14329e-02
0.76164	7.02960e-02
0.76496	6.82779e-02
0.76552	6.90814e-02
0.77049	7.29315e-02
0.79839	4.49614e-02
0.79978	4.60569e-02
0.79555	4.63937e-02
0.79555	4.63937e-02
0.79359	4.51098e-02
0.79188	4.12366e-02
0.79821	2.64722e-02
0.80266	2.68989e-02
0.80342	2.68237e-02
0.79738	2.85492e-02
0.81335	3.91062e-02
0.81696	3.96996e-02
0.81871	4.10115e-02
0.81440	3.94247e-02
0.81187	4.51953e-02
0.81187	4.51953e-02
0.82498	2.88188e-02
0.82135	2.55466e-02
0.82135	2.47456e-02
0.82609	2.67537e-02
0.83757	3.86163e-02
0.84184	3.53044e-02
0.83699	2.54847e-02
0.83592	2.33326e-02
0.83592	2.33326e-02
0.83072	2.82191e-02
0.83068	3.22245e-02
0.82923	2.64729e-02
0.82923	2.64729e-02
0.82458	3.87526e-02
0.82884	2.99699e-02
0.83629	2.43891e-02
0.84235	2.05092e-02
0.85545	2.47558e-02
0.85454	2.45811e-02
0.85153	2.60887e-02
0.85523	2.58849e-02
0.85579	2.75055e-02
0.86046	2.90692e-02
0.85585	4.11465e-02
0.85935	3.53992e-02
0.84955	3.51390e-02
0.84985	3.79739e-02
0.85618	3.95162e-02
0.85262	3.76496e-02
0.85720	3.72579e-02
0.85789	3.59689e-02
0.85874	3.86633e-02
0.86225	3.93077e-02
0.86145	3.94799e-02
0.85236	3.59621e-02
0.85446	3.23265e-02
0.86991	2.50658e-02
0.87171	2.40918e-02
0.87771	2.37773e-02
0.87139	2.32275e-02
0.87336	2.68634e-02
0.88188	1.42815e-02
0.88295	1.85601e-02
0.88261	1.85428e-02
0.87812	2.73991e-02
0.87908	3.10187e-02
0.87845	3.62593e-02
0.88056	3.34055e-02
0.88518	3.40107e-02
0.89132	2.27420e-02
0.88723	2.48402e-02
0.88576	2.74163e-02
0.89043	3.69726e-02
0.88973	3.21070e-02
0.89052	3.21779e-02
0.88897	3.27058e-02
0.90109	2.59507e-02
0.90109	2.59507e-02
0.89953	2.69082e-02
0.89716	3.15479e-02
0.89242	3.05846e-02
0.89094	3.03709e-02
0.90416	2.13578e-02
0.90440	2.14485e-02
0.89597	1.97652e-02
0.89974	1.81315e-02
0.90785	1.67901e-02
0.90074	1.82650e-02
0.90042	1.51378e-02
0.89948	1.63751e-02
0.89828	1.71483e-02
0.89757	1.83494e-02
0.89975	1.75220e-02
0.89808	2.15481e-02
0.89868	3.32073e-02
0.89294	3.26097e-02
0.89539	3.14878e-02
0.90091	3.22441e-02
0.90039	3.17621e-02
0.90271	3.20729e-02
0.90216	2.92557e-02
0.91321	3.12396e-02
0.91481	2.39762e-02
0.91935	2.82107e-02
0.92825	2.32915e-02
0.92825	2.32915e-02
0.92217	2.72682e-02
0.91966	2.41858e-02
0.91938	2.10085e-02
0.91938	2.10085e-02
0.92340	2.74435e-02
0.92515	2.89687e-02
0.92391	2.65773e-02
0.92386	2.56071e-02
0.92196	2.78559e-02
0.92527	2.82353e-02
0.92265	3.64160e-02
0.92472	3.52858e-02
0.92928	3.32606e-02
0.93062	3.31559e-02
0.92489	2.31084e-02
0.92456	2.27841e-02
0.92780	1.91924e-02
0.92780	1.91924e-02
0.93007	2.11998e-02
0.93339	1.83503e-02
0.93550	1.84037e-02
0.93939	2.11491e-02
0.93644	2.01546e-02
0.93379	2.05384e-02
0.93483	2.26855e-02
0.93499	2.62877e-02
0.93502	3.04870e-02
0.93788	3.05462e-02
0.93533	3.13456e-02
0.93757	3.44763e-02
0.94424	3.03194e-02
0.94657	2.99298e-02
0.93972	2.66680e-02
0.94763	2.92518e-02
0.94756	2.86072e-02
0.93344	2.76052e-02
0.93347	2.76068e-02
0.93803	2.55300e-02
0.93988	2.34605e-02
0.94372	1.98006e-02
0.93537	1.64943e-02
0.94007	1.62338e-02
0.94162	1.83247e-02
0.92785	1.94690e-02
0.93891	2.81722e-02
0.93693	2.50956e-02
0.94565	2.63242e-02
0.94565	2.63242e-02
0.94307	2.03213e-02
0.94998	1.67914e-02
0.94894	1.68416e-02
0.94894	1.68416e-02
0.95152	1.40199e-02
0.95490	1.51923e-02
0.95281	2.14562e-02
0.95233	2.14828e-02
0.95226	2.19900e-02
0.94784	1.99723e-02
0.94848	2.59816e-02
0.94848	2.59816e-02
0.94966	2.74980e-02
0.94975	2.76364e-02
0.95012	2.81912e-02
0.94648	2.89773e-02
0.94648	2.89773e-02
0.94583	2.88236e-02
0.94583	2.88236e-02
0.94264	2.89161e-02
0.95204	3.19281e-02
0.95953	2.12205e-02
0.95953	2.12205e-02
0.96407	2.37556e-02
0.96407	2.37556e-02
0.96407	2.37556e-02
0.96407	2.37556e-02
0.96529	2.07576e-02
0.96529	2.07576e-02
0.95645	2.52832e-02
0.94719	1.92468e-02
0.95391	8.57692e-03
0.96717	1.51777e-02
0.97433	1.34995e-02
0.97433	1.34995e-02
0.97433	1.34995e-02
0.96943	1.10251e-02
0.96943	1.10251e-02
0.97061	1.18347e-02
0.97566	1.38878e-02
0.96801	1.83856e-02
0.96262	1.66558e-02
0.96262	1.66558e-02
0.96637	1.73099e-02
0.96540	1.69045e-02
0.97454	1.03457e-02
0.96964	6.53120e-03
0.96381	6.45831e-03
0.96381	6.45831e-03
0.96381	6.45831e-03
0.96381	6.45831e-03
0.96381	6.45831e-03
0.97776	1.27840e-02
0.98106	9.71557e-03
0.98106	9.71557e-03
0.98106	9.71133e-03
0.98144	1.01280e-02
0.97632	1.05988e-02
0.98376	4.58860e-03
0.96403	1.36778e-02
0.96403	1.36778e-02
0.96403	1.36778e-02
0.98302	5.31379e-03
0.96464	5.66265e-03
0.97473	1.57531e-02
0.97473	1.57531e-02
0.99124	7.62076e-04
0.99124	7.62076e-04
0.99121	7.33217e-04
0.99121	7.33217e-04
0.99121	7.33217e-04
0.99121	7.33217e-04
0.99139	9.05616e-04
0.99048	0.00000e+00
0.99048	0.00000e+00
0.99048	0.00000e+00
0.99121	0.00000e+00
