0.45276	1.21194e-01
0.35609	1.11762e-01
0.35242	1.23344e-01
0.31949	1.14854e-01
0.23912	1.27237e-01
0.25714	9.12764e-02
0.23029	8.32300e-02
0.21757	9.06663e-02
0.16869	9.52912e-02
0.24351	1.08919e-01
0.25337	9.53833e-02
0.22465	7.28384e-02
0.20861	9.73953e-02
0.20141	1.06797e-01
0.22027	1.13757e-01
0.20451	1.20221e-01
0.22731	8.32085e-02
0.22171	1.22141e-01
0.23068	1.27327e-01
0.25032	7.60901e-02
0.20951	1.09877e-01
0.26261	8.79369e-02
0.21172	1.30566e-01
0.25923	9.97864e-02
0.23080	1.05179e-01
0.25428	1.32176e-01
0.23480	1.28617e-01
0.20071	9.76539e-02
0.26910	8.60220e-02
0.25501	1.32672e-01
0.27753	7.90861e-02
0.25183	9.29118e-02
0.22698	9.78760e-02
0.23223	9.28546e-02
0.24883	1.11578e-01
0.23594	1.00479e-01
0.28564	8.60807e-02
0.25578	7.60892e-02
0.28492	1.31184e-01
0.26008	1.00628e-01
0.25758	7.07477e-02
0.26057	6.17068e-02
0.27063	8.92655e-02
0.22774	1.08401e-01
0.22337	9.70845e-02
0.24236	8.78361e-02
0.22108	1.12226e-01
0.25319	1.40466e-01
0.24672	8.70324e-02
0.27090	1.18401e-01
0.28505	9.62352e-02
0.26209	1.03418e-01
0.24214	8.60355e-02
0.28720	9.66062e-02
0.25629	9.15246e-02
0.23575	9.89850e-02
0.23291	6.63369e-02
0.24059	1.18078e-01
0.24059	8.44885e-02
0.28544	9.52919e-02
0.25754	8.84556e-02
0.21239	6.74286e-02
0.23400	7.37968e-02
0.22852	8.68636e-02
0.27883	1.05845e-01
0.21202	8.92404e-02
0.25138	9.70360e-02
0.23618	7.89347e-02
0.21907	9.01805e-02
0.24127	9.57656e-02
0.23719	6.67439e-02
0.27484	8.58372e-02
0.22464	7.26163e-02
0.22299	8.08028e-02
0.26313	8.00145e-02
0.21722	9.81943e-02
0.17667	8.21615e-02
0.27546	6.41424e-02
0.17597	9.91644e-02
0.20318	8.99786e-02
0.17959	5.30298e-02
0.22829	8.59225e-02
0.20027	9.71288e-02
0.19951	9.36464e-02
0.16966	7.03907e-02
0.21017	8.41140e-02
0.16496	5.00375e-02
0.22315	9.89931e-02
0.17471	6.72816e-02
0.20258	8.65595e-02
0.19218	9.87165e-02
0.20305	6.06462e-02
0.13607	8.74059e-02
0.17959	8.53551e-02
0.14084	5.78671e-02
0.18532	7.24653e-02
0.22305	9.44095e-02
0.15895	9.00338e-02
0.16003	5.97952e-02
0.14865	7.42302e-02
0.16795	7.24458e-02
0.15998	7.41459e-02
0.19182	8.28825e-02
0.19470	7.41350e-02
0.19753	7.26251e-02
0.19418	7.45135e-02
0.19184	7.50654e-02
0.17552	8.03179e-02
0.16263	7.91994e-02
0.14894	5.54850e-02
0.19514	7.62779e-02
0.17504	8.94673e-02
0.16030	1.01588e-01
0.16238	9.81501e-02
0.15490	9.00319e-02
0.16801	9.49671e-02
0.16011	7.86276e-02
0.14138	7.89005e-02
0.14716	7.99774e-02
0.13783	7.49904e-02
0.15896	7.03835e-02
0.15117	6.59991e-02
0.19119	7.24043e-02
0.18844	8.91571e-02
0.15326	8.13732e-02
0.15488	7.69697e-02
0.15169	7.16479e-02
0.16682	7.19033e-02
0.17742	4.68807e-02
0.18900	4.74233e-02
0.18299	5.06286e-02
0.19438	6.29900e-02
0.19537	6.17410e-02
0.20224	7.41159e-02
0.20224	7.41159e-02
0.17672	7.54460e-02
0.18778	8.23120e-02
0.19755	8.66022e-02
0.19755	8.66022e-02
0.18776	8.83317e-02
0.20595	8.41310e-02
0.21275	7.54216e-02
0.19198	8.32762e-02
0.18672	8.26406e-02
0.15822	8.21716e-02
0.17019	8.64466e-02
0.17165	7.43691e-02
0.19183	7.28546e-02
0.18319	6.86563e-02
0.19809	9.81759e-02
0.17303	8.31953e-02
0.17938	8.09553e-02
0.13393	6.39846e-02
0.16232	6.29499e-02
0.15560	7.22386e-02
0.15764	7.30151e-02
0.17698	8.53681e-02
0.16460	8.68847e-02
0.16381	8.75393e-02
0.17119	9.48509e-02
0.17534	9.19821e-02
0.18512	9.12859e-02
0.18512	9.12859e-02
0.19790	7.72451e-02
0.20486	6.95488e-02
0.20486	6.95488e-02
0.19518	5.57059e-02
0.19922	5.98795e-02
0.17952	4.87694e-02
0.18927	4.77831e-02
0.18447	5.43328e-02
0.17590	4.75539e-02
0.21018	5.49308e-02
0.21427	5.42747e-02
0.18934	6.06050e-02
0.18726	9.18769e-02
0.20496	9.28088e-02
0.22423	7.82925e-02
0.20564	8.11518e-02
0.18341	6.11830e-02
0.18635	5.90043e-02
0.21616	5.50232e-02
0.20781	6.51357e-02
0.20244	6.59225e-02
0.20859	6.69633e-02
0.21700	6.91011e-02
0.21362	7.74204e-02
0.21902	6.70493e-02
0.20730	6.28075e-02
0.21193	6.78549e-02
0.21088	6.90883e-02
0.24931	7.60375e-02
0.20212	8.87697e-02
0.21872	9.42847e-02
0.20132	9.37452e-02
0.18420	8.82296e-02
0.20458	8.81538e-02
0.22237	8.95884e-02
0.24794	9.30380e-02
0.21965	1.05246e-01
0.24225	9.13564e-02
0.22676	9.63351e-02
0.20720	1.13727e-01
0.20571	1.16303e-01
0.22402	9.48783e-02
0.24977	1.03522e-01
0.20335	1.29435e-01
0.23869	1.16629e-01
0.28462	7.20856e-02
0.26552	8.25749e-02
0.24878	7.23245e-02
0.26391	6.31597e-02
0.25080	7.38921e-02
0.24651	6.02154e-02
0.21581	5.86844e-02
0.24241	5.01559e-02
0.26437	6.65301e-02
0.28097	8.94694e-02
0.25293	8.18819e-02
0.22912	9.82326e-02
0.23927	9.88104e-02
0.24193	1.02639e-01
0.23102	9.64516e-02
0.24688	1.12219e-01
0.21939	1.02163e-01
0.23216	1.02343e-01
0.22475	1.04167e-01
0.23694	1.18104e-01
0.23694	1.18104e-01
0.22814	1.19408e-01
0.21828	1.12423e-01
0.20985	1.06441e-01
0.20985	1.06441e-01
0.24633	1.20619e-01
0.23728	1.21209e-01
0.27913	8.73469e-02
0.26969	7.52609e-02
0.28784	8.53441e-02
0.28342	8.44273e-02
0.27211	9.69070e-02
0.27984	1.02557e-01
0.28821	1.21477e-01
0.23888	9.16575e-02
0.24733	8.24169e-02
0.24500	8.12926e-02
0.23433	1.01097e-01
0.25786	1.07770e-01
0.27798	9.87448e-02
0.26071	1.15581e-01
0.22166	9.42851e-02
0.24071	9.00160e-02
0.25084	8.98751e-02
0.22850	6.81765e-02
0.23755	7.69614e-02
0.24499	8.73217e-02
0.27637	5.74477e-02
0.27198	4.94968e-02
0.27198	4.94968e-02
0.27065	5.34585e-02
0.28995	7.25988e-02
0.24590	7.19266e-02
0.24674	6.97151e-02
0.23140	8.99477e-02
0.23342	9.06516e-02
0.23342	9.06516e-02
0.25540	1.05881e-01
0.28097	1.01201e-01
0.26400	9.62427e-02
0.27618	1.04497e-01
0.24364	1.07027e-01
0.29096	1.07301e-01
0.31677	1.21254e-01
0.29951	1.25385e-01
0.29671	1.02822e-01
0.29645	1.04001e-01
0.27280	1.12778e-01
0.27687	1.10447e-01
0.27008	1.32898e-01
0.30345	1.35338e-01
0.27164	1.07762e-01
0.28818	1.37368e-01
0.30255	1.42459e-01
0.31237	1.10802e-01
0.27118	1.31873e-01
0.25223	1.25389e-01
0.25261	1.23551e-01
0.25222	1.24080e-01
0.25222	1.24080e-01
0.26741	1.43431e-01
0.30599	1.27532e-01
0.31689	1.20815e-01
0.28357	1.07744e-01
0.28440	1.02983e-01
0.28786	8.20728e-02
0.28749	8.12757e-02
0.29539	9.60802e-02
0.29367	1.01184e-01
0.30121	1.07668e-01
0.31987	1.04790e-01
0.30746	1.03388e-01
0.32079	1.06087e-01
0.32079	1.06087e-01
0.32361	1.06549e-01
0.30684	1.35784e-01
0.33906	1.14134e-01
0.35072	1.08269e-01
0.31859	1.33914e-01
0.32599	1.25191e-01
0.31637	1.21514e-01
0.33682	1.34397e-01
0.31438	1.28700e-01
0.31925	1.19456e-01
0.27042	8.83140e-02
0.28160	9.78301e-02
0.27957	9.97431e-02
0.28858	9.73910e-02
0.30665	1.26208e-01
0.34276	1.42144e-01
0.31975	1.33813e-01
0.31322	1.25040e-01
0.33647	1.22372e-01
0.32793	1.39253e-01
0.31906	1.22656e-01
0.33336	1.06622e-01
0.33336	1.06622e-01
0.33336	1.06622e-01
0.36571	9.76230e-02
0.34493	1.17495e-01
0.35679	1.06362e-01
0.38989	9.91102e-02
0.36054	1.25525e-01
0.37025	1.18696e-01
0.37962	7.06854e-02
0.40798	5.42931e-02
0.40609	5.52268e-02
0.38777	6.82778e-02
0.39874	5.45079e-02
0.39874	5.45079e-02
0.37345	1.26275e-01
0.37440	1.26500e-01
0.36949	1.24333e-01
0.34739	1.10648e-01
0.35755	1.14306e-01
0.35784	1.15259e-01
0.34859	1.34811e-01
0.36091	1.23958e-01
0.40190	1.48032e-01
0.35205	1.75697e-01
0.40994	8.86877e-02
0.39497	9.78916e-02
0.36829	1.11907e-01
0.36776	1.11513e-01
0.33108	1.11265e-01
0.35845	1.37032e-01
0.39129	1.30157e-01
0.38528	1.50341e-01
0.38528	1.50341e-01
0.36029	1.88274e-01
0.42245	1.17794e-01
0.42318	9.94060e-02
0.38822	1.61637e-01
0.39334	1.59159e-01
0.37674	1.59688e-01
0.38459	5.92233e-02
0.38388	5.30517e-02
0.39018	4.99390e-02
0.41868	6.55006e-02
0.44569	7.61797e-02
0.40388	3.62176e-02
0.38653	5.25227e-02
0.40526	3.63040e-02
0.32870	8.88142e-02
0.30555	8.75143e-02
0.28172	1.06971e-01
0.32098	9.85501e-02
0.37545	6.51518e-02
0.41571	4.82488e-02
0.41571	4.82488e-02
0.37133	8.87287e-02
0.35684	7.94469e-02
0.33435	8.21075e-02
0.32506	8.59326e-02
0.35733	1.00492e-01
0.34884	9.58915e-02
0.37775	9.88465e-02
0.39103	1.05362e-01
0.41454	5.74165e-02
0.41138	6.38037e-02
0.41138	6.38037e-02
0.41138	6.38037e-02
0.41138	6.38037e-02
0.29402	1.00577e-01
0.20786	7.52625e-02
0.22306	7.32990e-02
0.22367	7.40263e-02
0.26890	3.39666e-02
0.28337	5.30188e-02
0.28337	5.30188e-02
0.27253	3.86135e-02
0.27253	3.86135e-02
0.32670	8.17691e-02
0.32670	8.17691e-02
0.36063	4.83245e-02
0.36063	4.83245e-02
0.36063	4.83245e-02
0.36063	4.83245e-02
0.36063	4.83245e-02
0.35055	5.74849e-02
0.35055	5.74849e-02
0.37969	4.60638e-02
0.35309	5.36051e-02
0.26419	7.22067e-02
0.23857	6.37059e-02
0.26427	9.72959e-02
0.36380	9.92286e-02
0.36380	9.92286e-02
0.36380	9.92286e-02
0.37151	1.78252e-01
0.37151	1.78252e-01
0.37151	1.78252e-01
0.37124	1.78635e-01
0.32487	1.54471e-01
0.26838	1.14177e-01
0.26838	1.14177e-01
0.26838	1.14177e-01
0.26838	1.14177e-01
0.42125	1.10890e-01
0.42125	1.10890e-01
0.34222	3.17490e-02
0.34222	3.17490e-02
0.32424	4.39173e-02
0.36575	6.32633e-02
0.33254	4.23328e-02
0.33254	4.23328e-02
0.33254	4.23328e-02
0.38463	4.25930e-02
0.37709	3.37490e-02
0.35370	2.21756e-02
0.35370	2.21756e-02
0.35370	2.21756e-02
0.35370	2.21756e-02
0.36179	1.67744e-02
0.37140	1.29525e-02
0.34769	1.07553e-02
0.24747	8.94618e-02
0.24747	8.94618e-02
0.24747	8.94618e-02
0.49838	2.43823e-02
0.52277	0.00000e+00
0.52277	0.00000e+00
0.52277	0.00000e+00
0.52277	0.00000e+00
0.52277	0.00000e+00
0.52277	0.00000e+00
0.52277	0.00000e+00
0.28568	0.00000e+00
