0.99469	6.40464e-04
0.98519	9.63290e-03
0.97562	1.25083e-02
0.96678	2.06920e-02
0.96061	2.12763e-02
0.95218	2.84404e-02
0.93679	3.97284e-02
0.92344	4.43302e-02
0.94195	3.88348e-02
0.91362	5.86755e-02
0.92540	3.74122e-02
0.92299	2.99361e-02
0.90240	3.41416e-02
0.88991	3.61960e-02
0.88188	5.49460e-02
0.85114	5.69904e-02
0.85831	4.56533e-02
0.85813	4.73881e-02
0.84425	5.80177e-02
0.82624	7.34385e-02
0.81755	7.86181e-02
0.81812	6.17650e-02
0.81635	5.27619e-02
0.83163	6.75435e-02
0.81477	4.83845e-02
0.83825	5.37037e-02
0.83997	4.78068e-02
0.80467	5.55964e-02
0.81250	5.51640e-02
0.80174	6.58797e-02
0.80448	7.03761e-02
0.80522	4.77668e-02
0.79205	5.92405e-02
0.77740	5.55977e-02
0.79458	6.16796e-02
0.77471	5.25043e-02
0.77491	7.49342e-02
0.77687	6.78498e-02
0.77728	5.77430e-02
0.79169	3.25588e-02
0.77308	4.24454e-02
0.76380	5.31040e-02
0.76966	3.67301e-02
0.74969	4.77164e-02
0.77485	4.40169e-02
0.77842	4.18743e-02
0.76088	5.35433e-02
0.78024	4.43232e-02
0.73302	4.06722e-02
0.76494	4.99419e-02
0.75628	5.04170e-02
0.73482	4.19765e-02
0.73741	4.17283e-02
0.73847	4.48558e-02
0.73461	4.40273e-02
0.74149	5.34349e-02
0.71651	2.76513e-02
0.71999	6.05724e-02
0.72441	4.78497e-02
0.70129	7.94912e-02
0.68976	6.34283e-02
0.68562	4.67318e-02
0.67248	4.87262e-02
0.68298	6.71318e-02
0.68166	4.31849e-02
0.67565	4.82608e-02
0.67883	5.43893e-02
0.67967	8.14523e-02
0.67346	3.08927e-02
0.64529	7.08618e-02
0.66614	5.24776e-02
0.66749	2.33068e-02
0.64737	5.58059e-02
0.64011	6.13182e-02
0.67012	5.36753e-02
0.66869	8.53161e-02
0.60685	7.39681e-02
0.61574	6.59192e-02
0.60055	5.31985e-02
0.61885	5.12156e-02
0.61300	5.88649e-02
0.61266	5.35802e-02
0.59670	6.50903e-02
0.58386	6.03100e-02
0.60418	8.62147e-02
0.58182	6.76608e-02
0.59012	7.14279e-02
0.57633	6.55009e-02
0.54542	6.10346e-02
0.56219	6.68530e-02
0.55712	6.93127e-02
0.60052	7.26257e-02
0.55134	7.54552e-02
0.56384	6.39457e-02
0.53869	9.53614e-02
0.57075	8.91625e-02
0.55982	7.44036e-02
0.54340	8.45063e-02
0.55340	7.31069e-02
0.56207	6.20198e-02
0.57304	6.71871e-02
0.56991	6.46585e-02
0.56962	6.65133e-02
0.56962	6.65133e-02
0.58417	6.94913e-02
0.57583	8.10714e-02
0.59559	5.94101e-02
0.59296	5.81303e-02
0.60068	5.94794e-02
0.60965	4.06486e-02
0.61633	4.89017e-02
0.61138	5.67310e-02
0.60925	7.42639e-02
0.62076	6.95553e-02
0.62621	7.37464e-02
0.61964	8.26177e-02
0.62824	7.55704e-02
0.63339	7.82395e-02
0.64915	6.07726e-02
0.64779	5.83737e-02
0.65202	5.29288e-02
0.65461	5.32530e-02
0.64908	5.45832e-02
0.64401	5.71467e-02
0.65970	6.89545e-02
0.65970	6.89545e-02
0.65970	6.89545e-02
0.65871	6.53167e-02
0.66654	7.91022e-02
0.67509	7.07827e-02
0.69273	8.47508e-02
0.70102	8.24608e-02
0.70066	8.26776e-02
0.69450	7.71660e-02
0.69310	7.88952e-02
0.67512	5.54196e-02
0.67512	5.54196e-02
0.68336	5.58897e-02
0.69019	5.72193e-02
0.69304	4.97809e-02
0.70087	5.15210e-02
0.70132	6.15644e-02
0.71008	6.09920e-02
0.70661	6.56622e-02
0.70478	6.28398e-02
0.70026	5.08583e-02
0.70510	4.68668e-02
0.71328	5.00110e-02
0.71997	6.02782e-02
0.72879	6.85620e-02
0.72004	7.29822e-02
0.72081	7.32416e-02
0.71382	6.95632e-02
0.74422	6.78628e-02
0.74422	6.78628e-02
0.74422	6.78628e-02
0.74823	7.39663e-02
0.74811	7.40793e-02
0.74642	7.54792e-02
0.73804	7.48264e-02
0.73016	6.80737e-02
0.73891	6.92082e-02
0.74528	4.65225e-02
0.75437	7.95499e-02
0.74905	7.37696e-02
0.74905	7.37696e-02
0.76864	6.08913e-02
0.76807	6.07200e-02
0.76717	5.92646e-02
0.75838	6.22227e-02
0.75583	5.83973e-02
0.75583	5.42807e-02
0.75858	5.90887e-02
0.76128	6.41403e-02
0.76745	6.02042e-02
0.77403	5.95546e-02
0.77398	5.71436e-02
0.77835	5.31380e-02
0.78356	5.52042e-02
0.79205	5.32978e-02
0.79914	4.95693e-02
0.80155	5.13836e-02
0.79351	5.32306e-02
0.78898	4.77278e-02
0.78871	4.86519e-02
0.79297	4.54743e-02
0.78610	5.14530e-02
0.79235	4.94558e-02
0.79650	5.40700e-02
0.79323	4.69496e-02
0.79569	4.73325e-02
0.79238	5.22826e-02
0.79357	5.29445e-02
0.80514	4.65084e-02
0.79957	4.82666e-02
0.79325	5.01317e-02
0.79582	4.67110e-02
0.79212	4.43427e-02
0.79968	4.60309e-02
0.81158	3.53005e-02
0.80664	3.73858e-02
0.80339	4.17096e-02
0.80557	4.13680e-02
0.80506	4.05779e-02
0.80914	4.99597e-02
0.79613	5.69936e-02
0.80982	5.67940e-02
0.81428	5.57093e-02
0.80911	5.31353e-02
0.81533	5.12683e-02
0.81547	5.11354e-02
0.81573	5.14505e-02
0.80766	4.90130e-02
0.81404	5.66281e-02
0.82305	5.73829e-02
0.83079	5.54612e-02
0.82584	5.62020e-02
0.82292	5.54389e-02
0.82284	4.98604e-02
0.82705	4.34620e-02
0.82551	4.54428e-02
0.82540	4.09353e-02
0.82459	4.17583e-02
0.82790	3.72772e-02
0.82441	3.94289e-02
0.82857	3.74564e-02
0.82857	3.74564e-02
0.82902	3.61679e-02
0.82782	3.46926e-02
0.82347	3.77211e-02
0.84664	2.49394e-02
0.85202	2.59686e-02
0.84075	3.03733e-02
0.84488	4.07278e-02
0.86183	3.74367e-02
0.85422	3.68111e-02
0.83885	3.96760e-02
0.84177	4.09756e-02
0.84532	3.32721e-02
0.84194	3.24618e-02
0.84194	3.24618e-02
0.84632	3.94560e-02
0.83994	4.10882e-02
0.83990	4.11497e-02
0.86014	4.19961e-02
0.87201	3.33166e-02
0.87201	3.33166e-02
0.87626	3.65318e-02
0.87591	2.80802e-02
0.87076	3.25324e-02
0.86730	3.66270e-02
0.87025	3.38953e-02
0.87025	3.38953e-02
0.85785	3.46270e-02
0.85680	3.40168e-02
0.86086	3.41616e-02
0.86461	3.54203e-02
0.86529	3.50831e-02
0.86212	3.64078e-02
0.86146	3.65509e-02
0.86357	3.99969e-02
0.85583	3.21535e-02
0.85894	3.34642e-02
0.85894	3.34642e-02
0.86140	2.97187e-02
0.86594	3.03169e-02
0.87052	2.85294e-02
0.87052	2.85294e-02
0.87597	2.80856e-02
0.87800	2.95008e-02
0.87089	4.20713e-02
0.87155	4.17336e-02
0.87237	2.92184e-02
0.87321	2.90402e-02
0.87079	2.43168e-02
0.86930	2.99259e-02
0.87376	2.34160e-02
0.87413	2.45728e-02
0.87127	3.14212e-02
0.87073	3.12226e-02
0.86934	3.04131e-02
0.87980	3.44493e-02
0.87980	3.44493e-02
0.87807	3.37332e-02
0.88090	3.90114e-02
0.87635	3.67179e-02
0.87788	3.59464e-02
0.87904	3.42557e-02
0.88099	3.29105e-02
0.88405	3.34084e-02
0.89304	3.70536e-02
0.90098	2.43521e-02
0.89682	2.18336e-02
0.89124	2.55645e-02
0.89087	2.63533e-02
0.89591	2.58324e-02
0.89268	2.37894e-02
0.89817	2.55778e-02
0.89614	2.43336e-02
0.90254	1.42162e-02
0.90436	1.42134e-02
0.90720	1.88017e-02
0.91249	1.84117e-02
0.90928	2.39858e-02
0.90658	2.41647e-02
0.91071	3.05533e-02
0.90715	3.34999e-02
0.90048	2.83135e-02
0.89836	2.10418e-02
0.90497	2.41103e-02
0.90688	2.25812e-02
0.91384	2.34337e-02
0.90302	2.61009e-02
0.90581	2.71878e-02
0.91280	3.02716e-02
0.91494	3.04778e-02
0.90339	2.32776e-02
0.91338	2.96933e-02
0.91022	2.61829e-02
0.91950	3.01188e-02
0.91525	2.75346e-02
0.91482	2.64813e-02
0.92455	2.11624e-02
0.92021	2.21271e-02
0.92039	2.21671e-02
0.92062	2.19001e-02
0.91967	2.25428e-02
0.92328	2.38477e-02
0.92345	2.13269e-02
0.92627	2.35576e-02
0.92717	2.57358e-02
0.92579	2.73466e-02
0.93120	2.49143e-02
0.92878	2.61157e-02
0.93232	3.03451e-02
0.93017	3.08709e-02
0.93017	3.08709e-02
0.93574	3.22679e-02
0.92651	2.82991e-02
0.93368	3.28022e-02
0.93570	3.22585e-02
0.93723	2.84191e-02
0.93895	2.90990e-02
0.94117	3.09857e-02
0.94022	2.67310e-02
0.93734	2.91059e-02
0.93108	2.34396e-02
0.93117	2.35235e-02
0.93411	2.05099e-02
0.93839	2.40524e-02
0.94375	1.49554e-02
0.93930	1.43352e-02
0.94105	1.62939e-02
0.94688	2.20497e-02
0.94097	1.52458e-02
0.93856	1.19553e-02
0.93731	1.62566e-02
0.93876	1.68786e-02
0.94753	2.20069e-02
0.94752	2.20076e-02
0.94966	2.42094e-02
0.94335	3.27807e-02
0.94594	2.56070e-02
0.94088	1.97303e-02
0.94096	1.97512e-02
0.94096	1.97512e-02
0.93694	1.94164e-02
0.94215	1.74362e-02
0.94144	2.43053e-02
0.95031	2.04347e-02
0.95353	2.25954e-02
0.95493	1.75954e-02
0.96188	8.22048e-03
0.96361	1.18368e-02
0.96459	1.32752e-02
0.95474	7.14271e-03
0.95850	8.95561e-03
0.95870	9.33213e-03
0.95610	1.13549e-02
0.95610	1.13549e-02
0.95333	1.71487e-02
0.95333	1.71487e-02
0.95939	1.95058e-02
0.94924	2.96824e-02
0.95198	2.75932e-02
0.95032	2.79824e-02
0.93965	2.13113e-02
0.94096	2.44745e-02
0.94577	2.59687e-02
0.95948	1.83973e-02
0.95520	1.79178e-02
0.95713	1.92298e-02
0.95013	1.77280e-02
0.95013	1.77280e-02
0.95027	1.78970e-02
0.96284	2.40279e-02
0.95769	2.40206e-02
0.95524	2.07864e-02
0.95524	2.07864e-02
0.94526	1.85512e-02
0.94627	1.77146e-02
0.95070	1.64342e-02
0.94829	1.63072e-02
0.95303	6.14346e-03
0.95303	6.14346e-03
0.96191	1.18664e-02
0.96191	1.18664e-02
0.95633	4.56974e-03
0.95974	8.48928e-03
0.95974	8.48928e-03
0.95974	8.48928e-03
0.95974	8.48928e-03
0.96045	7.93804e-03
0.96045	7.93804e-03
0.96050	2.05700e-02
0.96050	2.05700e-02
0.96115	2.03187e-02
0.96115	2.03187e-02
0.96145	1.98865e-02
0.95604	2.41623e-02
0.95368	2.57540e-02
0.96035	2.07318e-02
0.96509	2.06501e-02
0.97538	1.43790e-02
0.98105	8.37701e-03
0.98521	9.79629e-03
0.97918	1.66629e-02
0.97909	1.65755e-02
0.97498	1.47268e-02
0.97493	1.46564e-02
0.96528	6.55699e-03
0.95752	1.19764e-03
0.95752	1.19764e-03
0.95774	9.78088e-04
0.95774	9.78088e-04
0.95774	9.78088e-04
0.95774	9.78088e-04
0.95731	1.41220e-03
0.95043	5.46730e-03
0.95043	5.46730e-03
0.96607	2.11102e-02
0.96607	2.11102e-02
0.96607	2.11102e-02
0.96902	2.40543e-02
0.96902	2.40543e-02
0.96902	2.40543e-02
0.99298	2.21119e-03
0.99298	2.21119e-03
0.99298	2.21119e-03
0.99290	2.13183e-03
0.99076	0.00000e+00
0.99076	0.00000e+00
0.99076	0.00000e+00
0.99076	0.00000e+00
0.96099	0.00000e+00
0.96099	0.00000e+00
0.96099	0.00000e+00
0.96099	0.00000e+00
0.96099	0.00000e+00
0.96099	0.00000e+00
0.96099	0.00000e+00
0.96099	0.00000e+00
0.96099	0.00000e+00
0.97491	0.00000e+00
0.97491	0.00000e+00
0.97491	0.00000e+00
0.97491	0.00000e+00
0.97491	0.00000e+00
0.97491	0.00000e+00
0.97491	0.00000e+00
0.97491	0.00000e+00
0.97491	0.00000e+00
0.97491	0.00000e+00
0.97491	0.00000e+00
0.97491	0.00000e+00
0.97907	0.00000e+00
0.97907	0.00000e+00
0.97907	0.00000e+00
0.97367	0.00000e+00
0.97554	0.00000e+00
0.97554	0.00000e+00
0.97554	0.00000e+00
0.99538	0.00000e+00
0.99623	0.00000e+00
