0.45649	1.36400e-01
0.56849	1.50558e-01
0.61019	1.04655e-01
0.56471	1.73071e-01
0.55139	1.67411e-01
0.47005	1.60253e-01
0.44698	9.95390e-02
0.41202	1.23860e-01
0.31972	1.42389e-01
0.36040	1.22286e-01
0.28314	7.87151e-02
0.28243	1.16181e-01
0.25415	1.04061e-01
0.28045	1.22511e-01
0.23018	9.72111e-02
0.19374	6.35753e-02
0.29341	1.23964e-01
0.21373	1.26146e-01
0.21789	1.00868e-01
0.18512	1.01248e-01
0.18736	7.59442e-02
0.19050	1.02972e-01
0.17322	5.50130e-02
0.16966	6.12955e-02
0.17910	7.42177e-02
0.18270	7.24888e-02
0.10398	4.27115e-02
0.09024	4.68915e-02
0.20206	7.23562e-02
0.11074	6.11811e-02
0.09705	4.58165e-02
0.14832	5.31456e-02
0.14291	9.56985e-02
0.11044	7.39074e-02
0.17326	6.10982e-02
0.11358	5.04680e-02
0.10429	8.19372e-02
0.10611	2.99734e-02
0.14034	5.06377e-02
0.10916	5.87939e-02
0.09070	4.46384e-02
0.10324	6.62838e-02
0.09837	6.47678e-02
0.12851	5.00507e-02
0.11925	6.31038e-02
0.09333	4.19765e-02
0.09576	4.91949e-02
0.11304	3.28972e-02
0.09147	5.21520e-02
0.07528	3.12448e-02
0.08296	3.14802e-02
0.09624	3.19481e-02
0.08741	3.91341e-02
0.10154	5.66727e-02
0.10237	4.35852e-02
0.08831	4.28411e-02
0.10285	4.81983e-02
0.10998	5.06531e-02
0.09895	4.83580e-02
0.11425	7.29111e-02
0.11306	5.56170e-02
0.09856	5.07921e-02
0.08095	3.84727e-02
0.08361	3.46492e-02
0.08874	3.66496e-02
0.08563	2.90325e-02
0.09837	4.95186e-02
0.09615	5.64863e-02
0.07457	4.00558e-02
0.06926	4.01452e-02
0.08455	5.52674e-02
0.09355	3.41007e-02
0.06902	4.73453e-02
0.08321	2.19919e-02
0.09881	4.94046e-02
0.08932	5.39384e-02
0.08946	4.63553e-02
0.10088	5.28584e-02
0.07860	2.25470e-02
0.07814	4.37577e-02
0.07962	3.97732e-02
0.08181	3.75178e-02
0.07564	3.97125e-02
0.07290	4.72619e-02
0.09538	4.42566e-02
0.08885	4.89329e-02
0.12370	6.77910e-02
0.07743	3.93195e-02
0.05914	3.54483e-02
0.08677	3.62948e-02
0.08706	4.18121e-02
0.08721	4.50913e-02
0.12035	5.65963e-02
0.09324	4.80699e-02
0.07839	4.46010e-02
0.06266	2.20529e-02
0.08036	5.36958e-02
0.11316	4.98599e-02
0.10105	4.57515e-02
