0.30214	9.72239e-02
0.26468	1.14011e-01
0.24281	1.28351e-01
0.28390	1.08074e-01
0.19374	1.28279e-01
0.18280	1.03817e-01
0.15184	7.62454e-02
0.17383	6.43509e-02
0.18223	9.15913e-02
0.18199	8.19146e-02
0.17261	7.33899e-02
0.20205	6.04948e-02
0.14318	7.74602e-02
0.15302	8.18979e-02
0.14322	8.62334e-02
0.12636	7.62251e-02
0.15095	6.60689e-02
0.15019	4.32091e-02
0.15683	7.10897e-02
0.17427	5.65525e-02
0.11456	4.76703e-02
0.13357	6.98623e-02
0.09578	7.95028e-02
0.12071	6.95414e-02
0.13324	5.66020e-02
0.10401	5.61725e-02
0.10911	4.83148e-02
0.11742	5.44767e-02
0.14554	4.68231e-02
0.12694	5.80524e-02
0.09506	4.13213e-02
0.13300	6.82351e-02
0.14371	5.29820e-02
0.11349	8.41062e-02
0.10848	4.29268e-02
0.07723	3.14446e-02
0.10288	6.29340e-02
0.10951	6.74927e-02
0.12939	4.14192e-02
0.08195	2.84116e-02
0.08522	5.80844e-02
0.06406	4.44566e-02
0.08266	6.07947e-02
0.08871	4.42892e-02
0.09488	4.44453e-02
0.09362	4.60484e-02
0.07822	3.90751e-02
0.11507	5.34892e-02
0.08406	4.84632e-02
0.08702	4.46872e-02
0.09578	5.83080e-02
0.06869	3.27875e-02
0.08856	3.46755e-02
0.07940	4.95013e-02
0.06750	3.31199e-02
0.08765	3.63693e-02
0.09754	4.83147e-02
0.10224	4.26133e-02
0.07277	3.89024e-02
0.06195	2.28867e-02
0.09419	4.26531e-02
0.08543	4.18234e-02
0.05492	2.43544e-02
0.10003	4.88879e-02
0.09287	5.68140e-02
0.09346	3.40327e-02
0.04882	3.19284e-02
0.09026	4.27392e-02
0.11274	6.36970e-02
0.09389	2.25320e-02
0.08066	4.30020e-02
0.09573	4.70396e-02
0.10285	3.73283e-02
0.10902	3.84661e-02
0.08712	4.07733e-02
0.08894	5.10211e-02
0.07020	2.38139e-02
0.08524	3.14325e-02
0.08664	5.29946e-02
0.10108	3.22634e-02
0.11991	5.05757e-02
0.06548	4.79877e-02
0.07346	2.98360e-02
0.09586	4.79618e-02
0.07510	3.56912e-02
0.09147	3.95818e-02
0.10324	4.74206e-02
0.08890	5.42639e-02
0.08663	4.32094e-02
0.11094	4.64681e-02
0.08229	4.71732e-02
0.08804	3.29209e-02
0.08076	3.28160e-02
0.09299	4.16530e-02
0.07759	5.11020e-02
0.08249	2.41549e-02
0.09136	5.47758e-02
0.07777	3.93937e-02
0.08452	3.86019e-02
