0.96503	8.89526e-03
0.94492	2.01599e-02
0.92489	2.49631e-02
0.91564	2.46022e-02
0.89959	1.98201e-02
0.88311	1.98102e-02
0.86576	3.87325e-02
0.85273	3.23832e-02
0.83505	2.50349e-02
0.81596	3.49921e-02
0.77907	3.96501e-02
0.78853	3.21189e-02
0.77315	2.88231e-02
0.74709	4.68779e-02
0.72083	5.76194e-02
0.69347	5.61287e-02
0.67357	5.05485e-02
0.66695	6.93377e-02
0.63083	5.07122e-02
0.58657	6.81538e-02
0.59680	5.69717e-02
0.54285	9.11689e-02
0.53764	9.98587e-02
0.48543	1.09600e-01
0.41745	1.21117e-01
0.34727	1.30956e-01
0.36464	1.12672e-01
0.33294	8.71963e-02
0.29778	1.52231e-01
0.29636	1.40660e-01
0.24703	1.11696e-01
0.23908	1.12455e-01
0.17551	9.99174e-02
0.19552	7.01865e-02
0.14002	8.53440e-02
0.14864	3.66242e-02
0.11746	5.86984e-02
0.14683	5.96767e-02
0.16908	6.34871e-02
0.14620	6.62518e-02
0.12152	8.06569e-02
0.09579	5.74329e-02
0.13514	7.00004e-02
0.09889	4.67499e-02
0.09734	4.09156e-02
0.11348	3.57590e-02
0.10406	4.39557e-02
0.09800	5.54511e-02
0.10160	6.31813e-02
0.14118	7.08603e-02
0.10143	6.48675e-02
0.08107	5.43471e-02
0.08786	2.83400e-02
0.11790	4.56587e-02
0.09546	4.13460e-02
0.11781	3.59449e-02
0.08022	3.44464e-02
0.08378	4.76529e-02
0.11630	2.83740e-02
0.08745	6.14898e-02
0.08565	2.56777e-02
0.08633	3.90567e-02
0.06386	2.77660e-02
0.10297	5.48215e-02
0.08511	4.67162e-02
0.08930	3.10583e-02
0.06589	3.60479e-02
0.07484	3.72953e-02
0.07763	3.97295e-02
0.07624	4.42561e-02
0.07901	4.35031e-02
0.07784	3.32200e-02
0.09995	5.00407e-02
0.08237	4.32590e-02
0.07291	2.74018e-02
0.08433	4.58154e-02
0.06476	3.65698e-02
0.10642	3.03007e-02
0.08255	2.47538e-02
0.08146	5.76073e-02
0.09709	4.56750e-02
0.06687	4.79559e-02
0.09358	3.20995e-02
0.06666	2.35393e-02
0.08558	3.32050e-02
0.08066	4.49808e-02
0.07897	3.10726e-02
0.07822	4.23491e-02
0.09701	4.25808e-02
0.09409	3.45501e-02
0.10175	4.32366e-02
0.08577	6.37255e-02
0.07214	4.34796e-02
0.08067	4.45291e-02
0.08593	3.61163e-02
0.08787	4.34274e-02
0.09210	3.95959e-02
0.07552	4.77948e-02
0.08257	4.99973e-02
