0.85627	1.18692e-02
0.84485	1.07513e-02
0.83317	1.27294e-02
0.82464	1.69536e-02
0.81575	1.37535e-02
0.80464	1.32062e-02
0.79414	1.99334e-02
0.79101	2.65991e-02
0.78489	2.27658e-02
0.78075	2.23588e-02
0.77673	2.79803e-02
0.76179	3.09047e-02
0.75702	3.16223e-02
0.75641	3.66693e-02
0.74269	3.94048e-02
0.74325	3.89766e-02
0.74198	3.75595e-02
0.73721	3.57584e-02
0.73204	4.65196e-02
0.72429	5.39572e-02
0.72231	4.15256e-02
0.71272	4.24108e-02
0.71430	4.52253e-02
0.71295	4.48435e-02
0.71528	3.23357e-02
0.71467	3.73380e-02
0.70433	3.42095e-02
0.70437	4.30160e-02
0.70246	4.46090e-02
0.68917	4.82346e-02
0.68807	4.75147e-02
0.68501	4.44263e-02
0.68334	4.76821e-02
0.67712	4.66884e-02
0.68357	4.12218e-02
0.66869	4.13705e-02
0.66943	4.23564e-02
0.66484	3.88561e-02
0.66866	4.06032e-02
0.65966	4.11327e-02
0.65939	3.99637e-02
0.66105	3.80314e-02
0.64766	4.79348e-02
0.64573	4.36360e-02
0.64368	4.41241e-02
0.64394	4.21799e-02
0.63332	4.67735e-02
0.63005	5.17728e-02
0.62987	4.83917e-02
0.62315	5.13180e-02
0.62041	4.91131e-02
0.61616	4.80193e-02
0.61452	5.41523e-02
0.60364	5.27239e-02
0.60789	4.53565e-02
0.59815	4.90843e-02
0.59117	4.88420e-02
0.59297	5.85058e-02
0.59182	5.47471e-02
0.59805	5.53423e-02
0.59321	5.08214e-02
0.58038	6.37299e-02
0.57123	7.02150e-02
0.57487	5.78288e-02
0.55979	6.53345e-02
0.56251	5.82924e-02
0.54860	7.36800e-02
0.56000	7.01013e-02
0.55601	7.27240e-02
0.55700	6.60959e-02
0.56618	7.47225e-02
0.55321	6.63528e-02
0.54035	8.29146e-02
0.53209	7.07506e-02
0.55602	6.43778e-02
0.54616	6.26793e-02
0.53582	6.75183e-02
0.54807	5.32327e-02
0.53920	5.30065e-02
0.54692	6.49295e-02
0.54105	4.87917e-02
0.52797	5.36038e-02
0.53642	5.36463e-02
0.52003	5.58415e-02
0.52678	7.63571e-02
0.51352	6.01893e-02
0.51433	5.20381e-02
0.51565	5.66108e-02
0.51103	5.63044e-02
0.50532	6.06156e-02
0.50776	6.21967e-02
0.50683	6.40532e-02
0.50383	5.60394e-02
0.50167	5.21825e-02
0.50401	6.14284e-02
0.51462	5.52945e-02
0.49313	7.90041e-02
0.49145	4.90432e-02
0.48883	5.10555e-02
0.50398	4.53942e-02
0.49835	5.15941e-02
0.48900	5.12620e-02
0.50371	4.51078e-02
0.48262	4.52209e-02
0.49197	5.30980e-02
0.48245	6.25522e-02
0.47496	6.89676e-02
0.47192	6.87690e-02
0.47722	4.78419e-02
0.47539	5.24878e-02
0.45746	7.96460e-02
0.47486	6.45267e-02
0.47149	4.76798e-02
0.46201	6.51859e-02
0.45593	6.66413e-02
0.45868	5.80699e-02
0.46655	5.62513e-02
0.46574	5.27964e-02
0.46921	7.28686e-02
0.46083	5.62890e-02
0.46005	6.11693e-02
0.45699	6.19391e-02
0.45921	5.56885e-02
0.44751	5.62822e-02
0.44618	5.02468e-02
0.43574	5.46036e-02
0.44764	6.78154e-02
0.45222	4.93742e-02
0.44127	7.76496e-02
0.43216	5.54502e-02
0.43731	5.20122e-02
0.42262	4.33335e-02
0.43451	5.32850e-02
0.42379	6.79080e-02
0.42546	4.90501e-02
0.43699	6.41730e-02
0.43176	5.94095e-02
0.42459	5.70702e-02
0.41920	7.32087e-02
0.42146	6.02124e-02
0.41959	7.13988e-02
0.41327	7.39710e-02
0.42102	6.48887e-02
0.41068	6.78533e-02
0.41877	5.17601e-02
0.42507	6.22095e-02
0.40798	5.94084e-02
0.42188	5.84132e-02
0.40584	6.76760e-02
0.42577	5.37107e-02
0.39524	6.35686e-02
0.40524	5.93866e-02
0.43006	5.88261e-02
0.41681	5.47328e-02
0.40315	7.42661e-02
0.40639	6.16650e-02
0.40025	5.65168e-02
0.40589	5.70008e-02
0.40382	5.41666e-02
0.39976	5.82764e-02
0.41578	6.79378e-02
0.39209	4.98608e-02
0.37593	6.56972e-02
0.39958	6.46967e-02
0.37784	6.86785e-02
0.38587	5.79475e-02
0.39319	5.77604e-02
0.39360	5.63742e-02
0.38410	6.14166e-02
0.38510	7.08304e-02
0.39854	5.62527e-02
0.38292	6.54499e-02
0.37927	6.00917e-02
0.36979	7.34195e-02
0.38066	5.91418e-02
0.38718	6.87379e-02
0.37471	7.07682e-02
0.37893	7.45009e-02
0.37559	5.20987e-02
0.38202	7.22408e-02
0.38105	6.67708e-02
0.36916	6.82664e-02
0.37503	5.74901e-02
0.35617	7.15830e-02
0.36676	6.29314e-02
0.37854	6.46987e-02
0.35472	6.06169e-02
0.36393	7.24171e-02
0.35640	5.93067e-02
0.35640	5.63655e-02
0.35800	5.38972e-02
0.35878	5.42020e-02
0.34913	6.51669e-02
0.34458	6.82145e-02
0.35645	5.65045e-02
0.35565	6.66485e-02
0.35826	5.42420e-02
0.35640	7.14778e-02
0.36273	6.63106e-02
0.37341	5.73275e-02
0.38012	6.02944e-02
0.36523	6.40354e-02
0.35736	6.57359e-02
0.35318	5.26460e-02
0.35771	7.38811e-02
0.35675	6.76044e-02
0.34254	7.38161e-02
0.35321	6.34328e-02
0.36069	5.74747e-02
0.35778	6.15696e-02
0.36412	7.06970e-02
0.35806	5.75967e-02
0.35232	6.60460e-02
0.36950	4.82742e-02
0.34834	5.82496e-02
0.35907	6.36078e-02
0.35245	6.44801e-02
0.36089	5.98346e-02
0.35443	7.64432e-02
0.33577	7.15976e-02
0.35962	7.00855e-02
0.35749	5.76531e-02
0.34716	7.17130e-02
0.36729	5.78106e-02
0.36338	6.20136e-02
0.36514	5.35736e-02
0.37370	5.19711e-02
0.37085	6.58710e-02
0.35391	6.28792e-02
0.36345	5.05219e-02
0.35798	6.30964e-02
0.34641	6.05991e-02
0.36204	5.82662e-02
0.35822	4.22363e-02
0.35958	5.81877e-02
0.35165	5.70954e-02
0.37181	5.42623e-02
0.35216	5.40293e-02
0.34222	5.28897e-02
0.36372	4.65002e-02
0.36651	4.60180e-02
0.36243	5.82156e-02
0.35804	4.73050e-02
0.34389	5.53372e-02
0.35786	5.31626e-02
0.34303	6.25220e-02
0.35961	6.46236e-02
0.35580	5.54560e-02
0.35903	5.76633e-02
0.34376	5.82224e-02
0.34794	5.68869e-02
0.34996	6.55015e-02
0.34467	5.65083e-02
0.36982	5.72433e-02
0.34940	5.38006e-02
0.35438	6.00503e-02
0.34289	5.83810e-02
0.34524	5.21420e-02
0.34664	5.09970e-02
0.34410	6.13514e-02
0.35702	5.27399e-02
0.34921	5.99648e-02
0.35695	6.34385e-02
0.35422	6.62851e-02
0.34624	4.72791e-02
0.34365	4.06592e-02
0.33614	5.35362e-02
0.34933	4.70755e-02
0.33748	6.02483e-02
0.35367	4.18681e-02
0.34644	5.56498e-02
0.34905	4.51412e-02
0.34717	5.11461e-02
0.34575	5.84767e-02
0.34313	5.12664e-02
0.34952	5.78277e-02
0.34662	5.77058e-02
0.34213	5.99699e-02
0.35030	6.07738e-02
0.35339	4.49431e-02
0.34402	5.04108e-02
0.33588	6.40469e-02
0.34888	5.78288e-02
0.35339	5.26501e-02
0.33708	6.12360e-02
0.33857	5.38036e-02
0.34249	6.28730e-02
0.33585	6.21962e-02
0.33615	5.35732e-02
0.34706	6.91992e-02
0.32922	4.95606e-02
0.34115	6.89829e-02
0.34434	6.62332e-02
0.33690	7.10913e-02
0.34684	6.46925e-02
0.34314	5.78479e-02
0.34520	5.84287e-02
0.33489	5.90827e-02
0.34104	4.84771e-02
0.33556	6.64884e-02
0.33663	5.39809e-02
0.33469	5.98219e-02
0.33571	4.61901e-02
0.34325	4.56272e-02
0.32868	4.41884e-02
0.34001	5.79419e-02
0.34099	5.37121e-02
0.34184	5.01299e-02
0.33994	4.42021e-02
0.33878	5.87144e-02
0.34259	5.89118e-02
0.33981	5.99410e-02
0.34091	6.69508e-02
0.33374	6.73882e-02
0.33460	5.00810e-02
0.32936	5.63106e-02
0.34400	4.50925e-02
0.34066	5.41220e-02
0.33659	5.26340e-02
0.34369	5.03528e-02
0.32766	5.23781e-02
0.34652	4.85941e-02
0.33328	4.83458e-02
0.34040	4.55275e-02
0.32432	6.90259e-02
0.32566	6.19356e-02
0.31738	5.53856e-02
0.32415	6.41095e-02
0.31084	5.76486e-02
0.33314	3.94274e-02
0.33153	6.22300e-02
0.31602	4.27106e-02
0.32842	4.97588e-02
0.32559	4.03766e-02
0.33689	4.17223e-02
0.31767	6.27628e-02
0.31757	5.00373e-02
0.32234	4.04479e-02
0.32512	4.45278e-02
0.32305	4.97654e-02
0.31274	3.83566e-02
0.33247	4.03610e-02
0.32168	4.58896e-02
0.32587	3.88098e-02
0.32417	4.08321e-02
0.31710	4.47483e-02
0.31957	4.41295e-02
0.33061	2.95140e-02
0.32064	3.80898e-02
0.31885	2.86017e-02
0.31910	4.09850e-02
0.31789	3.28340e-02
0.31711	4.08910e-02
0.30850	3.21497e-02
0.31806	4.52504e-02
0.30919	3.17866e-02
0.32574	4.67189e-02
0.33541	3.56448e-02
0.32344	3.25389e-02
0.31843	3.37964e-02
0.31288	3.93612e-02
0.31896	3.98886e-02
0.30949	4.25673e-02
0.31796	3.76871e-02
0.30722	4.94871e-02
0.30708	4.08775e-02
0.30913	2.83729e-02
0.31589	4.22350e-02
0.30508	3.99938e-02
0.30579	2.01771e-02
0.30696	4.08837e-02
0.31481	4.25222e-02
0.31157	3.20356e-02
0.30298	4.04064e-02
0.30319	3.88695e-02
0.30415	2.75319e-02
0.30730	4.63699e-02
0.30721	3.78622e-02
0.30516	3.00215e-02
0.30481	3.57705e-02
0.31096	2.81618e-02
0.30237	4.12531e-02
0.29474	2.33305e-02
0.30210	4.81622e-02
0.29327	4.95288e-02
0.30797	4.10107e-02
0.30952	4.59724e-02
0.30165	3.43276e-02
0.31010	3.14457e-02
0.30634	3.12224e-02
0.31053	3.76005e-02
0.30525	3.53819e-02
0.31888	3.71035e-02
0.30549	2.62398e-02
0.30585	2.51265e-02
0.29922	4.45723e-02
0.31371	4.24095e-02
0.30510	3.99141e-02
0.31274	3.85473e-02
0.31149	4.16123e-02
0.30204	4.21095e-02
0.29832	4.00298e-02
0.31817	2.20059e-02
0.29189	3.83679e-02
0.30839	3.21704e-02
0.30467	2.53525e-02
0.30303	3.50533e-02
0.31177	2.83847e-02
0.30912	3.02029e-02
0.32581	4.14599e-02
0.31237	4.34056e-02
0.31952	2.58232e-02
0.30698	1.58400e-02
0.30056	3.43856e-02
0.31479	4.71415e-02
0.31342	2.67460e-02
0.31690	3.08660e-02
0.31272	3.51166e-02
0.31583	2.26429e-02
0.31366	4.00340e-02
0.30072	3.26365e-02
0.31220	3.77202e-02
0.29875	3.68943e-02
0.30726	3.18992e-02
0.30329	3.74875e-02
0.30611	4.58250e-02
0.31727	3.62024e-02
0.30309	3.94603e-02
0.30641	3.95830e-02
0.31323	3.08451e-02
0.31105	3.79939e-02
0.31576	2.42326e-02
0.30074	3.69347e-02
0.30092	3.17374e-02
0.31572	1.47837e-02
0.32172	3.97734e-02
0.31145	3.62611e-02
0.30856	1.85506e-02
0.31214	3.43573e-02
0.30199	3.96191e-02
0.32029	2.89289e-02
0.32129	2.61033e-02
0.30738	3.28114e-02
0.30993	2.76542e-02
0.32430	3.56920e-02
0.31011	3.60201e-02
0.31350	2.77314e-02
0.31884	4.08766e-02
0.30747	4.33038e-02
0.32238	3.34000e-02
0.30931	3.56115e-02
0.31228	3.39339e-02
0.30567	4.44680e-02
0.31633	2.54264e-02
0.31226	2.66330e-02
0.31373	2.77316e-02
0.30769	3.59370e-02
0.30723	2.96019e-02
0.30285	2.74211e-02
0.30848	2.57931e-02
0.31950	1.97167e-02
0.30529	3.13295e-02
0.30334	4.01303e-02
0.30477	1.95037e-02
0.30527	2.96120e-02
0.30701	2.80002e-02
0.30860	2.87575e-02
0.31109	3.46842e-02
0.30989	3.22989e-02
0.32154	1.60175e-02
0.33465	2.59116e-02
0.31602	2.77281e-02
0.29488	2.70025e-02
0.31668	2.02336e-02
0.32108	2.26593e-02
0.30173	3.14508e-02
0.31509	1.53926e-02
0.30835	2.77434e-02
0.31277	3.28339e-02
0.31782	2.75141e-02
0.31058	3.15616e-02
0.31222	2.43212e-02
0.31250	2.88072e-02
0.31620	2.54644e-02
0.31849	2.40802e-02
0.31169	2.43177e-02
0.30645	2.63355e-02
0.31217	3.40087e-02
0.30766	3.34426e-02
0.31120	4.32377e-02
0.30513	4.49839e-02
0.31219	4.17504e-02
0.31254	3.42970e-02
0.32309	2.29583e-02
0.30782	3.15795e-02
0.31743	3.22897e-02
0.31244	1.43871e-02
0.31748	2.37154e-02
0.30157	3.24321e-02
0.31006	2.41375e-02
0.32009	2.52665e-02
0.31714	3.34435e-02
0.31586	2.48725e-02
0.31089	3.18579e-02
0.31262	3.69501e-02
0.30536	2.64991e-02
0.31768	2.15348e-02
0.31472	3.09904e-02
0.31578	2.38003e-02
0.30251	2.40871e-02
0.30610	3.26381e-02
0.31034	3.36773e-02
0.31154	2.61509e-02
0.30684	3.37770e-02
0.31184	2.92208e-02
0.30539	2.93394e-02
0.32275	2.28173e-02
0.31386	2.58687e-02
0.31949	2.67834e-02
0.30746	2.54337e-02
0.31221	2.91331e-02
0.29386	2.65557e-02
0.31044	2.54028e-02
0.30341	2.31545e-02
0.30701	3.37020e-02
0.31328	2.57717e-02
0.30504	3.73027e-02
0.30908	3.18315e-02
0.29450	3.46230e-02
0.31136	2.44020e-02
0.31017	3.80300e-02
0.30857	2.75908e-02
0.29525	3.87704e-02
0.30609	1.78725e-02
0.31440	1.84684e-02
0.31577	2.09659e-02
0.30402	1.65840e-02
0.29611	2.98135e-02
0.29569	2.14779e-02
0.30223	2.99863e-02
0.31279	2.15747e-02
0.31400	3.12297e-02
0.31223	2.16204e-02
0.30201	2.36606e-02
0.30621	2.49925e-02
0.30508	2.07250e-02
0.30947	2.47314e-02
0.29886	3.70421e-02
0.29340	3.39248e-02
0.28913	2.59930e-02
0.29410	2.39244e-02
0.30079	2.92452e-02
0.29966	3.23808e-02
0.29970	2.28436e-02
0.28489	2.61186e-02
0.29523	3.03525e-02
0.29429	3.48798e-02
0.30026	3.24265e-02
0.29839	2.60560e-02
0.29468	3.36594e-02
0.30679	3.47785e-02
0.29852	3.17385e-02
0.29138	2.67559e-02
0.31063	1.88010e-02
0.30210	2.18919e-02
0.29091	2.89793e-02
0.28746	2.80213e-02
0.29803	2.47419e-02
0.29583	4.42249e-02
0.29277	2.68168e-02
0.29117	2.28505e-02
0.30006	3.77645e-02
0.29041	2.98164e-02
0.29656	3.69297e-02
0.29063	2.94093e-02
0.28709	3.72846e-02
0.29052	3.77025e-02
0.28189	4.07927e-02
0.30189	4.37501e-02
0.28969	2.93421e-02
0.30205	3.56950e-02
0.27486	2.51917e-02
0.30482	2.82135e-02
0.28760	3.52677e-02
0.27163	3.87446e-02
0.28423	3.38311e-02
0.29758	2.71094e-02
0.29678	3.47447e-02
0.29105	2.80256e-02
0.28962	3.75216e-02
0.30152	1.85324e-02
0.29032	4.27954e-02
0.29683	2.36463e-02
0.30290	3.02685e-02
0.28332	4.02958e-02
0.31036	1.61963e-02
0.29997	2.09556e-02
0.30006	2.90174e-02
0.28845	2.84417e-02
0.29534	3.02475e-02
0.28755	2.59667e-02
0.30911	2.98468e-02
0.30127	2.79995e-02
0.29443	3.80677e-02
0.28858	3.16112e-02
0.29618	2.22929e-02
0.28610	3.45540e-02
0.29809	2.15847e-02
0.28991	2.82901e-02
0.30082	2.09433e-02
0.29864	3.24596e-02
0.30361	2.14198e-02
0.30401	2.63555e-02
0.31152	3.21067e-02
0.30517	2.10866e-02
0.29532	2.95503e-02
0.30232	1.38902e-02
0.29865	2.12306e-02
0.29606	3.84552e-02
0.30431	4.45381e-02
0.30017	2.14102e-02
0.29277	2.83909e-02
0.30306	3.31278e-02
0.30908	2.44122e-02
0.29602	2.31036e-02
0.31328	3.05819e-02
0.31309	3.01633e-02
0.30876	3.16862e-02
0.30717	2.46164e-02
0.29148	2.47115e-02
0.30380	3.84374e-02
0.29133	2.82796e-02
0.30226	3.72990e-02
0.30492	3.24802e-02
0.29898	3.45041e-02
0.29367	3.48893e-02
0.31221	2.42586e-02
0.29599	2.48376e-02
0.30517	3.18319e-02
0.29239	4.02198e-02
0.30264	3.53907e-02
0.30133	4.18320e-02
0.29976	1.93215e-02
0.29219	2.93292e-02
0.30057	2.82232e-02
0.30637	1.94739e-02
0.30529	2.93478e-02
0.30353	4.24221e-02
0.30034	3.12847e-02
0.28932	2.48140e-02
0.30101	3.71271e-02
0.30971	4.02202e-02
0.30201	3.32942e-02
0.29524	3.35432e-02
0.30074	3.06429e-02
0.30741	3.51691e-02
0.30113	2.85469e-02
0.31004	3.03933e-02
0.30268	4.23325e-02
0.30536	3.02947e-02
0.30099	2.99193e-02
0.30218	4.83504e-02
0.30978	2.17293e-02
0.31120	2.60326e-02
0.30933	2.50906e-02
0.31129	3.31439e-02
0.31441	3.66182e-02
0.30664	1.99760e-02
0.30633	3.82339e-02
0.31125	3.36951e-02
0.30340	4.45406e-02
0.31242	4.27323e-02
0.31875	3.94755e-02
0.31375	3.61987e-02
0.31776	3.95614e-02
0.32894	4.04445e-02
0.30211	2.43183e-02
0.31740	4.52906e-02
0.31694	2.68223e-02
0.29895	3.04438e-02
0.31085	2.96267e-02
0.31056	3.81267e-02
0.31248	3.35214e-02
0.31010	3.28255e-02
0.30883	2.52721e-02
0.29941	2.64782e-02
0.32388	2.82389e-02
0.32660	2.87175e-02
0.30393	3.94746e-02
0.30004	4.04907e-02
0.30743	3.43944e-02
0.31591	3.41694e-02
0.32149	2.86689e-02
0.31510	4.29971e-02
0.30497	2.12113e-02
0.31940	3.81591e-02
0.29924	2.71290e-02
0.30963	3.41827e-02
0.32032	3.47720e-02
0.31175	3.20742e-02
0.32379	2.42557e-02
0.31838	3.39475e-02
0.32889	3.32638e-02
0.31021	3.11480e-02
0.31185	2.86371e-02
0.31485	3.51075e-02
0.30760	2.92627e-02
0.30946	2.77574e-02
0.31494	3.12890e-02
0.32313	2.58142e-02
0.32449	1.80250e-02
0.32530	2.48912e-02
0.32059	2.68566e-02
0.30815	4.05170e-02
0.31006	2.24908e-02
0.30542	3.20712e-02
0.30330	3.25297e-02
0.30740	2.27479e-02
0.30645	1.34434e-02
0.31536	9.54873e-03
0.32826	3.72123e-02
0.30743	2.48787e-02
0.31842	2.11562e-02
0.31641	3.57201e-02
0.30820	2.96726e-02
0.31385	3.36813e-02
0.31755	3.82747e-02
0.31701	3.39452e-02
0.31612	3.36434e-02
0.31671	3.42257e-02
0.29240	3.34577e-02
0.31053	2.82904e-02
0.32375	3.01522e-02
0.31625	2.74406e-02
0.32170	2.96717e-02
0.31748	2.69567e-02
0.30984	2.96673e-02
0.29409	3.11211e-02
0.32059	2.75540e-02
0.29690	3.76456e-02
0.29563	3.52543e-02
0.30576	3.56325e-02
0.30836	1.66725e-02
0.31633	2.18966e-02
0.30988	2.87721e-02
0.30523	2.41956e-02
0.30883	3.81424e-02
0.30166	3.72365e-02
0.29918	2.71928e-02
0.30071	4.60113e-02
0.30999	2.34433e-02
0.30255	3.28196e-02
0.30088	3.06608e-02
0.29116	2.89028e-02
0.30847	2.93072e-02
0.30235	3.79242e-02
0.31261	2.50532e-02
0.29410	4.24212e-02
0.31303	2.53327e-02
0.29840	3.58853e-02
0.30058	2.26559e-02
0.31123	2.37675e-02
0.30807	2.89772e-02
0.30293	4.06215e-02
0.31403	2.36862e-02
0.29726	3.43859e-02
0.31470	3.63712e-02
0.30746	2.88166e-02
0.30346	2.70199e-02
0.30508	1.73796e-02
0.31054	3.38783e-02
0.30824	2.59774e-02
0.29981	2.00565e-02
0.29044	2.50934e-02
0.29637	3.68334e-02
0.28857	3.39364e-02
0.28590	2.43377e-02
0.29485	3.15249e-02
0.29748	2.58747e-02
0.30519	3.62584e-02
0.29349	3.80250e-02
0.31373	3.00210e-02
0.28751	3.17007e-02
0.31255	2.90588e-02
0.30264	3.19030e-02
0.29136	2.80417e-02
0.29454	4.20371e-02
0.28626	2.84552e-02
0.29381	3.70948e-02
0.29855	2.43621e-02
0.30699	2.61848e-02
0.29179	2.80438e-02
0.28219	3.66295e-02
0.30301	2.93180e-02
0.28714	3.51165e-02
0.29452	2.27080e-02
0.29758	3.75244e-02
0.29116	2.53034e-02
0.30393	3.18746e-02
0.29861	3.20428e-02
0.29713	2.78807e-02
0.30370	3.81663e-02
0.28862	3.49195e-02
0.30738	2.78546e-02
0.29240	2.21752e-02
0.29286	2.14719e-02
0.29759	2.19559e-02
0.29371	4.12188e-02
0.30323	2.87347e-02
0.27828	3.02856e-02
0.29123	2.04593e-02
0.29592	2.58395e-02
0.27968	3.55180e-02
0.30540	2.55949e-02
0.29558	2.53355e-02
0.29547	3.41417e-02
0.30067	2.03249e-02
0.28372	3.07770e-02
0.29314	3.35737e-02
0.29705	3.15977e-02
0.28673	3.00441e-02
0.29106	3.71936e-02
0.28824	1.90435e-02
0.29620	1.83866e-02
0.29265	1.91036e-02
0.29950	1.71927e-02
0.29022	2.85686e-02
0.28817	3.11216e-02
0.28289	2.80874e-02
0.28795	3.35371e-02
0.27582	3.27335e-02
0.28530	3.67166e-02
0.28719	2.04097e-02
0.27408	1.93339e-02
0.28302	2.01325e-02
0.29414	4.09319e-02
0.29266	3.96065e-02
0.28464	2.38226e-02
0.28231	2.26361e-02
0.28420	2.63099e-02
0.30429	3.20846e-02
0.29756	1.46498e-02
0.29254	3.63787e-02
0.29190	2.29835e-02
0.28847	2.38354e-02
0.28105	3.11399e-02
0.29371	1.99429e-02
0.29471	2.68913e-02
0.27305	3.50780e-02
0.29161	3.13309e-02
0.28062	3.96950e-02
0.27566	2.51076e-02
0.28494	3.28403e-02
0.27764	2.67902e-02
0.28818	2.63451e-02
0.29243	2.31654e-02
0.28008	3.45756e-02
0.28428	3.61916e-02
0.29136	3.40375e-02
0.28693	3.34643e-02
0.27899	2.46987e-02
0.27998	2.70973e-02
0.28547	2.08155e-02
0.28753	3.46737e-02
0.27878	3.36125e-02
0.28253	2.82495e-02
0.27929	3.21378e-02
0.28568	2.85703e-02
0.26780	4.18329e-02
0.27610	3.21712e-02
0.27331	2.66536e-02
0.27592	1.94485e-02
0.27549	3.28297e-02
0.27987	3.62565e-02
0.26715	3.15333e-02
0.27368	4.10702e-02
0.26925	1.89011e-02
0.27661	2.87786e-02
0.28255	1.85841e-02
0.28039	4.25282e-02
0.27205	1.99780e-02
0.27714	2.95906e-02
0.27598	2.01957e-02
0.28594	2.77653e-02
0.27502	3.39769e-02
0.27303	2.98206e-02
0.27422	1.12424e-02
0.27496	3.10295e-02
0.27257	2.04006e-02
0.28808	2.01068e-02
0.27243	3.46134e-02
0.27872	2.60145e-02
0.27175	1.97177e-02
0.28359	2.26303e-02
0.28716	3.38727e-02
0.27112	1.87853e-02
0.26733	3.30775e-02
0.28087	2.28954e-02
0.27002	2.18538e-02
0.27116	2.90660e-02
0.27482	2.35310e-02
0.26710	2.91188e-02
0.28469	3.16581e-02
0.26770	3.13528e-02
0.27848	2.89239e-02
0.26932	2.61938e-02
0.26617	3.53461e-02
0.26369	3.75826e-02
0.27508	3.58391e-02
0.26591	3.08153e-02
0.26093	4.00070e-02
0.26542	3.00691e-02
0.25469	2.60862e-02
0.26531	1.84038e-02
0.26973	4.03577e-02
0.27296	2.67921e-02
0.26620	3.40709e-02
0.25777	2.08524e-02
0.26479	2.96477e-02
0.26226	3.14260e-02
0.26679	3.55037e-02
0.27075	1.05368e-02
0.26045	3.38788e-02
0.26274	3.65949e-02
0.25902	2.26749e-02
0.26500	3.26704e-02
0.25970	2.61393e-02
0.26744	3.70136e-02
0.26907	3.22314e-02
0.25333	3.57827e-02
0.26867	2.37719e-02
0.26567	2.42519e-02
0.25372	2.70921e-02
0.27675	2.19273e-02
0.25421	3.32167e-02
0.26137	3.78767e-02
0.27462	2.67314e-02
0.26202	3.62777e-02
0.26208	3.97039e-02
0.26220	3.06178e-02
0.26911	2.73679e-02
0.26125	2.23646e-02
0.26565	3.28919e-02
0.25781	2.87607e-02
0.26096	3.45476e-02
0.25354	3.08944e-02
0.27590	1.90970e-02
0.26974	3.13702e-02
0.25385	3.09322e-02
0.24295	2.26496e-02
0.25665	3.29221e-02
0.24703	3.84820e-02
0.26597	3.44577e-02
0.24706	2.71081e-02
0.25641	3.58535e-02
0.22931	3.15511e-02
0.25242	4.72911e-02
0.25328	2.13384e-02
0.24084	3.63950e-02
0.25521	1.62615e-02
0.25625	2.94123e-02
0.24870	3.21289e-02
0.24988	2.46069e-02
0.24266	3.67337e-02
0.25024	3.67403e-02
0.23409	2.64556e-02
0.25519	3.01348e-02
0.24759	2.69856e-02
0.24814	2.48721e-02
0.25771	3.05419e-02
0.25409	2.38566e-02
0.24133	3.16150e-02
0.24143	2.66337e-02
0.24760	2.13856e-02
0.25726	2.14546e-02
0.25326	3.23322e-02
0.25225	2.87967e-02
0.23925	3.06777e-02
0.25322	2.48626e-02
0.23953	2.81885e-02
0.24338	2.59007e-02
0.24185	2.21572e-02
0.24153	2.93103e-02
0.24361	1.59704e-02
0.24650	2.68377e-02
0.24741	2.94526e-02
0.25042	2.26958e-02
0.23347	3.96040e-02
0.23975	2.34991e-02
0.24502	2.42425e-02
0.23526	2.92304e-02
0.24686	1.84317e-02
0.23161	3.36880e-02
0.23373	3.07914e-02
0.24398	3.16108e-02
0.23041	1.85989e-02
0.22613	2.94356e-02
0.23016	3.11016e-02
0.23876	2.22151e-02
0.23164	3.06956e-02
0.22455	2.86414e-02
0.23844	2.48708e-02
0.23781	2.86199e-02
0.23744	3.05236e-02
0.24639	2.52616e-02
0.25522	3.13270e-02
0.26024	3.13814e-02
0.25186	2.92210e-02
0.26081	2.60059e-02
0.26054	3.67480e-02
0.26419	1.79057e-02
0.27384	2.98371e-02
0.26385	1.87039e-02
0.28204	3.12659e-02
0.27467	4.87431e-02
0.27156	3.22305e-02
0.26132	3.89092e-02
0.28678	3.88288e-02
0.27956	3.06810e-02
0.29525	3.20396e-02
0.27780	3.31638e-02
0.28858	2.43668e-02
0.28989	3.21403e-02
0.28397	1.55478e-02
0.30927	2.92551e-02
0.28481	2.78572e-02
0.29305	2.81128e-02
0.28844	3.23504e-02
0.28588	2.62172e-02
0.28401	3.61514e-02
0.28924	3.05980e-02
0.30850	2.14234e-02
0.30044	2.54168e-02
0.30592	3.97559e-02
0.30736	2.70141e-02
0.30276	3.56468e-02
0.30952	2.83818e-02
0.32130	2.50784e-02
0.31266	2.92912e-02
0.31752	2.57127e-02
0.31493	3.90805e-02
0.32869	3.45363e-02
0.33016	3.41557e-02
0.32995	2.91134e-02
0.32692	2.91189e-02
0.34647	2.18376e-02
0.34987	2.04973e-02
0.33113	2.27815e-02
0.35344	3.76560e-02
0.35055	3.07228e-02
0.34888	2.86035e-02
0.34092	3.51750e-02
0.36334	2.47250e-02
0.34963	3.88643e-02
0.36774	3.44693e-02
0.35830	2.78949e-02
0.36025	2.39838e-02
0.35976	2.14282e-02
0.36250	2.06198e-02
0.36542	2.62458e-02
0.36229	3.54557e-02
0.35531	3.08489e-02
0.35338	3.06051e-02
0.35993	2.76724e-02
0.36360	2.77220e-02
0.37797	2.60560e-02
0.38422	2.08313e-02
0.37405	1.76155e-02
0.37591	2.77426e-02
0.39307	2.19820e-02
0.38221	2.62732e-02
0.39728	2.96054e-02
0.38851	1.94164e-02
0.39266	2.65007e-02
0.39253	1.66049e-02
0.40161	1.85253e-02
0.39933	1.64372e-02
0.40666	1.98998e-02
0.40556	2.81535e-02
0.40229	2.39497e-02
0.41441	2.01901e-02
0.40377	2.27276e-02
0.40954	3.45522e-02
0.41257	2.49988e-02
0.41945	2.39990e-02
0.41492	3.01734e-02
0.41592	2.29211e-02
0.42108	1.98188e-02
0.42779	2.40358e-02
0.42826	1.83656e-02
0.43005	1.77566e-02
0.42586	1.91916e-02
0.42999	2.74295e-02
0.43809	2.25561e-02
0.43996	3.17733e-02
0.44915	2.18326e-02
0.42955	2.85435e-02
0.43241	2.04959e-02
0.43770	3.70880e-02
0.43376	1.92237e-02
0.44041	2.42582e-02
0.44375	2.40577e-02
0.43680	3.28903e-02
0.45156	2.25750e-02
0.45251	2.43567e-02
0.45073	2.34447e-02
0.44246	2.98539e-02
0.44470	2.72808e-02
0.46260	3.94942e-02
0.44840	3.25477e-02
0.44977	2.15049e-02
0.45506	3.37577e-02
0.45323	2.74840e-02
0.47034	2.60055e-02
0.46601	3.35011e-02
0.47035	3.68354e-02
0.47576	3.73025e-02
0.47420	2.92600e-02
0.46844	2.88973e-02
0.47544	2.36045e-02
0.47481	3.62031e-02
0.46951	4.09799e-02
0.47661	4.04632e-02
0.48351	2.43175e-02
0.49063	2.36667e-02
0.47827	3.01203e-02
0.48540	2.92485e-02
0.48463	3.70546e-02
0.48704	3.87333e-02
0.48008	3.61913e-02
0.49361	3.01998e-02
0.49424	2.53849e-02
0.50083	2.73270e-02
0.49394	2.11555e-02
0.50405	3.04911e-02
0.50218	3.40667e-02
0.50823	3.45009e-02
0.49903	2.78957e-02
0.50408	3.04753e-02
0.50685	3.79882e-02
0.51191	3.87272e-02
0.51886	2.97974e-02
0.51916	3.30059e-02
0.51383	2.99731e-02
0.51213	3.96766e-02
0.52161	3.66200e-02
0.51390	3.54926e-02
0.52528	3.49651e-02
0.52733	3.13997e-02
0.52848	3.35306e-02
0.53552	3.32958e-02
0.53455	3.21720e-02
0.53418	2.40389e-02
0.54337	2.35777e-02
0.53860	3.40914e-02
0.52709	4.29316e-02
0.53137	3.00104e-02
0.54183	2.88160e-02
0.53730	2.99724e-02
0.54243	2.35765e-02
0.54195	2.37795e-02
0.55387	2.06040e-02
0.55422	2.95506e-02
0.55741	3.07049e-02
0.55696	3.23048e-02
0.55869	2.40992e-02
0.56913	2.17791e-02
0.56204	2.75971e-02
0.55963	3.04205e-02
0.56692	2.84532e-02
0.56778	2.14587e-02
0.57238	2.51375e-02
0.57420	2.40256e-02
0.57175	3.00479e-02
0.57569	2.61269e-02
0.57803	3.44453e-02
0.56814	1.99914e-02
0.57644	1.63868e-02
0.57519	2.20374e-02
0.57787	2.05530e-02
0.57559	2.27345e-02
0.57556	2.92172e-02
0.58386	2.73382e-02
0.58315	2.47353e-02
0.58192	1.78721e-02
0.59982	2.69882e-02
0.59156	3.99169e-02
0.59529	2.65552e-02
0.60109	2.32816e-02
0.59350	2.52910e-02
0.59560	2.56634e-02
0.59780	2.54636e-02
0.60139	2.12228e-02
0.59988	2.13954e-02
0.60761	1.52695e-02
0.60431	2.12643e-02
0.59752	2.98067e-02
0.60751	2.35742e-02
0.61574	2.40732e-02
0.61560	2.24600e-02
0.61657	2.52681e-02
0.60500	2.78339e-02
0.61732	3.12547e-02
0.61779	3.24962e-02
0.61707	1.84280e-02
0.62009	2.49293e-02
0.62272	2.57106e-02
0.61422	2.57262e-02
0.61982	2.73686e-02
0.62107	3.22429e-02
0.63020	1.50770e-02
0.62769	2.39513e-02
0.63084	2.62070e-02
0.63310	1.94733e-02
0.63612	2.08007e-02
0.64436	2.56777e-02
0.65090	2.03143e-02
0.64996	2.29790e-02
0.64602	1.92372e-02
0.64643	1.79534e-02
0.63777	2.78134e-02
0.64491	2.36865e-02
0.63498	2.35032e-02
0.64676	1.75217e-02
0.65171	1.81044e-02
0.65115	2.03224e-02
0.65658	2.08444e-02
0.65991	2.13731e-02
0.65895	2.05988e-02
0.65642	2.32808e-02
0.65913	2.10529e-02
0.66573	1.82839e-02
0.67024	1.49483e-02
0.66214	1.50449e-02
0.67005	1.46053e-02
0.66426	2.70301e-02
0.66773	2.16038e-02
0.67474	1.75735e-02
0.67275	1.74541e-02
0.66845	2.25296e-02
0.67857	1.96424e-02
0.67318	2.39726e-02
0.67918	2.01094e-02
0.67445	2.51191e-02
0.67961	2.34798e-02
0.68167	1.82175e-02
0.68399	2.38968e-02
0.68036	2.24037e-02
0.68674	2.57676e-02
0.68580	2.90627e-02
0.68672	2.72611e-02
0.68882	2.35261e-02
0.69077	2.47107e-02
0.68852	2.27442e-02
0.69426	2.81553e-02
0.70062	2.25348e-02
0.69115	2.68964e-02
0.69595	2.10652e-02
0.70226	2.60018e-02
0.70584	2.21169e-02
0.69723	2.31107e-02
0.70085	2.04671e-02
0.70586	2.27092e-02
0.70234	2.00364e-02
0.70312	2.48474e-02
0.70587	2.29208e-02
0.71333	2.57787e-02
0.70894	2.20331e-02
0.71065	2.29918e-02
0.70933	1.99615e-02
0.71327	2.09364e-02
0.71485	1.97740e-02
0.71802	2.65479e-02
0.71230	2.47690e-02
0.71663	2.54148e-02
0.71184	2.48005e-02
0.71833	2.34605e-02
0.71651	1.93428e-02
0.72262	2.25434e-02
0.72041	2.38587e-02
0.72091	2.35324e-02
0.72185	2.44112e-02
0.72464	2.53226e-02
0.72013	2.55840e-02
0.72402	2.43381e-02
0.72174	2.58643e-02
0.72574	2.81135e-02
0.73155	2.59233e-02
0.73125	2.67383e-02
0.73367	2.05916e-02
0.72997	2.69453e-02
0.72993	2.61999e-02
0.73316	1.91169e-02
0.73640	2.07980e-02
0.73560	2.46311e-02
0.73804	2.29838e-02
0.74296	2.28420e-02
0.73707	2.51457e-02
0.73708	2.17689e-02
0.73891	2.66747e-02
0.74383	2.20715e-02
0.74588	2.72034e-02
0.75197	2.52029e-02
0.75000	2.64666e-02
0.74816	2.49221e-02
0.75545	2.45825e-02
0.75579	2.38914e-02
0.75447	2.46665e-02
0.75668	2.93183e-02
0.75972	2.74669e-02
0.76377	2.38196e-02
0.75839	2.72343e-02
0.76025	2.08350e-02
0.75987	2.40734e-02
0.75947	2.03548e-02
0.75759	2.83476e-02
0.76046	2.26396e-02
0.76476	2.44685e-02
0.76377	2.47919e-02
0.76294	2.59352e-02
0.76765	2.46238e-02
0.77176	2.12676e-02
0.76591	2.62237e-02
0.76911	2.60554e-02
0.76992	2.25005e-02
0.77032	2.45948e-02
0.77445	2.09063e-02
0.77338	2.63260e-02
0.77264	2.73665e-02
0.77326	2.41358e-02
0.77742	2.35909e-02
0.77614	2.14743e-02
0.77711	1.75192e-02
0.77774	1.94970e-02
0.77584	2.00868e-02
0.78470	2.21556e-02
0.78080	2.37535e-02
0.78528	1.81293e-02
0.79024	2.01735e-02
0.78847	1.85780e-02
0.78940	1.77564e-02
0.79212	2.32718e-02
0.78987	2.03732e-02
0.78903	2.19877e-02
0.79399	1.91906e-02
0.79493	2.10561e-02
0.79100	2.21867e-02
0.79559	1.79757e-02
0.79530	1.93969e-02
0.79949	2.04664e-02
0.79790	2.17907e-02
0.80149	1.87405e-02
0.80206	2.00135e-02
0.79712	2.24081e-02
0.80439	1.60604e-02
0.80544	1.87228e-02
0.80328	1.97836e-02
0.80208	1.90857e-02
0.80847	1.92227e-02
0.80997	1.63315e-02
0.81048	2.20254e-02
0.80902	1.90100e-02
0.81113	1.91471e-02
0.81257	1.69161e-02
0.81235	1.75133e-02
0.81391	1.62873e-02
0.81544	1.86790e-02
0.81596	1.94316e-02
0.81504	1.78681e-02
0.81346	2.12467e-02
0.81771	1.68388e-02
0.81789	1.81165e-02
0.82068	1.66128e-02
0.82197	1.92550e-02
0.81912	1.91885e-02
0.82092	1.78472e-02
0.82168	1.57947e-02
0.82088	1.53895e-02
0.82198	1.82454e-02
0.82350	1.87630e-02
0.82492	1.68987e-02
0.82709	1.72245e-02
0.82550	1.89358e-02
0.83082	1.58812e-02
0.82923	1.60352e-02
0.82957	1.54507e-02
0.83085	1.59424e-02
0.83036	1.79457e-02
0.83145	1.88241e-02
0.83473	1.51853e-02
0.83451	1.38861e-02
0.83395	1.53544e-02
0.83462	1.53967e-02
0.83624	1.67337e-02
0.83589	1.79319e-02
0.83948	1.70423e-02
0.84059	1.75419e-02
0.83830	1.75813e-02
0.83952	1.80278e-02
0.84072	1.58715e-02
0.84172	1.64196e-02
0.84116	1.73900e-02
0.83740	1.25193e-02
0.83761	1.20376e-02
0.83783	1.05863e-02
0.83800	1.07284e-02
0.83733	1.20679e-02
0.83861	1.20625e-02
0.84053	1.22240e-02
0.84086	1.15579e-02
0.83940	8.44689e-03
0.84016	8.74459e-03
0.83988	1.08181e-02
0.84407	9.29579e-03
0.84444	9.67653e-03
0.84510	8.40805e-03
0.84583	1.05845e-02
0.84764	8.82764e-03
0.84866	9.67708e-03
0.84898	9.71004e-03
0.84923	9.62947e-03
0.84801	1.06780e-02
0.84895	1.07709e-02
0.85014	9.56715e-03
0.85027	1.02562e-02
0.85097	1.07443e-02
0.85073	1.02059e-02
0.85144	1.07973e-02
0.84862	1.46092e-02
0.85090	1.43939e-02
0.85897	1.00370e-02
0.86024	1.13698e-02
0.84861	0.00000e+00
0.84861	0.00000e+00
0.85062	0.00000e+00
0.84907	0.00000e+00
0.85024	0.00000e+00
0.85156	0.00000e+00
0.85156	0.00000e+00
0.85439	0.00000e+00
0.85439	0.00000e+00
0.85524	0.00000e+00
