0.98206	1.29577e-03
0.98215	2.13538e-03
0.98233	1.41120e-03
0.98243	1.19161e-03
0.98301	1.34316e-03
0.98368	1.33774e-03
0.98249	9.58941e-04
0.98277	1.88214e-03
0.98126	1.85939e-03
0.98082	1.76765e-03
0.97998	2.48175e-03
0.97737	2.54555e-03
0.97618	2.94945e-03
0.97446	3.40556e-03
0.97271	3.62182e-03
0.97390	4.50144e-03
0.97008	3.10574e-03
0.97254	2.91067e-03
0.96736	4.81739e-03
0.96723	4.69787e-03
0.96623	5.41372e-03
0.96632	5.77897e-03
0.96650	6.20847e-03
0.96426	5.62522e-03
0.96115	4.48965e-03
0.96214	4.21086e-03
0.96281	6.80635e-03
0.96071	6.86822e-03
0.95838	9.52536e-03
0.95637	8.89297e-03
0.95743	5.52237e-03
0.95695	6.31659e-03
0.95148	7.95234e-03
0.95048	7.17721e-03
0.94842	1.10023e-02
0.94984	9.13198e-03
0.94903	7.43583e-03
0.94966	8.41733e-03
0.94827	9.62692e-03
0.94677	1.10249e-02
0.94910	1.01231e-02
0.94788	1.02154e-02
0.94330	9.08205e-03
0.94142	1.24091e-02
0.94108	1.12093e-02
0.94192	1.12281e-02
0.93700	1.31769e-02
0.93527	1.32478e-02
0.93519	9.26870e-03
0.93343	8.82148e-03
0.93265	1.02939e-02
0.93268	6.30232e-03
0.93316	1.03129e-02
0.93221	1.16523e-02
0.92959	1.41511e-02
0.92954	1.03857e-02
0.92611	1.29962e-02
0.92911	1.65475e-02
0.92717	1.50757e-02
0.92383	1.61288e-02
0.92399	1.46603e-02
0.92109	1.56047e-02
0.92066	1.01212e-02
0.91852	1.49207e-02
0.91691	1.49205e-02
0.91587	1.60141e-02
0.91479	1.33622e-02
0.91036	1.16369e-02
0.91319	1.44670e-02
0.91203	1.32341e-02
0.91040	1.02051e-02
0.90883	1.64014e-02
0.90558	1.64723e-02
0.90860	1.33686e-02
0.90140	1.16567e-02
0.90283	1.51381e-02
0.89660	1.67884e-02
0.89468	1.54603e-02
0.90201	1.33619e-02
0.89783	1.24646e-02
0.89731	1.80065e-02
0.89295	1.57839e-02
0.88967	1.27185e-02
0.89545	1.59043e-02
0.89010	1.31768e-02
0.88873	1.75237e-02
0.88758	1.82221e-02
0.88539	1.47259e-02
0.88290	2.13382e-02
0.88129	1.97789e-02
0.88110	1.18524e-02
0.88128	1.62405e-02
0.88042	1.42761e-02
0.87653	1.74292e-02
0.87359	1.49199e-02
0.87684	1.01284e-02
0.87495	1.52122e-02
0.87119	1.61224e-02
0.86961	1.26762e-02
0.87133	1.94741e-02
0.86592	1.35524e-02
0.86846	1.20233e-02
0.86991	1.30482e-02
0.86654	1.60780e-02
0.86393	1.84238e-02
0.86654	1.33511e-02
0.86473	1.52134e-02
0.86505	1.41761e-02
0.86177	1.17988e-02
0.86056	1.37977e-02
0.86095	1.51647e-02
0.85713	1.95010e-02
0.85537	2.22050e-02
0.85181	2.35869e-02
0.85061	2.63005e-02
0.84721	2.01814e-02
0.85314	1.47966e-02
0.85226	1.83775e-02
0.84715	2.23426e-02
0.84812	2.18916e-02
0.84483	1.62966e-02
0.84680	1.91825e-02
0.84778	2.30941e-02
0.84544	1.81906e-02
0.84524	2.07415e-02
0.84311	2.01401e-02
0.84181	2.39729e-02
0.83876	1.86614e-02
0.83485	2.69452e-02
0.83448	1.67791e-02
0.83697	1.93703e-02
0.83177	1.90359e-02
0.83503	1.71675e-02
0.82985	1.98535e-02
0.83341	2.46881e-02
0.82459	2.84330e-02
0.82981	2.30758e-02
0.82607	2.08496e-02
0.82688	2.63583e-02
0.82643	2.40434e-02
0.82151	2.60628e-02
0.82669	2.21268e-02
0.82279	1.97917e-02
0.81956	2.75623e-02
0.81517	2.15878e-02
0.81962	2.83593e-02
0.81270	2.30733e-02
0.81175	2.32391e-02
0.80866	1.84587e-02
0.81056	2.53685e-02
0.81311	2.47764e-02
0.81101	2.42721e-02
0.81246	2.71150e-02
0.80773	2.15665e-02
0.80802	2.41866e-02
0.79813	2.44675e-02
0.80617	2.48391e-02
0.80568	2.79606e-02
0.80565	2.73028e-02
0.80475	2.69364e-02
0.79934	1.93777e-02
0.79562	2.72192e-02
0.80343	2.40416e-02
0.80196	3.21558e-02
0.80039	2.30994e-02
0.79422	2.15012e-02
0.79318	2.83177e-02
0.79000	3.02700e-02
0.78753	3.00753e-02
0.79343	3.43413e-02
0.79442	3.06400e-02
0.78625	2.92250e-02
0.79299	2.52963e-02
0.79106	1.86874e-02
0.79545	2.68811e-02
0.78878	2.67033e-02
0.78944	2.47141e-02
0.78453	2.18698e-02
0.78155	2.88159e-02
0.78261	2.63201e-02
0.77658	2.43466e-02
0.78370	2.62779e-02
0.77480	2.31905e-02
0.77845	2.59538e-02
0.77401	2.31571e-02
0.77572	2.46927e-02
0.76214	2.02197e-02
0.76543	1.85121e-02
0.76726	1.77700e-02
0.76668	2.39005e-02
0.75883	2.71159e-02
0.75598	3.09082e-02
0.75702	2.84333e-02
0.75977	2.52346e-02
0.75759	3.32500e-02
0.75136	2.62618e-02
0.76003	2.34488e-02
0.75523	2.07650e-02
0.74937	2.95902e-02
0.74494	2.41349e-02
0.74752	2.40001e-02
0.75467	2.81609e-02
0.74716	2.53472e-02
0.74629	2.98093e-02
0.75264	3.17536e-02
0.74434	3.32106e-02
0.74361	3.11248e-02
0.74214	3.37704e-02
0.74379	2.94836e-02
0.74258	3.76678e-02
0.74155	3.25667e-02
0.73657	2.81803e-02
0.73167	2.69767e-02
0.73514	4.05470e-02
0.73586	3.37975e-02
0.73318	3.26688e-02
0.73892	3.05094e-02
0.73477	3.10457e-02
0.73217	3.55166e-02
0.73267	2.82989e-02
0.73730	3.03398e-02
0.73628	3.37730e-02
0.73502	2.85702e-02
0.72881	3.68276e-02
0.73050	3.12599e-02
0.73001	3.50313e-02
0.73013	3.42471e-02
0.73371	3.25847e-02
0.73208	3.24590e-02
0.72837	3.45892e-02
0.72130	3.53388e-02
0.72949	3.67194e-02
0.72262	4.35667e-02
0.72177	3.72107e-02
0.72253	3.67623e-02
0.72204	3.50944e-02
0.72416	3.27797e-02
0.72577	3.33117e-02
0.71303	3.70115e-02
0.72977	3.09084e-02
0.71853	3.78721e-02
0.71736	3.85208e-02
0.72142	3.81441e-02
0.71757	4.30216e-02
0.71709	4.26349e-02
0.72648	3.67253e-02
0.71433	4.17252e-02
0.72085	3.43212e-02
0.71886	3.63848e-02
0.71637	4.24573e-02
0.71795	3.18403e-02
0.72039	3.18742e-02
0.71405	3.64597e-02
0.71658	3.31177e-02
0.71778	3.37871e-02
0.72961	3.96257e-02
0.71692	2.91314e-02
0.71218	3.56526e-02
0.71810	3.79716e-02
0.71941	3.45669e-02
0.71151	3.59130e-02
0.70602	4.42686e-02
0.70545	4.12724e-02
0.71179	3.80817e-02
0.70338	3.09338e-02
0.70867	3.32046e-02
0.70840	3.61923e-02
0.70977	3.56394e-02
0.70802	3.95949e-02
0.70435	4.07900e-02
0.70948	3.31932e-02
0.70351	3.26024e-02
0.70741	3.48931e-02
0.69726	3.18713e-02
0.69931	2.76366e-02
0.70456	3.15057e-02
0.70138	2.53926e-02
0.70207	3.29422e-02
0.70173	2.88527e-02
0.69893	3.60623e-02
0.69830	2.51168e-02
0.68806	2.62287e-02
0.69740	2.88517e-02
0.70349	2.69892e-02
0.69078	2.71379e-02
0.69631	2.70036e-02
0.69045	3.13985e-02
0.70018	3.24530e-02
0.69462	2.87517e-02
0.69378	2.62304e-02
0.69577	2.47281e-02
0.69406	2.62882e-02
0.69397	3.43686e-02
0.69526	3.19467e-02
0.68498	2.48719e-02
0.69024	3.03432e-02
0.69314	2.47733e-02
0.68817	2.76985e-02
0.68577	2.26135e-02
0.68829	2.74910e-02
0.68665	2.92323e-02
0.68343	2.43743e-02
0.68048	2.38849e-02
0.69050	2.35975e-02
0.67860	2.62889e-02
0.67485	3.35099e-02
0.67937	2.24684e-02
0.67720	2.93864e-02
0.68623	2.61639e-02
0.67524	2.24582e-02
0.67858	2.70061e-02
0.66890	3.24117e-02
0.67107	3.19873e-02
0.67267	2.37278e-02
0.67652	2.50218e-02
0.67454	2.37715e-02
0.67667	2.55716e-02
0.67130	2.72855e-02
0.67034	2.94750e-02
0.67587	2.41001e-02
0.67641	2.52868e-02
0.67053	2.22044e-02
0.66438	1.76731e-02
0.67118	2.64037e-02
0.67417	2.52155e-02
0.67572	2.14231e-02
0.66467	3.15790e-02
0.67668	2.57606e-02
0.66663	2.66130e-02
0.66178	2.78593e-02
0.66861	2.67098e-02
0.67121	2.12800e-02
0.67053	2.74457e-02
0.66583	1.55265e-02
0.66983	2.67485e-02
0.67267	3.08055e-02
0.66547	2.35692e-02
0.66537	2.67384e-02
0.66564	2.29003e-02
0.67650	2.52840e-02
0.67597	2.59444e-02
0.66663	1.87993e-02
0.67122	1.85772e-02
0.67358	2.13648e-02
0.66727	2.88306e-02
0.67073	2.27486e-02
0.66133	2.63642e-02
0.67067	2.58815e-02
0.65872	2.76139e-02
0.65994	2.10470e-02
0.66585	2.15342e-02
0.66648	1.93465e-02
0.66922	2.40626e-02
0.65901	3.19862e-02
0.65330	2.49708e-02
0.66316	1.92541e-02
0.65846	2.19021e-02
0.65273	2.66494e-02
0.65784	2.37672e-02
0.65885	2.74318e-02
0.66053	3.54213e-02
0.66004	2.28263e-02
0.65200	3.04786e-02
0.65523	2.76063e-02
0.65824	1.52901e-02
0.64523	2.65801e-02
0.65493	2.66173e-02
0.65632	1.98320e-02
0.65646	1.99707e-02
0.66292	2.17199e-02
0.65351	2.05681e-02
0.64400	2.32135e-02
0.64283	2.76811e-02
0.64843	2.18714e-02
0.64790	2.38957e-02
0.65497	3.36792e-02
0.65868	2.26136e-02
0.65206	2.32155e-02
0.65230	2.85609e-02
0.65186	3.11357e-02
0.65106	2.59435e-02
0.65132	3.05022e-02
0.65214	2.66228e-02
0.65206	2.85805e-02
0.64679	2.59329e-02
0.64569	2.61117e-02
0.64461	2.81898e-02
0.64853	2.55444e-02
0.64421	2.87310e-02
0.63495	2.79045e-02
0.64126	3.03546e-02
0.64260	2.31907e-02
0.63336	1.83445e-02
0.65251	1.87424e-02
0.64218	1.68338e-02
0.64992	2.80404e-02
0.63790	2.21528e-02
0.64648	2.54746e-02
0.64642	1.75069e-02
0.63852	1.92634e-02
0.62948	2.54054e-02
0.64517	2.38484e-02
0.64615	1.81755e-02
0.64788	2.99782e-02
0.64184	2.49237e-02
0.63562	2.52065e-02
0.63943	3.27667e-02
0.64146	1.99703e-02
0.63767	2.40766e-02
0.63790	2.74380e-02
0.63668	2.55368e-02
0.64048	2.13309e-02
0.64238	1.64726e-02
0.64042	1.88364e-02
0.64690	2.26028e-02
0.64037	2.62828e-02
0.64001	3.07033e-02
0.63663	2.87494e-02
0.64212	2.30941e-02
0.64308	3.18437e-02
0.63996	2.57863e-02
0.64252	2.63398e-02
0.63824	2.01680e-02
0.64258	3.14560e-02
0.63808	2.84193e-02
0.64079	2.24101e-02
0.64291	2.44712e-02
0.63881	2.80323e-02
0.63683	2.38397e-02
0.64560	2.26581e-02
0.62934	2.96526e-02
0.62558	3.27812e-02
0.63430	2.70167e-02
0.62677	3.31470e-02
0.64151	3.44290e-02
0.63309	3.19959e-02
0.63492	3.15827e-02
0.62005	3.28216e-02
0.63592	2.97161e-02
0.64085	2.77289e-02
0.63367	2.61240e-02
0.63327	2.11520e-02
0.64406	2.06384e-02
0.63976	2.74710e-02
0.63862	2.14563e-02
0.63770	3.28743e-02
0.63503	1.82428e-02
0.63721	2.85477e-02
0.62502	1.78323e-02
0.62908	3.00091e-02
0.62279	2.29396e-02
0.62342	3.09938e-02
0.62750	2.55837e-02
0.62947	2.12147e-02
0.63821	2.50729e-02
0.62514	2.95454e-02
0.62853	2.16348e-02
0.62185	2.51127e-02
0.62656	2.67661e-02
0.62945	2.25160e-02
0.63075	2.21545e-02
0.63295	2.19450e-02
0.62948	1.96503e-02
0.62791	1.60001e-02
0.63468	1.97607e-02
0.62673	2.84630e-02
0.62881	1.59438e-02
0.61550	2.27995e-02
0.62557	2.37537e-02
0.62218	2.52203e-02
0.62656	2.13074e-02
0.62197	2.48997e-02
0.62864	3.04150e-02
0.62273	3.28728e-02
0.61901	1.82495e-02
0.61876	2.97857e-02
0.61977	2.79331e-02
0.61914	2.17516e-02
0.61507	3.14586e-02
0.61695	2.65792e-02
0.62658	1.99209e-02
0.62661	2.48898e-02
0.62468	1.87127e-02
0.62025	2.36415e-02
0.62584	2.68543e-02
0.61534	3.01554e-02
0.61853	3.04509e-02
0.61973	2.47332e-02
0.61681	2.01632e-02
0.60571	3.15812e-02
0.62053	3.00554e-02
0.61798	2.78268e-02
0.60703	3.28916e-02
0.61119	3.41192e-02
0.61383	2.76444e-02
0.61405	2.78622e-02
0.60898	3.72019e-02
0.60889	2.67589e-02
0.61125	2.34256e-02
0.61715	3.42481e-02
0.61497	2.48016e-02
0.61890	2.37021e-02
0.61600	2.92631e-02
0.62077	2.19716e-02
0.60878	2.78200e-02
0.60894	2.75487e-02
0.60810	1.56082e-02
0.61716	2.78783e-02
0.60956	2.44690e-02
0.61305	2.58328e-02
0.61229	2.09101e-02
0.60943	2.52752e-02
0.60615	2.97934e-02
0.61160	2.45445e-02
0.60214	2.57084e-02
0.60870	2.48832e-02
0.61102	3.19495e-02
0.59092	2.52918e-02
0.60759	2.52540e-02
0.60170	2.41513e-02
0.60709	2.02081e-02
0.59917	2.35830e-02
0.60352	1.72619e-02
0.60150	2.39255e-02
0.60315	1.64043e-02
0.60093	2.49701e-02
0.60316	2.56480e-02
0.60129	2.48846e-02
0.59569	1.87955e-02
0.60101	2.76031e-02
0.59847	2.38092e-02
0.60781	2.31439e-02
0.59397	1.92402e-02
0.59870	2.06650e-02
0.59914	2.12149e-02
0.59756	2.13874e-02
0.59565	2.49275e-02
0.59671	2.48224e-02
0.59768	2.11673e-02
0.59739	2.60364e-02
0.59723	2.87635e-02
0.59714	2.13106e-02
0.59537	1.94158e-02
0.59316	1.87785e-02
0.59775	2.32620e-02
0.59403	2.39013e-02
0.57959	2.03962e-02
0.59354	1.83352e-02
0.59342	2.55558e-02
0.59515	2.29911e-02
0.58781	2.19453e-02
0.59676	2.34287e-02
0.59279	2.27133e-02
0.59492	1.73878e-02
0.60007	1.64822e-02
0.59103	2.33715e-02
0.58128	2.19032e-02
0.57355	2.05727e-02
0.58501	1.72462e-02
0.58985	1.70112e-02
0.59050	1.42552e-02
0.59257	1.71140e-02
0.59062	1.77625e-02
0.58712	1.66308e-02
0.58429	1.83115e-02
0.58842	2.61137e-02
0.58919	1.86429e-02
0.59199	1.41592e-02
0.59157	2.12617e-02
0.59338	2.17655e-02
0.59187	1.93507e-02
0.58449	2.50310e-02
0.58092	1.72439e-02
0.59232	1.57176e-02
0.58825	1.26250e-02
0.59111	1.90995e-02
0.59054	2.51354e-02
0.58652	2.02983e-02
0.58565	1.44849e-02
0.58281	1.36755e-02
0.59308	1.62722e-02
0.60369	1.62374e-02
0.59226	1.78578e-02
0.59339	1.34205e-02
0.59127	2.07370e-02
0.58416	1.62248e-02
0.58865	2.06477e-02
0.59715	1.69112e-02
0.58527	1.28925e-02
0.59112	2.04102e-02
0.59005	1.64118e-02
0.59418	8.12712e-03
0.59414	6.68056e-03
0.58647	1.54400e-02
0.59632	1.75795e-02
0.58604	1.60929e-02
0.59006	1.59884e-02
0.59511	1.56692e-02
0.58338	1.78031e-02
0.59756	1.86566e-02
0.59611	1.80793e-02
0.59022	1.88757e-02
0.60025	2.01126e-02
0.59194	1.35580e-02
0.59078	1.43702e-02
0.59340	1.34525e-02
0.59599	1.37960e-02
0.58541	1.36076e-02
0.59117	1.71413e-02
0.59391	2.10396e-02
0.59367	1.32162e-02
0.59422	1.43386e-02
0.59531	1.65560e-02
0.59455	8.50802e-03
0.58635	1.54707e-02
0.58611	1.43311e-02
0.58928	1.30311e-02
0.59445	1.17992e-02
0.59301	1.56584e-02
0.58945	1.61630e-02
0.60174	1.01015e-02
0.59050	1.23422e-02
0.59235	1.66274e-02
0.59425	1.59884e-02
0.59346	1.30779e-02
0.59908	9.86697e-03
0.58917	1.89423e-02
0.59177	1.28531e-02
0.59146	1.75466e-02
0.60040	1.90086e-02
0.59728	8.96033e-03
0.59677	1.13753e-02
0.59491	1.68919e-02
0.58716	1.75611e-02
0.59372	1.95491e-02
0.58610	1.05193e-02
0.58670	2.05701e-02
0.59127	1.04125e-02
0.57935	1.13895e-02
0.59327	1.14682e-02
0.59930	2.05524e-02
0.59224	8.62889e-03
0.59365	1.61932e-02
0.58126	1.66477e-02
0.59240	1.96881e-02
0.59963	1.98296e-02
0.59468	7.19553e-03
0.59363	2.08931e-02
0.58557	2.15681e-02
0.58824	1.55421e-02
0.59069	1.42353e-02
0.57858	1.63506e-02
0.58296	1.74229e-02
0.58422	1.48971e-02
0.58548	9.92470e-03
0.57941	1.69414e-02
0.58809	1.47970e-02
0.58606	1.58951e-02
0.59717	1.70296e-02
0.59271	1.88021e-02
0.58391	1.79605e-02
0.58511	1.43954e-02
0.58140	1.77082e-02
0.59599	1.55307e-02
0.59372	1.71448e-02
0.58763	1.40950e-02
0.58356	1.90911e-02
0.58683	2.13809e-02
0.58483	1.22068e-02
0.59450	2.19967e-02
0.58568	2.15991e-02
0.58945	1.62875e-02
0.59401	2.06703e-02
0.58523	2.62791e-02
0.58703	1.57747e-02
0.58721	2.88018e-02
0.57830	1.52441e-02
0.58800	2.04132e-02
0.57999	1.78635e-02
0.57867	1.73213e-02
0.58902	1.98346e-02
0.58575	1.72038e-02
0.58720	2.04416e-02
0.57751	2.28544e-02
0.57718	1.83441e-02
0.58008	1.27025e-02
0.58773	1.73364e-02
0.58676	1.43070e-02
0.59231	2.06877e-02
0.58155	1.98838e-02
0.57960	1.98403e-02
0.58036	1.70952e-02
0.58059	2.27818e-02
0.57756	1.57622e-02
0.58494	1.59375e-02
0.58547	2.20737e-02
0.58292	2.40888e-02
0.57936	2.67815e-02
0.59130	2.04372e-02
0.57442	1.56469e-02
0.58240	1.67922e-02
0.57664	2.42927e-02
0.57729	2.85165e-02
0.57596	2.14655e-02
0.57663	2.43510e-02
0.57311	2.51934e-02
0.58858	1.51567e-02
0.57736	1.71131e-02
0.57706	2.13560e-02
0.57681	1.38868e-02
0.56237	1.94143e-02
0.57738	2.04578e-02
0.57022	1.93064e-02
0.57032	2.43424e-02
0.56825	2.13964e-02
0.56615	2.60269e-02
0.57995	2.04578e-02
0.56990	2.02766e-02
0.57831	2.70245e-02
0.57385	2.22456e-02
0.56703	2.68519e-02
0.56914	2.17963e-02
0.57086	2.49784e-02
0.57165	2.71937e-02
0.56474	2.61216e-02
0.57467	1.67468e-02
0.56317	2.77756e-02
0.57221	1.96973e-02
0.56168	2.74228e-02
0.57691	1.52323e-02
0.57142	2.50846e-02
0.56325	1.53395e-02
0.57304	1.53824e-02
0.56937	1.88444e-02
0.56673	1.96882e-02
0.56450	2.02189e-02
0.56700	2.22978e-02
0.56269	2.19516e-02
0.56400	2.59280e-02
0.56193	2.87255e-02
0.55577	2.08905e-02
0.56740	2.92890e-02
0.56342	2.48491e-02
0.56849	2.00386e-02
0.56521	2.57474e-02
0.56673	2.30712e-02
0.55930	2.76910e-02
0.55531	2.64523e-02
0.56622	2.67963e-02
0.55785	2.73599e-02
0.56236	2.37337e-02
0.55873	2.61637e-02
0.55973	2.27092e-02
0.55996	2.93770e-02
0.55821	3.50974e-02
0.56410	2.42751e-02
0.56902	2.36048e-02
0.56415	2.82481e-02
0.56121	2.75164e-02
0.55348	2.46047e-02
0.56598	2.25536e-02
0.56262	3.32200e-02
0.56072	2.66436e-02
0.55636	1.87695e-02
0.56132	2.41370e-02
0.55944	2.33804e-02
0.55772	3.13874e-02
0.55783	2.44837e-02
0.55724	2.36907e-02
0.55893	1.80286e-02
0.55154	3.24931e-02
0.55113	2.57894e-02
0.56938	1.92194e-02
0.54236	2.46153e-02
0.55142	2.35065e-02
0.55129	2.39761e-02
0.56437	2.47373e-02
0.55478	2.65684e-02
0.55937	2.58833e-02
0.55246	2.96871e-02
0.55574	2.95747e-02
0.54976	3.17300e-02
0.55447	2.52428e-02
0.56067	2.27106e-02
0.55341	2.51601e-02
0.55088	2.42908e-02
0.55144	2.01765e-02
0.55020	3.25074e-02
0.55430	3.28744e-02
0.54905	2.91672e-02
0.55622	2.86898e-02
0.54727	2.09624e-02
0.56177	2.37159e-02
0.55976	2.83385e-02
0.54373	2.93834e-02
0.55507	2.81124e-02
0.55323	3.61872e-02
0.55097	2.39735e-02
0.55869	2.83684e-02
0.54833	2.09766e-02
0.54686	2.27851e-02
0.55702	2.24420e-02
0.54081	2.33367e-02
0.54239	3.25247e-02
0.55913	1.98591e-02
0.55049	2.76703e-02
0.55351	1.98993e-02
0.54627	2.20383e-02
0.54236	2.88344e-02
0.54381	2.07055e-02
0.54826	3.08966e-02
0.54036	3.18845e-02
0.54669	3.29257e-02
0.55072	2.57570e-02
0.54968	2.40974e-02
0.54555	2.67057e-02
0.53764	3.25344e-02
0.54897	2.10714e-02
0.54354	2.89471e-02
0.53930	2.67441e-02
0.54834	2.41082e-02
0.54694	2.09466e-02
0.54412	2.77532e-02
0.54844	2.25511e-02
0.54308	2.74749e-02
0.54468	2.73182e-02
0.54543	2.42312e-02
0.54107	3.09002e-02
0.54103	1.97645e-02
0.55379	2.69808e-02
0.54197	2.52895e-02
0.54239	1.67586e-02
0.54498	2.41696e-02
0.53274	3.18725e-02
0.53434	3.29785e-02
0.53759	3.31713e-02
0.53267	2.56542e-02
0.53680	2.08946e-02
0.53332	2.55093e-02
0.54037	2.33450e-02
0.54425	2.74432e-02
0.54297	2.09900e-02
0.53859	2.29372e-02
0.54106	2.61077e-02
0.53529	2.59219e-02
0.53404	2.46785e-02
0.52684	3.09757e-02
0.53213	2.19230e-02
0.53887	3.11965e-02
0.53413	1.96701e-02
0.52497	2.43308e-02
0.52324	2.56337e-02
0.52246	2.41885e-02
0.53320	2.77041e-02
0.52638	2.84001e-02
0.52969	2.76449e-02
0.53937	3.37375e-02
0.52968	2.61426e-02
0.52821	2.40183e-02
0.53080	2.94124e-02
0.52565	3.21337e-02
0.51371	2.60969e-02
0.53873	2.11274e-02
0.52333	3.07135e-02
0.53180	2.52282e-02
0.51860	2.79916e-02
0.52362	2.70694e-02
0.52002	3.03471e-02
0.52910	2.88714e-02
0.52148	2.37142e-02
0.52096	2.48443e-02
0.50390	3.03584e-02
0.52101	2.57313e-02
0.51391	2.55241e-02
0.52189	2.25530e-02
0.51545	2.37165e-02
0.52242	3.28447e-02
0.52798	2.41612e-02
0.51748	3.54454e-02
0.51880	3.68912e-02
0.52249	2.69082e-02
0.52835	2.85760e-02
0.52479	2.70185e-02
0.51836	3.52568e-02
0.52214	2.02568e-02
0.51306	3.61001e-02
0.51089	3.13636e-02
0.51222	3.76181e-02
0.52515	3.00894e-02
0.51191	3.18683e-02
0.52967	4.01462e-02
0.51415	2.41767e-02
0.51525	2.14242e-02
0.50970	2.27361e-02
0.51113	3.85369e-02
0.51480	3.61460e-02
0.51343	2.91570e-02
0.50897	3.53997e-02
0.51945	2.24922e-02
0.51496	3.01608e-02
0.51468	3.58603e-02
0.49618	3.36403e-02
0.50694	3.23417e-02
0.51316	3.07807e-02
0.50794	3.74073e-02
0.50549	2.93369e-02
0.50933	3.73938e-02
0.51466	2.95752e-02
0.51054	2.70506e-02
0.51461	2.23699e-02
0.50610	4.40426e-02
0.50254	3.42933e-02
0.51651	3.23430e-02
0.50459	4.03181e-02
0.50599	4.10777e-02
0.50540	3.67703e-02
0.50158	2.85457e-02
0.52211	3.01833e-02
0.49981	1.99069e-02
0.49507	3.78572e-02
0.50233	2.65595e-02
0.50364	2.29670e-02
0.49595	3.05097e-02
0.50538	3.07313e-02
0.51079	3.13261e-02
0.50373	3.98065e-02
0.50996	3.31899e-02
0.50651	3.72344e-02
0.50907	3.07949e-02
0.51119	3.04202e-02
0.50509	2.33044e-02
0.49480	2.96170e-02
0.50195	2.97552e-02
0.50796	3.04467e-02
0.50275	2.84264e-02
0.50118	3.37253e-02
0.49840	2.48291e-02
0.49978	3.46436e-02
0.49785	2.93969e-02
0.50168	2.90366e-02
0.50514	2.82101e-02
0.50051	2.98940e-02
0.49913	3.34991e-02
0.49901	2.20979e-02
0.49319	2.95932e-02
0.51395	2.55589e-02
0.51163	2.42695e-02
0.49520	2.26104e-02
0.50969	2.66240e-02
0.51044	3.83387e-02
0.50179	2.15139e-02
0.48834	3.49876e-02
0.50036	3.48209e-02
0.50639	2.73514e-02
0.50429	2.68036e-02
0.50567	3.00765e-02
0.49828	3.21923e-02
0.49940	4.14509e-02
0.50089	2.32442e-02
0.49692	2.59568e-02
0.50299	2.95028e-02
0.49576	2.90649e-02
0.49037	2.18961e-02
0.50310	4.12474e-02
0.49146	3.51144e-02
0.50049	3.07247e-02
0.49767	2.30789e-02
0.50054	2.31319e-02
0.48830	2.36019e-02
0.48861	3.48090e-02
0.49363	2.69271e-02
0.49444	3.40179e-02
0.48790	2.38020e-02
0.48673	3.24889e-02
0.48731	2.21327e-02
0.49109	2.22269e-02
0.49130	2.28319e-02
0.48997	2.15703e-02
0.49299	2.21738e-02
0.49031	3.22362e-02
0.49658	4.02506e-02
0.49284	2.95680e-02
0.48342	2.02066e-02
0.49087	2.14861e-02
0.48891	2.89825e-02
0.49775	2.38072e-02
0.49097	2.71202e-02
0.49011	2.84524e-02
0.49141	2.24754e-02
0.49253	2.97678e-02
0.47753	3.61302e-02
0.48571	2.48895e-02
0.48339	2.33564e-02
0.48730	3.34509e-02
0.47622	2.43652e-02
0.48918	2.65053e-02
0.48652	2.54759e-02
0.48329	3.23678e-02
0.48723	3.50859e-02
0.49023	2.55387e-02
0.49968	2.05451e-02
0.49658	2.45320e-02
0.50278	1.64780e-02
0.49690	4.13119e-02
0.50788	2.62128e-02
0.50583	2.98988e-02
0.49942	2.58567e-02
0.50422	3.45860e-02
0.51259	3.10520e-02
0.51788	2.20300e-02
0.52107	2.76845e-02
0.52029	2.65999e-02
0.52789	3.49643e-02
0.51749	2.76593e-02
0.52854	2.81939e-02
0.54000	2.62816e-02
0.53787	1.71984e-02
0.53402	2.56949e-02
0.55254	2.85284e-02
0.54475	2.28935e-02
0.56490	1.90155e-02
0.55466	2.12282e-02
0.56116	3.00436e-02
0.55621	2.93115e-02
0.56917	2.06053e-02
0.56999	1.99291e-02
0.56250	2.70482e-02
0.56907	2.06120e-02
0.57120	2.17038e-02
0.57590	1.53404e-02
0.57307	2.10299e-02
0.57956	2.12827e-02
0.58197	1.97870e-02
0.58272	2.05439e-02
0.58777	2.46914e-02
0.59041	2.31069e-02
0.58576	2.23555e-02
0.59976	1.66819e-02
0.58724	2.06767e-02
0.59996	2.57358e-02
0.59358	3.72148e-02
0.60757	1.60631e-02
0.60397	2.34009e-02
0.61091	1.70743e-02
0.60764	2.75319e-02
0.61870	2.32881e-02
0.61300	2.30523e-02
0.62117	1.22647e-02
0.61934	1.98107e-02
0.62272	1.25959e-02
0.62226	2.14388e-02
0.63050	1.61864e-02
0.62295	2.00505e-02
0.63418	2.26645e-02
0.62673	2.03253e-02
0.62947	2.86329e-02
0.63844	2.45614e-02
0.64671	1.37840e-02
0.64820	1.76694e-02
0.63973	2.04875e-02
0.65225	1.06963e-02
0.65001	2.11342e-02
0.65691	1.31548e-02
0.65855	2.05631e-02
0.66166	1.77035e-02
0.66903	1.83003e-02
0.66209	2.21128e-02
0.66330	1.46762e-02
0.66502	1.65131e-02
0.66517	1.55545e-02
0.67331	1.37881e-02
0.67887	1.95866e-02
0.67719	1.58145e-02
0.67451	9.72635e-03
0.67908	1.01823e-02
0.69148	1.10524e-02
0.68387	1.78112e-02
0.67997	2.46288e-02
0.68327	2.00293e-02
0.68909	1.26754e-02
0.69012	2.53446e-02
0.69031	1.59600e-02
0.69805	1.83915e-02
0.69412	1.26379e-02
0.69344	1.61218e-02
0.69784	2.26159e-02
0.71255	2.00982e-02
0.70589	1.87315e-02
0.69713	1.91877e-02
0.70779	1.66807e-02
0.71242	1.75628e-02
0.71340	6.59481e-03
0.71553	1.21535e-02
0.72150	1.94544e-02
0.71798	1.65465e-02
0.72160	1.19360e-02
0.72169	7.84872e-03
0.71882	1.49342e-02
0.71703	1.13975e-02
0.72287	1.56099e-02
0.72572	1.14942e-02
0.73289	1.52666e-02
0.73502	1.51399e-02
0.73960	1.40411e-02
0.73508	1.27190e-02
0.74066	1.40519e-02
0.74069	1.44723e-02
0.74787	1.42518e-02
0.75013	1.89947e-02
0.74499	1.25424e-02
0.74931	9.20266e-03
0.74559	1.56277e-02
0.75087	1.46158e-02
0.75495	8.41562e-03
0.75904	1.18550e-02
0.75520	1.34960e-02
0.76248	1.26376e-02
0.76335	1.86314e-02
0.76375	1.66776e-02
0.76190	1.75219e-02
0.77151	1.01169e-02
0.76629	1.47581e-02
0.76959	1.17292e-02
0.77478	1.80202e-02
0.77575	1.41471e-02
0.77716	1.41150e-02
0.77744	1.47202e-02
0.77502	1.72258e-02
0.77842	1.03006e-02
0.78106	1.69510e-02
0.78207	1.78101e-02
0.78826	1.33113e-02
0.78821	2.02137e-02
0.78882	1.38314e-02
0.78320	1.28000e-02
0.79170	1.74184e-02
0.79664	1.60662e-02
0.79330	2.14370e-02
0.79969	1.32494e-02
0.80380	1.55155e-02
0.79853	1.36133e-02
0.79787	1.38611e-02
0.79755	1.50749e-02
0.80368	1.39040e-02
0.80314	1.71078e-02
0.80098	1.30798e-02
0.80888	1.72569e-02
0.80989	1.45548e-02
0.80654	1.52022e-02
0.81017	1.57917e-02
0.80795	1.82802e-02
0.81295	1.53252e-02
0.81007	2.38845e-02
0.81340	2.06379e-02
0.81711	1.91573e-02
0.81708	1.95418e-02
0.81379	2.40616e-02
0.82130	2.23414e-02
0.82189	2.00982e-02
0.81903	1.95161e-02
0.81795	1.44839e-02
0.82149	1.68940e-02
0.82521	1.71589e-02
0.82743	2.22622e-02
0.82609	2.15670e-02
0.83097	1.40892e-02
0.82550	1.85166e-02
0.83637	1.99472e-02
0.83637	2.10100e-02
0.83761	1.90642e-02
0.83860	1.87548e-02
0.83631	1.44717e-02
0.83835	2.24391e-02
0.83797	1.90041e-02
0.84796	1.67075e-02
0.83558	2.64737e-02
0.84569	2.04648e-02
0.84555	1.74286e-02
0.84661	1.61639e-02
0.84550	2.10792e-02
0.85526	2.31459e-02
0.84741	2.17898e-02
0.84622	1.84241e-02
0.84927	1.81061e-02
0.84715	1.55927e-02
0.85387	2.00542e-02
0.85281	1.86603e-02
0.85750	1.90695e-02
0.85745	1.78775e-02
0.85351	1.87731e-02
0.85349	1.97493e-02
0.85727	1.49569e-02
0.85814	2.34886e-02
0.85975	1.69947e-02
0.85986	1.58502e-02
0.86157	1.91469e-02
0.86245	1.51216e-02
0.86393	1.72129e-02
0.86500	1.73305e-02
0.86629	1.48555e-02
0.86307	1.42868e-02
0.87024	1.41714e-02
0.87118	1.44645e-02
0.87414	1.73380e-02
0.87288	2.09378e-02
0.87323	1.64421e-02
0.87748	1.41572e-02
0.87197	1.69416e-02
0.87486	1.90889e-02
0.87873	1.55809e-02
0.87854	1.84314e-02
0.87794	1.77201e-02
0.87654	2.07267e-02
0.87784	1.49096e-02
0.87970	1.67466e-02
0.88097	1.36095e-02
0.88556	1.90898e-02
0.88655	1.72613e-02
0.88533	1.99086e-02
0.88471	1.27726e-02
0.88389	1.80499e-02
0.88970	1.67962e-02
0.88848	1.66171e-02
0.88910	1.51831e-02
0.88864	1.94959e-02
0.89450	1.53492e-02
0.89133	1.61551e-02
0.89436	1.39021e-02
0.88762	1.62694e-02
0.89368	1.91591e-02
0.89443	1.45803e-02
0.89829	1.18401e-02
0.89758	1.30515e-02
0.89909	1.55114e-02
0.89856	1.14663e-02
0.90288	1.54549e-02
0.90064	1.37600e-02
0.90046	1.46773e-02
0.90216	1.54516e-02
0.90313	1.43615e-02
0.90583	1.09707e-02
0.90461	1.45556e-02
0.90704	1.68802e-02
0.90787	1.11058e-02
0.90844	1.09105e-02
0.91249	1.02980e-02
0.91125	1.10637e-02
0.91107	1.33804e-02
0.91124	1.33787e-02
0.91233	1.41864e-02
0.91099	1.53634e-02
0.91426	1.66891e-02
0.91471	1.17681e-02
0.91895	1.07751e-02
0.91997	1.64556e-02
0.91658	1.97594e-02
0.91702	1.18794e-02
0.91940	1.30893e-02
0.92135	1.27223e-02
0.91902	1.55402e-02
0.92230	1.25450e-02
0.92471	1.16588e-02
0.92390	1.12278e-02
0.92323	1.26192e-02
0.92447	1.17216e-02
0.92352	1.12397e-02
0.92434	1.29258e-02
0.92764	1.44195e-02
0.93026	9.80169e-03
0.92572	1.27722e-02
0.92779	1.34338e-02
0.92731	1.29082e-02
0.92641	1.10720e-02
0.93020	9.44266e-03
0.92825	1.24714e-02
0.93123	1.23554e-02
0.93335	1.23510e-02
0.93561	1.22383e-02
0.93214	1.16810e-02
0.93257	1.31869e-02
0.93633	1.31000e-02
0.93694	1.41116e-02
0.93580	1.00151e-02
0.93402	1.27877e-02
0.93462	1.32644e-02
0.93645	1.05582e-02
0.93562	9.06209e-03
0.93694	8.24722e-03
0.93502	1.23900e-02
0.93573	1.22732e-02
0.93855	9.97865e-03
0.93704	1.27931e-02
0.93810	1.01008e-02
0.94132	1.04172e-02
0.94068	9.36221e-03
0.94026	1.17856e-02
0.94084	1.03777e-02
0.93846	9.43494e-03
0.94193	7.78386e-03
0.94151	9.06803e-03
0.94234	8.00990e-03
0.94106	1.06472e-02
0.94411	1.30425e-02
0.94267	1.18290e-02
0.94178	1.31020e-02
0.94469	1.07341e-02
0.94622	9.29698e-03
0.94227	1.22091e-02
0.94460	9.18561e-03
0.94873	7.69509e-03
0.94822	7.80039e-03
0.94884	7.71567e-03
0.94591	1.01002e-02
0.94800	1.10372e-02
0.94864	9.98146e-03
0.94784	8.26780e-03
0.95011	8.38390e-03
0.95021	9.62923e-03
0.95103	9.73710e-03
0.95168	9.37645e-03
0.95250	6.59032e-03
0.95140	6.72641e-03
0.95338	7.56246e-03
0.95128	7.69309e-03
0.95554	6.03082e-03
0.95533	6.68717e-03
0.95484	9.54524e-03
0.95480	6.17505e-03
0.95886	6.33253e-03
0.95726	8.33350e-03
0.95715	6.74834e-03
0.95832	4.89155e-03
0.95701	4.61065e-03
0.95881	7.72853e-03
0.96043	6.70058e-03
0.96103	6.40976e-03
0.95791	6.91702e-03
0.96123	7.62415e-03
0.95979	6.30780e-03
0.95969	7.71885e-03
0.96308	5.33220e-03
0.96059	6.70255e-03
0.95948	6.04295e-03
0.96061	5.87698e-03
0.96227	4.40512e-03
0.96255	4.26496e-03
0.96346	4.80394e-03
0.96403	6.88121e-03
0.96201	6.46085e-03
0.96379	6.75886e-03
0.96455	5.08248e-03
0.96539	5.99435e-03
0.96426	5.63012e-03
0.96641	4.62753e-03
0.96558	5.50695e-03
0.96578	4.28586e-03
0.96628	4.06467e-03
0.96555	4.01477e-03
0.96568	4.08023e-03
0.96653	4.15955e-03
0.96770	4.45055e-03
0.96733	4.69481e-03
0.96906	4.51539e-03
0.96927	5.07924e-03
0.96782	4.41352e-03
0.96976	4.02191e-03
0.96950	4.64945e-03
0.96915	4.00058e-03
0.96744	3.67470e-03
0.96951	5.75997e-03
0.96929	4.77356e-03
0.97145	4.56988e-03
0.97091	4.88376e-03
0.97229	4.06983e-03
0.97075	4.82552e-03
0.97096	4.06936e-03
0.97048	5.08699e-03
0.97170	5.66446e-03
0.97181	5.06434e-03
0.97298	4.49191e-03
0.97098	6.31159e-03
0.97239	4.85755e-03
0.97297	5.40348e-03
0.97152	5.33248e-03
0.97106	4.31830e-03
0.97201	5.18775e-03
0.97281	4.39081e-03
0.97545	2.74588e-03
0.97421	3.89579e-03
0.97428	4.07295e-03
0.97407	5.27630e-03
0.97560	4.30299e-03
0.97531	3.55725e-03
0.97626	3.88737e-03
0.97576	3.16147e-03
0.97566	4.97537e-03
0.97717	4.72766e-03
0.97745	4.46696e-03
0.97668	3.94793e-03
0.97822	4.55484e-03
0.97812	4.66735e-03
0.97647	5.12241e-03
0.97887	3.25450e-03
0.97768	3.39420e-03
0.97740	3.06879e-03
0.97915	2.10696e-03
0.97907	2.72271e-03
0.97820	1.93317e-03
0.98056	2.25245e-03
0.97985	2.83464e-03
0.98060	2.23331e-03
0.98071	2.01166e-03
0.98065	3.96794e-03
0.98015	2.52993e-03
0.97997	3.20284e-03
0.97943	3.76429e-03
0.98068	3.52415e-03
0.98035	2.55490e-03
0.98094	3.13368e-03
0.98161	3.22115e-03
0.98016	3.40677e-03
0.98046	1.70551e-03
0.98014	2.74999e-03
0.98069	3.34232e-03
0.98040	1.52224e-03
0.98008	1.42736e-03
0.98064	1.28003e-03
0.97940	2.37712e-03
0.98032	2.68094e-03
0.98046	2.12168e-03
0.97820	2.51061e-03
0.98059	2.21284e-03
0.98057	1.90528e-03
0.97882	9.73251e-04
0.98014	3.66704e-03
0.98000	2.90709e-03
0.98124	2.37674e-03
0.98105	1.55522e-03
0.98142	1.25089e-03
0.98092	1.42315e-03
0.98206	1.05997e-03
0.98121	2.16968e-04
0.98121	2.16968e-04
0.98050	1.77538e-03
0.98005	0.00000e+00
0.98159	0.00000e+00
0.98159	0.00000e+00
0.98149	0.00000e+00
0.98149	0.00000e+00
0.97856	0.00000e+00
0.97801	0.00000e+00
0.98281	0.00000e+00
0.97897	0.00000e+00
