0.3069
0.3204
0.3344
0.3488
0.3634
0.3782
0.3932
0.4085
0.4239
0.4395
0.4552
0.4710
0.4868
0.5027
0.5186
0.5344
0.5501
0.5657
0.5811
0.5962
0.6111
0.6256
0.6399
0.6538
0.6673
0.6806
0.6934
0.7060
0.7181
0.7300
0.7415
0.7526
0.7635
0.7739
0.7840
0.7937
0.8030
0.8120
0.8205
0.8285
0.8361
0.8433
0.8500
0.8562
0.8620
0.8673
0.8722
0.8768
0.8809
0.8847
0.8883
0.8915
0.8946
0.8974
0.9002
0.9028
0.9053
0.9078
0.9102
0.9127
0.9151
0.9177
0.9202
0.9228
0.9255
0.9282
0.9310
0.9337
0.9365
0.9393
0.9420
0.9446
0.9472
0.9496
0.9520
0.9542
0.9563
0.9582
0.9600
0.9617
0.9632
0.9646
0.9659
0.9670
0.9681
0.9690
0.9698
0.9705
0.9712
0.9718
0.9723
0.9728
0.9732
0.9735
0.9739
0.9741
0.9744
0.9746
0.9748
0.9750
0.9751
0.9753
0.9754
0.9755
0.9756
0.9757
0.9758
0.9758
0.9759
0.9759
0.9760
0.9760
0.9761
0.9761
0.9761
0.9762
0.9762
0.9762
0.9762
0.9763
0.9763
0.9763
0.9763
0.9763
0.9763
0.9764
0.9764
0.9764
0.9764
0.9764
0.9764
0.9764
0.9764
0.9764
0.9764
0.9764
0.9764
0.9764
0.9764
0.9764
0.9764
0.9765
0.9765
0.9765
0.9765
0.9765
0.9765
0.9765
0.9765
0.9765
0.9765
0.9765
0.9765
0.9765
0.9765
0.9765
0.9765
0.9765
0.9765
0.9765
0.9765
0.9765
0.9765
0.9765
0.9765
0.9765
0.9765
0.9765
0.9765
0.9765
0.9765
0.9765
0.9765
0.9765
0.9765
0.9765
0.9765
0.9765
0.9765
0.9765
0.9765
0.9765
0.9765
0.9765
0.9765
0.9765
0.9765
0.9765
0.9765
0.9765
0.9765
0.9765
0.9765
0.9765
0.9765
0.9765
0.9765
0.9765
0.9765
0.9765
0.9765
0.9765
0.9765
0.9765
0.9765
0.9765
0.9765
0.9765
0.9765
0.9765
0.9765
0.9765
0.9765
0.9765
0.9765
0.9765
0.9765
0.9765
0.9765
0.9765
0.9765
0.9765
0.9765
0.9765
0.9765
0.9765
0.9765
0.9765
0.9765
0.9765
0.9765
0.9765
0.9765
0.9765
0.9765
0.9765
0.9765
0.9765
0.9765
0.9765
0.9765
0.9765
0.9765
0.9765
0.9765
0.9765
0.9765
0.9765
0.9765
0.9765
0.9765
0.9765
0.9765
0.9765
0.9765
0.9765
0.9765
0.9765
0.9765
0.9765
0.9765
0.9765
0.9765
0.9765
0.9765
0.9765
0.9765
0.9765
0.9765
0.9765
0.9765
0.9765
0.9765
0.9765
0.9765
0.9765
0.9765
0.9765
0.9765
0.9765
0.9765
0.9765
0.9765
0.9765
0.9765
0.9765
0.9765
0.9765
0.9765
0.9765
0.9765
0.9765
0.9765
0.9765
0.9765
0.9765
0.9765
0.9765
0.9765
0.9765
0.9765
0.9765
0.9765
0.9765
0.9765
0.9765
0.9765
0.9765
0.9765
0.9765
0.9765
0.9765
0.9765
0.9765
0.9765
0.9765
0.9765
0.9765
0.9765
0.9765
0.9765
0.9765
0.9765
0.9765
0.9765
0.9765
0.9765
0.9765
0.9765
0.9765
0.9765
0.9765
0.9765
0.9765
0.9765
0.9765
0.9765
0.9765
0.9765
0.9765
0.9765
0.9765
0.9765
0.9765
0.9765
0.9765
0.9765
0.9765
0.9765
0.9765
0.9765
0.9765
0.9765
0.9765
0.9765
0.9765
0.9765
0.9765
0.9765
0.9765
0.9765
0.9765
0.9765
0.9765
0.9765
0.9765
0.9765
0.9765
0.9765
0.9765
0.9765
0.9765
0.9765
0.9765
0.9765
0.9765
0.9765
0.9765
0.9765
0.9765
0.9765
0.9765
0.9765
0.9765
0.9765
0.9765
0.9765
0.9765
0.9765
0.9765
0.9765
0.9765
0.9765
0.9765
0.9765
0.9765
0.9765
0.9765
0.9765
0.9765
0.9765
0.9765
0.9765
0.9765
0.9765
0.9765
0.9765
0.9765
0.9765
0.9765
0.9765
0.9765
0.9765
0.9765
0.9765
0.9765
0.9765
0.9765
0.9765
0.9765
0.9765
0.9765
0.9765
0.9765
0.9765
0.9765
0.9765
0.9765
0.9765
0.9765
0.9765
0.9765
0.9765
0.9765
0.9765
0.9765
0.9765
0.9765
0.9765
0.9765
0.9765
0.9765
0.9765
0.9765
0.9765
0.9765
0.9765
0.9765
0.9765
0.9765
0.9765
0.9765
0.9765
0.9765
0.9765
0.9765
0.9765
0.9765
0.9765
0.9765
0.9765
0.9765
0.9765
0.9765
0.9765
0.9765
0.9765
0.9765
0.9765
0.9765
0.9765
0.9765
0.9765
0.9765
0.9765
0.9765
0.9765
0.9765
0.9765
0.9765
0.9765
0.9765
0.9765
0.9765
0.9765
0.9765
0.9765
0.9765
0.9765
0.9765
0.9765
0.9765
0.9765
0.9765
0.9765
0.9765
0.9765
0.9765
0.9765
0.9765
0.9765
0.9765
0.9765
0.9765
0.9765
0.9765
0.9765
0.9765
0.9765
0.9765
0.9765
0.9765
0.9765
0.9765
0.9765
0.9765
0.9765
0.9765
0.9765
0.9765
0.9765
0.9765
0.9765
0.9765
0.9765
0.9765
0.9765
0.9765
0.9765
0.9765
0.9765
0.9765
0.9765
0.9765
0.9765
0.9765
0.9765
0.9765
0.9765
0.9765
0.9765
0.9765
0.9765
0.9765
0.9765
0.9765
0.9765
0.9765
0.9765
0.9765
0.9765
0.9765
0.9765
0.9765
0.9765
0.9765
0.9765
0.9765
0.9765
0.9765
0.9765
0.9765
0.9765
0.9765
0.9765
0.9765
0.9765
0.9765
0.9765
0.9765
0.9765
0.9765
0.9765
0.9765
0.9765
0.9765
0.9765
0.9765
0.9765
0.9765
0.9765
0.9765
0.9765
0.9765
0.9765
0.9765
0.9765
0.9765
0.9765
0.9765
0.9765
0.9765
0.9765
0.9765
0.9765
0.9765
0.9765
0.9765
0.9765
0.9765
0.9765
0.9765
0.9765
0.9765
0.9765
0.9765
0.9765
0.9765
0.9765
0.9765
0.9765
0.9765
0.9765
0.9765
0.9765
0.9765
0.9765
0.9765
0.9765
0.9765
0.9765
0.9765
0.9765
0.9765
0.9765
0.9765
0.9765
0.9765
0.9765
0.9765
0.9765
0.9765
0.9765
0.9765
0.9765
0.9765
0.9765
0.9765
0.9765
0.9765
0.9765
0.9765
0.9765
0.9765
0.9765
0.9765
0.9765
0.9765
0.9765
0.9765
0.9765
0.9765
0.9765
0.9765
0.9765
0.9765
0.9765
0.9765
0.9765
0.9765
0.9765
0.9765
0.9765
0.9765
0.9765
0.9765
0.9765
0.9765
0.9765
0.9765
0.9765
0.9765
0.9765
0.9765
0.9765
0.9765
0.9765
0.9765
0.9765
0.9765
0.9765
0.9765
0.9765
0.9765
0.9765
0.9765
0.9765
0.9765
0.9765
0.9765
0.9765
0.9765
0.9765
0.9765
0.9765
0.9765
0.9765
0.9765
0.9765
0.9765
0.9765
0.9765
0.9765
0.9765
0.9765
0.9765
0.9765
0.9765
0.9765
0.9765
0.9765
0.9765
0.9765
0.9765
0.9765
0.9765
0.9765
0.9765
0.9765
0.9765
0.9765
0.9765
0.9765
0.9765
0.9765
0.9765
0.9765
0.9765
0.9765
0.9765
0.9765
0.9765
0.9765
0.9765
0.9765
0.9765
0.9765
0.9765
0.9765
0.9765
0.9765
0.9765
0.9765
0.9765
0.9765
0.9765
0.9765
0.9765
0.9765
0.9765
0.9765
0.9765
0.9765
0.9765
0.9765
0.9765
0.9765
0.9765
0.9765
0.9765
0.9765
0.9765
0.9765
0.9765
0.9765
0.9765
0.9765
0.9765
0.9765
0.9765
0.9765
0.9765
0.9765
0.9765
0.9765
0.9765
0.9765
0.9765
0.9765
0.9765
0.9765
0.9765
0.9765
0.9765
0.9765
0.9765
0.9765
0.9765
0.9765
0.9765
0.9765
0.9765
0.9765
0.9765
0.9765
0.9765
0.9765
0.9765
0.9765
0.9765
0.9765
0.9765
0.9765
0.9765
0.9765
0.9765
0.9765
0.9765
0.9765
0.9765
0.9765
0.9765
0.9765
0.9765
0.9765
0.9765
0.9765
0.9765
0.9765
0.9765
0.9765
0.9765
0.9765
0.9765
0.9765
0.9765
0.9765
0.9765
0.9765
0.9765
0.9765
0.9765
0.9765
0.9765
0.9765
0.9765
0.9765
0.9765
0.9765
0.9765
0.9765
0.9765
0.9765
0.9765
0.9765
0.9765
0.9765
0.9765
0.9765
0.9765
0.9765
0.9765
0.9765
0.9765
0.9765
0.9765
0.9765
0.9765
0.9765
0.9765
0.9765
0.9765
0.9765
0.9765
0.9765
0.9765
0.9765
0.9765
0.9765
0.9765
0.9765
0.9765
0.9765
0.9765
0.9765
0.9765
0.9765
0.9765
0.9765
0.9765
0.9765
0.9765
0.9765
0.9765
0.9765
0.9765
0.9765
0.9765
0.9765
0.9765
0.9765
0.9765
0.9765
0.9765
0.9765
0.9765
0.9765
0.9765
0.9765
0.9765
0.9765
0.9765
0.9765
0.9765
0.9765
0.9765
0.9765
0.9765
0.9765
0.9765
0.9765
0.9765
0.9765
0.9765
0.9765
0.9765
0.9765
0.9765
0.9765
0.9765
0.9765
0.9765
0.9765
0.9765
0.9765
0.9765
0.9765
0.9765
0.9765
0.9765
0.9765
0.9765
0.9765
0.9765
0.9765
0.9765
0.9765
0.9765
0.9765
0.9765
0.9765
0.9765
0.9765
0.9765
0.9765
0.9765
0.9765
0.9765
0.9765
0.9765
0.9765
0.9765
0.9765
0.9765
0.9765
0.9765
0.9765
0.9765
0.9765
0.9765
0.9765
0.9765
0.9765
0.9765
0.9765
0.9765
0.9765
0.9765
0.9765
0.9765
0.9765
0.9765
0.9765
0.9765
0.9765
0.9765
0.9765
0.9765
0.9765
0.9765
0.9765
0.9765
0.9765
0.9765
0.9765
0.9765
0.9765
0.9765
0.9765
0.9765
0.9765
0.9765
0.9765
0.9765
0.9765
0.9765
0.9765
0.9765
0.9765
0.9765
