0.2820
0.2959
0.3104
0.3251
0.3403
0.3558
0.3715
0.3874
0.4035
0.4197
0.4360
0.4523
0.4686
0.4848
0.5011
0.5172
0.5334
0.5494
0.5655
0.5814
0.5973
0.6132
0.6290
0.6446
0.6601
0.6754
0.6903
0.7050
0.7191
0.7329
0.7461
0.7587
0.7709
0.7825
0.7937
0.8045
0.8150
0.8251
0.8349
0.8445
0.8538
0.8629
0.8716
0.8800
0.8881
0.8958
0.9031
0.9100
0.9164
0.9224
0.9279
0.9330
0.9375
0.9416
0.9452
0.9484
0.9512
0.9537
0.9558
0.9576
0.9591
0.9605
0.9616
0.9626
0.9635
0.9642
0.9649
0.9656
0.9662
0.9667
0.9673
0.9679
0.9685
0.9691
0.9698
0.9706
0.9713
0.9722
0.9730
0.9740
0.9749
0.9759
0.9769
0.9778
0.9788
0.9797
0.9805
0.9813
0.9820
0.9826
0.9832
0.9837
0.9842
0.9846
0.9849
0.9852
0.9855
0.9857
0.9859
0.9860
0.9862
0.9863
0.9864
0.9865
0.9866
0.9866
0.9867
0.9867
0.9868
0.9868
0.9869
0.9869
0.9869
0.9869
0.9870
0.9870
0.9870
0.9870
0.9870
0.9870
0.9870
0.9870
0.9871
0.9871
0.9871
0.9871
0.9871
0.9871
0.9871
0.9871
0.9871
0.9871
0.9871
0.9871
0.9871
0.9871
0.9871
0.9871
0.9871
0.9871
0.9871
0.9871
0.9871
0.9871
0.9871
0.9871
0.9871
0.9871
0.9871
0.9871
0.9871
0.9871
0.9871
0.9871
0.9871
0.9871
0.9871
0.9871
0.9871
0.9871
0.9871
0.9871
0.9871
0.9871
0.9871
0.9871
0.9871
0.9871
0.9871
0.9871
0.9871
0.9871
0.9871
0.9871
0.9871
0.9871
0.9871
0.9871
0.9871
0.9871
0.9871
0.9871
0.9871
0.9871
0.9871
0.9871
0.9871
0.9871
0.9871
0.9871
0.9871
0.9871
0.9871
0.9871
0.9871
0.9871
0.9871
0.9871
0.9871
0.9871
0.9871
0.9871
0.9871
0.9871
0.9871
0.9871
0.9871
0.9871
0.9871
0.9871
0.9871
0.9871
0.9871
0.9871
0.9871
0.9871
0.9871
0.9871
0.9871
0.9871
0.9871
0.9871
0.9871
0.9871
0.9871
0.9871
0.9871
0.9871
0.9871
0.9871
0.9871
0.9871
0.9871
0.9871
0.9871
0.9871
0.9871
0.9871
0.9871
0.9871
0.9871
0.9871
0.9871
0.9871
0.9871
0.9871
0.9871
0.9871
0.9871
0.9871
0.9871
0.9871
0.9871
0.9871
0.9871
0.9871
0.9871
0.9871
0.9871
0.9871
0.9871
0.9871
0.9871
0.9871
0.9871
0.9871
0.9871
0.9871
0.9871
0.9871
0.9871
0.9871
0.9871
0.9871
0.9871
0.9871
0.9871
0.9871
0.9871
0.9871
0.9871
0.9871
0.9871
0.9871
0.9871
0.9871
0.9871
0.9871
0.9871
0.9871
0.9871
0.9871
0.9871
0.9871
0.9871
0.9871
0.9871
0.9871
0.9871
0.9871
0.9871
0.9871
0.9871
0.9871
0.9871
0.9871
0.9871
0.9871
0.9871
0.9871
0.9871
0.9871
0.9871
0.9871
0.9871
0.9871
0.9871
0.9871
0.9871
0.9871
0.9871
0.9871
0.9871
0.9871
0.9871
0.9871
0.9871
0.9871
0.9871
0.9871
0.9871
0.9871
0.9871
0.9871
0.9871
0.9871
0.9871
0.9871
0.9871
0.9871
0.9871
0.9871
0.9871
0.9871
0.9871
0.9871
0.9871
0.9871
0.9871
0.9871
0.9871
0.9871
0.9871
0.9871
0.9871
0.9871
0.9871
0.9871
0.9871
0.9871
0.9871
0.9871
0.9871
0.9871
0.9871
0.9871
0.9871
0.9871
0.9871
0.9871
0.9871
0.9871
0.9871
0.9871
0.9871
0.9871
0.9871
0.9871
0.9871
0.9871
0.9871
0.9871
0.9871
0.9871
0.9871
0.9871
0.9871
0.9871
0.9871
0.9871
0.9871
0.9871
0.9871
0.9871
0.9871
0.9871
0.9871
0.9871
0.9871
0.9871
0.9871
0.9871
0.9871
0.9871
0.9871
0.9871
0.9871
0.9871
0.9871
0.9871
0.9871
0.9871
0.9871
0.9871
0.9871
0.9871
0.9871
0.9871
0.9871
0.9871
0.9871
0.9871
0.9871
0.9871
0.9871
0.9871
0.9871
0.9871
0.9871
0.9871
0.9871
0.9871
0.9871
0.9871
0.9871
0.9871
0.9871
0.9871
0.9871
0.9871
0.9871
0.9871
0.9871
0.9871
0.9871
0.9871
0.9871
0.9871
0.9871
0.9871
0.9871
0.9871
0.9871
0.9871
0.9871
0.9871
0.9871
0.9871
0.9871
0.9871
0.9871
0.9871
0.9871
0.9871
0.9871
0.9871
0.9871
0.9871
0.9871
0.9871
0.9871
0.9871
0.9871
0.9871
0.9871
0.9871
0.9871
0.9871
0.9871
0.9871
0.9871
0.9871
0.9871
0.9871
0.9871
0.9871
0.9871
0.9871
0.9871
0.9871
0.9871
0.9871
0.9871
0.9871
0.9871
0.9871
0.9871
0.9871
0.9871
0.9871
0.9871
0.9871
0.9871
0.9871
0.9871
0.9871
0.9871
0.9871
0.9871
0.9871
0.9871
0.9871
0.9871
0.9871
0.9871
0.9871
0.9871
0.9871
0.9871
0.9871
0.9871
0.9871
0.9871
0.9871
0.9871
0.9871
0.9871
0.9871
0.9871
0.9871
0.9871
0.9871
0.9871
0.9871
0.9871
0.9871
0.9871
0.9871
0.9871
0.9871
0.9871
0.9871
0.9871
0.9871
0.9871
0.9871
0.9871
0.9871
0.9871
0.9871
0.9871
0.9871
0.9871
0.9871
0.9871
0.9871
0.9871
0.9871
0.9871
0.9871
0.9871
0.9871
0.9871
0.9871
0.9871
0.9871
0.9871
0.9871
0.9871
0.9871
0.9871
0.9871
0.9871
0.9871
0.9871
0.9871
0.9871
0.9871
0.9871
0.9871
0.9871
0.9871
0.9871
0.9871
0.9871
0.9871
0.9871
0.9871
0.9871
0.9871
0.9871
0.9871
0.9871
0.9871
0.9871
0.9871
0.9871
0.9871
0.9871
0.9871
0.9871
0.9871
0.9871
0.9871
0.9871
0.9871
0.9871
0.9871
0.9871
0.9871
0.9871
0.9871
0.9871
0.9871
0.9871
0.9871
0.9871
0.9871
0.9871
0.9871
0.9871
0.9871
0.9871
0.9871
0.9871
0.9871
0.9871
0.9871
0.9871
0.9871
0.9871
0.9871
0.9871
0.9871
0.9871
0.9871
0.9871
0.9871
0.9871
0.9871
0.9871
0.9871
0.9871
0.9871
0.9871
0.9871
0.9871
0.9871
0.9871
0.9871
0.9871
0.9871
0.9871
0.9871
0.9871
0.9871
0.9871
0.9871
0.9871
0.9871
0.9871
0.9871
0.9871
0.9871
0.9871
0.9871
0.9871
0.9871
0.9871
0.9871
0.9871
0.9871
0.9871
0.9871
0.9871
0.9871
0.9871
0.9871
0.9871
0.9871
0.9871
0.9871
0.9871
0.9871
0.9871
0.9871
0.9871
0.9871
0.9871
0.9871
0.9871
0.9871
0.9871
0.9871
0.9871
0.9871
0.9871
0.9871
0.9871
0.9871
0.9871
0.9871
0.9871
0.9871
0.9871
0.9871
0.9871
0.9871
0.9871
0.9871
0.9871
0.9871
0.9871
0.9871
0.9871
0.9871
0.9871
0.9871
0.9871
0.9871
0.9871
0.9871
0.9871
0.9871
0.9871
0.9871
0.9871
0.9871
0.9871
0.9871
0.9871
0.9871
0.9871
0.9871
0.9871
0.9871
0.9871
0.9871
0.9871
0.9871
0.9871
0.9871
0.9871
0.9871
0.9871
0.9871
0.9871
0.9871
0.9871
0.9871
0.9871
0.9871
0.9871
0.9871
0.9871
0.9871
0.9871
0.9871
0.9871
0.9871
0.9871
0.9871
0.9871
0.9871
0.9871
0.9871
0.9871
0.9871
0.9871
0.9871
0.9871
0.9871
0.9871
0.9871
0.9871
0.9871
0.9871
0.9871
0.9871
0.9871
0.9871
0.9871
0.9871
0.9871
0.9871
0.9871
0.9871
0.9871
0.9871
0.9871
0.9871
0.9871
0.9871
0.9871
0.9871
0.9871
0.9871
0.9871
0.9871
0.9871
0.9871
0.9871
0.9871
0.9871
0.9871
0.9871
0.9871
0.9871
0.9871
0.9871
0.9871
0.9871
0.9871
0.9871
0.9871
0.9871
0.9871
0.9871
0.9871
0.9871
0.9871
0.9871
0.9871
0.9871
0.9871
0.9871
0.9871
0.9871
0.9871
0.9871
0.9871
0.9871
0.9871
0.9871
0.9871
0.9871
0.9871
0.9871
0.9871
0.9871
0.9871
0.9871
0.9871
0.9871
0.9871
0.9871
0.9871
0.9871
0.9871
0.9871
0.9871
0.9871
0.9871
0.9871
0.9871
0.9871
0.9871
0.9871
0.9871
0.9871
0.9871
0.9871
0.9871
0.9871
0.9871
0.9871
0.9871
0.9871
0.9871
0.9871
0.9871
0.9871
0.9871
0.9871
0.9871
0.9871
0.9871
0.9871
0.9871
0.9871
0.9871
0.9871
0.9871
0.9871
0.9871
0.9871
0.9871
0.9871
0.9871
0.9871
0.9871
0.9871
0.9871
0.9871
0.9871
0.9871
0.9871
0.9871
0.9871
0.9871
0.9871
0.9871
0.9871
0.9871
0.9871
0.9871
0.9871
0.9871
0.9871
0.9871
0.9871
0.9871
0.9871
0.9871
0.9871
0.9871
0.9871
0.9871
0.9871
0.9871
0.9871
0.9871
0.9871
0.9871
0.9871
0.9871
0.9871
0.9871
0.9871
0.9871
0.9871
0.9871
0.9871
0.9871
0.9871
0.9871
0.9871
0.9871
0.9871
0.9871
0.9871
0.9871
0.9871
0.9871
0.9871
0.9871
0.9871
0.9871
0.9871
0.9871
0.9871
0.9871
0.9871
0.9871
0.9871
0.9871
0.9871
0.9871
0.9871
0.9871
0.9871
0.9871
0.9871
0.9871
0.9871
0.9871
0.9871
0.9871
0.9871
0.9871
0.9871
0.9871
0.9871
0.9871
0.9871
0.9871
0.9871
0.9871
0.9871
0.9871
0.9871
0.9871
0.9871
0.9871
0.9871
0.9871
0.9871
0.9871
0.9871
0.9871
0.9871
0.9871
0.9871
0.9871
0.9871
0.9871
0.9871
0.9871
0.9871
0.9871
