0.99231	5.94020e-03
0.98060	9.59274e-03
0.97388	9.91312e-03
0.94940	1.03169e-02
0.94213	1.91806e-02
0.90780	2.22437e-02
0.87937	2.75714e-02
0.83102	2.24720e-02
0.79877	2.33930e-02
0.73634	4.41005e-02
0.70424	4.97351e-02
0.63984	8.17734e-02
0.56625	8.12877e-02
0.48829	8.97213e-02
0.40093	9.49805e-02
0.29947	9.07856e-02
0.22092	1.06149e-01
0.22800	8.55386e-02
0.17227	1.10289e-01
0.13997	9.29166e-02
0.16407	7.47155e-02
0.13585	8.47880e-02
0.13836	5.57385e-02
0.15176	8.67449e-02
0.13789	5.57171e-02
0.13707	5.99262e-02
0.16492	9.10480e-02
0.14330	6.56506e-02
0.14248	8.87924e-02
0.17580	9.23270e-02
0.12015	6.60027e-02
0.14146	4.08259e-02
0.12687	3.46924e-02
0.13705	3.15706e-02
0.12893	4.11677e-02
0.13382	5.69720e-02
0.10426	4.51219e-02
0.11915	3.83052e-02
0.12868	6.08110e-02
0.14493	7.52738e-02
0.08897	3.77692e-02
0.10833	5.28908e-02
0.10683	4.15259e-02
0.09481	4.83164e-02
0.09667	5.46726e-02
0.11949	5.49092e-02
0.11577	3.78685e-02
0.13081	4.62474e-02
0.09055	6.59921e-02
0.09083	5.51045e-02
0.07437	4.09755e-02
0.09747	4.39484e-02
0.09566	3.49142e-02
0.08653	3.82453e-02
0.07949	4.37113e-02
0.08943	4.05650e-02
0.09353	5.52171e-02
0.09338	3.66003e-02
0.08399	4.38973e-02
0.08683	4.24244e-02
0.11624	5.65016e-02
0.08315	3.11859e-02
0.07805	3.63014e-02
0.09419	4.17838e-02
0.10005	3.63180e-02
0.04616	2.76654e-02
0.07150	4.37736e-02
0.06624	2.64020e-02
0.08403	3.64123e-02
0.06042	3.31272e-02
0.09683	4.82218e-02
0.08289	4.44075e-02
0.07175	3.67449e-02
0.08158	3.98624e-02
0.07545	3.93380e-02
0.05880	3.70555e-02
0.06924	2.66397e-02
0.08119	2.52070e-02
0.11031	4.14180e-02
0.07468	4.61491e-02
0.07274	3.65269e-02
0.07829	4.33038e-02
0.05796	4.91471e-02
0.07645	4.87761e-02
0.11157	6.49479e-02
0.11349	2.84386e-02
0.09542	4.19177e-02
0.07823	2.86380e-02
0.07898	2.69643e-02
0.08910	2.91125e-02
0.08145	5.60386e-02
0.09238	3.27257e-02
0.08341	3.42248e-02
0.08064	3.71542e-02
0.08873	4.09194e-02
0.09787	4.27044e-02
0.10876	5.19674e-02
0.09369	6.17677e-02
0.09127	5.57386e-02
