0.69443	9.60527e-02
0.64101	5.87809e-02
0.58385	8.91903e-02
0.53879	8.35722e-02
0.47544	1.41622e-01
0.41592	1.24074e-01
0.39973	1.09846e-01
0.35926	1.12479e-01
0.31734	1.42351e-01
0.28678	1.07196e-01
0.26989	1.15610e-01
0.29828	1.11290e-01
0.27275	1.61196e-01
0.26450	9.15458e-02
0.28460	1.11731e-01
0.26981	1.34625e-01
0.34974	1.55651e-01
0.28285	1.31225e-01
0.33944	1.37378e-01
0.33555	1.06805e-01
0.36103	1.36974e-01
0.36098	1.45302e-01
0.35838	1.31673e-01
0.30064	1.64029e-01
0.34602	1.07355e-01
0.36031	1.57183e-01
0.36194	9.85156e-02
0.34006	1.00086e-01
0.28907	1.36548e-01
0.33959	1.32250e-01
0.32383	1.36345e-01
0.31695	1.18544e-01
0.33615	1.02259e-01
0.37541	1.22295e-01
0.32940	1.21655e-01
0.33952	1.15557e-01
0.37894	1.11644e-01
0.34855	9.01075e-02
0.33209	1.19036e-01
0.38780	1.08558e-01
0.38083	9.80266e-02
0.33796	1.00343e-01
0.34424	9.74246e-02
0.38243	1.20402e-01
0.30486	1.18377e-01
0.38343	7.88696e-02
0.35704	1.14204e-01
0.34501	1.09997e-01
0.32625	1.13498e-01
0.36166	8.53974e-02
0.38177	9.01674e-02
0.33804	5.26038e-02
0.36759	1.00222e-01
0.34971	8.64695e-02
0.36032	7.79950e-02
0.34713	9.11519e-02
0.31976	7.73233e-02
0.32128	7.56622e-02
0.36275	8.16839e-02
0.30940	7.03174e-02
0.35936	8.36162e-02
0.30851	9.23734e-02
0.34700	6.62210e-02
0.35510	5.75562e-02
0.34152	5.05780e-02
0.35653	5.14501e-02
0.36551	8.43591e-02
0.35411	5.43526e-02
0.33650	8.16962e-02
0.33942	5.99854e-02
0.37430	7.42046e-02
0.28462	9.14573e-02
0.36168	6.11502e-02
0.34840	7.08040e-02
0.31638	8.70704e-02
0.33299	8.15715e-02
0.35180	5.27143e-02
0.34531	1.02093e-01
0.30386	8.72528e-02
0.33993	4.43135e-02
0.31477	6.91813e-02
0.31057	6.54008e-02
0.29309	8.54012e-02
0.31336	6.11252e-02
0.32066	6.81259e-02
0.27393	9.38278e-02
0.30587	7.24603e-02
0.28569	4.99998e-02
0.28099	1.19846e-01
0.30029	4.87051e-02
0.30221	1.05100e-01
0.24943	7.63882e-02
0.27123	6.58987e-02
0.25763	4.99139e-02
0.25633	9.25262e-02
0.28318	1.03728e-01
0.25764	9.26199e-02
0.25103	7.51469e-02
0.25626	6.56448e-02
0.29947	9.03904e-02
0.24967	7.97882e-02
0.25966	8.10558e-02
0.26520	8.93580e-02
0.26073	7.66279e-02
0.26528	7.33150e-02
0.27421	7.71330e-02
0.26509	5.88818e-02
0.25294	7.26905e-02
0.27482	8.61783e-02
0.29658	8.93458e-02
0.29281	8.08210e-02
0.32234	8.48800e-02
0.27906	9.55039e-02
0.27906	9.55039e-02
0.30911	8.60150e-02
0.30289	8.63346e-02
0.25280	5.24445e-02
0.25005	4.98547e-02
0.25005	4.98547e-02
0.30272	7.77928e-02
0.30915	7.18797e-02
0.32620	7.17017e-02
0.32891	5.34470e-02
0.31669	7.64765e-02
0.30938	7.11344e-02
0.28067	7.36153e-02
0.28110	7.07585e-02
0.27519	6.97697e-02
0.27978	7.62281e-02
0.26940	7.78056e-02
0.27682	7.56491e-02
0.28631	7.93112e-02
0.31026	5.62082e-02
0.30301	4.58444e-02
0.29665	4.63173e-02
0.27490	6.02832e-02
0.29553	5.87458e-02
0.29589	5.87701e-02
0.32017	4.72889e-02
0.30160	5.93252e-02
0.30112	5.60940e-02
0.32554	6.34564e-02
0.35215	6.84820e-02
0.34787	6.01099e-02
0.34086	6.40918e-02
0.34414	6.83692e-02
0.33726	6.62689e-02
0.32295	5.85544e-02
0.31386	2.88681e-02
0.32093	4.98549e-02
0.33667	5.29040e-02
0.34220	5.10654e-02
0.33096	9.08666e-02
0.35790	5.64556e-02
0.37313	5.58731e-02
0.37164	5.27602e-02
0.34484	7.65399e-02
0.33930	7.36332e-02
0.34223	6.53520e-02
0.36293	8.97549e-02
0.37719	5.72570e-02
0.36383	6.14144e-02
0.36389	6.14836e-02
0.36618	5.71290e-02
0.37208	5.25781e-02
0.37807	5.51562e-02
0.38148	5.33922e-02
0.37556	6.79761e-02
0.38457	4.33095e-02
0.38932	4.99434e-02
0.41114	3.93603e-02
0.41114	3.93603e-02
0.40328	3.01390e-02
0.40329	3.53615e-02
0.39699	2.25799e-02
0.41751	4.87161e-02
0.41725	5.65251e-02
0.40495	7.07901e-02
0.40495	7.07901e-02
0.40495	7.07901e-02
0.40474	6.76484e-02
0.40474	6.76484e-02
0.40474	6.76484e-02
0.39521	6.14080e-02
0.38646	8.98604e-02
0.38876	9.37601e-02
0.39736	5.91303e-02
0.38510	7.38131e-02
0.36597	5.71964e-02
0.37460	6.23267e-02
0.39012	4.66380e-02
0.36929	5.66865e-02
0.37780	5.86706e-02
0.39568	6.86530e-02
0.39568	6.86530e-02
0.39568	6.86530e-02
0.39106	6.31911e-02
0.38254	7.24507e-02
0.40236	6.03254e-02
0.41658	8.31824e-02
0.43679	7.71366e-02
0.43288	8.11256e-02
0.44756	8.60191e-02
0.42937	7.15511e-02
0.41917	5.66995e-02
0.43779	5.94735e-02
0.43464	6.46974e-02
0.44670	6.86322e-02
0.45489	8.56991e-02
0.44312	8.21331e-02
0.44307	8.20907e-02
0.40955	6.14756e-02
0.41360	6.63611e-02
0.40867	6.67236e-02
0.43482	7.16194e-02
0.44401	8.65953e-02
0.44157	8.53948e-02
0.43406	8.95982e-02
0.47075	7.19608e-02
0.47046	7.21702e-02
0.44739	7.34910e-02
0.44164	6.95320e-02
0.44831	7.23123e-02
0.45308	7.06244e-02
0.46412	6.42550e-02
0.46730	8.66305e-02
0.45535	8.84887e-02
0.45098	1.14529e-01
0.43293	1.02892e-01
0.45811	9.23505e-02
0.46156	8.72319e-02
0.46525	8.64921e-02
0.48191	5.13982e-02
0.47422	6.52145e-02
0.46620	5.89749e-02
0.44999	6.84937e-02
0.47085	8.69795e-02
0.46603	9.39872e-02
0.47877	8.33577e-02
0.49379	8.47662e-02
0.50160	8.47314e-02
0.49432	9.23220e-02
0.48647	1.00113e-01
0.50303	7.25669e-02
0.48047	8.44988e-02
0.48204	8.52639e-02
0.48648	8.32824e-02
0.46867	8.39108e-02
0.46410	7.60691e-02
0.46682	7.87335e-02
0.47335	8.57591e-02
0.50032	8.83911e-02
0.52470	7.56215e-02
0.52374	7.48051e-02
0.51307	7.54997e-02
0.49341	5.79472e-02
0.50286	6.86555e-02
0.47877	5.60404e-02
0.47877	5.60404e-02
0.50036	5.82023e-02
0.50210	7.44703e-02
0.48733	7.49438e-02
0.50522	7.34131e-02
0.49637	8.34077e-02
0.50867	8.78607e-02
0.53265	8.08349e-02
0.54257	6.08363e-02
0.53891	6.96755e-02
0.53394	6.63348e-02
0.53347	6.61763e-02
0.53329	6.71429e-02
0.53361	7.89309e-02
0.52872	5.93270e-02
0.52230	6.53504e-02
0.52473	6.47283e-02
0.55106	5.04929e-02
0.55106	5.04929e-02
0.54743	6.83603e-02
0.53136	8.99871e-02
0.53116	8.98901e-02
0.53804	9.04159e-02
0.53477	7.64789e-02
0.51694	9.34931e-02
0.51885	8.01606e-02
0.51522	7.44863e-02
0.51937	7.42218e-02
0.52228	7.04157e-02
0.52574	6.95467e-02
0.52500	7.08234e-02
0.53846	7.25172e-02
0.53464	6.56759e-02
0.54532	7.18093e-02
0.55440	7.85284e-02
0.52987	8.88086e-02
0.52263	9.11942e-02
0.54006	7.08257e-02
0.56128	6.77653e-02
0.56179	6.81991e-02
0.57008	6.75303e-02
0.57708	7.84589e-02
0.56761	8.51417e-02
0.56137	8.39796e-02
0.55755	7.81724e-02
0.55170	7.21892e-02
0.55000	6.78213e-02
0.56233	5.98977e-02
0.55767	6.25216e-02
0.55540	6.22233e-02
0.54436	7.06335e-02
0.54847	7.14248e-02
0.57631	7.00632e-02
0.57246	8.55608e-02
0.56740	8.41954e-02
0.56754	8.44815e-02
0.57892	7.32354e-02
0.57410	7.50903e-02
0.57517	7.47031e-02
0.58539	6.12347e-02
0.58203	5.23306e-02
0.58305	6.19400e-02
0.56986	4.98781e-02
0.57476	5.89621e-02
0.57552	5.77803e-02
0.57552	5.77803e-02
0.57552	5.77803e-02
0.57496	5.74292e-02
0.57175	5.43280e-02
0.57718	6.06972e-02
0.57474	4.85876e-02
0.57844	4.43069e-02
0.59165	4.89780e-02
0.60353	3.06570e-02
0.60396	3.06551e-02
0.60991	3.52400e-02
0.59889	3.29761e-02
0.59839	3.31631e-02
0.59775	3.18847e-02
0.60252	2.92596e-02
0.60462	3.00123e-02
0.59721	3.95221e-02
0.59010	4.10871e-02
0.59330	4.28577e-02
0.59330	4.28577e-02
0.60175	4.09038e-02
0.60329	3.68867e-02
0.62397	5.36487e-02
0.62736	5.20140e-02
0.63342	5.15577e-02
0.62403	6.75911e-02
0.61170	5.31561e-02
0.62295	3.08686e-02
0.62233	4.96779e-02
0.61472	4.74275e-02
0.61472	4.74275e-02
0.61952	5.52710e-02
0.60606	5.73132e-02
0.63034	5.66408e-02
0.63093	5.72407e-02
0.63782	5.95424e-02
0.63782	5.95424e-02
0.62765	6.85530e-02
0.62708	6.83041e-02
0.64472	5.31587e-02
0.64060	5.29681e-02
0.64363	5.32920e-02
0.64418	5.66494e-02
0.64520	5.63106e-02
0.63613	6.10156e-02
0.65998	5.93586e-02
0.67090	4.12466e-02
0.66629	3.81215e-02
0.65847	3.51688e-02
0.65987	3.58299e-02
0.66137	2.57032e-02
0.65830	2.67135e-02
0.65090	3.95182e-02
0.64798	3.91116e-02
0.64808	3.91648e-02
0.65105	3.95795e-02
0.65462	3.87223e-02
0.65402	4.33454e-02
0.65402	4.33454e-02
0.65594	5.61305e-02
0.67200	5.64265e-02
0.66952	5.44599e-02
0.66839	5.80226e-02
0.66645	5.63963e-02
0.66590	5.61479e-02
0.66399	5.15577e-02
0.66044	5.03755e-02
0.65279	5.24911e-02
0.67913	5.37374e-02
0.67388	4.92930e-02
0.67868	3.99323e-02
0.67030	4.02752e-02
0.67533	4.54440e-02
0.66586	4.61851e-02
0.68751	7.90546e-02
0.67080	5.31458e-02
0.67464	5.43366e-02
0.67788	5.88273e-02
0.69366	5.33238e-02
0.68975	5.05941e-02
0.68975	5.05941e-02
0.67773	5.47205e-02
0.67773	5.47205e-02
0.67773	5.47205e-02
0.67569	5.39277e-02
0.66892	6.93459e-02
0.69176	3.88792e-02
0.69176	3.88792e-02
0.69176	3.88792e-02
0.69176	3.88792e-02
0.69063	3.86747e-02
0.69063	3.86747e-02
0.69137	3.86508e-02
0.69137	3.86508e-02
0.69137	3.86508e-02
0.69400	3.89077e-02
0.70931	3.31857e-02
0.71614	4.31082e-02
0.69426	2.37010e-02
0.69021	2.14224e-02
0.70305	2.98349e-02
0.72077	5.06701e-02
0.68824	2.60145e-02
0.68824	2.60145e-02
0.70948	4.72591e-02
0.70391	4.16830e-02
0.70391	4.16830e-02
0.70391	4.16830e-02
0.68053	6.50567e-02
0.70247	4.31207e-02
0.68146	7.60126e-02
