0.99316	6.66701e-04
0.98107	9.31166e-03
0.97772	1.03350e-02
0.95876	1.02576e-02
0.95307	2.37551e-02
0.93267	3.84646e-02
0.92700	2.72543e-02
0.93120	3.21602e-02
0.92017	3.06704e-02
0.90871	4.72661e-02
0.88941	6.04732e-02
0.86499	7.69780e-02
0.86771	8.81961e-02
0.84286	1.30112e-01
0.86771	7.98784e-02
0.80175	1.00149e-01
0.81168	7.73250e-02
0.79007	8.64606e-02
0.79392	9.59241e-02
0.79782	1.16574e-01
0.79994	1.14605e-01
0.77875	1.31973e-01
0.78224	1.21741e-01
0.79095	1.21660e-01
0.78119	1.30830e-01
0.78351	1.23991e-01
0.74858	1.36397e-01
0.77444	9.37474e-02
0.74527	1.23667e-01
0.75903	1.21191e-01
0.76996	1.28648e-01
0.77208	1.42843e-01
0.76755	1.05891e-01
0.77392	1.16459e-01
0.75728	1.34503e-01
0.75832	1.12794e-01
0.78652	1.25233e-01
0.76851	1.01821e-01
0.76375	1.03770e-01
0.77423	7.16353e-02
0.77791	8.52551e-02
0.76095	7.70116e-02
0.77249	7.10601e-02
0.76655	5.84837e-02
0.75281	5.58114e-02
0.77706	5.95376e-02
0.75231	6.81642e-02
0.76386	4.99872e-02
0.74934	4.18418e-02
0.76754	5.20665e-02
0.75855	6.29848e-02
0.77908	4.80107e-02
0.78200	3.94819e-02
0.76141	6.86825e-02
0.75678	5.42795e-02
0.76945	5.97289e-02
0.75888	4.87969e-02
0.73953	4.07434e-02
0.76270	5.01713e-02
0.76724	3.56249e-02
0.75087	4.99880e-02
0.72855	5.12072e-02
0.69840	4.83155e-02
0.73493	3.25167e-02
0.70889	5.13330e-02
0.69889	4.89764e-02
0.68387	3.43141e-02
0.70179	5.20889e-02
0.68077	4.39318e-02
0.65230	4.88773e-02
0.66286	3.26910e-02
0.66614	5.60838e-02
0.64975	5.37178e-02
0.65176	5.40655e-02
0.64126	5.32954e-02
0.66880	4.00102e-02
0.63778	5.45616e-02
0.63693	5.16310e-02
0.62440	6.58332e-02
0.61487	5.36112e-02
0.60910	6.13549e-02
0.62270	5.96481e-02
0.60864	3.99148e-02
0.60586	5.15196e-02
0.58040	3.68167e-02
0.60087	4.68174e-02
0.59261	3.91950e-02
0.57769	4.62080e-02
0.55604	3.99075e-02
0.57552	6.11454e-02
0.58422	4.29230e-02
0.54573	4.68492e-02
0.54149	5.92760e-02
0.56216	4.53629e-02
0.54614	6.12647e-02
0.52407	8.41283e-02
0.54936	5.33855e-02
0.51789	6.75769e-02
0.53419	6.37418e-02
0.54499	6.02340e-02
0.55896	6.00159e-02
0.55711	5.55759e-02
0.54136	5.02268e-02
0.53376	3.62040e-02
0.53981	4.75653e-02
0.55632	6.23597e-02
0.56507	6.48486e-02
0.58165	6.26106e-02
0.61974	4.87011e-02
0.62301	4.06357e-02
0.61940	4.48758e-02
0.62406	4.95910e-02
0.62201	4.86060e-02
0.61679	5.32933e-02
0.63484	5.61803e-02
0.63655	5.35961e-02
0.62917	5.62932e-02
0.63307	5.59233e-02
0.63737	5.36785e-02
0.63195	4.76840e-02
0.62401	5.35705e-02
0.62970	5.85032e-02
0.64206	4.01507e-02
0.63631	4.18746e-02
0.63417	4.40867e-02
0.64069	3.94640e-02
0.63662	4.19297e-02
0.63781	4.03275e-02
0.63045	4.16763e-02
0.63299	3.71257e-02
0.64812	5.14132e-02
0.64812	5.14132e-02
0.66123	4.10740e-02
0.64975	4.87253e-02
0.66845	4.69775e-02
0.66636	4.10860e-02
0.66420	4.20298e-02
0.67576	4.31579e-02
0.68501	5.28869e-02
0.68595	6.54168e-02
0.68595	6.54168e-02
0.70616	5.25692e-02
0.71177	4.82542e-02
0.71103	4.95673e-02
0.70443	4.26145e-02
0.69051	4.20421e-02
0.69591	4.20543e-02
0.69580	4.81472e-02
0.70155	5.07021e-02
0.68861	4.39686e-02
0.69924	5.46772e-02
0.69935	5.47793e-02
0.70018	4.65376e-02
0.70796	5.09839e-02
0.71169	5.07659e-02
0.72498	5.60328e-02
0.73438	5.59334e-02
0.72737	5.09413e-02
0.75363	4.12056e-02
0.74746	4.27433e-02
0.75477	4.68014e-02
0.74642	4.55073e-02
0.74528	4.71532e-02
0.74308	4.09590e-02
0.73754	4.68606e-02
0.72955	5.53699e-02
0.74149	4.02121e-02
0.73198	3.85830e-02
0.71995	3.12232e-02
0.72613	3.34160e-02
0.72538	3.27196e-02
0.73589	3.34430e-02
0.74811	4.59843e-02
0.73754	4.58416e-02
0.74343	4.87388e-02
0.73613	4.43316e-02
0.73853	4.37415e-02
0.75757	3.74356e-02
0.75563	3.71979e-02
0.75563	3.71979e-02
0.76870	3.38751e-02
0.76893	3.70715e-02
0.76151	3.31434e-02
0.77499	3.48505e-02
0.77941	3.86334e-02
0.77709	3.79608e-02
0.76632	5.06653e-02
0.77754	5.46091e-02
0.77939	5.70843e-02
0.77939	5.70843e-02
0.78645	5.69924e-02
0.79071	5.12799e-02
0.79395	4.46611e-02
0.77858	4.79941e-02
0.78729	3.82222e-02
0.80482	2.99430e-02
0.80655	3.06082e-02
0.80048	2.71058e-02
0.79120	3.38581e-02
0.78977	4.21409e-02
0.78233	2.52952e-02
0.78824	2.90536e-02
0.78824	2.90536e-02
0.78840	2.63773e-02
0.79458	3.38050e-02
0.79434	4.29061e-02
0.79880	4.76796e-02
0.80220	4.98229e-02
0.78829	4.33936e-02
0.79979	3.62818e-02
0.80048	3.48949e-02
0.80148	3.63212e-02
0.80342	3.68514e-02
0.79322	4.62741e-02
0.81114	6.14471e-02
0.82103	5.54432e-02
0.80811	4.30334e-02
0.81869	3.03339e-02
0.82143	2.57258e-02
0.82325	2.75861e-02
0.82567	2.82951e-02
0.82175	2.91868e-02
0.82944	3.27248e-02
0.82376	2.94407e-02
0.81773	3.02983e-02
0.81117	2.52606e-02
0.81398	2.88479e-02
0.81659	2.97727e-02
0.81993	3.32134e-02
0.82024	3.32601e-02
0.82917	3.86248e-02
0.82810	3.69773e-02
0.83743	2.98817e-02
0.83748	2.99006e-02
0.83025	2.38003e-02
0.83031	2.38348e-02
0.83624	1.46490e-02
0.83813	1.84616e-02
0.84099	1.67369e-02
0.84376	1.81340e-02
0.83807	2.53227e-02
0.83777	3.58389e-02
0.83918	3.69560e-02
0.84328	3.48683e-02
0.84259	3.45527e-02
0.84259	3.45527e-02
0.84790	2.40092e-02
0.84317	2.26206e-02
0.84955	3.93399e-02
0.84739	3.84175e-02
0.85056	3.45070e-02
0.85090	3.21498e-02
0.84525	3.17791e-02
0.84086	2.83435e-02
0.83515	2.85327e-02
0.85230	2.85848e-02
0.84818	2.73060e-02
0.84533	4.04152e-02
0.84183	3.09269e-02
0.84183	3.09269e-02
0.84976	3.28414e-02
0.85495	4.20068e-02
0.85479	4.16080e-02
0.85043	3.97757e-02
0.85923	3.42214e-02
0.86376	3.31287e-02
0.86395	3.29629e-02
0.85792	2.09850e-02
0.86479	2.70127e-02
0.85396	2.69552e-02
0.86511	3.85018e-02
0.86797	3.73503e-02
0.86673	3.78952e-02
0.86737	3.76829e-02
0.86880	3.79686e-02
0.86954	3.74717e-02
0.86951	3.74073e-02
0.86327	3.96103e-02
0.86350	4.02542e-02
0.87759	3.52055e-02
0.87172	3.86478e-02
0.87022	3.76714e-02
0.86945	3.95905e-02
0.86954	3.98095e-02
0.87341	2.86743e-02
0.87314	2.90075e-02
0.87730	2.57596e-02
0.87329	2.77007e-02
0.87195	4.15744e-02
0.87825	3.70822e-02
0.88371	3.53964e-02
0.87574	3.77584e-02
0.88017	3.33719e-02
0.87946	3.27001e-02
0.86936	3.16145e-02
0.87122	3.14934e-02
0.88073	4.29473e-02
0.88073	4.29473e-02
0.88346	4.42491e-02
0.88534	4.40458e-02
0.87339	2.69929e-02
0.86551	2.55157e-02
0.87057	2.19724e-02
0.87057	2.19724e-02
0.88576	1.87767e-02
0.89240	1.47774e-02
0.88971	2.06440e-02
0.89188	2.22226e-02
0.89066	2.17676e-02
0.88096	2.33130e-02
0.87607	2.41041e-02
0.87392	2.22207e-02
0.87521	2.27942e-02
0.87773	2.50492e-02
0.88497	2.33053e-02
0.88275	2.45868e-02
0.88785	2.45240e-02
0.88739	3.09238e-02
0.88367	3.04064e-02
0.88083	2.79817e-02
0.88743	3.07946e-02
0.88381	2.92604e-02
0.88815	3.37812e-02
0.89092	3.92933e-02
0.88795	3.61995e-02
0.89191	3.15126e-02
0.89191	3.15126e-02
0.89669	3.74156e-02
0.89769	3.51192e-02
0.90180	3.51581e-02
0.89965	3.10266e-02
0.89676	2.83562e-02
0.89062	2.89440e-02
0.89288	2.71771e-02
0.89787	3.67471e-02
0.89566	3.92674e-02
0.89208	4.06750e-02
0.89273	4.03914e-02
0.89624	3.91539e-02
0.89433	3.17244e-02
0.89942	2.60628e-02
0.90529	2.65259e-02
0.90609	2.76761e-02
0.90297	2.96342e-02
0.90606	2.91045e-02
0.90468	3.03868e-02
0.90461	3.03793e-02
0.89704	3.32676e-02
0.90342	3.84471e-02
0.90312	3.82916e-02
0.90919	3.16890e-02
0.91040	3.65960e-02
0.89988	2.26153e-02
0.89988	2.26153e-02
0.90365	1.48257e-02
0.90365	1.48257e-02
0.90280	1.47825e-02
0.90680	1.78547e-02
0.91241	2.08544e-02
0.91322	2.88435e-02
0.91322	2.88435e-02
0.91719	2.93091e-02
0.91575	2.49389e-02
0.92171	2.96843e-02
0.92904	2.63050e-02
0.92862	3.14570e-02
0.93092	2.78512e-02
0.92329	2.26981e-02
0.92294	2.26096e-02
0.92634	3.09749e-02
0.92634	3.09749e-02
0.92984	3.30048e-02
0.92830	3.46598e-02
0.90919	2.11956e-02
0.91585	2.21884e-02
0.92286	3.10017e-02
0.92286	3.10017e-02
0.92449	3.06665e-02
0.92912	2.42498e-02
0.92230	1.44815e-02
0.92942	2.48521e-02
0.92469	2.89719e-02
0.93692	2.63598e-02
0.93714	2.65461e-02
0.93723	2.65051e-02
0.94289	3.33522e-02
0.94459	3.23790e-02
0.95239	2.82469e-02
0.94928	2.88969e-02
0.94895	2.88845e-02
0.94547	3.14827e-02
0.94851	3.26877e-02
0.95228	3.58469e-02
0.95327	3.01082e-02
0.94516	2.77168e-02
0.95364	1.66323e-02
0.95364	1.66323e-02
0.96104	2.05557e-02
0.95950	2.19470e-02
0.94820	1.58579e-02
0.94901	1.57104e-02
0.94901	1.57104e-02
0.93384	3.89841e-02
0.94549	2.04661e-02
0.95415	2.52245e-02
0.94969	2.37417e-02
0.95516	1.67920e-02
0.95516	1.67920e-02
0.95516	1.67920e-02
0.94587	2.94500e-02
0.94587	2.94500e-02
0.94587	2.94500e-02
0.95957	1.31088e-02
0.95957	1.31088e-02
0.96518	8.26090e-03
0.96264	9.33525e-03
0.96264	9.33525e-03
0.95587	2.54258e-02
0.94344	1.56329e-02
0.95313	1.99461e-03
0.95313	1.99461e-03
0.95313	1.99461e-03
0.95933	6.85919e-03
0.95933	6.85919e-03
0.97207	1.62548e-02
0.96824	1.78064e-02
0.96824	1.78064e-02
0.96824	1.78064e-02
0.97569	1.46298e-02
0.98010	1.60498e-02
0.98388	1.07445e-02
0.98388	1.07445e-02
0.98527	1.16094e-02
0.98309	1.02403e-02
0.97285	0.00000e+00
0.99263	0.00000e+00
