0.99516	8.51869e-04
0.98897	8.71991e-03
0.98061	1.44980e-02
0.97976	1.36578e-02
0.97429	1.49506e-02
0.96738	1.20171e-02
0.95607	1.92687e-02
0.94413	2.82516e-02
0.93575	2.24170e-02
0.93210	3.96512e-02
0.91815	4.57812e-02
0.90639	3.61339e-02
0.91115	4.08703e-02
0.89788	6.58798e-02
0.89664	6.21280e-02
0.88439	7.72331e-02
0.86679	1.05572e-01
0.87097	6.59242e-02
0.87007	6.98634e-02
0.85468	7.30695e-02
0.87609	3.02033e-02
0.85630	3.59487e-02
0.84939	8.06205e-02
0.84756	1.02683e-01
0.85644	6.22986e-02
0.85802	5.35513e-02
0.85837	7.47969e-02
0.85669	5.90362e-02
0.86327	4.42673e-02
0.87726	3.22633e-02
0.85460	4.40225e-02
0.86927	4.57609e-02
0.85688	4.16472e-02
0.85195	4.05419e-02
0.84674	3.87128e-02
0.85442	3.26769e-02
0.84473	4.23719e-02
0.82840	4.10437e-02
0.83787	4.86318e-02
0.84996	4.05611e-02
0.80868	3.64890e-02
0.83043	4.32150e-02
0.81645	4.96406e-02
0.81132	6.25165e-02
0.79669	5.45038e-02
0.81079	4.88562e-02
0.80815	5.03528e-02
0.79831	4.33656e-02
0.79008	5.24438e-02
0.78926	4.07570e-02
0.76196	6.01562e-02
0.76803	2.55352e-02
0.76696	2.80465e-02
0.77888	3.35951e-02
0.74521	3.16623e-02
0.76897	3.35301e-02
0.74287	4.63330e-02
0.72179	5.08112e-02
0.73622	3.69303e-02
0.70825	4.03357e-02
0.71337	4.02961e-02
0.69488	2.83087e-02
0.71632	3.14175e-02
0.69056	3.85208e-02
0.71684	4.07885e-02
0.69331	3.66238e-02
0.69575	4.01728e-02
0.69726	4.71124e-02
0.67414	6.17085e-02
0.69131	3.43211e-02
0.67209	4.64239e-02
0.67813	3.61018e-02
0.67252	5.59398e-02
0.66668	5.67058e-02
0.66164	4.17113e-02
0.64160	6.52559e-02
0.64096	6.87663e-02
0.63910	7.02712e-02
0.64825	5.80905e-02
0.63790	6.54224e-02
0.59392	7.42488e-02
0.62720	6.60056e-02
0.59905	8.58007e-02
0.60582	8.37006e-02
0.59879	9.25466e-02
0.60881	9.75176e-02
0.57433	1.05420e-01
0.63248	7.48739e-02
0.60798	8.81130e-02
0.57614	8.97606e-02
0.59365	6.22504e-02
0.56291	7.60539e-02
0.56326	7.01758e-02
0.57621	7.84895e-02
0.56235	9.22775e-02
0.56171	9.03071e-02
0.53651	1.02638e-01
0.54368	8.38217e-02
0.53102	8.12923e-02
0.55288	8.37605e-02
0.56954	9.74154e-02
0.56066	9.62255e-02
0.57047	1.00466e-01
0.57391	9.84373e-02
0.57807	1.06761e-01
0.58196	9.55785e-02
0.59888	7.88667e-02
0.60365	7.58371e-02
0.61164	7.44537e-02
0.62034	7.55034e-02
0.60617	8.03140e-02
0.61693	8.78490e-02
0.63738	7.38995e-02
0.62874	8.94399e-02
0.61382	8.24542e-02
0.61105	1.10091e-01
0.61275	8.18942e-02
0.63623	7.12706e-02
0.63612	5.34555e-02
0.63966	5.12312e-02
0.63859	5.26017e-02
0.63723	4.99538e-02
0.64634	4.63131e-02
0.65122	5.31727e-02
0.65181	7.22717e-02
0.66197	5.97128e-02
0.66032	7.10391e-02
0.67137	7.81561e-02
0.67023	7.55682e-02
0.66845	6.36355e-02
0.67546	7.71506e-02
0.66152	8.64440e-02
0.67043	7.30798e-02
0.67453	6.71795e-02
0.67453	6.71795e-02
0.70649	4.27194e-02
0.70981	4.48719e-02
0.70833	4.41856e-02
0.70383	3.82598e-02
0.71615	4.50553e-02
0.71335	4.27927e-02
0.70865	4.07563e-02
0.71108	4.23490e-02
0.71051	6.74547e-02
0.70504	7.48215e-02
0.72672	7.56014e-02
0.72487	6.81311e-02
0.72152	7.08232e-02
0.71828	6.41062e-02
0.72676	6.64928e-02
0.73062	6.48883e-02
0.72890	5.94743e-02
0.72890	5.94743e-02
0.73057	5.93568e-02
0.73627	6.29232e-02
0.72736	5.89836e-02
0.73336	6.34099e-02
0.74874	5.80424e-02
0.75414	5.92843e-02
0.75306	5.99177e-02
0.75797	4.98500e-02
0.75846	4.18623e-02
0.75670	3.88074e-02
0.76447	3.04841e-02
0.77087	3.74546e-02
0.78008	3.24439e-02
0.76817	5.80656e-02
0.76800	6.50271e-02
0.76592	5.57957e-02
0.76061	5.57848e-02
0.76294	5.54510e-02
0.77319	4.06438e-02
0.77552	4.92974e-02
0.77923	4.07427e-02
0.78544	4.07435e-02
0.78404	4.59492e-02
0.78087	4.55531e-02
0.77214	4.93262e-02
0.76437	5.33017e-02
0.76747	5.39325e-02
0.77001	5.18260e-02
0.77313	5.22492e-02
0.77198	5.29865e-02
0.80970	3.39407e-02
0.80947	3.39421e-02
0.81001	3.31979e-02
0.80981	3.30978e-02
0.80062	2.96001e-02
0.80329	2.44441e-02
0.80160	2.37642e-02
0.79478	2.95274e-02
0.79271	2.06396e-02
0.79719	2.81547e-02
0.80129	2.51505e-02
0.80692	2.64479e-02
0.80041	4.67864e-02
0.80041	4.67864e-02
0.79403	3.67069e-02
0.79192	3.39871e-02
0.79539	4.04093e-02
0.80156	3.71840e-02
0.81613	2.32265e-02
0.80500	3.44592e-02
0.81807	4.00049e-02
0.81298	4.63068e-02
0.80800	4.36569e-02
0.80853	4.81758e-02
0.81581	4.27811e-02
0.82030	5.23501e-02
0.81400	5.27915e-02
0.82113	4.35909e-02
0.82125	4.35376e-02
0.81758	4.07839e-02
0.81622	4.14517e-02
0.82866	3.79372e-02
0.83036	3.75954e-02
0.82102	3.66231e-02
0.82123	3.63413e-02
0.82663	4.32839e-02
0.82367	4.19547e-02
0.83042	3.36355e-02
0.82960	3.37971e-02
0.83232	3.47593e-02
0.83232	3.47593e-02
0.83995	3.62111e-02
0.83239	3.01881e-02
0.82519	2.31627e-02
0.82069	2.64722e-02
0.82818	2.51057e-02
0.84378	2.78750e-02
0.84338	2.82321e-02
0.83687	2.59142e-02
0.83957	2.50057e-02
0.83878	2.51272e-02
0.84837	1.82948e-02
0.84351	2.40467e-02
0.83513	2.07907e-02
0.84078	2.35826e-02
0.84214	2.47679e-02
0.84152	2.38417e-02
0.84072	2.35517e-02
0.84956	2.92409e-02
0.84604	3.21906e-02
0.84753	3.22271e-02
0.84317	2.79777e-02
0.83928	2.96958e-02
0.83584	2.51133e-02
0.84631	2.96359e-02
0.83911	2.46470e-02
0.84033	2.46316e-02
0.84719	2.23291e-02
0.86167	3.22615e-02
0.86110	3.49384e-02
0.85934	3.48046e-02
0.85987	3.52270e-02
0.86592	2.71679e-02
0.86592	2.71679e-02
0.86645	2.16433e-02
0.86456	2.02442e-02
0.86490	1.99738e-02
0.87315	2.50979e-02
0.88321	2.65830e-02
0.87375	2.62352e-02
0.87812	1.88058e-02
0.87228	2.68463e-02
0.87322	3.45525e-02
0.87424	3.44219e-02
0.87049	3.20022e-02
0.87324	3.33584e-02
0.88080	2.55615e-02
0.88018	2.48913e-02
0.87948	2.51972e-02
0.88756	2.27663e-02
0.87896	3.23768e-02
0.87896	3.23768e-02
0.87985	3.07237e-02
0.87306	3.56959e-02
0.87028	3.57266e-02
0.87317	3.29091e-02
0.86950	2.87801e-02
0.87793	2.58151e-02
0.87347	2.05339e-02
0.87427	2.15530e-02
0.87041	2.42463e-02
0.87394	2.41905e-02
0.87394	2.41905e-02
0.87376	2.60407e-02
0.87285	2.60066e-02
0.88513	1.60255e-02
0.88813	1.24819e-02
0.88048	2.43727e-02
0.87562	2.68023e-02
0.88055	3.41171e-02
0.87813	3.49747e-02
0.87813	3.49747e-02
0.87580	3.16815e-02
0.88261	3.49794e-02
0.87825	3.12861e-02
0.87824	3.16811e-02
0.87462	2.93228e-02
0.88478	2.76817e-02
0.89377	2.23949e-02
0.89817	1.84582e-02
0.90368	1.28546e-02
0.90591	1.19876e-02
0.90032	2.16684e-02
0.89750	2.44789e-02
0.89761	2.44241e-02
0.90677	3.34072e-02
0.91137	3.73996e-02
0.90405	4.21653e-02
0.90065	3.85012e-02
0.89985	3.95654e-02
0.90435	3.86010e-02
0.90267	3.97155e-02
0.90286	3.99633e-02
0.90538	3.80950e-02
0.90432	3.78245e-02
0.91123	2.94208e-02
0.91785	3.15573e-02
0.91766	3.23425e-02
0.91286	3.69318e-02
0.91519	3.82179e-02
0.91856	4.08264e-02
0.92024	4.07030e-02
0.92875	3.87441e-02
0.92897	4.02576e-02
0.92897	4.02576e-02
0.92087	4.02134e-02
0.92673	3.53877e-02
0.93499	2.79774e-02
0.93407	3.42230e-02
0.92663	4.10895e-02
0.92663	4.10895e-02
0.92333	3.83727e-02
0.93372	3.33168e-02
0.93054	3.74416e-02
0.93183	4.18619e-02
0.95175	2.49032e-02
0.94713	3.25410e-02
0.93869	4.34256e-02
0.94430	3.86488e-02
0.93699	3.75306e-02
0.92956	4.44678e-02
0.92426	4.13878e-02
0.92409	3.82510e-02
0.93127	3.33802e-02
0.93338	3.94088e-02
0.93640	3.95150e-02
0.94669	2.45225e-02
0.92980	2.42350e-02
0.93863	1.50656e-02
0.92941	2.83123e-02
0.93658	3.90086e-02
0.93664	3.90212e-02
0.93820	3.72429e-02
0.93595	3.98792e-02
0.93121	4.17220e-02
0.93448	4.41735e-02
0.93666	4.19815e-02
0.94194	4.31491e-02
0.93144	3.73338e-02
0.93525	3.96241e-02
0.93778	4.04225e-02
0.93496	3.87798e-02
0.94980	2.85449e-02
0.95287	3.26825e-02
0.95287	3.26825e-02
0.95287	3.26825e-02
0.95287	3.26825e-02
0.95810	3.60288e-02
0.95043	3.47034e-02
0.94121	3.24594e-02
0.92680	2.32227e-02
0.92680	2.32227e-02
0.92680	2.32227e-02
0.92680	2.32227e-02
0.92841	2.39550e-02
0.93232	2.68810e-02
0.94478	3.82223e-02
0.95123	3.77241e-02
0.95378	4.02189e-02
0.93983	3.71236e-02
0.93983	3.71236e-02
0.93419	2.93369e-02
0.93039	3.33164e-02
0.93161	3.30889e-02
0.93343	3.10484e-02
0.94496	2.10149e-02
0.94496	2.10149e-02
0.94836	1.84439e-02
0.95534	2.74748e-02
0.93595	2.12209e-03
0.89995	3.81298e-02
0.89995	3.81298e-02
0.89995	3.81298e-02
0.90656	4.47458e-02
0.93819	1.31170e-02
0.93880	1.37287e-02
0.93880	1.37287e-02
0.93880	1.37287e-02
0.93952	1.30122e-02
0.93952	1.30122e-02
0.93952	1.30122e-02
0.94159	1.09407e-02
0.94159	1.09407e-02
0.94159	1.09407e-02
0.94159	1.09407e-02
0.94159	1.09407e-02
0.94288	1.22267e-02
0.94288	1.22267e-02
0.95135	3.75435e-03
0.95135	3.75435e-03
0.95116	3.94351e-03
0.95116	3.94351e-03
0.95730	7.52566e-03
0.95815	6.67178e-03
0.97205	7.22579e-03
0.97486	1.00404e-02
0.97486	1.00404e-02
0.98537	4.65646e-03
0.96619	2.38444e-02
0.96619	2.38444e-02
0.96619	2.38444e-02
0.96619	2.38444e-02
0.96619	2.38444e-02
0.99111	1.08045e-03
0.98360	8.59344e-03
0.98360	8.59344e-03
0.98360	8.59344e-03
0.99347	1.27522e-03
0.99519	0.00000e+00
0.99519	0.00000e+00
0.99519	0.00000e+00
0.99508	0.00000e+00
