0.13314	6.39954e-02
0.15123	5.57155e-02
0.12042	6.73201e-02
0.11699	6.51035e-02
0.17515	9.76391e-02
0.11950	7.02261e-02
0.15050	5.71749e-02
0.11418	5.90562e-02
0.14410	1.11278e-01
0.13368	7.54141e-02
0.14167	7.44175e-02
0.10599	4.60716e-02
0.09955	4.88424e-02
0.10745	9.36245e-02
0.11845	3.62218e-02
0.12664	4.08658e-02
0.11107	5.15419e-02
0.17862	6.29342e-02
0.10420	4.96945e-02
0.10351	5.66541e-02
0.12510	6.35165e-02
0.09979	4.24262e-02
0.09911	4.42881e-02
0.10395	5.79955e-02
0.09786	4.61483e-02
0.12646	4.50095e-02
0.11368	6.20757e-02
0.11819	3.04911e-02
0.10507	3.35517e-02
0.14166	5.81442e-02
0.06867	3.08447e-02
0.09438	3.47990e-02
0.11095	7.69160e-02
0.11328	5.60400e-02
0.12165	5.09008e-02
0.09829	4.96526e-02
0.09665	7.20347e-02
0.09266	3.92386e-02
0.07989	4.89479e-02
0.13444	7.82152e-02
0.09481	5.86337e-02
0.08395	3.80688e-02
0.10041	3.19247e-02
0.06923	3.19909e-02
0.06853	1.96359e-02
0.08492	5.02925e-02
0.07544	4.15004e-02
0.06941	4.01992e-02
0.06610	3.93642e-02
0.09992	3.64842e-02
0.08174	4.83129e-02
0.10848	5.16681e-02
0.09269	4.50209e-02
0.07708	3.54903e-02
0.08625	3.82522e-02
0.08158	5.47614e-02
0.10595	4.38256e-02
0.08599	3.53865e-02
0.08469	5.70926e-02
0.07196	3.14264e-02
0.10970	5.20848e-02
0.11153	4.52469e-02
0.09369	3.83093e-02
0.09014	3.52412e-02
0.09785	4.81865e-02
0.07229	2.53297e-02
0.07271	4.16360e-02
0.11221	6.87476e-02
0.09687	5.30046e-02
0.10965	4.91853e-02
0.08809	4.90067e-02
0.06397	3.99848e-02
0.09734	4.73453e-02
0.08057	4.32406e-02
0.08118	4.72562e-02
0.09506	5.30647e-02
0.10594	5.00832e-02
0.11509	5.98893e-02
0.08749	5.32168e-02
0.06633	3.28700e-02
0.08039	3.97972e-02
0.08895	5.31120e-02
0.05629	5.06030e-02
0.10906	5.15673e-02
0.10839	3.74463e-02
0.07292	3.32124e-02
0.09853	4.85851e-02
0.10764	3.29745e-02
0.06882	2.87311e-02
0.10349	4.37206e-02
0.08968	2.38343e-02
0.09297	4.50619e-02
0.06879	3.66829e-02
0.08626	3.28030e-02
0.10913	5.13791e-02
0.07871	3.76235e-02
0.07728	4.10615e-02
0.10439	5.46171e-02
0.08054	4.34347e-02
