0.96992	5.73978e-03
0.95355	1.00628e-02
0.94312	1.44086e-02
0.92981	1.14878e-02
0.91015	2.08093e-02
0.90081	2.44931e-02
0.88935	2.26485e-02
0.88150	2.29365e-02
0.85177	1.98208e-02
0.84113	3.28958e-02
0.81643	3.07307e-02
0.79171	2.39328e-02
0.77190	2.28339e-02
0.75802	3.53206e-02
0.72974	2.79717e-02
0.72932	2.96683e-02
0.70450	3.26518e-02
0.69162	2.63060e-02
0.68397	5.84865e-02
0.66259	4.17045e-02
0.62340	5.17775e-02
0.59225	6.24732e-02
0.58164	4.55119e-02
0.55564	6.78738e-02
0.54652	5.33736e-02
0.50626	7.58601e-02
0.50281	7.08244e-02
0.48430	7.46473e-02
0.46934	7.61863e-02
0.42390	9.24208e-02
0.33718	7.37554e-02
0.38661	1.01327e-01
0.37518	5.25959e-02
0.28960	9.58988e-02
0.21550	8.64618e-02
0.19019	3.68725e-02
0.17265	7.27634e-02
0.18864	9.17664e-02
0.17076	9.97569e-02
0.12906	8.04685e-02
0.16724	8.81367e-02
0.15260	5.34190e-02
0.11891	6.05882e-02
0.16403	7.96825e-02
0.12470	5.52942e-02
0.13690	5.20843e-02
0.14851	8.03532e-02
0.15558	6.22632e-02
0.09025	4.27821e-02
0.11416	3.11969e-02
0.12545	6.70367e-02
0.09017	4.95120e-02
0.12735	5.14016e-02
0.10763	5.17846e-02
0.09709	5.18091e-02
0.08068	5.56830e-02
0.11129	3.06563e-02
0.10197	3.56416e-02
0.07148	2.82412e-02
0.08950	3.97249e-02
0.10460	4.66187e-02
0.11666	7.37468e-02
0.09232	5.20380e-02
0.10858	4.95172e-02
0.08465	5.53681e-02
0.11230	4.99807e-02
0.12405	6.03839e-02
0.08854	4.71604e-02
0.10173	4.81409e-02
0.08701	3.11705e-02
0.09243	4.53298e-02
0.10340	4.05719e-02
0.09016	4.45807e-02
0.06879	3.94840e-02
0.09615	5.30601e-02
0.07155	2.62588e-02
0.07894	4.84953e-02
0.08018	3.50468e-02
0.14710	4.30827e-02
0.10406	4.37977e-02
0.08216	4.02513e-02
0.11896	6.78666e-02
0.09189	3.78802e-02
0.09542	4.04533e-02
0.09493	3.83885e-02
0.08907	4.19854e-02
0.09985	3.51954e-02
0.08881	3.85377e-02
0.07314	4.89354e-02
0.07250	4.82826e-02
0.09431	3.21028e-02
0.07199	5.16921e-02
0.07768	3.58186e-02
0.06935	4.22656e-02
0.08558	5.69984e-02
0.07863	2.93826e-02
0.08665	2.83027e-02
0.08864	3.92098e-02
0.08363	4.31588e-02
