0.99080	1.85501e-03
0.98039	9.62410e-03
0.96868	1.10870e-02
0.95260	9.64655e-03
0.94943	1.26951e-02
0.94507	1.00708e-02
0.91787	1.95633e-02
0.90938	2.08152e-02
0.89770	1.89033e-02
0.87225	2.21773e-02
0.86303	2.26097e-02
0.83326	2.19689e-02
0.83971	2.11815e-02
0.81075	2.49750e-02
0.80294	3.69236e-02
0.79438	2.51847e-02
0.77097	3.40194e-02
0.75716	2.69222e-02
0.76626	3.71256e-02
0.74391	3.43663e-02
0.70705	3.16090e-02
0.68745	4.02702e-02
0.70292	4.35470e-02
0.67671	4.35612e-02
0.64962	3.54248e-02
0.63732	3.66170e-02
0.62198	6.58787e-02
0.57744	5.07625e-02
0.57266	5.78404e-02
0.54642	5.29860e-02
0.50774	5.22065e-02
0.48075	4.87427e-02
0.46593	5.96348e-02
0.41355	8.78736e-02
0.39348	6.80466e-02
0.34889	6.84278e-02
0.33876	5.70921e-02
0.31223	5.06285e-02
0.25902	1.04075e-01
0.18294	1.01090e-01
0.15742	8.26312e-02
0.16161	7.10606e-02
0.18941	7.85759e-02
0.15524	5.52549e-02
0.13910	9.13712e-02
0.09392	3.70083e-02
0.11758	6.41379e-02
0.15305	9.16496e-02
0.14456	7.13235e-02
0.16765	9.77323e-02
0.12573	7.74611e-02
0.09387	5.46940e-02
0.14909	6.68538e-02
0.11218	3.42116e-02
0.11616	6.03839e-02
0.13096	5.39949e-02
0.09438	4.78080e-02
0.11988	4.05814e-02
0.08939	4.26863e-02
0.08552	5.22596e-02
0.09878	6.31686e-02
0.09553	3.11238e-02
0.10575	6.73039e-02
0.13086	5.95545e-02
0.08845	2.41247e-02
0.09452	4.68051e-02
0.08329	5.34420e-02
0.10308	4.94680e-02
0.10478	3.92027e-02
0.10320	4.65771e-02
0.09959	3.38254e-02
0.08474	5.38639e-02
0.11001	4.36458e-02
0.09940	3.26307e-02
0.08648	4.15654e-02
0.07640	4.58470e-02
0.10045	4.61275e-02
0.09387	4.24473e-02
0.08538	3.48725e-02
0.09158	2.81334e-02
0.05928	3.60710e-02
0.09676	3.41929e-02
0.09128	4.14557e-02
0.08722	4.04463e-02
0.10029	5.09367e-02
0.08710	3.82496e-02
0.09283	2.68391e-02
0.10011	3.68892e-02
0.10490	4.04742e-02
0.10141	3.73016e-02
0.07488	3.82172e-02
0.08326	5.13549e-02
0.06793	4.80685e-02
0.09960	3.65477e-02
0.07229	3.20178e-02
0.08556	4.19431e-02
0.08512	3.88970e-02
0.07802	4.45841e-02
0.09238	4.55999e-02
