0.99125	2.96544e-03
0.97771	8.07790e-03
0.97408	1.02440e-02
0.94916	1.31118e-02
0.94388	1.52490e-02
0.93535	1.66294e-02
0.93587	9.53628e-03
0.91152	1.54598e-02
0.89291	2.13916e-02
0.89029	2.15752e-02
0.85981	2.34370e-02
0.84941	2.60903e-02
0.84224	2.99084e-02
0.82526	4.03298e-02
0.81169	3.09757e-02
0.81681	3.08640e-02
0.77049	1.65205e-02
0.76711	3.29820e-02
0.74628	2.75852e-02
0.73692	4.82924e-02
0.71183	2.58016e-02
0.70959	3.27033e-02
0.70128	3.33500e-02
0.69705	3.82984e-02
0.64884	4.34164e-02
0.62625	3.59778e-02
0.66194	5.69128e-02
0.61196	4.02487e-02
0.59536	5.79298e-02
0.54369	6.31278e-02
0.53342	5.15308e-02
0.51351	7.82276e-02
0.46013	8.22100e-02
0.40439	1.08742e-01
0.36370	9.97813e-02
0.34618	7.03247e-02
0.28434	7.04665e-02
0.28157	9.77809e-02
0.27917	8.37195e-02
0.19795	8.84938e-02
0.15786	7.35642e-02
0.20821	7.63361e-02
0.18112	8.60614e-02
0.14629	8.76283e-02
0.18894	9.31316e-02
0.20398	5.42383e-02
0.15576	5.97512e-02
0.14564	5.72505e-02
0.14231	7.49591e-02
0.14433	8.17780e-02
0.15845	6.70711e-02
0.08953	7.86255e-02
0.14232	4.74154e-02
0.13825	6.73506e-02
0.08805	5.62799e-02
0.14179	7.08279e-02
0.09941	7.44635e-02
0.12758	3.36704e-02
0.10864	7.22163e-02
0.11605	5.56849e-02
0.12088	4.43782e-02
0.07668	4.29176e-02
0.13100	4.88574e-02
0.10713	4.36495e-02
0.09873	6.50168e-02
0.08535	4.14477e-02
0.10275	6.24162e-02
0.10167	6.45352e-02
0.09001	4.46812e-02
0.10922	3.26540e-02
0.10282	3.55579e-02
0.08806	4.04235e-02
0.10129	5.84407e-02
0.08014	3.56264e-02
0.09078	4.48112e-02
0.08775	3.64009e-02
0.07044	3.81105e-02
0.10187	3.12867e-02
0.10058	4.26792e-02
0.08349	4.56573e-02
0.08786	5.39143e-02
0.05697	3.57820e-02
0.09105	4.59143e-02
0.09533	5.41268e-02
0.11439	3.49452e-02
0.10176	3.98719e-02
0.10132	5.38202e-02
0.06261	4.16979e-02
0.07827	5.56730e-02
0.06041	1.84943e-02
0.08537	4.34150e-02
0.09172	3.00640e-02
0.10594	4.96932e-02
0.09140	2.74077e-02
0.07656	4.91545e-02
0.12265	5.04070e-02
0.08321	2.74411e-02
0.11041	4.93413e-02
0.10207	7.71518e-02
