0.0816
0.1088
0.1348
0.1602
0.1874
0.2170
0.2508
0.2897
0.3325
0.3765
0.4204
0.4636
0.5066
0.5489
0.5893
0.6272
0.6647
0.7019
0.7375
0.7709
0.7990
0.8211
0.8385
0.8525
0.8634
0.8722
0.8794
0.8845
0.8872
0.8887
0.8897
0.8906
0.8916
0.8928
0.8940
0.8951
0.8964
0.8978
0.8995
0.9010
0.9023
0.9032
0.9036
0.9037
0.9034
0.9030
0.9023
0.9014
0.9004
0.8992
0.8978
0.8964
0.8951
0.8940
0.8931
0.8926
0.8925
0.8928
0.8939
0.8958
0.8983
0.9009
0.9033
0.9050
0.9056
0.9055
0.9049
0.9041
0.9034
0.9029
0.9024
0.9020
0.9014
0.9008
0.9001
0.8995
0.8991
0.8990
0.8992
0.8996
0.8999
0.9001
0.9000
0.8998
0.8995
0.8995
0.8995
0.8995
0.8993
0.8987
0.8978
0.8968
0.8957
0.8945
0.8934
0.8924
0.8918
0.8915
0.8915
0.8919
0.8925
0.8933
0.8942
0.8952
0.8964
0.8979
0.8995
0.9012
0.9030
0.9049
0.9064
0.9074
0.9079
0.9077
0.9071
0.9061
0.9049
0.9037
0.9025
0.9014
0.9003
0.8993
0.8984
0.8975
0.8967
0.8959
0.8953
0.8950
0.8952
0.8957
0.8965
0.8973
0.8980
0.8985
0.8989
0.8991
0.8992
0.8990
0.8987
0.8983
0.8978
0.8972
0.8967
0.8962
0.8958
0.8955
0.8953
0.8953
0.8952
0.8952
0.8950
0.8949
0.8950
0.8956
0.8965
0.8975
0.8985
0.8995
0.9004
0.9011
0.9016
0.9021
0.9025
0.9028
0.9029
0.9026
0.9020
0.9012
0.9002
0.8992
0.8984
0.8977
0.8973
0.8972
0.8974
0.8976
0.8979
0.8982
0.8988
0.8995
0.9003
0.9009
0.9014
0.9016
0.9016
0.9013
0.9009
0.9004
0.8999
0.8993
0.8988
0.8982
0.8976
0.8970
0.8964
0.8958
0.8952
0.8948
0.8945
0.8947
0.8955
0.8966
0.8979
0.8992
0.9005
0.9014
0.9018
0.9020
0.9021
0.9021
0.9021
0.9020
0.9020
0.9021
0.9021
0.9021
0.9021
0.9022
0.9022
0.9021
0.9018
0.9014
0.9010
0.9005
0.9002
0.8998
0.8995
0.8991
0.8989
0.8988
0.8989
0.8993
0.8998
0.9002
0.9004
0.9003
0.8999
0.8991
0.8981
0.8970
0.8959
0.8948
0.8938
0.8928
0.8918
0.8910
0.8906
0.8907
0.8913
0.8925
0.8940
0.8958
0.8976
0.8992
0.9003
0.9011
0.9017
0.9021
0.9023
0.9024
0.9027
0.9030
0.9034
0.9037
0.9039
0.9039
0.9037
0.9031
0.9023
0.9013
0.9001
0.8991
0.8982
0.8977
0.8975
0.8976
0.8979
0.8984
0.8988
0.8992
0.8993
0.8994
0.8992
0.8988
0.8983
0.8976
0.8970
0.8964
0.8959
0.8955
0.8950
0.8947
0.8945
0.8946
0.8949
0.8955
0.8964
0.8975
0.8985
0.8994
0.9001
0.9005
0.9010
0.9018
0.9029
0.9042
0.9052
0.9059
0.9058
0.9051
0.9039
0.9024
0.9009
0.8994
0.8982
0.8972
0.8967
0.8963
0.8961
0.8957
0.8953
0.8947
0.8942
0.8939
0.8937
0.8937
0.8940
0.8945
0.8952
0.8959
0.8966
0.8969
0.8971
0.8970
0.8970
0.8971
0.8974
0.8976
0.8977
0.8977
0.8974
0.8970
0.8966
0.8967
0.8972
0.8980
0.8989
0.8999
0.9007
0.9009
0.9008
0.9005
0.9003
0.9002
0.9003
0.9004
0.9003
0.9000
0.8995
0.8991
0.8988
0.8986
0.8986
0.8987
0.8992
0.8999
0.9007
0.9012
0.9013
0.9010
0.9003
0.8994
0.8984
0.8975
0.8967
0.8964
0.8966
0.8973
0.8987
0.9003
0.9017
0.9027
0.9031
0.9030
0.9025
0.9018
0.9010
0.9000
0.8992
0.8986
0.8984
0.8988
0.8997
0.9006
0.9015
0.9022
0.9024
0.9018
0.9008
0.8995
0.8981
0.8971
0.8965
0.8965
0.8968
0.8972
0.8974
0.8972
0.8969
0.8965
0.8961
0.8957
0.8954
0.8952
0.8951
0.8952
0.8955
0.8957
0.8960
0.8962
0.8964
0.8968
0.8973
0.8979
0.8986
0.8994
0.9005
0.9016
0.9028
0.9036
0.9040
0.9037
0.9031
0.9022
0.9012
0.9002
0.8993
0.8986
0.8982
0.8984
0.8988
0.8994
0.9000
0.9002
0.8999
0.8994
0.8988
0.8983
0.8979
0.8975
0.8973
0.8974
0.8981
0.8991
0.9002
0.9009
0.9013
0.9014
0.9012
0.9007
0.9000
0.8992
0.8984
0.8976
0.8970
0.8964
0.8960
0.8956
0.8951
0.8947
0.8943
0.8941
0.8940
0.8942
0.8945
0.8950
0.8959
0.8972
0.8986
0.8998
0.9006
0.9012
0.9015
0.9018
0.9020
0.9022
0.9024
0.9027
0.9029
0.9031
0.9032
0.9028
0.9019
0.9007
0.8994
0.8981
0.8969
0.8957
0.8947
0.8939
0.8935
0.8936
0.8942
0.8951
0.8960
0.8966
0.8969
0.8970
0.8969
0.8967
0.8963
0.8959
0.8955
0.8952
0.8950
0.8948
0.8946
0.8945
0.8945
0.8948
0.8954
0.8962
0.8970
0.8977
0.8982
0.8988
0.8993
0.8999
0.9002
0.9002
0.9001
0.9001
0.9005
0.9015
0.9029
0.9043
0.9057
0.9066
0.9069
0.9067
0.9063
0.9056
0.9049
0.9041
0.9033
0.9025
0.9018
0.9012
0.9007
0.9005
0.9005
0.9008
0.9011
0.9011
0.9007
0.8999
0.8989
0.8979
0.8968
0.8957
0.8946
0.8936
0.8927
0.8920
0.8917
0.8917
0.8918
0.8919
0.8920
0.8921
0.8924
0.8929
0.8938
0.8951
0.8968
0.8988
0.9011
0.9031
0.9047
0.9059
0.9068
0.9077
0.9082
0.9085
0.9084
0.9077
0.9065
0.9048
0.9030
0.9013
0.8997
0.8984
0.8974
0.8967
0.8963
0.8963
0.8965
0.8970
0.8976
0.8985
0.8996
0.9008
0.9018
0.9022
0.9021
0.9015
0.9008
0.9001
0.8993
0.8986
0.8977
0.8968
0.8959
0.8952
0.8945
0.8939
0.8933
0.8928
0.8922
0.8917
0.8912
0.8909
0.8910
0.8916
0.8927
0.8945
0.8968
0.8995
0.9023
0.9049
0.9071
0.9091
0.9105
0.9111
0.9111
0.9106
0.9098
0.9088
0.9077
0.9064
0.9050
0.9036
0.9022
0.9009
0.8997
0.8987
0.8977
0.8969
0.8963
0.8960
0.8959
0.8960
0.8962
0.8963
0.8963
0.8961
0.8958
0.8954
0.8951
0.8949
0.8948
0.8948
0.8948
0.8945
0.8941
0.8933
0.8924
0.8916
0.8908
0.8902
0.8898
0.8898
0.8904
0.8917
0.8938
0.8966
0.9000
0.9032
0.9060
0.9081
0.9092
0.9094
0.9088
0.9077
0.9064
0.9049
0.9036
0.9025
0.9018
0.9014
0.9012
0.9012
0.9012
0.9013
0.9014
0.9014
0.9013
0.9011
0.9009
0.9007
0.9004
0.9000
0.8995
0.8988
0.8981
0.8973
0.8966
0.8959
0.8950
0.8941
0.8931
0.8921
0.8911
0.8900
0.8890
0.8881
0.8876
0.8875
0.8881
0.8892
0.8908
0.8927
0.8951
0.8978
0.9005
0.9029
0.9050
0.9065
0.9071
0.9071
0.9067
0.9063
0.9060
0.9057
0.9054
0.9050
0.9046
0.9041
0.9035
0.9028
0.9019
0.9008
0.8995
0.8982
0.8969
0.8958
0.8953
0.8953
0.8959
0.8969
0.8981
0.8993
0.9001
0.9005
0.9004
0.9001
0.8995
0.8987
0.8977
0.8966
0.8955
0.8946
0.8939
0.8934
0.8930
0.8928
0.8926
0.8926
0.8928
0.8934
0.8943
0.8958
0.8975
0.8993
0.9010
0.9022
0.9030
0.9035
0.9038
0.9040
0.9042
0.9043
0.9045
0.9046
0.9046
0.9045
0.9045
0.9043
0.9039
0.9034
0.9028
0.9022
0.9016
0.9012
0.9009
0.9007
0.9005
0.9003
0.9000
0.8997
0.8994
0.8990
0.8985
0.8977
0.8969
0.8962
0.8956
0.8952
0.8950
0.8948
0.8945
0.8944
0.8943
0.8942
0.8941
0.8941
0.8941
0.8945
0.8951
0.8960
0.8970
0.8979
0.8989
0.8996
0.9003
0.9009
0.9016
0.9020
0.9022
0.9022
0.9020
0.9016
0.9010
0.9003
0.8996
0.8990
0.8985
0.8982
0.8980
0.8979
0.8979
0.8981
0.8983
0.8988
0.8993
0.9000
0.9006
0.9011
0.9015
0.9019
0.9021
0.9022
0.9019
0.9013
0.9005
0.8995
0.8985
0.8973
0.8961
0.8950
0.8939
0.8930
0.8923
0.8919
0.8920
0.8927
0.8942
0.8961
0.8982
0.9002
0.9015
0.9020
0.9020
0.9018
0.9017
0.9018
0.9020
0.9023
0.9024
0.9024
0.9021
0.9016
0.9008
0.8998
0.8988
0.8979
0.8971
0.8965
0.8962
0.8961
0.8963
0.8970
0.8979
0.8989
0.8998
0.9003
0.9006
0.9004
0.9000
0.8993
0.8986
0.8979
0.8972
0.8964
0.8958
0.8952
0.8947
0.8943
0.8939
0.8937
0.8935
0.8934
0.8935
0.8939
0.8944
0.8950
0.8957
0.8966
0.8972
0.8976
0.8977
0.8977
0.8978
0.8981
0.8988
0.8997
0.9006
0.9012
0.9015
0.9016
0.9016
0.9015
0.9015
0.9014
0.9014
0.9012
0.9011
0.9010
0.9008
0.9008
0.9009
0.9010
0.9010
0.9010
0.9008
0.9003
0.8998
0.8992
0.8988
0.8986
0.8985
0.8983
0.8980
0.8978
0.8977
0.8977
0.8977
0.8976
0.8973
0.8970
0.8969
0.8969
0.8970
0.8973
0.8977
0.8980
0.8983
0.8988
0.8995
0.9002
0.9007
0.9010
0.9010
0.9008
0.9007
0.9007
0.9005
0.9003
0.9000
0.8998
0.8996
0.8993
0.8992
0.8991
0.8992
0.8994
0.8995
0.8993
0.8988
0.8981
0.8973
0.8965
0.8959
0.8953
0.8946
0.8940
0.8936
0.8934
0.8938
0.8945
0.8956
0.8965
0.8971
0.8972
0.8970
0.8967
0.8967
0.8971
0.8980
0.8992
0.9004
0.9015
0.9023
0.9026
0.9030
0.9035
0.9042
0.9051
0.9059
0.9063
0.9061
0.9055
0.9047
0.9039
0.9032
0.9026
0.9021
0.9016
0.9010
0.9006
0.9002
0.8998
0.8994
0.8989
0.8983
0.8976
0.8967
0.8958
0.8950
0.8944
0.8941
0.8943
0.8947
0.8952
0.8956
0.8960
0.8964
0.8967
0.8972
0.8977
0.8982
0.8984
0.8986
0.8987
0.8990
0.8996
0.9005
0.9014
0.9024
0.9033
0.9040
0.9044
0.9046
0.9047
0.9045
0.9041
0.9035
0.9026
0.9015
0.9002
0.8991
0.8981
0.8975
0.8974
0.8976
0.8980
0.8982
0.8982
0.8979
0.8972
0.8963
0.8951
0.8938
0.8925
0.8915
0.8907
0.8905
0.8907
0.8913
0.8922
0.8934
0.8946
0.8958
0.8968
0.8976
0.8980
0.8980
0.8977
0.8973
0.8971
0.8972
0.8977
0.8988
0.9005
0.9026
0.9046
0.9064
0.9075
0.9078
0.9076
0.9069
0.9059
0.9048
0.9036
0.9024
0.9014
0.9003
0.8992
0.8981
0.8970
0.8961
0.8955
0.8953
0.8955
0.8961
0.8969
0.8976
0.8981
0.8982
0.8981
0.8979
0.8978
0.8977
0.8980
0.8984
0.8990
0.8996
0.9002
0.9007
0.9013
0.9018
0.9019
0.9015
0.9008
0.8997
0.8986
0.8976
0.8969
0.8966
0.8968
0.8974
0.8983
0.8993
0.9004
0.9014
0.9020
0.9021
0.9016
0.9008
0.8998
0.8989
0.8982
0.8977
0.8975
0.8974
0.8973
0.8973
0.8971
0.8968
0.8966
0.8966
0.8970
0.8977
0.8986
0.8996
0.9003
0.9008
0.9009
0.9007
0.9003
0.8997
0.8991
0.8984
0.8980
0.8977
0.8978
0.8981
0.8986
0.8992
0.8999
0.9005
0.9008
0.9008
0.9005
0.8999
0.8993
0.8988
0.8988
0.8993
0.9002
0.9010
0.9018
0.9022
0.9021
0.9014
0.9006
0.8996
0.8986
0.8976
0.8968
0.8963
0.8960
0.8961
0.8966
0.8973
0.8981
0.8989
0.8996
0.9002
0.9005
0.9007
0.9008
0.9010
0.9011
0.9013
0.9013
0.9012
0.9009
0.9005
0.8999
0.8993
0.8987
0.8982
0.8978
0.8975
0.8971
0.8966
0.8962
0.8956
0.8951
0.8944
0.8937
0.8930
0.8925
0.8925
0.8933
0.8948
0.8970
0.8996
0.9020
0.9039
0.9048
0.9047
0.9040
0.9029
0.9016
0.9004
0.8993
0.8985
0.8979
0.8977
0.8976
0.8978
0.8981
0.8983
0.8984
0.8983
0.8979
0.8975
0.8969
0.8964
0.8959
0.8957
0.8959
0.8963
0.8970
0.8978
0.8985
0.8992
0.8998
0.9002
0.9001
0.8996
0.8989
0.8982
0.8976
0.8972
0.8971
0.8970
0.8970
0.8971
0.8974
0.8979
0.8988
0.8998
0.9008
0.9017
0.9022
0.9023
0.9019
0.9012
0.9003
0.8993
0.8984
0.8976
0.8970
0.8967
0.8969
0.8975
0.8985
0.8997
0.9006
0.9011
0.9009
0.9002
0.8991
0.8979
0.8967
0.8957
0.8950
0.8947
0.8949
0.8956
0.8968
0.8982
0.8997
0.9008
0.9014
0.9014
0.9009
0.9001
0.8989
0.8977
0.8966
0.8956
0.8951
0.8950
0.8954
0.8962
0.8975
0.8992
0.9011
0.9026
0.9037
0.9042
0.9041
0.9035
0.9028
0.9022
0.9017
0.9014
0.9011
0.9007
0.9002
0.8996
0.8990
0.8985
0.8982
0.8980
0.8980
0.8981
0.8981
0.8982
0.8982
0.8980
0.8978
0.8974
0.8971
0.8971
0.8973
0.8979
0.8989
0.9000
0.9012
0.9022
0.9026
0.9026
0.9020
0.9011
0.8999
0.8987
0.8975
0.8966
0.8959
0.8955
0.8954
0.8955
0.8959
0.8966
0.8973
0.8979
0.8985
0.8988
0.8987
0.8984
0.8981
0.8979
0.8980
0.8985
0.8995
0.9008
0.9023
0.9039
0.9052
0.9060
0.9060
0.9055
0.9045
0.9034
0.9023
0.9012
0.9000
0.8987
0.8974
0.8961
0.8948
0.8935
0.8923
0.8914
0.8907
0.8903
0.8903
0.8905
0.8911
0.8917
0.8924
0.8931
0.8938
0.8944
0.8949
0.8954
0.8960
0.8970
0.8983
0.9001
0.9020
0.9036
0.9047
0.9054
0.9055
0.9052
0.9046
0.9040
0.9036
0.9034
0.9034
0.9035
0.9036
0.9037
0.9038
0.9036
0.9032
0.9026
0.9017
0.9007
0.8998
0.8991
0.8986
0.8984
0.8982
0.8979
0.8975
0.8970
0.8966
0.8960
0.8953
0.8943
0.8928
0.8912
0.8894
0.8878
0.8864
0.8856
0.8853
0.8853
0.8857
0.8863
0.8871
0.8883
0.8900
0.8921
0.8948
0.8977
0.9009
0.9039
0.9064
0.9086
0.9102
0.9108
0.9107
0.9100
0.9089
0.9077
0.9067
0.9059
0.9053
0.9048
0.9043
0.9037
0.9030
0.9020
0.9010
0.8998
0.8987
0.8978
0.8970
0.8966
0.8964
0.8963
0.8961
0.8958
0.8952
0.8946
0.8938
0.8930
0.8923
0.8917
0.8914
0.8912
0.8913
0.8917
0.8927
0.8943
0.8964
0.8986
0.9007
0.9024
0.9037
0.9046
0.9054
0.9063
0.9075
0.9085
0.9095
0.9100
0.9098
0.9091
0.9080
0.9067
0.9054
0.9040
0.9027
0.9015
0.9004
0.8995
0.8987
0.8982
0.8979
0.8977
0.8976
0.8974
0.8970
0.8966
0.8962
0.8962
0.8967
0.8975
0.8985
0.8991
0.8993
0.8990
0.8983
0.8974
0.8964
0.8954
0.8946
0.8938
0.8932
0.8927
0.8923
0.8921
0.8923
0.8931
0.8945
0.8962
0.8980
0.8995
0.9009
0.9021
0.9032
0.9040
0.9047
0.9051
0.9050
0.9045
0.9040
0.9037
0.9037
0.9037
0.9034
0.9027
0.9017
0.9004
0.8991
0.8978
0.8966
0.8956
0.8950
0.8949
0.8952
0.8958
0.8964
0.8971
0.8978
0.8986
0.8995
0.9005
0.9014
0.9020
0.9021
0.9019
0.9013
0.9004
0.8993
0.8983
0.8975
0.8969
0.8966
0.8965
0.8965
0.8964
0.8962
0.8961
0.8962
0.8966
0.8972
0.8980
0.8987
0.8995
0.9004
0.9012
0.9018
0.9023
0.9026
0.9027
0.9028
0.9026
0.9023
0.9018
0.9012
0.9005
0.8998
0.8989
0.8980
0.8970
0.8961
0.8954
0.8952
0.8955
0.8963
0.8972
0.8982
0.8990
0.8996
0.8999
0.8999
0.8996
0.8990
0.8982
0.8973
0.8964
0.8955
0.8946
0.8939
0.8931
0.8924
0.8918
0.8912
0.8907
0.8905
0.8907
0.8914
0.8928
0.8949
0.8973
0.8996
0.9018
0.9037
0.9052
0.9066
0.9077
0.9084
0.9084
0.9077
0.9064
0.9047
0.9027
0.9007
0.8987
0.8968
0.8953
0.8942
0.8937
0.8940
0.8949
0.8961
0.8975
0.8988
0.9000
0.9009
0.9015
0.9018
0.9020
0.9022
0.9023
0.9022
0.9019
0.9015
0.9012
0.9009
0.9008
0.9006
0.9003
0.8995
0.8984
0.8971
0.8956
0.8943
0.8933
0.8928
0.8930
0.8940
0.8958
0.8981
0.9005
0.9025
0.9038
0.9045
0.9048
0.9049
0.9045
0.9037
0.9025
0.9010
0.8995
0.8981
0.8969
0.8960
0.8956
0.8954
0.8955
0.8958
0.8962
0.8966
0.8967
0.8966
0.8966
0.8966
0.8968
0.8971
0.8974
0.8978
0.8986
0.8996
0.9008
0.9017
0.9024
0.9027
0.9028
0.9026
0.9021
0.9014
0.9003
0.8991
0.8978
0.8965
0.8954
0.8948
0.8947
0.8950
0.8957
0.8968
0.8981
0.8994
0.9004
0.9010
0.9012
0.9012
0.9011
0.9009
0.9008
0.9009
0.9011
0.9015
0.9020
0.9024
0.9028
0.9028
0.9026
0.9021
0.9013
0.9005
0.8995
0.8985
0.8974
0.8966
0.8960
0.8959
0.8960
0.8962
0.8967
0.8975
0.8985
0.8996
0.9007
0.9013
0.9013
0.9008
0.8999
0.8987
0.8975
0.8962
0.8951
0.8942
0.8935
0.8932
0.8932
0.8933
0.8935
0.8936
0.8937
0.8939
0.8947
0.8960
0.8977
0.8996
0.9014
0.9029
0.9040
0.9044
0.9044
0.9039
0.9034
0.9030
0.9029
0.9030
0.9031
0.9029
0.9025
0.9019
0.9010
0.9001
0.8991
0.8979
0.8968
0.8957
0.8949
0.8944
0.8942
0.8941
0.8941
0.8942
0.8943
0.8944
0.8942
0.8939
0.8934
0.8928
0.8920
0.8913
0.8909
0.8910
0.8918
0.8932
0.8949
0.8968
0.8987
0.9001
0.9011
0.9018
0.9026
0.9035
0.9045
0.9055
0.9064
0.9073
0.9080
0.9084
0.9085
0.9083
0.9077
0.9069
0.9060
0.9050
0.9039
0.9027
0.9014
0.9000
0.8984
0.8969
0.8954
0.8940
0.8927
0.8916
0.8910
0.8908
0.8911
0.8918
0.8927
0.8936
0.8945
0.8951
0.8953
0.8949
0.8940
0.8930
0.8921
0.8915
0.8916
0.8926
0.8942
0.8963
0.8984
0.9005
0.9023
0.9036
0.9043
0.9044
0.9040
0.9035
0.9029
0.9025
0.9025
0.9030
0.9038
0.9048
0.9059
0.9069
0.9076
0.9079
0.9077
0.9070
0.9058
0.9042
0.9024
0.9006
0.8987
0.8970
0.8955
0.8944
0.8935
0.8928
0.8921
0.8916
0.8911
0.8909
0.8908
0.8910
0.8912
0.8913
0.8914
0.8914
0.8914
0.8917
0.8923
0.8934
0.8952
0.8978
0.9010
0.9041
0.9069
0.9089
0.9098
0.9095
0.9084
0.9067
0.9046
0.9025
0.9004
0.8986
0.8973
0.8966
0.8967
0.8974
0.8985
0.8998
0.9010
0.9019
0.9024
0.9025
0.9021
0.9013
0.9003
0.8991
0.8980
0.8969
0.8961
0.8956
0.8954
0.8953
0.8952
0.8949
0.8944
0.8938
0.8934
0.8932
0.8936
0.8943
0.8954
0.8965
0.8976
0.8985
0.8991
0.8996
0.9000
0.9005
0.9012
0.9018
0.9023
0.9026
0.9024
0.9018
0.9009
0.9001
0.8995
0.8992
0.8993
0.8996
0.9002
0.9011
0.9021
0.9031
0.9042
0.9051
0.9057
0.9057
0.9052
0.9042
0.9029
0.9014
0.8998
0.8983
0.8970
0.8959
0.8952
0.8946
0.8941
0.8938
0.8936
0.8935
0.8935
0.8935
0.8936
0.8938
0.8943
0.8950
0.8959
0.8971
0.8982
0.8993
0.9001
0.9007
0.9015
0.9023
0.9032
0.9038
0.9040
0.9037
0.9028
0.9015
0.8999
0.8983
0.8969
0.8956
0.8946
0.8939
0.8933
0.8930
0.8930
0.8933
0.8941
0.8952
0.8964
0.8977
0.8989
0.8997
0.9003
0.9006
0.9008
0.9010
0.9012
0.9016
0.9021
0.9025
0.9029
0.9031
0.9031
0.9028
0.9022
0.9013
0.9003
0.8992
0.8982
0.8975
0.8971
0.8972
0.8978
0.8985
0.8992
0.8999
0.9007
0.9015
0.9022
0.9026
0.9027
0.9023
0.9015
0.9006
0.8997
0.8989
0.8982
0.8979
0.8978
0.8978
0.8978
0.8976
0.8971
0.8963
0.8955
0.8949
0.8947
0.8949
0.8954
0.8961
0.8968
0.8977
0.8987
0.8997
0.9008
0.9019
0.9029
0.9038
0.9043
0.9045
0.9042
0.9038
0.9031
0.9024
0.9016
0.9007
0.8999
0.8991
0.8987
0.8986
0.8988
0.8994
0.9002
0.9009
0.9016
0.9020
0.9021
0.9021
0.9017
0.9007
0.8993
0.8977
0.8960
0.8944
0.8930
0.8917
0.8905
0.8895
0.8887
0.8882
0.8881
0.8884
0.8892
0.8905
0.8922
0.8944
0.8969
0.8996
0.9022
0.9046
0.9068
0.9086
0.9099
0.9105
0.9104
0.9097
0.9084
0.9068
0.9049
0.9030
0.9010
0.8991
0.8974
0.8959
0.8947
0.8939
0.8935
0.8936
0.8942
0.8955
0.8974
0.8998
0.9021
0.9039
0.9050
0.9052
0.9046
0.9035
0.9022
0.9009
0.8997
0.8987
0.8978
0.8971
0.8964
0.8958
0.8952
0.8947
0.8942
0.8937
0.8933
0.8930
0.8930
0.8932
0.8938
0.8946
0.8955
0.8965
0.8974
0.8983
0.8992
0.9002
0.9010
0.9016
0.9020
0.9021
0.9019
0.9016
0.9012
0.9006
0.8999
0.8992
0.8984
0.8975
0.8965
0.8955
0.8946
0.8940
0.8941
0.8948
0.8958
0.8970
0.8981
0.8987
0.8988
0.8986
0.8982
0.8979
0.8980
0.8983
0.8990
0.8999
0.9007
0.9012
0.9013
0.9011
0.9006
0.8999
0.8992
0.8984
0.8977
0.8974
0.8974
0.8979
0.8986
0.8995
0.9004
0.9010
0.9013
0.9012
0.9007
0.9001
0.8993
0.8984
0.8976
0.8968
0.8961
0.8958
0.8959
0.8963
0.8970
0.8978
0.8985
0.8990
0.8993
0.8998
0.9004
0.9011
0.9019
0.9028
0.9036
0.9042
0.9047
0.9052
0.9055
0.9057
0.9056
0.9052
0.9045
0.9036
0.9024
0.9011
0.8996
0.8981
0.8967
0.8954
0.8943
0.8935
0.8930
0.8928
0.8929
0.8933
0.8938
0.8943
0.8949
0.8955
0.8958
0.8961
0.8963
0.8965
0.8966
0.8967
0.8969
0.8972
0.8974
0.8976
0.8976
0.8976
0.8973
0.8969
0.8965
0.8960
0.8959
0.8962
0.8969
0.8980
0.8995
0.9012
0.9027
0.9041
0.9053
0.9064
0.9072
0.9079
0.9082
0.9083
0.9080
0.9073
0.9062
0.9049
0.9035
0.9021
0.9008
0.8997
0.8988
0.8981
0.8975
0.8971
0.8967
0.8963
0.8958
0.8952
0.8945
0.8938
0.8931
0.8926
0.8924
0.8923
0.8925
0.8928
0.8932
0.8936
0.8939
0.8941
0.8942
0.8942
0.8941
0.8940
0.8941
0.8944
0.8951
0.8964
0.8982
0.9003
0.9028
0.9053
0.9075
0.9090
0.9099
0.9102
0.9100
0.9094
0.9084
0.9071
0.9057
0.9042
0.9029
0.9017
0.9006
0.8995
0.8985
0.8975
0.8965
0.8955
0.8946
0.8937
0.8929
0.8923
0.8917
0.8913
0.8910
0.8908
0.8904
0.8900
0.8898
0.8897
0.8899
0.8902
0.8905
0.8909
0.8915
0.8922
0.8930
0.8939
0.8948
0.8956
0.8963
0.8971
0.8983
0.8998
0.9014
0.9029
0.9044
0.9056
0.9065
0.9071
0.9077
0.9080
0.9082
0.9082
0.9081
0.9077
0.9070
0.9061
0.9051
0.9041
0.9031
0.9021
0.9011
0.9001
0.8990
0.8978
0.8966
0.8953
0.8939
0.8926
0.8913
0.8903
0.8895
0.8889
0.8884
0.8880
0.8879
0.8883
0.8892
0.8905
0.8919
0.8934
0.8949
0.8963
0.8976
0.8988
0.9001
0.9013
0.9025
0.9037
0.9050
0.9063
0.9074
0.9082
0.9087
0.9086
0.9081
0.9075
0.9067
0.9059
0.9049
0.9039
0.9029
0.9020
0.9012
0.9006
0.9001
0.8997
0.8993
0.8989
0.8984
0.8978
0.8973
0.8967
0.8960
0.8954
0.8948
0.8942
0.8937
0.8934
0.8934
0.8939
0.8949
0.8961
0.8972
0.8980
0.8986
0.8991
0.8995
0.8999
0.9002
0.9004
0.9004
0.9003
0.9001
0.9001
0.9002
0.9008
0.9017
0.9027
0.9036
0.9044
0.9047
0.9046
0.9041
0.9036
0.9030
0.9024
0.9017
0.9008
0.8999
0.8990
0.8984
0.8981
0.8980
0.8981
0.8982
0.8985
0.8988
0.8991
0.8993
0.8994
0.8993
0.8992
0.8991
0.8989
0.8986
0.8981
0.8975
0.8969
0.8965
0.8964
0.8966
0.8967
0.8968
0.8968
0.8965
0.8961
0.8956
0.8950
0.8943
0.8937
0.8932
0.8933
0.8940
0.8954
0.8973
0.8994
0.9016
0.9035
0.9048
0.9051
0.9049
0.9041
0.9033
0.9024
0.9017
0.9009
0.9000
0.8991
0.8982
0.8976
0.8974
0.8976
0.8979
0.8984
0.8990
0.8994
0.8997
0.8998
0.8997
0.8995
0.8994
0.8994
0.8995
0.8997
0.8999
0.9003
0.9007
0.9012
0.9017
0.9018
0.9013
0.9002
0.8987
0.8968
0.8949
0.8931
0.8915
0.8901
0.8891
0.8886
0.8889
0.8899
0.8916
0.8937
0.8961
0.8983
0.9000
0.9011
0.9019
0.9023
0.9024
0.9024
0.9025
0.9028
0.9032
0.9036
0.9039
0.9042
0.9044
0.9046
0.9046
0.9044
0.9039
0.9031
0.9020
0.9007
0.8993
0.8979
0.8967
0.8956
0.8948
0.8942
0.8937
0.8935
0.8935
0.8936
0.8938
0.8941
0.8944
0.8946
0.8947
0.8947
0.8947
0.8950
0.8957
0.8968
0.8983
0.9000
0.9017
0.9031
0.9042
0.9048
0.9048
0.9043
0.9035
0.9027
0.9020
0.9014
0.9008
0.9004
0.9002
0.9003
0.9005
0.9009
0.9012
0.9013
0.9012
0.9009
0.9005
0.9001
0.8999
0.8998
0.9000
0.9003
0.9008
0.9012
0.9014
0.9013
0.9009
0.9003
0.8996
0.8991
0.8987
0.8983
0.8980
0.8977
0.8976
0.8974
0.8971
0.8966
0.8958
0.8947
0.8937
0.8930
0.8929
0.8934
0.8944
0.8955
0.8965
0.8973
0.8977
0.8977
0.8977
0.8981
0.8989
0.9001
0.9014
0.9025
0.9034
0.9039
0.9042
0.9043
0.9044
0.9041
0.9034
0.9024
0.9012
0.8999
0.8987
0.8977
0.8971
0.8969
0.8972
0.8975
0.8979
0.8981
0.8983
0.8982
0.8981
0.8978
0.8974
0.8970
0.8966
0.8963
0.8963
0.8966
0.8970
0.8973
0.8974
0.8973
0.8970
0.8970
0.8974
0.8982
0.8991
0.9000
0.9009
0.9012
0.9008
0.9000
0.8989
0.8977
0.8965
0.8955
0.8948
0.8945
0.8946
0.8953
0.8965
0.8983
0.9005
0.9027
0.9047
0.9062
0.9071
0.9074
0.9074
0.9070
0.9065
0.9058
0.9051
0.9043
0.9035
0.9027
0.9017
0.9005
0.8991
0.8976
0.8958
0.8941
0.8923
0.8906
0.8890
0.8876
0.8865
0.8858
0.8854
0.8853
0.8856
0.8864
0.8879
0.8899
0.8921
0.8944
0.8966
0.8985
0.8999
0.9008
0.9015
0.9021
0.9027
0.9032
0.9036
0.9041
0.9045
0.9050
0.9053
0.9055
0.9056
0.9056
0.9055
0.9052
0.9045
0.9035
0.9022
0.9008
0.8995
0.8983
0.8974
0.8970
0.8969
0.8972
0.8976
0.8980
0.8981
0.8979
0.8974
0.8967
0.8961
0.8955
0.8951
0.8948
0.8947
0.8949
0.8954
0.8961
0.8969
0.8979
0.8991
0.9002
0.9010
0.9015
0.9015
0.9011
0.9004
0.8999
0.8996
0.8995
0.8996
0.8997
0.9000
0.9004
0.9009
0.9015
0.9020
0.9023
0.9024
0.9025
0.9028
0.9031
0.9035
0.9036
0.9033
0.9027
0.9017
0.9006
0.8995
0.8983
0.8971
0.8959
0.8948
0.8938
0.8929
0.8920
0.8913
0.8909
0.8908
0.8910
0.8914
0.8921
0.8929
0.8940
0.8953
0.8968
0.8983
0.8999
0.9015
0.9028
0.9040
0.9051
0.9057
0.9058
0.9054
0.9046
0.9036
0.9026
0.9018
0.9010
0.9003
0.8995
0.8988
0.8980
0.8973
0.8965
0.8956
0.8948
0.8941
0.8937
0.8935
0.8936
0.8939
0.8944
0.8951
0.8960
0.8969
0.8979
0.8988
0.8996
0.9004
0.9012
0.9021
0.9029
0.9034
0.9035
0.9031
0.9023
0.9013
0.9004
0.8995
0.8987
0.8981
0.8978
0.8980
0.8988
0.8998
0.9006
0.9012
0.9013
0.9008
0.8999
0.8989
0.8980
0.8974
0.8969
0.8965
0.8963
0.8961
0.8958
0.8954
0.8948
0.8944
0.8943
0.8946
0.8951
0.8959
0.8967
0.8977
0.8988
0.9000
0.9011
0.9018
0.9021
0.9018
0.9013
0.9005
0.8996
0.8986
0.8976
0.8967
0.8963
0.8962
0.8966
0.8970
0.8974
0.8978
0.8981
0.8983
0.8986
0.8990
0.8996
0.9005
0.9017
0.9031
0.9044
0.9053
0.9052
0.9044
0.9031
0.9016
0.9002
0.8990
0.8979
0.8970
0.8962
0.8955
0.8949
0.8945
0.8943
0.8942
0.8943
0.8946
0.8949
0.8954
0.8959
0.8966
0.8976
0.8989
0.9004
0.9018
0.9030
0.9036
0.9038
0.9036
0.9033
0.9029
0.9024
0.9018
0.9012
0.9007
0.9003
0.9003
0.9004
0.9004
0.9000
0.8994
0.8987
0.8980
0.8979
0.8983
0.8992
0.9004
0.9018
0.9026
0.9028
0.9024
0.9019
0.9013
0.9008
0.9003
0.8997
0.8992
0.8986
0.8980
0.8976
0.8973
0.8972
0.8969
0.8964
0.8958
0.8952
0.8947
0.8944
0.8945
0.8948
0.8952
0.8957
0.8962
0.8965
0.8968
0.8972
0.8975
0.8977
0.8978
0.8977
0.8975
0.8974
0.8975
0.8979
0.8985
0.8992
0.9001
0.9009
0.9015
0.9022
0.9031
0.9043
0.9056
0.9068
0.9077
0.9081
0.9080
0.9075
0.9068
0.9059
0.9049
0.9039
0.9027
0.9016
0.9004
0.8992
0.8980
0.8968
0.8957
0.8948
0.8940
0.8934
0.8930
0.8928
0.8926
0.8924
0.8925
0.8927
0.8931
0.8937
0.8946
0.8957
0.8969
0.8980
0.8987
0.8991
0.8990
0.8988
0.8985
0.8983
0.8983
0.8985
0.8988
0.8992
0.8996
0.9001
0.9005
0.9009
0.9013
0.9017
0.9019
0.9020
0.9022
0.9023
0.9023
0.9024
0.9024
0.9022
0.9018
0.9013
0.9007
0.9002
0.8997
0.8993
0.8988
0.8981
0.8972
0.8962
0.8953
0.8947
0.8946
0.8949
0.8954
0.8960
0.8965
0.8967
0.8968
0.8969
0.8971
0.8973
0.8975
0.8975
0.8974
0.8969
0.8965
0.8960
0.8956
0.8954
0.8951
0.8949
0.8946
0.8943
0.8941
0.8943
0.8951
0.8965
0.8983
0.9001
0.9017
0.9032
0.9042
0.9049
0.9055
0.9061
0.9066
0.9069
0.9067
0.9060
0.9050
0.9039
0.9026
0.9012
0.8997
0.8982
0.8968
0.8956
0.8947
0.8942
0.8942
0.8947
0.8956
0.8967
0.8977
0.8984
0.8988
0.8988
0.8987
0.8986
0.8984
0.8983
0.8981
0.8979
0.8977
0.8975
0.8971
0.8965
0.8957
0.8946
0.8935
0.8922
0.8911
0.8902
0.8897
0.8899
0.8910
0.8929
0.8955
0.8986
0.9016
0.9040
0.9058
0.9070
0.9079
0.9084
0.9087
0.9087
0.9084
0.9079
0.9071
0.9063
0.9056
0.9051
0.9048
0.9047
0.9045
0.9042
0.9035
0.9024
0.9011
0.8997
0.8984
0.8972
0.8959
0.8946
0.8934
0.8923
0.8914
0.8910
0.8910
0.8913
0.8917
0.8921
0.8924
0.8926
0.8929
0.8934
0.8940
0.8948
0.8955
0.8962
0.8970
0.8981
0.8994
0.9008
0.9021
0.9035
0.9046
0.9052
0.9056
0.9058
0.9059
0.9060
0.9060
0.9059
0.9055
0.9049
0.9041
0.9032
0.9024
0.9016
0.9009
0.9002
0.8995
0.8987
0.8979
0.8970
0.8961
0.8953
0.8947
0.8942
0.8938
0.8936
0.8935
0.8934
0.8935
0.8938
0.8945
0.8954
0.8962
0.8967
0.8968
0.8965
0.8959
0.8952
0.8945
0.8938
0.8934
0.8933
0.8938
0.8949
0.8965
0.8981
0.8996
0.9007
0.9015
0.9020
0.9024
0.9029
0.9035
0.9044
0.9054
0.9066
0.9075
0.9080
0.9081
0.9078
0.9072
0.9064
0.9053
0.9039
0.9024
0.9008
0.8992
0.8976
0.8961
0.8947
0.8933
0.8920
0.8911
0.8905
0.8903
0.8905
0.8908
0.8913
0.8919
0.8927
0.8938
0.8951
0.8964
0.8976
0.8986
0.8993
0.8994
0.8991
0.8985
0.8979
0.8977
0.8980
0.8986
0.8993
0.8999
0.9001
0.8998
0.8993
0.8986
0.8981
0.8975
0.8969
0.8963
0.8960
0.8960
0.8964
0.8970
0.8976
0.8980
0.8984
0.8987
0.8991
0.8997
0.9004
0.9013
0.9021
0.9025
0.9024
0.9018
0.9010
0.9001
0.8995
0.8992
0.8992
0.8994
0.8996
0.8994
0.8991
0.8985
0.8978
0.8970
0.8960
0.8949
0.8938
0.8928
0.8922
0.8920
0.8925
0.8937
0.8952
0.8971
0.8992
0.9012
0.9028
0.9040
0.9048
0.9051
0.9048
0.9041
0.9034
0.9025
0.9018
0.9012
0.9009
0.9008
0.9010
0.9012
0.9012
0.9011
0.9007
0.9002
0.8995
0.8987
0.8978
0.8970
0.8964
0.8960
0.8958
0.8957
0.8958
0.8960
0.8964
0.8971
0.8980
0.8989
0.8997
0.9003
0.9006
0.9005
0.9002
0.8996
0.8990
0.8986
0.8986
0.8992
0.9003
0.9015
0.9023
0.9028
0.9026
0.9017
0.9004
0.8989
0.8973
0.8958
0.8945
0.8934
0.8930
0.8932
0.8943
0.8960
0.8982
0.9004
0.9025
0.9041
0.9052
0.9057
0.9059
0.9058
0.9053
0.9046
0.9036
0.9025
0.9012
0.9001
0.8990
0.8981
0.8974
0.8967
0.8962
0.8957
0.8952
0.8948
0.8945
0.8942
0.8941
0.8941
0.8943
0.8946
0.8951
0.8959
0.8971
0.8988
0.9008
0.9026
0.9043
0.9055
0.9060
0.9060
0.9055
0.9049
0.9041
0.9034
0.9027
0.9020
0.9013
0.9006
0.9001
0.8997
0.8994
0.8992
0.8990
0.8987
0.8983
0.8975
0.8966
0.8956
0.8948
0.8943
0.8941
0.8942
0.8947
0.8953
0.8959
0.8964
0.8967
0.8968
0.8967
0.8964
0.8961
0.8957
0.8953
0.8952
0.8952
0.8955
0.8958
0.8962
0.8966
0.8972
0.8980
0.8989
0.8997
0.9002
0.9006
0.9007
0.9005
0.9000
0.8993
0.8985
0.8977
0.8971
0.8968
0.8969
0.8974
0.8982
0.8993
0.9006
0.9021
0.9036
0.9051
0.9062
0.9068
0.9068
0.9061
0.9050
0.9037
0.9022
0.9008
0.8996
0.8987
0.8979
0.8971
0.8963
0.8955
0.8947
0.8939
0.8932
0.8926
0.8922
0.8919
0.8919
0.8921
0.8927
0.8938
0.8953
0.8972
0.8994
0.9017
0.9038
0.9056
0.9070
0.9078
0.9078
0.9071
0.9060
0.9049
0.9038
0.9030
0.9022
0.9016
0.9010
0.9004
0.8998
0.8990
0.8982
0.8974
0.8967
0.8963
0.8962
0.8965
0.8969
0.8971
0.8971
0.8968
0.8965
0.8963
0.8963
0.8966
0.8971
0.8979
0.8987
0.8993
0.8997
0.8996
0.8991
0.8983
0.8973
0.8961
0.8949
0.8940
0.8934
0.8934
0.8940
0.8952
0.8970
0.8990
0.9008
0.9022
0.9033
0.9039
0.9041
0.9039
0.9035
0.9029
0.9024
0.9020
0.9017
0.9015
0.9013
0.9012
0.9011
0.9009
0.9007
0.9003
0.9000
0.8996
0.8995
0.8998
0.9004
0.9011
0.9017
0.9021
0.9022
0.9020
0.9014
0.9004
0.8991
0.8978
0.8965
0.8953
0.8944
0.8937
0.8932
0.8929
0.8928
0.8928
0.8930
0.8933
0.8936
0.8941
0.8949
0.8960
0.8977
0.9000
0.9021
0.9038
0.9048
0.9050
0.9044
0.9032
0.9020
0.9008
0.8999
0.8993
0.8989
0.8985
0.8982
0.8978
0.8974
0.8970
0.8963
0.8956
0.8948
0.8942
0.8939
0.8943
0.8953
0.8968
0.8986
0.9004
0.9019
0.9031
0.9039
0.9042
0.9040
0.9034
0.9025
0.9013
0.9000
0.8986
0.8972
0.8959
0.8947
0.8938
0.8931
0.8926
0.8924
0.8924
0.8927
0.8933
0.8943
0.8957
0.8972
0.8986
0.8996
0.9000
0.8999
0.8997
0.8994
0.8992
0.8990
0.8991
0.8993
0.8997
0.9002
0.9007
0.9010
0.9011
0.9011
0.9010
0.9008
0.9005
0.9001
0.8998
0.8998
0.9002
0.9011
0.9022
0.9032
0.9038
0.9039
0.9034
0.9025
0.9011
0.8995
0.8978
0.8960
0.8944
0.8931
0.8922
0.8917
0.8917
0.8919
0.8925
0.8933
0.8943
0.8954
0.8966
0.8979
0.8991
0.9002
0.9013
0.9020
0.9023
0.9022
0.9019
0.9018
0.9018
0.9017
0.9015
0.9011
0.9005
0.8998
0.8992
0.8986
0.8981
0.8975
0.8970
0.8966
0.8964
0.8964
0.8967
0.8974
0.8983
0.8995
0.9009
0.9022
0.9032
0.9037
0.9035
0.9029
0.9019
0.9010
0.9002
0.8996
0.8994
0.8994
0.8994
0.8993
0.8988
0.8979
0.8969
0.8958
0.8949
0.8946
0.8948
0.8955
0.8964
0.8975
0.8985
0.8993
0.9001
0.9009
0.9017
0.9024
0.9031
0.9035
0.9036
0.9033
0.9025
0.9013
0.8999
0.8987
0.8977
0.8970
0.8967
0.8967
0.8967
0.8967
0.8966
0.8963
0.8959
0.8955
0.8954
0.8955
0.8960
0.8967
0.8974
0.8978
0.8979
0.8978
0.8974
0.8971
0.8970
0.8971
0.8974
0.8976
0.8978
0.8977
0.8975
0.8973
0.8972
0.8974
0.8979
0.8986
0.8994
0.9004
0.9013
0.9022
0.9031
0.9038
0.9043
0.9043
0.9039
0.9030
0.9019
0.9007
0.8993
0.8978
0.8962
0.8947
0.8933
0.8922
0.8917
0.8917
0.8921
0.8927
0.8936
0.8944
0.8952
0.8957
0.8962
0.8969
0.8977
0.8988
0.9002
0.9015
0.9028
0.9039
0.9046
0.9048
0.9045
0.9037
0.9025
0.9010
0.8993
0.8976
0.8961
0.8948
0.8940
0.8936
0.8936
0.8938
0.8943
0.8950
0.8956
0.8964
0.8975
0.8990
0.9006
0.9021
0.9033
0.9042
0.9047
0.9048
0.9046
0.9040
0.9031
0.9020
0.9010
0.9002
0.8996
0.8992
0.8988
0.8982
0.8976
0.8968
0.8958
0.8948
0.8938
0.8929
0.8923
0.8920
0.8920
0.8924
0.8931
0.8944
0.8960
0.8979
0.8997
0.9012
0.9021
0.9025
0.9025
0.9025
0.9025
0.9028
0.9033
0.9039
0.9044
0.9049
0.9053
0.9053
0.9051
0.9046
0.9039
0.9031
0.9022
0.9015
0.9008
0.9004
0.9000
0.8998
0.8995
0.8992
0.8989
0.8988
0.8989
0.8992
0.8996
0.9000
0.9002
0.9002
0.9000
0.8997
0.8993
0.8988
0.8981
0.8974
0.8966
0.8960
0.8956
0.8953
0.8950
0.8947
0.8944
0.8941
0.8938
0.8937
0.8937
0.8940
0.8945
0.8951
0.8959
0.8969
0.8982
0.8998
0.9015
0.9034
0.9050
0.9062
0.9069
0.9072
0.9071
0.9067
0.9061
0.9053
0.9044
0.9035
0.9025
0.9018
0.9013
0.9009
0.9007
0.9004
0.9000
0.8994
0.8985
0.8975
0.8963
0.8949
0.8936
0.8921
0.8908
0.8896
0.8887
0.8881
0.8880
0.8883
0.8893
0.8910
0.8931
0.8955
0.8978
0.8998
0.9014
0.9026
0.9034
0.9039
0.9041
0.9043
0.9046
0.9052
0.9060
0.9068
0.9074
0.9077
0.9073
0.9063
0.9049
0.9033
0.9019
0.9005
0.8994
0.8984
0.8975
0.8968
0.8960
0.8955
0.8953
0.8957
0.8966
0.8980
0.8994
0.9005
0.9010
0.9008
0.9001
0.8991
0.8978
0.8967
0.8956
0.8948
0.8942
0.8940
0.8941
0.8946
0.8953
0.8960
0.8965
0.8968
0.8967
0.8963
0.8957
0.8949
0.8941
0.8933
0.8926
0.8922
0.8923
0.8932
0.8949
0.8972
0.8997
0.9019
0.9034
0.9040
0.9041
0.9038
0.9035
0.9030
0.9026
0.9021
0.9016
0.9012
0.9007
0.9002
0.8996
0.8990
0.8985
0.8981
0.8980
0.8979
0.8977
0.8975
0.8971
0.8967
0.8962
0.8958
0.8956
0.8958
0.8965
0.8976
0.8990
0.9005
0.9018
0.9027
0.9032
0.9033
0.9030
0.9023
0.9012
0.8999
0.8985
0.8974
0.8968
0.8968
0.8975
0.8986
0.8998
0.9007
0.9013
0.9013
0.9007
0.8997
0.8984
0.8971
0.8960
0.8952
0.8949
0.8953
0.8965
0.8982
0.9002
0.9023
0.9040
0.9051
0.9055
0.9052
0.9047
0.9039
0.9031
0.9023
0.9016
0.9009
0.9004
0.9001
0.8998
0.8994
0.8989
0.8981
0.8969
0.8955
0.8940
0.8924
0.8909
0.8898
0.8890
0.8888
0.8889
0.8894
0.8902
0.8912
0.8927
0.8948
0.8975
0.9006
0.9035
0.9060
0.9077
0.9086
0.9087
0.9083
0.9075
0.9065
0.9053
0.9040
0.9027
0.9016
0.9006
0.8999
0.8994
0.8990
0.8986
0.8981
0.8977
0.8975
0.8976
0.8979
0.8983
0.8988
0.8991
0.8992
0.8990
0.8988
0.8987
0.8988
0.8990
0.8992
0.8990
0.8985
0.8977
0.8967
0.8958
0.8950
0.8945
0.8944
0.8947
0.8954
0.8963
0.8972
0.8983
0.8993
0.9004
0.9014
0.9021
0.9026
0.9026
0.9021
0.9013
0.9005
0.8997
0.8990
0.8983
0.8979
0.8978
0.8980
0.8986
0.8995
0.9006
0.9016
0.9024
0.9027
0.9024
0.9015
0.9001
0.8984
0.8968
0.8953
0.8943
0.8936
0.8933
0.8930
0.8928
0.8927
0.8927
0.8930
0.8936
0.8945
0.8953
0.8960
0.8964
0.8965
0.8963
0.8961
0.8961
0.8966
0.8974
0.8987
0.9004
0.9021
0.9034
0.9042
0.9044
0.9041
0.9034
0.9024
0.9013
0.9002
0.8993
0.8986
0.8982
0.8983
0.8987
0.8992
0.8996
0.8998
0.8997
0.8995
0.8992
0.8989
0.8985
0.8978
0.8969
0.8961
0.8954
0.8951
0.8954
0.8963
0.8978
0.8995
0.9011
0.9021
0.9025
0.9024
0.9019
0.9010
0.8999
0.8987
0.8976
0.8966
0.8958
0.8952
0.8950
0.8951
0.8955
0.8961
0.8971
0.8981
0.8990
0.8997
0.9000
0.8997
0.8992
0.8986
0.8983
0.8982
0.8983
0.8985
0.8990
0.8997
0.9003
0.9009
0.9012
0.9013
0.9013
0.9011
0.9010
0.9009
0.9009
0.9008
0.9007
0.9004
0.9001
0.8998
0.8995
0.8992
0.8988
0.8985
0.8981
0.8976
0.8970
0.8961
0.8950
0.8938
0.8927
0.8917
0.8909
0.8905
0.8905
0.8911
0.8921
0.8936
0.8953
0.8973
0.8990
0.9005
0.9017
0.9026
0.9033
0.9037
0.9040
0.9042
0.9045
0.9049
0.9055
0.9061
0.9066
0.9066
0.9062
0.9053
0.9041
0.9029
0.9016
0.9006
0.8999
0.8995
0.8993
0.8993
0.8995
0.8999
0.9003
0.9007
0.9009
0.9008
0.9002
0.8992
0.8981
0.8969
0.8957
0.8947
0.8936
0.8925
0.8915
0.8906
0.8900
0.8897
0.8898
0.8902
0.8908
0.8917
0.8933
0.8954
0.8979
0.9004
0.9024
0.9039
0.9045
0.9044
0.9041
0.9038
0.9037
0.9040
0.9046
0.9052
0.9057
0.9057
0.9054
0.9048
0.9039
0.9029
0.9019
0.9009
0.9001
0.8996
0.8995
0.8999
0.9005
0.9010
0.9012
0.9008
0.8999
0.8985
0.8970
0.8953
0.8936
0.8922
0.8911
0.8903
0.8900
0.8900
0.8903
0.8909
0.8918
0.8931
0.8946
0.8960
0.8972
0.8981
0.8991
0.9000
0.9010
0.9020
0.9030
0.9037
0.9040
0.9040
0.9038
0.9035
0.9033
0.9031
0.9028
0.9024
0.9020
0.9015
0.9009
0.9002
0.8993
0.8982
0.8970
0.8959
0.8950
0.8945
0.8945
0.8952
0.8965
0.8981
0.8995
0.9005
0.9007
0.9004
0.8996
0.8986
0.8977
0.8970
0.8965
0.8964
0.8965
0.8969
0.8975
0.8982
0.8987
0.8989
0.8987
0.8983
0.8977
0.8971
0.8968
0.8968
0.8970
0.8973
0.8977
0.8981
0.8985
0.8990
0.8999
0.9009
0.9020
0.9027
0.9030
0.9030
0.9027
0.9024
0.9023
0.9025
0.9027
0.9029
0.9028
0.9025
0.9019
0.9014
0.9008
0.9002
0.8998
0.8995
0.8995
0.8995
0.8996
0.8995
0.8992
0.8987
0.8982
0.8976
0.8971
0.8969
0.8970
0.8974
0.8979
0.8985
0.8988
0.8988
0.8985
0.8980
0.8975
0.8973
0.8976
0.8981
0.8988
0.8996
0.9002
0.9007
0.9008
0.9008
0.9005
0.8998
0.8989
0.8980
0.8971
0.8963
0.8958
0.8954
0.8952
0.8953
0.8956
0.8962
0.8969
0.8978
0.8987
0.8994
0.9000
0.9003
0.9004
0.9005
0.9008
0.9013
0.9020
0.9027
0.9032
0.9034
0.9033
0.9029
0.9023
0.9014
0.9003
0.8990
0.8975
0.8959
0.8945
0.8934
0.8929
0.8929
0.8934
0.8944
0.8955
0.8967
0.8978
0.8988
0.8996
0.9004
0.9012
0.9020
0.9025
0.9028
0.9027
0.9024
0.9018
0.9009
0.8999
0.8989
0.8982
0.8977
0.8977
0.8980
0.8988
0.8997
0.9005
0.9008
0.9007
0.9002
0.8994
0.8984
0.8976
0.8969
0.8963
0.8960
0.8958
0.8956
0.8957
0.8961
0.8968
0.8976
0.8985
0.8992
0.8997
0.8998
0.8996
0.8990
0.8985
0.8982
0.8983
0.8988
0.8995
0.9002
0.9009
0.9012
0.9009
0.9003
0.8995
0.8986
0.8978
0.8968
0.8957
0.8944
0.8930
0.8917
0.8905
0.8896
0.8892
0.8895
0.8904
0.8921
0.8942
0.8965
0.8988
0.9010
0.9027
0.9040
0.9047
0.9049
0.9048
0.9043
0.9036
0.9030
0.9024
0.9020
0.9017
0.9015
0.9012
0.9007
0.9002
0.8996
0.8989
0.8982
0.8975
0.8968
0.8965
0.8965
0.8972
0.8982
0.8997
0.9015
0.9031
0.9044
0.9052
0.9055
0.9054
0.9049
0.9042
0.9035
0.9027
0.9018
0.9006
0.8993
0.8979
0.8965
0.8955
0.8947
0.8942
0.8939
0.8937
0.8936
0.8936
0.8936
0.8936
0.8936
0.8936
0.8936
0.8936
0.8940
0.8949
0.8964
0.8985
0.9009
0.9032
0.9049
0.9058
0.9059
0.9053
0.9043
0.9031
0.9018
0.9006
0.8994
0.8986
0.8981
0.8981
0.8982
0.8986
0.8991
0.8993
0.8991
0.8988
0.8984
0.8981
0.8979
0.8978
0.8978
0.8979
0.8981
0.8982
0.8984
0.8989
0.8996
0.9002
0.9006
0.9006
0.9002
0.8993
0.8982
0.8971
0.8963
0.8959
0.8961
0.8967
0.8974
0.8979
0.8983
0.8985
0.8987
0.8988
0.8990
0.8991
0.8991
0.8989
0.8983
0.8974
0.8963
0.8952
0.8943
0.8939
0.8942
0.8953
0.8973
0.8997
0.9021
0.9044
0.9061
0.9071
0.9075
0.9073
0.9066
0.9057
0.9045
0.9033
0.9023
0.9016
0.9011
0.9007
0.9004
0.9000
0.8994
0.8985
0.8975
0.8962
0.8949
0.8935
0.8923
0.8911
0.8901
0.8893
0.8890
0.8891
0.8898
0.8909
0.8924
0.8938
0.8951
0.8959
0.8965
0.8968
0.8970
0.8971
0.8972
0.8972
0.8971
0.8969
0.8968
0.8968
0.8971
0.8979
0.8991
0.9003
0.9013
0.9017
0.9014
0.9005
0.8995
0.8987
0.8985
0.8990
0.8997
0.9005
0.9011
0.9016
0.9021
0.9027
0.9034
0.9041
0.9046
0.9048
0.9046
0.9040
0.9030
0.9016
0.9001
0.8984
0.8967
0.8952
0.8938
0.8928
0.8921
0.8920
0.8922
0.8927
0.8933
0.8939
0.8944
0.8949
0.8953
0.8959
0.8966
0.8971
0.8975
0.8978
0.8981
0.8986
0.8995
0.9010
0.9029
0.9049
0.9067
0.9082
0.9089
0.9089
0.9084
0.9075
0.9063
0.9050
0.9039
0.9030
0.9023
0.9018
0.9016
0.9014
0.9013
0.9011
0.9007
0.9003
0.8998
0.8993
0.8986
0.8978
0.8967
0.8957
0.8947
0.8939
0.8933
0.8930
0.8928
0.8927
0.8927
0.8928
0.8930
0.8934
0.8940
0.8948
0.8956
0.8965
0.8974
0.8983
0.8989
0.8992
0.8994
0.8997
0.9003
0.9012
0.9022
0.9031
0.9038
0.9039
0.9035
0.9028
0.9021
0.9016
0.9015
0.9017
0.9022
0.9031
0.9041
0.9051
0.9059
0.9065
0.9069
0.9070
0.9067
0.9060
0.9048
0.9033
0.9017
0.9000
0.8983
0.8967
0.8953
0.8942
0.8933
0.8927
0.8924
0.8923
0.8924
0.8925
0.8923
0.8921
0.8918
0.8917
0.8918
0.8922
0.8929
0.8939
0.8953
0.8968
0.8982
0.8996
0.9010
0.9024
0.9034
0.9042
0.9046
0.9045
0.9038
0.9027
0.9014
0.9001
0.8989
0.8980
0.8976
0.8978
0.8984
0.8993
0.9002
0.9010
0.9015
0.9018
0.9018
0.9017
0.9014
0.9009
0.9004
0.9002
0.9001
0.9002
0.9003
0.9003
0.9002
0.8998
0.8992
0.8982
0.8969
0.8954
0.8938
0.8922
0.8909
0.8900
0.8896
0.8900
0.8910
0.8925
0.8943
0.8964
0.8984
0.9004
0.9022
0.9034
0.9042
0.9044
0.9039
0.9028
0.9014
0.8999
0.8987
0.8977
0.8970
0.8965
0.8962
0.8962
0.8964
0.8970
0.8977
0.8987
0.8999
0.9010
0.9021
0.9031
0.9038
0.9042
0.9042
0.9041
0.9038
0.9034
0.9028
0.9019
0.9008
0.8996
0.8984
0.8972
0.8960
0.8950
0.8939
0.8930
0.8921
0.8914
0.8908
0.8906
0.8908
0.8915
0.8928
0.8946
0.8967
0.8988
0.9006
0.9019
0.9029
0.9034
0.9034
0.9030
0.9027
0.9025
0.9024
0.9024
0.9023
0.9020
0.9014
0.9006
0.8997
0.8987
0.8979
0.8973
0.8970
0.8971
0.8976
0.8985
0.8997
0.9010
0.9022
0.9030
0.9036
0.9040
0.9041
0.9039
0.9034
0.9027
0.9017
0.9006
0.8993
0.8981
0.8970
0.8961
0.8954
0.8950
0.8945
0.8942
0.8939
0.8938
0.8940
0.8947
0.8961
0.8977
0.8993
0.9008
0.9017
0.9021
0.9020
0.9017
0.9014
0.9011
0.9009
0.9008
0.9009
0.9011
0.9013
0.9012
0.9008
0.9001
0.8993
0.8984
0.8977
0.8973
0.8973
0.8977
0.8984
0.8992
0.9001
0.9006
0.9007
0.9004
0.8997
0.8989
0.8979
0.8969
0.8960
0.8952
0.8945
0.8940
0.8937
0.8935
0.8936
0.8938
0.8941
0.8946
0.8950
0.8954
0.8960
0.8969
0.8984
0.9001
0.9020
0.9037
0.9049
0.9055
0.9058
0.9058
0.9057
0.9055
0.9052
0.9046
0.9038
0.9027
0.9015
0.9001
0.8986
0.8972
0.8958
0.8946
0.8936
0.8929
0.8926
0.8926
0.8933
0.8946
0.8963
0.8982
0.8996
0.9007
0.9013
0.9017
0.9019
0.9019
0.9016
0.9010
0.9002
0.8993
0.8985
0.8979
0.8973
0.8968
0.8962
0.8956
0.8949
0.8943
0.8939
0.8941
0.8948
0.8958
0.8974
0.8991
0.9003
0.9009
0.9008
0.9005
0.9001
0.8998
0.8997
0.8996
0.8994
0.8993
0.8990
0.8987
0.8981
0.8974
0.8966
0.8957
0.8950
0.8944
0.8941
0.8941
0.8944
0.8951
0.8961
0.8974
0.8985
0.8994
0.9000
0.9002
0.9002
0.9001
0.8999
0.8998
0.8994
0.8990
0.8985
0.8981
0.8980
0.8980
0.8983
0.8986
0.8991
0.8998
0.9006
0.9016
0.9025
0.9032
0.9039
0.9044
0.9046
0.9045
0.9040
0.9032
0.9021
0.9008
0.8995
0.8982
0.8970
0.8960
0.8953
0.8949
0.8949
0.8951
0.8955
0.8959
0.8963
0.8968
0.8975
0.8984
0.8996
0.9007
0.9017
0.9025
0.9032
0.9036
0.9037
0.9035
0.9029
0.9022
0.9013
0.9004
0.8995
0.8986
0.8977
0.8968
0.8958
0.8949
0.8939
0.8930
0.8922
0.8916
0.8915
0.8919
0.8927
0.8937
0.8949
0.8961
0.8974
0.8988
0.9005
0.9019
0.9029
0.9031
0.9028
0.9022
0.9016
0.9010
0.9007
0.9005
0.9003
0.9002
0.9000
0.8998
0.8996
0.8993
0.8989
0.8983
0.8974
0.8965
0.8956
0.8948
0.8943
0.8944
0.8948
0.8955
0.8963
0.8972
0.8982
0.8993
0.9006
0.9017
0.9025
0.9027
0.9023
0.9015
0.9004
0.8992
0.8982
0.8976
0.8975
0.8978
0.8982
0.8986
0.8990
0.8992
0.8995
0.9000
0.9008
0.9017
0.9025
0.9028
0.9029
0.9026
0.9022
0.9018
0.9015
0.9013
0.9011
0.9010
0.9009
0.9009
0.9008
0.9006
0.9003
0.8997
0.8990
0.8982
0.8974
0.8967
0.8961
0.8958
0.8958
0.8961
0.8965
0.8968
0.8970
0.8969
0.8967
0.8964
0.8959
0.8953
0.8946
0.8938
0.8932
0.8929
0.8931
0.8939
0.8952
0.8966
0.8981
0.8995
0.9006
0.9014
0.9019
0.9024
0.9027
0.9029
0.9030
0.9031
0.9029
0.9026
0.9021
0.9015
0.9009
0.9002
0.8997
0.8993
0.8988
0.8983
0.8976
0.8968
0.8960
0.8953
0.8947
0.8944
0.8943
0.8947
0.8956
0.8967
0.8978
0.8989
0.9000
0.9012
0.9024
0.9033
0.9038
0.9038
0.9033
0.9026
0.9017
0.9007
0.8998
0.8992
0.8990
0.8993
0.9000
0.9009
0.9018
0.9024
0.9024
0.9018
0.9008
0.8998
0.8989
0.8983
0.8980
0.8981
0.8985
0.8989
0.8990
0.8988
0.8983
0.8979
0.8977
0.8980
0.8986
0.8993
0.8999
0.9002
0.9003
0.9000
0.8995
0.8988
0.8979
0.8969
0.8959
0.8952
0.8947
0.8946
0.8948
0.8950
0.8953
0.8955
0.8957
0.8959
0.8962
0.8966
0.8972
0.8981
0.8993
0.9006
0.9021
0.9035
0.9047
0.9056
0.9063
0.9063
0.9058
0.9049
0.9036
0.9022
0.9007
0.8995
0.8985
0.8979
0.8977
0.8978
0.8985
0.8993
0.9001
0.9006
0.9006
0.9002
0.8996
0.8990
0.8986
0.8985
0.8986
0.8988
0.8989
0.8989
0.8985
0.8978
0.8970
0.8961
0.8955
0.8953
0.8953
0.8957
0.8960
0.8964
0.8968
0.8972
0.8976
0.8978
0.8977
0.8976
0.8975
0.8979
0.8987
0.8996
0.9005
0.9013
0.9017
0.9018
0.9017
0.9017
0.9019
0.9022
0.9025
0.9028
0.9031
0.9031
0.9029
0.9024
0.9019
0.9015
0.9012
0.9009
0.9005
0.8996
0.8984
0.8970
0.8955
0.8940
0.8927
0.8917
0.8910
0.8907
0.8906
0.8908
0.8912
0.8916
0.8922
0.8928
0.8936
0.8945
0.8953
0.8959
0.8963
0.8967
0.8971
0.8977
0.8983
0.8990
0.9001
0.9016
0.9034
0.9051
0.9067
0.9077
0.9080
0.9078
0.9071
0.9061
0.9048
0.9034
0.9020
0.9008
0.8998
0.8993
0.8991
0.8993
0.8995
0.8996
0.8995
0.8993
0.8989
0.8984
0.8976
0.8967
0.8958
0.8948
0.8937
0.8926
0.8915
0.8906
0.8902
0.8905
0.8912
0.8923
0.8933
0.8943
0.8951
0.8961
0.8970
0.8978
0.8983
0.8985
0.8985
0.8986
0.8991
0.9003
0.9020
0.9041
0.9060
0.9074
0.9084
0.9085
0.9079
0.9070
0.9059
0.9048
0.9038
0.9027
0.9014
0.9002
0.8990
0.8981
0.8977
0.8978
0.8980
0.8982
0.8979
0.8973
0.8965
0.8957
0.8949
0.8941
0.8934
0.8931
0.8932
0.8940
0.8953
0.8967
0.8980
0.8988
0.8991
0.8990
0.8987
0.8982
0.8977
0.8973
0.8971
0.8971
0.8973
0.8975
0.8977
0.8980
0.8986
0.8997
0.9016
0.9036
0.9055
0.9068
0.9074
0.9071
0.9061
0.9048
0.9033
0.9019
0.9008
0.9001
0.8997
0.8995
0.8993
0.8989
0.8983
0.8977
0.8971
0.8967
0.8965
0.8966
0.8969
0.8975
0.8985
0.8994
0.9001
0.9004
0.9003
0.8999
0.8994
0.8990
0.8984
0.8977
0.8968
0.8958
0.8947
0.8937
0.8929
0.8925
0.8924
0.8927
0.8933
0.8941
0.8948
0.8954
0.8959
0.8964
0.8973
0.8984
0.8996
0.9008
0.9017
0.9021
0.9022
0.9019
0.9013
0.9005
0.8997
0.8990
0.8986
0.8987
0.8991
0.8998
0.9005
0.9010
0.9016
0.9021
0.9028
0.9034
0.9037
0.9038
0.9036
0.9033
0.9029
0.9026
0.9022
0.9016
0.9008
0.8997
0.8984
0.8972
0.8961
0.8951
0.8944
0.8938
0.8931
0.8925
0.8917
0.8910
0.8906
0.8904
0.8907
0.8913
0.8922
0.8933
0.8945
0.8957
0.8969
0.8983
0.8995
0.9005
0.9011
0.9014
0.9013
0.9010
0.9008
0.9005
0.9003
0.9002
0.9001
0.9002
0.9004
0.9007
0.9010
0.9014
0.9017
0.9019
0.9017
0.9010
0.8999
0.8988
0.8977
0.8970
0.8969
0.8971
0.8974
0.8976
0.8974
0.8970
0.8964
0.8956
0.8949
0.8941
0.8934
0.8929
0.8926
0.8925
0.8927
0.8931
0.8938
0.8948
0.8961
0.8976
0.8990
0.9002
0.9012
0.9017
0.9017
0.9013
0.9007
0.9001
0.8997
0.8998
0.9004
0.9014
0.9027
0.9038
0.9047
0.9051
0.9052
0.9050
0.9045
0.9039
0.9035
0.9033
0.9033
0.9035
0.9036
0.9035
0.9031
0.9023
0.9015
0.9008
0.9002
0.8999
0.8997
0.8995
0.8991
0.8985
0.8978
0.8969
0.8959
0.8950
0.8941
0.8936
0.8934
0.8936
0.8942
0.8953
0.8969
0.8985
0.8998
0.9008
0.9012
0.9011
0.9007
0.9003
0.9001
0.9001
0.9002
0.9001
0.8997
0.8990
0.8981
0.8972
0.8965
0.8963
0.8964
0.8968
0.8972
0.8975
0.8978
0.8981
0.8985
0.8993
0.9005
0.9019
0.9034
0.9046
0.9053
0.9055
0.9052
0.9047
0.9039
0.9031
0.9022
0.9011
0.9000
0.8989
0.8978
0.8967
0.8956
0.8945
0.8933
0.8925
0.8921
0.8925
0.8936
0.8953
0.8973
0.8991
0.9001
0.9004
0.9001
0.8995
0.8990
0.8989
0.8994
0.9003
0.9013
0.9021
0.9026
0.9025
0.9021
0.9013
0.9005
0.8996
0.8991
0.8989
0.8991
0.8997
0.9004
0.9011
0.9017
0.9020
0.9021
0.9018
0.9013
0.9007
0.9000
0.8990
0.8980
0.8968
0.8958
0.8949
0.8942
0.8938
0.8937
0.8937
0.8939
0.8940
0.8941
0.8943
0.8948
0.8957
0.8966
0.8976
0.8987
0.8996
0.9000
0.9000
0.8997
0.8993
0.8988
0.8982
0.8977
0.8974
0.8975
0.8980
0.8988
0.8995
0.8999
0.8999
0.8994
0.8988
0.8982
0.8977
0.8975
0.8977
0.8981
0.8988
0.8995
0.9002
0.9006
0.9008
0.9006
0.9002
0.8995
0.8987
0.8978
0.8968
0.8961
0.8957
0.8956
0.8959
0.8963
0.8968
0.8974
0.8980
0.8986
0.8995
0.9005
0.9015
0.9023
0.9031
0.9038
0.9045
0.9052
0.9058
0.9063
0.9067
0.9068
0.9066
0.9061
0.9052
0.9041
0.9029
0.9017
0.9006
0.8996
0.8986
0.8977
0.8967
0.8958
0.8950
0.8941
0.8932
0.8922
0.8913
0.8907
0.8905
0.8907
0.8912
0.8918
0.8923
0.8929
0.8935
0.8943
0.8952
0.8962
0.8974
0.8986
0.8998
0.9009
0.9016
0.9019
0.9020
0.9021
0.9024
0.9031
0.9040
0.9050
0.9060
0.9067
0.9069
0.9068
0.9064
0.9057
0.9047
0.9035
0.9023
0.9012
0.9003
0.8997
0.8992
0.8986
0.8981
0.8975
0.8969
0.8964
0.8959
0.8956
0.8956
0.8956
0.8956
0.8954
0.8948
0.8941
0.8934
0.8929
0.8928
0.8930
0.8935
0.8942
0.8949
0.8958
0.8966
0.8973
0.8978
0.8982
0.8986
0.8992
0.9002
0.9015
0.9031
0.9047
0.9060
0.9070
0.9075
0.9076
0.9074
0.9069
0.9062
0.9055
0.9049
0.9044
0.9037
0.9027
0.9013
0.8998
0.8983
0.8969
0.8957
0.8948
0.8941
0.8936
0.8933
0.8931
0.8930
0.8929
0.8927
0.8925
0.8925
0.8928
0.8935
0.8944
0.8951
0.8956
0.8959
0.8961
0.8962
0.8962
0.8963
0.8965
0.8970
0.8975
0.8980
0.8982
0.8982
0.8980
0.8978
0.8976
0.8977
0.8982
0.8991
0.9004
0.9018
0.9031
0.9040
0.9044
0.9043
0.9040
0.9037
0.9035
0.9034
0.9033
0.9028
0.9019
0.9006
0.8990
0.8974
0.8958
0.8945
0.8936
0.8935
0.8940
0.8951
0.8963
0.8976
0.8985
0.8991
0.8994
0.8993
0.8989
0.8983
0.8976
0.8970
0.8966
0.8966
0.8969
0.8974
0.8978
0.8980
0.8981
0.8982
0.8983
0.8982
0.8981
0.8978
0.8974
0.8972
0.8974
0.8982
0.8993
0.9005
0.9018
0.9028
0.9034
0.9035
0.9032
0.9027
0.9021
0.9015
0.9009
0.9003
0.8997
0.8990
0.8982
0.8975
0.8969
0.8966
0.8964
0.8964
0.8966
0.8970
0.8977
0.8986
0.8995
0.9001
0.9005
0.9004
0.9000
0.8994
0.8988
0.8983
0.8980
0.8981
0.8985
0.8992
0.8997
0.8996
0.8991
0.8981
0.8969
0.8957
0.8945
0.8936
0.8932
0.8933
0.8942
0.8958
0.8978
0.9002
0.9023
0.9038
0.9045
0.9047
0.9044
0.9038
0.9030
0.9020
0.9012
0.9007
0.9004
0.9002
0.9000
0.8997
0.8996
0.8996
0.8996
0.8995
0.8992
0.8988
0.8983
0.8981
0.8980
0.8981
0.8984
0.8986
0.8990
0.8993
0.8996
0.8999
0.8999
0.8997
0.8993
0.8989
0.8986
0.8982
0.8977
0.8968
0.8957
0.8944
0.8932
0.8922
0.8915
0.8914
0.8918
0.8927
0.8939
0.8951
0.8960
0.8965
0.8967
0.8967
0.8965
0.8962
0.8959
0.8958
0.8961
0.8969
0.8983
0.9002
0.9021
0.9037
0.9050
0.9059
0.9065
0.9068
0.9068
0.9062
0.9052
0.9038
0.9022
0.9006
0.8993
0.8982
0.8975
0.8972
0.8972
0.8975
0.8978
0.8981
0.8982
0.8982
0.8980
0.8977
0.8974
0.8969
0.8963
0.8958
0.8955
0.8953
0.8955
0.8960
0.8963
0.8966
0.8970
0.8973
0.8975
0.8978
0.8982
0.8988
0.8994
0.8998
0.9001
0.9003
0.9004
0.9005
0.9009
0.9016
0.9024
0.9031
0.9034
0.9032
0.9025
0.9015
0.9005
0.8996
0.8989
0.8985
0.8983
0.8984
0.8985
0.8986
0.8988
0.8990
0.8991
0.8992
0.8992
0.8989
0.8985
0.8977
0.8967
0.8956
0.8945
0.8935
0.8924
0.8916
0.8913
0.8917
0.8931
0.8951
0.8972
0.8990
0.9002
0.9008
0.9008
0.9009
0.9011
0.9017
0.9024
0.9034
0.9044
0.9053
0.9060
0.9064
0.9065
0.9064
0.9063
0.9063
0.9063
0.9061
0.9056
0.9045
0.9031
0.9014
0.8996
0.8977
0.8959
0.8943
0.8931
0.8923
0.8920
0.8922
0.8927
0.8934
0.8942
0.8952
0.8961
0.8968
0.8972
0.8973
0.8974
0.8977
0.8982
0.8989
0.8996
0.9005
0.9015
0.9024
0.9034
0.9043
0.9047
0.9045
0.9037
0.9025
0.9011
0.8996
0.8983
0.8973
0.8970
0.8973
0.8981
0.8993
0.9005
0.9016
0.9024
0.9030
0.9034
0.9034
0.9029
0.9020
0.9008
0.8994
0.8982
0.8971
0.8963
0.8955
0.8946
0.8937
0.8928
0.8921
0.8915
0.8912
0.8912
0.8915
0.8921
0.8928
0.8935
0.8940
0.8943
0.8948
0.8957
0.8972
0.8992
0.9018
0.9045
0.9070
0.9089
0.9101
0.9102
0.9095
0.9082
0.9066
0.9049
0.9032
0.9017
0.9003
0.8993
0.8984
0.8980
0.8980
0.8985
0.8993
0.9001
0.9009
0.9013
0.9015
0.9012
0.9006
0.8995
0.8983
0.8969
0.8958
0.8950
0.8945
0.8943
0.8942
0.8939
0.8934
0.8928
0.8920
0.8912
0.8905
0.8901
0.8903
0.8912
0.8928
0.8949
0.8973
0.8997
0.9021
0.9044
0.9064
0.9079
0.9087
0.9087
0.9081
0.9066
0.9046
0.9025
0.9003
0.8984
0.8969
0.8957
0.8950
0.8948
0.8948
0.8948
0.8948
0.8948
0.8948
0.8949
0.8952
0.8958
0.8965
0.8973
0.8981
0.8987
0.8990
0.8990
0.8988
0.8984
0.8981
0.8977
0.8973
0.8967
0.8961
0.8954
0.8947
0.8940
0.8935
0.8933
0.8933
0.8938
0.8948
0.8964
0.8983
0.9005
0.9028
0.9053
0.9077
0.9098
0.9112
0.9118
0.9115
0.9105
0.9090
0.9075
0.9060
0.9046
0.9032
0.9019
0.9007
0.8994
0.8981
0.8969
0.8955
0.8941
0.8928
0.8917
0.8908
0.8904
0.8905
0.8913
0.8928
0.8948
0.8969
0.8989
0.9004
0.9014
0.9017
0.9015
0.9011
0.9006
0.9000
0.8996
0.8991
0.8987
0.8983
0.8978
0.8974
0.8969
0.8964
0.8962
0.8963
0.8969
0.8980
0.8994
0.9009
0.9021
0.9031
0.9035
0.9034
0.9029
0.9022
0.9015
0.9009
0.9004
0.9001
0.8998
0.8993
0.8985
0.8975
0.8963
0.8951
0.8940
0.8932
0.8928
0.8927
0.8931
0.8938
0.8948
0.8960
0.8974
0.8990
0.9009
0.9028
0.9045
0.9056
0.9061
0.9059
0.9053
0.9043
0.9032
0.9021
0.9008
0.8995
0.8983
0.8973
0.8965
0.8959
0.8954
0.8951
0.8951
0.8957
0.8968
0.8982
0.8997
0.9009
0.9015
0.9015
0.9011
0.9006
0.9000
0.8995
0.8992
0.8990
0.8988
0.8986
0.8981
0.8976
0.8970
0.8965
0.8961
0.8958
0.8955
0.8954
0.8955
0.8960
0.8970
0.8985
0.9002
0.9017
0.9027
0.9033
0.9033
0.9030
0.9025
0.9018
0.9008
0.8997
0.8987
0.8976
0.8966
0.8956
0.8946
0.8936
0.8927
0.8919
0.8914
0.8912
0.8916
0.8926
0.8940
0.8957
0.8975
0.8989
0.8998
0.9001
0.9000
0.8997
0.8995
0.8995
0.8994
0.8994
0.8991
0.8988
0.8985
0.8983
0.8984
0.8985
0.8988
0.8991
0.8995
0.8998
0.9002
0.9004
0.9006
0.9009
0.9014
0.9019
0.9024
0.9026
0.9025
0.9019
0.9011
0.9002
0.8992
0.8983
0.8975
0.8968
0.8962
0.8959
0.8958
0.8957
0.8955
0.8951
0.8947
0.8943
0.8943
0.8946
0.8950
0.8958
0.8969
0.8980
0.8993
0.9005
0.9017
0.9027
0.9035
0.9041
0.9045
0.9046
0.9043
0.9037
0.9029
0.9018
0.9007
0.8995
0.8984
0.8974
0.8966
0.8960
0.8958
0.8956
0.8953
0.8949
0.8944
0.8940
0.8938
0.8938
0.8939
0.8941
0.8944
0.8948
0.8955
0.8963
0.8973
0.8984
0.8996
0.9008
0.9018
0.9024
0.9024
0.9020
0.9014
0.9009
0.9006
0.9004
0.9002
0.9001
0.8999
0.8999
0.9003
0.9013
0.9026
0.9037
0.9045
0.9048
0.9048
0.9044
0.9039
0.9032
0.9025
0.9016
0.9008
0.9000
0.8995
0.8991
0.8989
0.8989
0.8989
0.8989
0.8988
0.8985
0.8981
0.8979
0.8978
0.8981
0.8985
0.8988
0.8987
0.8984
0.8978
0.8972
0.8967
0.8963
0.8960
0.8956
0.8952
0.8948
0.8945
0.8945
0.8949
0.8957
0.8968
0.8979
0.8993
0.9008
0.9020
0.9030
0.9038
0.9046
0.9053
0.9057
0.9058
0.9053
0.9044
0.9032
0.9019
0.9005
0.8991
0.8980
0.8971
0.8966
0.8965
0.8968
0.8973
0.8977
0.8978
0.8975
0.8969
0.8961
0.8951
0.8942
0.8936
0.8934
0.8938
0.8950
0.8966
0.8982
0.8994
0.9000
0.9001
0.8996
0.8989
0.8979
0.8969
0.8961
0.8956
0.8956
0.8962
0.8971
0.8982
0.8992
0.9000
0.9005
0.9008
0.9009
0.9010
0.9010
0.9011
0.9013
0.9016
0.9020
0.9021
0.9022
0.9022
0.9024
0.9029
0.9035
0.9040
0.9044
0.9044
0.9041
0.9033
0.9022
0.9008
0.8992
0.8974
0.8956
0.8938
0.8921
0.8905
0.8892
0.8883
0.8880
0.8884
0.8895
0.8909
0.8921
0.8929
0.8934
0.8936
0.8937
0.8938
0.8940
0.8946
0.8956
0.8975
0.8999
0.9027
0.9055
0.9081
0.9099
0.9108
0.9107
0.9100
0.9089
0.9077
0.9066
0.9057
0.9050
0.9043
0.9035
0.9025
0.9014
0.9004
0.8995
0.8990
0.8987
0.8984
0.8980
0.8974
0.8966
0.8958
0.8949
0.8941
0.8935
0.8931
0.8928
0.8928
0.8930
0.8934
0.8940
0.8948
0.8956
0.8965
0.8972
0.8977
0.8981
0.8983
0.8984
0.8984
0.8985
0.8988
0.8994
0.9003
0.9015
0.9028
0.9041
0.9052
0.9057
0.9058
0.9055
0.9050
0.9044
0.9039
0.9035
0.9032
0.9031
0.9032
0.9033
0.9035
0.9035
0.9032
0.9026
0.9016
0.9002
0.8986
0.8969
0.8953
0.8938
0.8925
0.8913
0.8904
0.8896
0.8890
0.8888
0.8892
0.8902
0.8916
0.8931
0.8946
0.8958
0.8968
0.8978
0.8988
0.8996
0.9002
0.9006
0.9008
0.9009
0.9014
0.9022
0.9033
0.9044
0.9053
0.9058
0.9056
0.9049
0.9039
0.9028
0.9016
0.9005
0.8993
0.8983
0.8973
0.8965
0.8959
0.8957
0.8957
0.8960
0.8964
0.8968
0.8970
0.8971
0.8974
0.8979
0.8985
0.8991
0.8998
0.9006
0.9013
0.9019
0.9024
0.9027
0.9027
0.9025
0.9021
0.9014
0.9006
0.8999
0.8992
0.8986
0.8980
0.8972
0.8965
0.8957
0.8950
0.8945
0.8944
0.8950
0.8959
0.8970
0.8981
0.8987
0.8986
0.8979
0.8968
0.8955
0.8942
0.8932
0.8925
0.8924
0.8927
0.8937
0.8951
0.8969
0.8988
0.9006
0.9020
0.9031
0.9036
0.9038
0.9034
0.9026
0.9014
0.9000
0.8985
0.8971
0.8960
0.8955
0.8957
0.8965
0.8978
0.8991
0.9002
0.9007
0.9007
0.9004
0.8998
0.8992
0.8987
0.8983
0.8981
0.8982
0.8987
0.8996
0.9008
0.9019
0.9025
0.9026
0.9021
0.9010
0.8997
0.8982
0.8968
0.8956
0.8944
0.8934
0.8926
0.8922
0.8925
0.8936
0.8955
0.8980
0.9006
0.9029
0.9046
0.9057
0.9062
0.9063
0.9061
0.9056
0.9049
0.9042
0.9037
0.9034
0.9032
0.9030
0.9026
0.9020
0.9011
0.9000
0.8987
0.8972
0.8957
0.8942
0.8928
0.8917
0.8909
0.8906
0.8908
0.8917
0.8933
0.8958
0.8985
0.9010
0.9029
0.9041
0.9043
0.9035
0.9023
0.9008
0.8994
0.8983
0.8976
0.8973
0.8974
0.8976
0.8978
0.8977
0.8974
0.8969
0.8965
0.8962
0.8961
0.8961
0.8962
0.8965
0.8972
0.8980
0.8990
0.8999
0.9006
0.9011
0.9014
0.9014
0.9011
0.9005
0.8999
0.8992
0.8986
0.8981
0.8977
0.8973
0.8972
0.8973
0.8978
0.8985
0.8994
0.9005
0.9015
0.9023
0.9027
0.9030
0.9031
0.9028
0.9021
0.9012
0.9004
0.8997
0.8992
0.8987
0.8983
0.8978
0.8974
0.8971
0.8968
0.8964
0.8959
0.8953
0.8947
0.8945
0.8945
0.8948
0.8952
0.8956
0.8961
0.8970
0.8982
0.8996
0.9008
0.9015
0.9018
0.9017
0.9012
0.9004
0.8994
0.8981
0.8969
0.8957
0.8948
0.8941
0.8934
0.8928
0.8924
0.8923
0.8927
0.8938
0.8952
0.8967
0.8981
0.8994
0.9006
0.9015
0.9019
0.9020
0.9018
0.9015
0.9013
0.9011
0.9008
0.9004
0.8997
0.8988
0.8979
0.8971
0.8967
0.8964
0.8963
0.8964
0.8967
0.8971
0.8976
0.8981
0.8985
0.8987
0.8991
0.8996
0.9003
0.9010
0.9013
0.9013
0.9009
0.9002
0.8993
0.8984
0.8976
0.8969
0.8965
0.8963
0.8965
0.8970
0.8976
0.8983
0.8992
0.9003
0.9019
0.9033
0.9045
0.9054
0.9056
0.9053
0.9047
0.9040
0.9034
0.9028
0.9023
0.9020
0.9019
0.9020
0.9022
0.9022
0.9020
0.9016
0.9010
0.9002
0.8993
0.8984
0.8977
0.8974
0.8974
0.8978
0.8982
0.8983
0.8981
0.8975
0.8967
0.8960
0.8954
0.8949
0.8944
0.8938
0.8929
0.8918
0.8908
0.8899
0.8894
0.8893
0.8900
0.8914
0.8933
0.8956
0.8979
0.9003
0.9027
0.9048
0.9064
0.9074
0.9077
0.9076
0.9073
0.9075
0.9081
0.9089
0.9096
0.9099
0.9097
0.9090
0.9080
0.9069
0.9055
0.9039
0.9022
0.9003
0.8985
0.8968
0.8952
0.8939
0.8930
0.8926
0.8926
0.8927
0.8928
0.8925
0.8921
0.8916
0.8911
0.8908
0.8909
0.8914
0.8923
0.8936
0.8951
0.8967
0.8980
0.8989
0.8993
0.8993
0.8993
0.8993
0.8998
0.9008
0.9024
0.9041
0.9058
0.9072
0.9078
0.9078
0.9072
0.9064
0.9057
0.9052
0.9049
0.9046
0.9041
0.9033
0.9022
0.9008
0.8994
0.8979
0.8965
0.8953
0.8944
0.8938
0.8935
0.8934
0.8933
0.8933
0.8934
0.8936
0.8937
0.8939
0.8940
0.8941
0.8942
0.8944
0.8945
0.8946
0.8946
0.8947
0.8948
0.8951
0.8957
0.8962
0.8967
0.8970
0.8971
0.8972
0.8976
0.8986
0.8999
0.9015
0.9034
0.9052
0.9068
0.9082
0.9091
0.9095
0.9091
0.9081
0.9067
0.9050
0.9033
0.9016
0.8999
0.8983
0.8967
0.8954
0.8943
0.8934
0.8927
0.8921
0.8919
0.8921
0.8927
0.8935
0.8944
0.8953
0.8962
0.8968
0.8972
0.8974
0.8974
0.8975
0.8979
0.8988
0.8999
0.9010
0.9018
0.9020
0.9016
0.9008
0.8998
0.8989
0.8982
0.8978
0.8979
0.8980
0.8981
0.8983
0.8984
0.8984
0.8985
0.8987
0.8991
0.8995
0.8998
0.8999
0.8997
0.8993
0.8988
0.8983
0.8979
0.8978
0.8981
0.8989
0.9001
0.9017
0.9033
0.9045
0.9052
0.9054
0.9050
0.9042
0.9032
0.9021
0.9010
0.8999
0.8988
0.8976
0.8962
0.8948
0.8936
0.8927
0.8922
0.8924
0.8931
0.8940
0.8948
0.8954
0.8955
0.8956
0.8959
0.8967
0.8980
0.8997
0.9018
0.9038
0.9052
0.9059
0.9061
0.9059
0.9054
0.9046
0.9035
0.9021
0.9006
0.8992
0.8980
0.8973
0.8972
0.8976
0.8983
0.8991
0.8998
0.9003
0.9007
0.9009
0.9008
0.9004
0.8997
0.8989
0.8981
0.8974
0.8971
0.8971
0.8975
0.8982
0.8989
0.8995
0.8997
0.8997
0.8992
0.8986
0.8978
0.8969
0.8961
0.8955
0.8950
0.8946
0.8944
0.8943
0.8941
0.8939
0.8938
0.8937
0.8937
0.8941
0.8949
0.8959
0.8971
0.8984
0.8997
0.9010
0.9022
0.9032
0.9039
0.9044
0.9047
0.9049
0.9052
0.9053
0.9052
0.9049
0.9043
0.9035
0.9025
0.9013
0.9000
0.8987
0.8976
0.8966
0.8960
0.8955
0.8954
0.8955
0.8957
0.8959
0.8960
0.8960
0.8957
0.8951
0.8945
0.8940
0.8937
0.8938
0.8945
0.8959
0.8979
0.9001
0.9021
0.9037
0.9045
0.9043
0.9034
0.9022
0.9010
0.9001
0.8994
0.8989
0.8985
0.8980
0.8973
0.8964
0.8953
0.8943
0.8934
0.8928
0.8927
0.8932
0.8940
0.8951
0.8963
0.8974
0.8984
0.8992
0.8997
0.9002
0.9007
0.9011
0.9016
0.9020
0.9023
0.9023
0.9020
0.9015
0.9006
0.8995
0.8983
0.8970
0.8957
0.8944
0.8931
0.8921
0.8915
0.8915
0.8923
0.8937
0.8956
0.8977
0.8997
0.9012
0.9023
0.9029
0.9031
0.9029
0.9026
0.9023
0.9023
0.9025
0.9030
0.9036
0.9042
0.9046
0.9047
0.9043
0.9035
0.9024
0.9012
0.9000
0.8989
0.8981
0.8976
0.8970
0.8965
0.8958
0.8952
0.8947
0.8944
0.8944
0.8949
0.8958
0.8969
0.8981
0.8990
0.8994
0.8991
0.8983
0.8972
0.8961
0.8952
0.8949
0.8955
0.8970
0.8990
0.9011
0.9031
0.9047
0.9056
0.9056
0.9049
0.9036
0.9020
0.9003
0.8985
0.8967
0.8951
0.8938
0.8929
0.8924
0.8924
0.8929
0.8940
0.8955
0.8972
0.8987
0.8998
0.9005
0.9007
0.9005
0.9003
0.9003
0.9005
0.9010
0.9015
0.9017
0.9015
0.9009
0.8998
0.8986
0.8974
0.8963
0.8956
0.8954
0.8955
0.8958
0.8962
0.8966
0.8969
0.8972
0.8978
0.8989
0.9004
0.9020
0.9035
0.9045
0.9049
0.9049
0.9047
0.9043
0.9037
0.9031
0.9025
0.9022
0.9022
0.9027
0.9032
0.9038
0.9040
0.9038
0.9031
0.9020
0.9007
0.8993
0.8980
0.8968
0.8956
0.8945
0.8934
0.8926
0.8921
0.8921
0.8927
0.8937
0.8947
0.8956
0.8963
0.8968
0.8971
0.8974
0.8978
0.8982
0.8987
0.8991
0.8996
0.9000
0.9005
0.9010
0.9015
0.9020
0.9022
0.9020
0.9016
0.9009
0.8998
0.8987
0.8978
0.8972
0.8967
0.8965
0.8964
0.8964
0.8964
0.8965
0.8967
0.8970
0.8974
0.8979
0.8981
0.8981
0.8978
0.8975
0.8972
0.8971
0.8972
0.8976
0.8982
0.8989
0.8993
0.8996
0.8998
0.8999
0.9001
0.9001
0.8999
0.8994
0.8986
0.8977
0.8969
0.8964
0.8961
0.8961
0.8962
0.8965
0.8970
0.8979
0.8993
0.9008
0.9022
0.9033
0.9038
0.9037
0.9033
0.9027
0.9023
0.9022
0.9025
0.9032
0.9039
0.9045
0.9047
0.9046
0.9041
0.9034
0.9024
0.9014
0.9004
0.8993
0.8981
0.8969
0.8958
0.8947
0.8938
0.8931
0.8928
0.8929
0.8935
0.8944
0.8953
0.8962
0.8968
0.8973
0.8977
0.8980
0.8982
0.8983
0.8984
0.8986
0.8989
0.8993
0.8997
0.8999
0.8999
0.8999
0.9000
0.9000
0.9001
0.9004
0.9006
0.9008
0.9008
0.9006
0.9002
0.8995
0.8989
0.8985
0.8984
0.8985
0.8989
0.8994
0.8998
0.9000
0.9002
0.9003
0.9004
0.9006
0.9009
0.9011
0.9012
0.9014
0.9013
0.9010
0.9004
0.8996
0.8987
0.8979
0.8972
0.8968
0.8967
0.8966
0.8967
0.8967
0.8965
0.8962
0.8958
0.8954
0.8953
0.8955
0.8964
0.8978
0.8998
0.9019
0.9037
0.9050
0.9057
0.9057
0.9049
0.9039
0.9027
0.9017
0.9007
0.8998
0.8988
0.8978
0.8968
0.8960
0.8956
0.8957
0.8962
0.8968
0.8975
0.8983
0.8990
0.8997
0.9001
0.9002
0.8999
0.8992
0.8983
0.8974
0.8967
0.8960
0.8953
0.8945
0.8938
0.8931
0.8926
0.8924
0.8926
0.8933
0.8944
0.8959
0.8974
0.8987
0.8998
0.9007
0.9017
0.9029
0.9044
0.9057
0.9065
0.9067
0.9062
0.9048
0.9029
0.9008
0.8987
0.8968
0.8951
0.8939
0.8933
0.8931
0.8932
0.8936
0.8940
0.8943
0.8946
0.8949
0.8953
0.8959
0.8969
0.8984
0.9004
0.9025
0.9044
0.9056
0.9061
0.9060
0.9054
0.9044
0.9029
0.9012
0.8993
0.8974
0.8955
0.8938
0.8923
0.8913
0.8909
0.8910
0.8916
0.8927
0.8940
0.8955
0.8970
0.8985
0.9001
0.9015
0.9028
0.9038
0.9044
0.9048
0.9050
0.9052
0.9053
0.9053
0.9051
0.9048
0.9042
0.9033
0.9023
0.9011
0.8999
0.8986
0.8974
0.8963
0.8954
0.8945
0.8937
0.8930
0.8926
0.8927
0.8933
0.8944
0.8957
0.8969
0.8978
0.8983
0.8984
0.8981
0.8978
0.8975
0.8974
0.8974
0.8974
0.8974
0.8973
0.8972
0.8971
0.8971
0.8975
0.8983
0.8995
0.9010
0.9024
0.9038
0.9050
0.9057
0.9059
0.9056
0.9052
0.9047
0.9042
0.9038
0.9034
0.9030
0.9026
0.9019
0.9010
0.9000
0.8989
0.8980
0.8973
0.8969
0.8970
0.8975
0.8982
0.8988
0.8992
0.8993
0.8991
0.8987
0.8982
0.8977
0.8970
0.8964
0.8957
0.8950
0.8943
0.8935
0.8928
0.8921
0.8914
0.8908
0.8903
0.8901
0.8901
0.8905
0.8914
0.8929
0.8951
0.8979
0.9010
0.9042
0.9075
0.9103
0.9123
0.9135
0.9136
0.9129
0.9116
0.9097
0.9076
0.9054
0.9031
0.9010
0.8989
0.8971
0.8954
0.8939
0.8924
0.8911
0.8899
0.8890
0.8886
0.8888
0.8895
0.8907
0.8920
0.8935
0.8949
0.8961
0.8971
0.8978
0.8986
0.8995
0.9003
0.9010
0.9014
0.9014
0.9009
0.9003
0.8994
0.8985
0.8976
0.8968
0.8963
0.8962
0.8967
0.8975
0.8986
0.8998
0.9008
0.9015
0.9020
0.9023
0.9026
0.9027
0.9025
0.9021
0.9015
0.9006
0.8996
0.8987
0.8980
0.8975
0.8972
0.8969
0.8968
0.8967
0.8967
0.8966
0.8965
0.8964
0.8963
0.8964
0.8965
0.8965
0.8964
0.8961
0.8956
0.8949
0.8942
0.8934
0.8929
0.8927
0.8928
0.8930
0.8934
0.8939
0.8943
0.8945
0.8947
0.8949
0.8954
0.8965
0.8981
0.9001
0.9022
0.9044
0.9063
0.9076
0.9084
0.9087
0.9087
0.9083
0.9076
0.9066
0.9055
0.9043
0.9031
0.9019
0.9008
0.8999
0.8991
0.8985
0.8980
0.8978
0.8976
0.8976
0.8977
0.8977
0.8978
0.8980
0.8985
0.8992
0.9002
0.9014
0.9024
0.9032
0.9035
0.9034
0.9031
0.9025
0.9016
0.9006
0.8994
0.8981
0.8967
0.8952
0.8937
0.8924
0.8913
0.8907
0.8904
0.8905
0.8909
0.8918
0.8930
0.8947
0.8970
0.8996
0.9023
0.9047
0.9066
0.9078
0.9086
0.9090
0.9093
0.9094
0.9092
0.9088
0.9082
0.9072
0.9059
0.9044
0.9027
0.9009
0.8992
0.8976
0.8960
0.8944
0.8930
0.8918
0.8910
0.8907
0.8908
0.8910
0.8913
0.8915
0.8919
0.8924
0.8932
0.8940
0.8948
0.8955
0.8961
0.8968
0.8977
0.8988
0.9003
0.9018
0.9031
0.9041
0.9046
0.9043
0.9035
0.9024
0.9015
0.9010
0.9009
0.9011
0.9016
0.9019
0.9019
0.9016
0.9011
0.9004
0.8999
0.8995
0.8994
0.8997
0.9002
0.9008
0.9010
0.9010
0.9006
0.9001
0.8996
0.8992
0.8988
0.8985
0.8982
0.8981
0.8984
0.8989
0.8995
0.9001
0.9003
0.9002
0.8996
0.8987
0.8975
0.8962
0.8950
0.8938
0.8930
0.8927
0.8928
0.8933
0.8939
0.8948
0.8958
0.8966
0.8971
0.8974
0.8976
0.8977
0.8981
0.8988
0.8998
0.9009
0.9017
0.9021
0.9022
0.9020
0.9015
0.9008
0.8998
0.8989
0.8980
0.8972
0.8964
0.8958
0.8952
0.8949
0.8949
0.8950
0.8952
0.8954
0.8957
0.8961
0.8968
0.8978
0.8991
0.9005
0.9016
0.9023
0.9024
0.9021
0.9015
0.9010
0.9005
0.9002
0.9003
0.9009
0.9017
0.9025
0.9032
0.9033
0.9028
0.9018
0.9004
0.8988
0.8972
0.8958
0.8946
0.8938
0.8936
0.8939
0.8946
0.8954
0.8962
0.8970
0.8980
0.8993
0.9007
0.9021
0.9033
0.9043
0.9050
0.9056
0.9059
0.9059
0.9057
0.9051
0.9044
0.9035
0.9024
0.9012
0.8999
0.8987
0.8975
0.8967
0.8962
0.8957
0.8952
0.8944
0.8936
0.8928
0.8923
0.8922
0.8926
0.8936
0.8948
0.8961
0.8977
0.8989
0.8996
0.8998
0.8997
0.8993
0.8988
0.8984
0.8983
0.8985
0.8990
0.9000
0.9014
0.9029
0.9042
0.9049
0.9050
0.9045
0.9035
0.9023
0.9010
0.8996
0.8985
0.8976
0.8970
0.8967
0.8966
0.8965
0.8964
0.8962
0.8961
0.8961
0.8960
0.8960
0.8960
0.8960
0.8963
0.8968
0.8975
0.8983
0.8988
0.8992
0.8996
0.9002
0.9010
0.9019
0.9027
0.9035
0.9041
0.9041
0.9037
0.9031
0.9024
0.9018
0.9013
0.9006
0.8998
0.8989
0.8980
0.8972
0.8969
0.8971
0.8979
0.8989
0.8999
0.9006
0.9009
0.9009
0.9006
0.9001
0.8994
0.8986
0.8977
0.8967
0.8958
0.8950
0.8941
0.8934
0.8927
0.8921
0.8917
0.8914
0.8914
0.8916
0.8923
0.8932
0.8942
0.8953
0.8963
0.8972
0.8981
0.8991
0.9004
0.9018
0.9031
0.9043
0.9052
0.9055
0.9055
0.9054
0.9051
0.9048
0.9043
0.9037
0.9029
0.9019
0.9008
0.8996
0.8984
0.8972
0.8963
0.8958
0.8956
0.8956
0.8957
0.8955
0.8952
0.8946
0.8937
0.8928
0.8919
0.8911
0.8907
0.8907
0.8911
0.8918
0.8928
0.8940
0.8954
0.8968
0.8982
0.8995
0.9007
0.9017
0.9027
0.9036
0.9044
0.9049
0.9055
0.9061
0.9068
0.9076
0.9082
0.9084
0.9081
0.9070
0.9055
0.9037
0.9018
0.8999
0.8982
0.8968
0.8956
0.8947
0.8942
0.8939
0.8937
0.8938
0.8940
0.8944
0.8950
0.8957
0.8966
0.8973
0.8979
0.8984
0.8988
0.8991
0.8993
0.8993
0.8992
0.8991
0.8987
0.8982
0.8975
0.8967
0.8958
0.8950
0.8942
0.8935
0.8930
0.8926
0.8927
0.8932
0.8942
0.8958
0.8979
0.9005
0.9031
0.9053
0.9070
0.9080
0.9081
0.9076
0.9067
0.9055
0.9042
0.9031
0.9022
0.9016
0.9012
0.9008
0.9005
0.9000
0.8994
0.8987
0.8981
0.8976
0.8971
0.8966
0.8961
0.8956
0.8953
0.8952
0.8953
0.8957
0.8963
0.8970
0.8977
0.8982
0.8984
0.8982
0.8978
0.8973
0.8966
0.8960
0.8954
0.8949
0.8946
0.8947
0.8950
0.8955
0.8960
0.8967
0.8974
0.8984
0.8996
0.9009
0.9023
0.9034
0.9037
0.9035
0.9028
0.9018
0.9008
0.8998
0.8991
0.8986
0.8984
0.8983
0.8982
0.8981
0.8981
0.8981
0.8983
0.8985
0.8987
0.8993
0.9001
0.9011
0.9023
0.9033
0.9038
0.9039
0.9034
0.9025
0.9014
0.9002
0.8990
0.8978
0.8967
0.8954
0.8942
0.8930
0.8919
0.8910
0.8905
0.8903
0.8905
0.8912
0.8925
0.8944
0.8968
0.8994
0.9019
0.9042
0.9059
0.9070
0.9077
0.9079
0.9080
0.9078
0.9074
0.9066
0.9055
0.9041
0.9025
0.9007
0.8990
0.8975
0.8962
0.8952
0.8945
0.8941
0.8939
0.8938
0.8938
0.8938
0.8938
0.8938
0.8941
0.8948
0.8957
0.8968
0.8979
0.8991
0.9001
0.9009
0.9014
0.9017
0.9018
0.9017
0.9014
0.9009
0.9002
0.8994
0.8986
0.8979
0.8975
0.8975
0.8978
0.8983
0.8987
0.8989
0.8987
0.8982
0.8975
0.8968
0.8962
0.8957
0.8953
0.8953
0.8956
0.8964
0.8975
0.8990
0.9005
0.9018
0.9028
0.9033
0.9034
0.9034
0.9033
0.9035
0.9039
0.9043
0.9044
0.9042
0.9036
0.9026
0.9016
0.9006
0.8997
0.8989
0.8981
0.8974
0.8968
0.8961
0.8955
0.8949
0.8945
0.8942
0.8942
0.8944
0.8949
0.8958
0.8972
0.8989
0.9007
0.9023
0.9036
0.9041
0.9039
0.9034
0.9030
0.9027
0.9026
0.9027
0.9027
0.9025
0.9020
0.9013
0.9004
0.8993
0.8981
0.8967
0.8954
0.8943
0.8935
0.8931
0.8930
0.8935
0.8944
0.8957
0.8975
0.8995
0.9013
0.9027
0.9038
0.9044
0.9046
0.9043
0.9038
0.9031
0.9022
0.9012
0.9002
0.8990
0.8978
0.8964
0.8950
0.8936
0.8925
0.8918
0.8916
0.8919
0.8924
0.8932
0.8942
0.8950
0.8959
0.8968
0.8976
0.8984
0.8994
0.9005
0.9018
0.9032
0.9044
0.9053
0.9057
0.9059
0.9057
0.9055
0.9052
0.9047
0.9042
0.9034
0.9024
0.9013
0.9001
0.8990
0.8982
0.8977
0.8973
0.8970
0.8965
0.8958
0.8949
0.8939
0.8930
0.8923
0.8918
0.8915
0.8915
0.8920
0.8928
0.8941
0.8956
0.8971
0.8986
0.9002
0.9017
0.9030
0.9044
0.9056
0.9066
0.9069
0.9068
0.9060
0.9048
0.9034
0.9019
0.9005
0.8994
0.8987
0.8981
0.8976
0.8971
0.8964
0.8955
0.8945
0.8935
0.8926
0.8921
0.8921
0.8925
0.8932
0.8939
0.8947
0.8953
0.8957
0.8960
0.8962
0.8962
0.8963
0.8966
0.8971
0.8978
0.8984
0.8988
0.8989
0.8986
0.8981
0.8974
0.8968
0.8965
0.8965
0.8971
0.8981
0.8993
0.9005
0.9015
0.9023
0.9028
0.9033
0.9041
0.9051
0.9061
0.9069
0.9073
0.9073
0.9069
0.9062
0.9053
0.9044
0.9036
0.9029
0.9023
0.9018
0.9012
0.9004
0.8994
0.8984
0.8973
0.8963
0.8953
0.8942
0.8932
0.8922
0.8913
0.8907
0.8902
0.8898
0.8896
0.8897
0.8901
0.8910
0.8923
0.8940
0.8962
0.8987
0.9011
0.9031
0.9044
0.9051
0.9056
0.9062
0.9069
0.9076
0.9082
0.9085
0.9082
0.9073
0.9061
0.9048
0.9035
0.9021
0.9006
0.8990
0.8973
0.8958
0.8945
0.8936
0.8931
0.8931
0.8934
0.8939
0.8944
0.8950
0.8957
0.8966
0.8974
0.8981
0.8984
0.8984
0.8980
0.8974
0.8969
0.8967
0.8969
0.8974
0.8979
0.8982
0.8982
0.8978
0.8973
0.8967
0.8960
0.8954
0.8949
0.8947
0.8948
0.8954
0.8967
0.8985
0.9004
0.9022
0.9037
0.9048
0.9055
0.9061
0.9067
0.9073
0.9077
0.9080
0.9078
0.9071
0.9061
0.9048
0.9034
0.9020
0.9006
0.8993
0.8981
0.8970
0.8960
0.8950
0.8940
0.8932
0.8925
0.8922
0.8921
0.8922
0.8925
0.8929
0.8933
0.8936
0.8939
0.8945
0.8952
0.8959
0.8965
0.8968
0.8970
0.8970
0.8969
0.8968
0.8968
0.8970
0.8976
0.8987
0.9000
0.9013
0.9023
0.9031
0.9034
0.9032
0.9026
0.9017
0.9007
0.8997
0.8989
0.8984
0.8982
0.8981
0.8978
0.8973
0.8967
0.8960
0.8956
0.8953
0.8953
0.8956
0.8961
0.8970
0.8979
0.8986
0.8989
0.8989
0.8986
0.8983
0.8981
0.8980
0.8980
0.8978
0.8976
0.8974
0.8973
0.8975
0.8977
0.8977
0.8975
0.8971
0.8966
0.8959
0.8951
0.8946
0.8946
0.8953
0.8964
0.8976
0.8990
0.9003
0.9011
0.9018
0.9023
0.9027
0.9030
0.9031
0.9031
0.9030
0.9030
0.9031
0.9031
0.9030
0.9026
0.9019
0.9011
0.9003
0.8995
0.8988
0.8982
0.8977
0.8975
0.8974
0.8974
0.8973
0.8970
0.8965
0.8959
0.8954
0.8952
0.8954
0.8960
0.8969
0.8980
0.8991
0.8999
0.9002
0.8999
0.8992
0.8981
0.8970
0.8962
0.8959
0.8964
0.8976
0.8991
0.9007
0.9023
0.9034
0.9038
0.9036
0.9030
0.9022
0.9012
0.9001
0.8992
0.8984
0.8978
0.8976
0.8979
0.8987
0.8998
0.9010
0.9024
0.9036
0.9045
0.9050
0.9049
0.9044
0.9035
0.9025
0.9018
0.9013
0.9011
0.9009
0.9005
0.9000
0.8993
0.8986
0.8978
0.8971
0.8964
0.8959
0.8956
0.8955
0.8955
0.8954
0.8950
0.8946
0.8942
0.8941
0.8946
0.8954
0.8966
0.8981
0.8996
0.9009
0.9017
0.9020
0.9020
0.9019
0.9017
0.9017
0.9017
0.9018
0.9019
0.9020
0.9021
0.9023
0.9026
0.9026
0.9023
0.9016
0.9007
0.8997
0.8987
0.8977
0.8967
0.8956
0.8945
0.8937
0.8932
0.8932
0.8936
0.8945
0.8956
0.8967
0.8976
0.8981
0.8981
0.8977
0.8972
0.8968
0.8967
0.8970
0.8974
0.8981
0.8989
0.9000
0.9012
0.9020
0.9026
0.9027
0.9024
0.9017
0.9009
0.9002
0.8996
0.8988
0.8979
0.8969
0.8961
0.8955
0.8954
0.8957
0.8965
0.8977
0.8989
0.9002
0.9010
0.9013
0.9010
0.9006
0.9001
0.8999
0.8999
0.9003
0.9008
0.9012
0.9013
0.9012
0.9007
0.9001
0.8994
0.8984
0.8974
0.8963
0.8952
0.8943
0.8934
0.8926
0.8920
0.8917
0.8919
0.8926
0.8939
0.8959
0.8982
0.9005
0.9025
0.9036
0.9038
0.9032
0.9023
0.9014
0.9010
0.9011
0.9016
0.9022
0.9025
0.9023
0.9020
0.9015
0.9011
0.9008
0.9005
0.9002
0.8999
0.8996
0.8991
0.8984
0.8976
0.8967
0.8959
0.8953
0.8950
0.8951
0.8956
0.8963
0.8972
0.8982
0.8990
0.8996
0.9000
0.9000
0.8999
0.8998
0.8997
0.8997
0.8997
0.8997
0.8999
0.9002
0.9006
0.9010
0.9011
0.9011
0.9009
0.9003
0.8994
0.8984
0.8974
0.8967
0.8963
0.8962
0.8966
0.8973
0.8984
0.8996
0.9006
0.9016
0.9023
0.9027
0.9031
0.9036
0.9043
0.9051
0.9057
0.9060
0.9059
0.9053
0.9044
0.9031
0.9015
0.8997
0.8979
0.8961
0.8943
0.8926
0.8912
0.8901
0.8894
0.8891
0.8891
0.8893
0.8895
0.8898
0.8903
0.8910
0.8922
0.8940
0.8965
0.8992
0.9016
0.9036
0.9051
0.9059
0.9060
0.9057
0.9053
0.9049
0.9044
0.9040
0.9035
0.9031
0.9027
0.9024
0.9020
0.9015
0.9008
0.8998
0.8988
0.8978
0.8969
0.8964
0.8961
0.8961
0.8961
0.8962
0.8964
0.8967
0.8971
0.8976
0.8981
0.8983
0.8984
0.8982
0.8978
0.8972
0.8966
0.8963
0.8962
0.8963
0.8964
0.8963
0.8961
0.8960
0.8963
0.8973
0.8988
0.9006
0.9023
0.9036
0.9040
0.9035
0.9025
0.9012
0.8998
0.8988
0.8981
0.8978
0.8980
0.8984
0.8991
0.8998
0.9004
0.9008
0.9009
0.9007
0.9002
0.8994
0.8986
0.8980
0.8976
0.8975
0.8975
0.8976
0.8976
0.8973
0.8969
0.8963
0.8956
0.8947
0.8936
0.8924
0.8911
0.8898
0.8888
0.8881
0.8881
0.8888
0.8904
0.8926
0.8952
0.8981
0.9009
0.9036
0.9060
0.9079
0.9095
0.9106
0.9110
0.9107
0.9100
0.9089
0.9074
0.9057
0.9038
0.9019
0.9000
0.8982
0.8966
0.8952
0.8939
0.8928
0.8922
0.8919
0.8921
0.8925
0.8932
0.8942
0.8955
0.8972
0.8993
0.9015
0.9034
0.9048
0.9055
0.9056
0.9052
0.9044
0.9034
0.9024
0.9015
0.9007
0.9001
0.8996
0.8989
0.8981
0.8973
0.8966
0.8962
0.8960
0.8961
0.8965
0.8970
0.8974
0.8979
0.8981
0.8980
0.8977
0.8975
0.8975
0.8979
0.8986
0.8993
0.8999
0.9001
0.8999
0.8996
0.8992
0.8988
0.8986
0.8985
0.8987
0.8991
0.8997
0.9002
0.9004
0.9002
0.8997
0.8990
0.8982
0.8975
0.8967
0.8961
0.8956
0.8952
0.8951
0.8952
0.8954
0.8958
0.8963
0.8969
0.8976
0.8983
0.8989
0.8993
0.8996
0.8998
0.9002
0.9009
0.9016
0.9023
0.9028
0.9031
0.9030
0.9029
0.9025
0.9020
0.9012
0.9003
0.8993
0.8984
0.8976
0.8969
0.8962
0.8955
0.8948
0.8941
0.8935
0.8930
0.8929
0.8931
0.8938
0.8949
0.8963
0.8979
0.8993
0.9004
0.9012
0.9019
0.9025
0.9028
0.9030
0.9030
0.9029
0.9027
0.9023
0.9016
0.9006
0.8994
0.8979
0.8964
0.8948
0.8934
0.8923
0.8918
0.8920
0.8929
0.8943
0.8962
0.8982
0.8999
0.9013
0.9026
0.9039
0.9052
0.9062
0.9066
0.9063
0.9054
0.9040
0.9022
0.9003
0.8983
0.8964
0.8948
0.8933
0.8921
0.8911
0.8903
0.8898
0.8897
0.8901
0.8910
0.8923
0.8938
0.8952
0.8965
0.8977
0.8987
0.8995
0.8998
0.9000
0.9001
0.9004
0.9010
0.9018
0.9026
0.9033
0.9037
0.9038
0.9037
0.9035
0.9035
0.9037
0.9041
0.9047
0.9054
0.9060
0.9062
0.9060
0.9055
0.9048
0.9040
0.9031
0.9020
0.9007
0.8995
0.8982
0.8971
0.8959
0.8947
0.8935
0.8925
0.8919
0.8919
0.8923
0.8931
0.8938
0.8943
0.8946
0.8948
0.8951
0.8956
0.8966
0.8980
0.8997
0.9015
0.9031
0.9043
0.9048
0.9046
0.9040
0.9031
0.9020
0.9009
0.8999
0.8989
0.8982
0.8977
0.8976
0.8979
0.8984
0.8989
0.8994
0.8999
0.9002
0.9005
0.9010
0.9015
0.9019
0.9023
0.9025
0.9024
0.9019
0.9012
0.9002
0.8994
0.8987
0.8983
0.8981
0.8978
0.8974
0.8969
0.8964
0.8961
0.8959
0.8958
0.8956
0.8951
0.8946
0.8939
0.8934
0.8933
0.8936
0.8944
0.8958
0.8977
0.8997
0.9014
0.9027
0.9035
0.9039
0.9040
0.9039
0.9035
0.9031
0.9027
0.9026
0.9027
0.9030
0.9031
0.9030
0.9025
0.9014
0.9002
0.8990
0.8981
0.8975
0.8973
0.8973
0.8976
0.8982
0.8990
0.8998
0.9005
0.9011
