1.0000 2.0000
0.9800 1.9434
0.9600 1.8607
0.9400 1.7763
0.9200 1.6245
0.9000 1.5813
0.8800 1.5170
0.8600 1.4469
0.8400 1.3739
0.8200 1.3211
0.8000 1.2644
0.7800 1.2145
0.7500 1.1646
0.7300 1.0782
0.7100 1.0042
0.6900 0.9543
0.6800 0.9207
0.6600 0.8718
0.6400 0.8199
0.6200 0.7786
0.6000 0.7441
0.5800 0.6922
0.5600 0.6567
0.5400 0.6346
0.5200 0.6001
0.5000 0.5722
0.4800 0.5511
0.4400 0.4657
0.4200 0.4023
0.4000 0.3581
0.3800 0.3437
0.3400 0.2842
0.3100 0.2553
0.2900 0.2342
0.2700 0.2064
0.2100 0.1766
0.1900 0.1632
0.1600 0.1421
0.1400 0.1133
0.1300 0.0931
0.1100 0.0720
0.1100 0.0643
0.1000 0.0566
0.0700 0.0432
0.0500 0.0288
0.0400 0.0144
0.0200 0.0000
0.0200 0.0000
0.0200 0.0000
0.0000 0.0000
