1.0000 2.0000
0.9800 1.8956
0.9600 1.8172
0.9400 1.7582
0.9200 1.7123
0.9000 1.5944
0.8800 1.5159
0.8600 1.4500
0.8400 1.3910
0.8200 1.3262
0.8000 1.2226
0.7800 1.1769
0.7600 1.1315
0.7300 1.0728
0.7100 0.9949
0.6800 0.9038
0.6600 0.8385
0.6400 0.7992
0.6000 0.7538
0.5800 0.7144
0.5600 0.6815
0.5400 0.6169
0.5200 0.5772
0.5000 0.5118
0.4800 0.4721
0.4600 0.4387
0.4400 0.4062
0.4200 0.3928
0.4000 0.3731
0.3800 0.3077
0.3500 0.2618
0.3300 0.2292
0.2400 0.2031
0.2200 0.1900
0.2000 0.1574
0.1800 0.1310
0.1200 0.1177
0.1100 0.0854
0.1100 0.0721
0.0800 0.0526
0.0400 0.0328
0.0400 0.0328
0.0400 0.0262
0.0400 0.0131
0.0300 0.0064
0.0300 0.0064
0.0300 0.0064
0.0300 0.0064
0.0200 0.0000
0.0000 0.0000
