1.0000 2.0000
0.9800 1.8371
0.9600 1.7424
0.9400 1.6742
0.9200 1.6023
0.9000 1.5417
0.8800 1.4924
0.8600 1.3712
0.8400 1.2159
0.8200 1.0871
0.8000 0.9621
0.7800 0.8485
0.7600 0.7689
0.7400 0.6970
0.7200 0.6477
0.7000 0.5985
0.6800 0.5417
0.6600 0.4811
0.6100 0.4356
0.5900 0.3788
0.5600 0.3333
0.5400 0.3144
0.5200 0.2803
0.5000 0.2652
0.4500 0.2273
0.4400 0.2083
0.4100 0.1932
0.3900 0.1742
0.3500 0.1553
0.3200 0.1364
0.3100 0.1326
0.3000 0.1288
0.2700 0.1174
0.2500 0.1061
0.1900 0.0909
0.1700 0.0758
0.1500 0.0682
0.1000 0.0455
0.0500 0.0265
0.0500 0.0227
0.0500 0.0227
0.0400 0.0189
0.0400 0.0189
0.0400 0.0189
0.0400 0.0114
0.0400 0.0114
0.0300 0.0038
0.0200 0.0000
0.0200 0.0000
0.0000 0.0000
