1.0000 2.0000
0.9800 1.7765
0.9600 1.7008
0.9400 1.5492
0.9200 1.5114
0.9000 1.4091
0.8800 1.3598
0.8600 1.2955
0.8400 1.1477
0.8200 1.0492
0.8000 0.9394
0.7800 0.8636
0.7600 0.8030
0.7400 0.7386
0.7200 0.6629
0.7000 0.6098
0.6800 0.5568
0.6500 0.4962
0.6200 0.4318
0.6000 0.4053
0.5800 0.3712
0.5500 0.3295
0.5300 0.3030
0.5200 0.2841
0.4600 0.2348
0.4400 0.2197
0.4000 0.1856
0.3900 0.1818
0.3700 0.1742
0.3400 0.1553
0.2900 0.1288
0.2500 0.1136
0.2300 0.1061
0.1600 0.0833
0.1400 0.0758
0.0800 0.0530
0.0700 0.0341
0.0500 0.0227
0.0500 0.0227
0.0500 0.0189
0.0400 0.0114
0.0400 0.0114
0.0300 0.0076
0.0300 0.0076
0.0300 0.0076
0.0300 0.0076
0.0300 0.0038
0.0200 0.0000
0.0200 0.0000
0.0000 0.0000
