0.93120	3.53774e-02
0.93506	1.44602e-02
0.92746	1.55888e-02
0.91674	1.88511e-02
0.89200	1.41726e-02
0.87937	2.63668e-02
0.85434	2.30384e-02
0.84858	1.98407e-02
0.80985	2.90422e-02
0.80152	1.78313e-02
0.78644	3.30511e-02
0.74211	2.97314e-02
0.72951	4.23919e-02
0.73036	4.48299e-02
0.70172	2.81153e-02
0.69491	4.46331e-02
0.67348	2.77911e-02
0.62711	5.68337e-02
0.59956	5.41339e-02
0.60736	4.87368e-02
0.55579	5.79152e-02
0.52117	6.31845e-02
0.48275	8.97309e-02
0.45504	8.78905e-02
0.42700	8.05477e-02
0.40767	1.13811e-01
0.36858	9.51752e-02
0.37118	9.61300e-02
0.35159	1.06019e-01
0.25876	1.10968e-01
0.21811	8.97842e-02
0.25002	9.24449e-02
0.19123	9.81009e-02
0.20092	9.43897e-02
0.21431	1.06152e-01
0.22604	8.45608e-02
0.22085	1.02628e-01
0.16806	5.75564e-02
0.18744	8.44501e-02
0.13948	6.85972e-02
0.11967	4.73086e-02
0.12888	7.25808e-02
0.16552	7.87037e-02
0.12359	7.61105e-02
0.14530	6.64567e-02
0.14825	6.78667e-02
0.09742	5.06175e-02
0.09928	4.29736e-02
0.12164	6.82816e-02
0.11255	4.86200e-02
0.08974	5.78630e-02
0.16419	6.71695e-02
0.09944	3.80910e-02
0.08462	3.53166e-02
0.10489	4.94846e-02
0.06804	3.07288e-02
0.13039	7.28074e-02
0.11930	4.94484e-02
0.13836	5.86628e-02
0.09208	4.63608e-02
0.07501	3.25749e-02
0.07289	3.66270e-02
0.13795	3.56816e-02
0.12418	5.40697e-02
0.13269	4.42460e-02
0.10511	4.96383e-02
0.08060	3.98173e-02
0.08687	4.33985e-02
0.10112	4.63508e-02
0.07871	2.66833e-02
0.09531	5.35077e-02
0.08538	6.42073e-02
0.09618	5.33977e-02
0.10349	5.55203e-02
0.08420	4.20537e-02
0.11015	5.92136e-02
0.13913	7.23940e-02
0.08480	4.32419e-02
0.10064	3.81057e-02
0.10231	4.05918e-02
0.10575	5.02458e-02
0.08786	4.19775e-02
0.08581	4.28008e-02
0.07494	2.90490e-02
0.10290	4.62634e-02
0.10780	3.83334e-02
0.09423	6.36472e-02
0.10173	6.25993e-02
0.07636	6.21010e-02
0.08531	5.18579e-02
0.08708	2.95804e-02
0.08276	4.03009e-02
0.06781	3.05395e-02
0.09142	3.83659e-02
0.06711	4.48075e-02
0.07011	3.19357e-02
0.08097	3.98199e-02
0.06397	2.64090e-02
0.07946	5.10719e-02
