0.96379	7.00191e-03
0.94280	1.17022e-02
0.93650	1.30916e-02
0.92371	1.51315e-02
0.91059	2.04481e-02
0.88997	2.01061e-02
0.87287	1.78505e-02
0.86499	1.31057e-02
0.82622	3.50947e-02
0.84425	2.08924e-02
0.80593	4.09149e-02
0.75220	2.59020e-02
0.77437	4.10639e-02
0.73717	3.86207e-02
0.71026	5.37915e-02
0.70273	4.76521e-02
0.70471	3.68762e-02
0.67211	5.13949e-02
0.65083	6.33567e-02
0.62425	5.19301e-02
0.57497	5.96919e-02
0.56714	8.53562e-02
0.53073	8.41130e-02
0.46935	9.88174e-02
0.48698	1.00820e-01
0.45367	1.53801e-01
0.43406	1.23726e-01
0.44131	1.30571e-01
0.41047	7.00636e-02
0.39319	5.51271e-02
0.32647	1.20200e-01
0.34052	8.34083e-02
0.32361	6.28570e-02
0.25953	9.52092e-02
0.20877	8.19845e-02
0.24685	7.64803e-02
0.24095	9.44745e-02
0.21626	9.43418e-02
0.18977	9.00101e-02
0.15015	6.56030e-02
0.11766	6.17758e-02
0.15925	7.86320e-02
0.17497	6.72853e-02
0.11619	4.73138e-02
0.11228	4.08894e-02
0.18631	4.84613e-02
0.13673	5.45390e-02
0.14470	4.22864e-02
0.11485	4.62637e-02
0.12010	6.61741e-02
0.12906	6.51561e-02
0.13495	5.92541e-02
0.12916	7.11628e-02
0.09769	5.33495e-02
0.09004	3.15310e-02
0.12744	7.13496e-02
0.11202	4.17522e-02
0.16102	5.01730e-02
0.09900	5.86083e-02
0.06460	6.13729e-02
0.08921	4.77409e-02
0.09115	4.53390e-02
0.09224	4.51348e-02
0.09037	4.35264e-02
0.08641	4.61107e-02
0.08549	5.41848e-02
0.07731	4.12470e-02
0.10076	5.70869e-02
0.06318	2.40223e-02
0.10454	3.99209e-02
0.10859	4.51377e-02
0.10313	3.42110e-02
0.10644	4.88482e-02
0.06815	4.29527e-02
0.09870	4.67549e-02
0.07048	4.64822e-02
0.09994	4.39248e-02
0.09083	5.53099e-02
0.06636	3.99871e-02
0.09384	4.38709e-02
0.07373	2.25172e-02
0.08923	2.87332e-02
0.10020	3.92514e-02
0.13617	3.01004e-02
0.10962	4.50823e-02
0.07579	3.62954e-02
0.08559	3.81658e-02
0.08646	5.20499e-02
0.07278	3.16322e-02
0.08999	3.67144e-02
0.08401	4.97159e-02
0.08627	4.04265e-02
0.09648	5.27553e-02
0.09182	4.54784e-02
0.09009	4.78161e-02
0.09520	4.96384e-02
0.09873	5.06291e-02
0.07497	3.97361e-02
0.07470	3.47838e-02
