0.99413	1.94347e-03
0.98265	7.98417e-03
0.97014	9.83472e-03
0.95701	1.31472e-02
0.95075	1.07266e-02
0.94066	1.63593e-02
0.91862	1.18169e-02
0.91127	2.03950e-02
0.89105	9.43618e-03
0.88732	1.70738e-02
0.87099	2.25553e-02
0.85128	1.61684e-02
0.83881	2.20574e-02
0.82377	2.03301e-02
0.80900	2.09931e-02
0.79307	2.64551e-02
0.79487	3.20149e-02
0.78816	2.74674e-02
0.77253	3.55476e-02
0.75765	3.36617e-02
0.73358	3.28977e-02
0.70755	3.37510e-02
0.71203	2.89769e-02
0.67022	2.28529e-02
0.69282	2.37896e-02
0.63038	4.90453e-02
0.65927	4.22994e-02
0.59526	4.89916e-02
0.59296	5.08412e-02
0.56579	5.44593e-02
0.54954	3.19399e-02
0.52465	4.75287e-02
0.45619	7.97987e-02
0.47143	8.07924e-02
0.39204	7.94549e-02
0.42933	9.01340e-02
0.32257	1.27148e-01
0.33528	1.05912e-01
0.29979	8.63183e-02
0.28111	1.16443e-01
0.20911	7.68094e-02
0.18608	8.59942e-02
0.14452	9.05984e-02
0.17757	9.74588e-02
0.18552	6.17821e-02
0.14905	3.98103e-02
0.13585	4.96431e-02
0.14455	9.24266e-02
0.13797	6.41726e-02
0.11352	9.17545e-02
0.14858	6.60512e-02
0.14578	4.04834e-02
0.13680	6.83715e-02
0.12568	5.22534e-02
0.12749	7.70288e-02
0.12319	5.98259e-02
0.11626	4.86511e-02
0.10512	6.74724e-02
0.12849	6.32037e-02
0.11990	7.24373e-02
0.10237	5.64439e-02
0.10062	4.83437e-02
0.11780	5.12682e-02
0.08816	4.18180e-02
0.09638	6.39552e-02
0.08027	4.43231e-02
0.06053	3.64714e-02
0.13245	5.10868e-02
0.09201	3.03911e-02
0.11004	6.12638e-02
0.12170	5.90896e-02
0.06721	3.55545e-02
0.10139	4.16070e-02
0.10346	6.41608e-02
0.10791	4.50533e-02
0.06385	2.71215e-02
0.11433	4.42220e-02
0.10951	3.84277e-02
0.06406	3.70958e-02
0.10266	5.79430e-02
0.08504	3.96700e-02
0.08197	3.83508e-02
0.08815	4.09361e-02
0.09572	5.71044e-02
0.07177	5.42206e-02
0.08991	4.42346e-02
0.06642	2.86864e-02
0.08960	4.38238e-02
0.10014	3.28859e-02
0.10059	4.51575e-02
0.10303	3.99855e-02
0.10068	4.76728e-02
0.07166	5.86289e-02
0.09105	4.03676e-02
0.06585	3.70220e-02
0.09046	4.48669e-02
0.12694	4.49408e-02
0.08682	3.58373e-02
0.08829	6.60197e-02
