0.26736	1.02868e-01
0.27415	1.52989e-01
0.27160	1.29365e-01
0.27547	1.06939e-01
0.26743	1.23151e-01
0.26559	1.57409e-01
0.20670	8.41276e-02
0.23987	1.01530e-01
0.18686	1.05316e-01
0.18917	9.97128e-02
0.15906	1.07329e-01
0.14673	7.75243e-02
0.24427	9.19585e-02
0.19294	1.06570e-01
0.18759	7.88705e-02
0.14412	8.61886e-02
0.17065	5.37521e-02
0.16198	9.32827e-02
0.17735	8.55600e-02
0.14740	8.70264e-02
0.14339	7.20728e-02
0.15371	7.89439e-02
0.18051	5.67485e-02
0.16523	6.84765e-02
0.14822	7.97209e-02
0.15270	8.48600e-02
0.19496	8.61631e-02
0.14921	7.44834e-02
0.11518	5.80113e-02
0.16160	6.56520e-02
0.17470	8.94419e-02
0.12927	6.61604e-02
0.17252	8.93002e-02
0.12621	4.55846e-02
0.13950	9.08663e-02
0.12432	6.90099e-02
0.17079	7.52666e-02
0.13560	6.31472e-02
0.18258	5.02844e-02
0.12840	4.15763e-02
0.13415	6.54928e-02
0.14716	9.14704e-02
0.12676	6.72518e-02
0.11146	6.46455e-02
0.13063	5.99373e-02
0.13714	6.84660e-02
0.14379	9.84167e-02
0.11600	7.03167e-02
0.16679	5.20818e-02
0.12820	6.51500e-02
0.14819	6.39750e-02
0.14694	6.16464e-02
0.10435	4.57515e-02
0.11286	5.51438e-02
0.14173	8.28283e-02
0.10644	6.95242e-02
0.13453	4.92474e-02
0.12196	6.53234e-02
0.13731	6.74285e-02
0.13685	4.34025e-02
0.12391	6.85396e-02
0.14473	6.43251e-02
0.09092	5.44183e-02
0.11088	9.49846e-02
0.14841	5.53921e-02
0.12525	5.76073e-02
0.11330	8.60674e-02
0.12674	4.19196e-02
0.10690	4.06875e-02
0.12796	6.13924e-02
0.16813	6.31930e-02
0.11783	5.03208e-02
0.13708	5.24749e-02
0.08733	3.25386e-02
0.11118	4.05328e-02
0.14223	6.82530e-02
0.11057	6.35296e-02
0.12493	4.71972e-02
0.10650	4.70540e-02
0.13758	6.14837e-02
0.14215	5.85032e-02
0.10219	6.79181e-02
0.14195	5.18797e-02
0.10780	4.83716e-02
0.13464	6.38406e-02
0.09372	4.31203e-02
0.12361	6.47230e-02
0.12575	6.21360e-02
0.08223	4.20810e-02
0.12343	5.97709e-02
0.12171	6.28025e-02
0.15157	5.96993e-02
0.10331	4.42442e-02
0.09403	3.38247e-02
0.11258	5.74020e-02
0.14930	5.70275e-02
0.11481	6.34562e-02
0.13584	5.68455e-02
0.12520	4.67616e-02
0.11327	6.83189e-02
0.09877	7.60469e-02
0.11738	6.80539e-02
0.10825	6.98712e-02
0.12573	8.16771e-02
0.10784	7.47436e-02
0.10364	5.87498e-02
0.10331	5.22547e-02
0.09341	4.92562e-02
0.10957	8.33847e-02
0.10975	7.78542e-02
0.11484	5.80054e-02
0.11597	6.00119e-02
0.15455	8.59320e-02
0.13707	8.22706e-02
0.12490	7.97195e-02
0.16213	6.87575e-02
0.16355	6.90601e-02
0.15809	7.59897e-02
0.15350	7.42186e-02
0.13146	7.28563e-02
0.13282	7.59883e-02
0.10605	5.95187e-02
0.11932	7.36961e-02
0.12619	8.27771e-02
0.14006	7.31435e-02
0.16035	5.84989e-02
0.16829	6.38508e-02
0.15393	5.92167e-02
0.14421	5.60740e-02
0.14647	5.61242e-02
0.13396	5.26760e-02
0.15141	7.01755e-02
0.15845	5.91346e-02
0.14029	6.66228e-02
0.14152	6.72671e-02
0.16599	7.69224e-02
0.16394	7.66752e-02
0.16223	7.08039e-02
0.16223	7.08039e-02
0.16377	7.02921e-02
0.17286	7.08550e-02
0.14982	8.02474e-02
0.15797	9.41392e-02
0.16776	9.02054e-02
0.14917	6.99316e-02
0.13362	6.00081e-02
0.13864	6.64054e-02
0.11862	4.66930e-02
0.12089	6.24649e-02
0.13241	6.92686e-02
0.16460	4.87402e-02
0.16943	5.29146e-02
0.18172	4.93313e-02
0.18724	6.42105e-02
0.20661	6.33635e-02
0.16710	7.64961e-02
0.16686	8.01831e-02
0.16974	4.73113e-02
0.16926	4.68513e-02
0.15010	3.85899e-02
0.13342	5.13864e-02
0.16252	7.06582e-02
0.15126	6.84010e-02
0.14093	4.46726e-02
0.13389	4.70757e-02
0.15474	4.64003e-02
0.14590	4.87378e-02
0.17302	5.38355e-02
0.15386	5.13110e-02
0.17933	7.31918e-02
0.17165	9.28613e-02
0.18670	9.10838e-02
0.19827	1.00541e-01
0.16700	8.83248e-02
0.16700	8.83248e-02
0.17291	7.55936e-02
0.17520	7.38943e-02
0.19425	6.64421e-02
0.18311	7.29577e-02
0.20712	5.52796e-02
0.19593	8.45364e-02
0.18068	9.56555e-02
0.19586	7.95612e-02
0.17578	8.05328e-02
0.17189	7.09697e-02
0.18004	7.05381e-02
0.18161	6.07612e-02
0.18161	6.07612e-02
0.17447	9.23155e-02
0.17203	9.08771e-02
0.20402	9.74216e-02
0.17872	9.14439e-02
0.14742	7.29226e-02
0.14255	5.63287e-02
0.16098	8.25979e-02
0.16098	8.25979e-02
0.15270	7.36921e-02
0.17020	7.12225e-02
0.18237	6.35658e-02
0.15898	8.99652e-02
0.15803	8.95251e-02
0.18010	9.51656e-02
0.19743	8.96481e-02
0.18979	8.87606e-02
0.20435	7.73192e-02
0.22180	5.88993e-02
0.22605	5.59369e-02
0.20867	6.12879e-02
0.20580	6.09474e-02
0.19425	5.54986e-02
0.15243	5.04478e-02
0.15400	5.12366e-02
0.15400	5.12366e-02
0.17766	8.76996e-02
0.19673	9.88158e-02
0.19729	9.88551e-02
0.19379	9.90775e-02
0.16710	7.66570e-02
0.13985	5.10520e-02
0.15521	7.12283e-02
0.16781	7.33845e-02
0.15132	7.67767e-02
0.17042	7.55924e-02
0.19169	7.32767e-02
0.20524	7.19785e-02
0.20528	7.35597e-02
0.21181	1.01701e-01
0.18989	9.01890e-02
0.16230	9.36530e-02
0.17770	8.64408e-02
0.19980	1.09528e-01
0.21068	9.58078e-02
0.18595	9.11102e-02
0.20135	7.07363e-02
0.19034	6.87160e-02
0.18993	6.79447e-02
0.18494	6.57441e-02
0.18827	6.84168e-02
0.18096	5.61390e-02
0.17812	5.97687e-02
0.17481	6.06294e-02
0.17147	7.47562e-02
0.16914	7.33416e-02
0.15580	7.66751e-02
0.14783	8.79199e-02
0.14783	8.79199e-02
0.15821	8.67557e-02
0.15454	8.57014e-02
0.17812	9.24942e-02
0.20677	7.58470e-02
0.20972	1.01044e-01
0.23244	7.34768e-02
0.26313	9.54091e-02
0.23203	7.94853e-02
0.22944	8.58087e-02
0.23054	7.71602e-02
0.27368	6.35943e-02
0.25128	8.75073e-02
0.26151	8.94388e-02
0.26151	8.94388e-02
0.23837	1.03321e-01
0.24479	1.03398e-01
0.26321	1.23481e-01
0.20599	1.15378e-01
0.19867	1.13462e-01
0.21158	1.22867e-01
0.23922	1.06639e-01
0.23922	1.06639e-01
0.26353	7.59544e-02
0.30607	1.05059e-01
0.28868	1.14759e-01
0.27896	1.23897e-01
0.25713	1.31253e-01
0.23501	1.42059e-01
0.20598	1.10825e-01
0.19394	1.06136e-01
0.21341	1.10284e-01
0.20849	1.06264e-01
0.21440	1.03447e-01
0.24748	8.80259e-02
0.20781	7.68115e-02
0.20781	7.68115e-02
0.22058	8.18449e-02
0.22058	8.18449e-02
0.22387	8.21399e-02
0.21706	8.04279e-02
0.22148	8.03284e-02
0.23472	8.10299e-02
0.23883	7.50529e-02
0.26479	8.80215e-02
0.25877	1.11507e-01
0.25136	1.17914e-01
0.26738	1.21558e-01
0.27624	1.16501e-01
0.24230	1.47175e-01
0.24230	1.47175e-01
0.24329	1.48817e-01
0.19160	1.08484e-01
0.17500	1.17072e-01
0.19580	1.28246e-01
0.19580	1.28246e-01
0.19580	1.28246e-01
0.21738	1.14173e-01
0.21474	1.18880e-01
0.24112	1.07223e-01
0.24091	9.10003e-02
0.23801	9.13076e-02
0.22670	8.34965e-02
0.21679	8.14691e-02
0.21283	8.00284e-02
0.17756	6.19399e-02
0.17377	9.58791e-02
0.22869	1.44990e-01
0.25382	1.53007e-01
0.26313	1.51611e-01
0.26313	1.51611e-01
0.31522	1.14020e-01
0.25168	1.11285e-01
0.24449	1.00951e-01
0.19232	8.61992e-02
0.20952	9.92143e-02
0.25363	1.21152e-01
0.25217	1.49931e-01
0.19640	1.19146e-01
0.24845	1.22188e-01
0.26738	1.35016e-01
0.28683	1.35866e-01
0.28589	1.35919e-01
0.27720	1.42841e-01
0.23826	1.60891e-01
0.20308	1.48272e-01
0.21276	1.58198e-01
0.23379	1.65835e-01
0.24121	1.62308e-01
0.24259	1.28781e-01
0.25437	1.19889e-01
0.19922	1.12333e-01
0.23187	1.38575e-01
0.21882	1.22863e-01
0.22638	1.16485e-01
0.25703	1.09659e-01
0.25703	1.09659e-01
0.30140	1.09768e-01
0.31111	8.64199e-02
0.29039	9.90474e-02
0.25536	9.32093e-02
0.20694	1.37244e-01
0.22518	1.45802e-01
0.22317	1.52281e-01
0.24714	1.54817e-01
0.27302	1.55467e-01
0.30222	1.74536e-01
0.25467	1.44361e-01
0.25467	1.44361e-01
0.23805	1.50052e-01
0.23221	1.63582e-01
0.23484	1.63250e-01
0.26411	1.42573e-01
0.23948	1.47615e-01
0.24840	1.43006e-01
0.29315	1.41917e-01
0.25537	1.43949e-01
0.30224	1.37610e-01
0.29826	1.35181e-01
0.28096	1.30307e-01
0.24628	1.47396e-01
0.27963	1.60806e-01
0.29860	1.84272e-01
0.27520	1.70507e-01
0.32837	1.81469e-01
0.35443	1.59076e-01
0.28817	1.31145e-01
0.33706	1.72006e-01
0.28070	1.27945e-01
0.32934	8.87571e-02
0.30007	8.94630e-02
0.32197	7.34140e-02
0.30977	7.59935e-02
0.36345	1.30581e-01
0.38673	1.23952e-01
0.38673	1.23952e-01
0.32935	6.38471e-02
0.31706	6.29139e-02
0.35633	8.89727e-02
0.29159	1.17134e-01
0.29159	1.17134e-01
0.23903	1.10702e-01
0.29870	1.53675e-01
0.23279	1.46404e-01
0.23279	1.46404e-01
0.22589	1.35695e-01
0.27998	1.33741e-01
0.27998	1.33741e-01
0.35900	1.33527e-01
0.35900	1.33527e-01
0.36269	8.09188e-02
0.31193	9.65415e-02
0.31193	9.65415e-02
0.26342	6.49684e-02
0.33245	1.23076e-01
0.29372	1.06933e-01
0.28833	9.05749e-02
0.26488	1.02219e-01
0.26173	1.04890e-01
0.26173	1.04890e-01
0.20284	2.95190e-02
0.25212	1.13085e-01
0.32152	1.36871e-01
0.27254	1.24027e-01
0.23146	6.65381e-02
0.14430	5.71284e-02
0.14430	5.71284e-02
0.22302	5.23269e-02
0.17069	0.00000e+00
0.17069	0.00000e+00
0.17069	0.00000e+00
0.17069	0.00000e+00
0.17069	0.00000e+00
0.23426	0.00000e+00
0.15782	0.00000e+00
0.15782	0.00000e+00
0.15782	0.00000e+00
0.15782	0.00000e+00
0.12405	0.00000e+00
0.12405	0.00000e+00
0.12405	0.00000e+00
0.12405	0.00000e+00
0.12405	0.00000e+00
0.12405	0.00000e+00
0.12405	0.00000e+00
0.12405	0.00000e+00
0.12405	0.00000e+00
0.12405	0.00000e+00
0.12405	0.00000e+00
0.12405	0.00000e+00
0.12405	0.00000e+00
0.34039	0.00000e+00
0.34039	0.00000e+00
0.34648	0.00000e+00
0.21747	0.00000e+00
0.33575	0.00000e+00
0.33575	0.00000e+00
0.33575	0.00000e+00
0.33575	0.00000e+00
0.33575	0.00000e+00
0.33575	0.00000e+00
0.33575	0.00000e+00
0.52812	0.00000e+00
0.28792	0.00000e+00
