0.81665	7.42976e-02
0.82360	2.41418e-02
0.80534	2.14025e-02
0.79411	3.94108e-02
0.75005	4.34900e-02
0.75760	3.35828e-02
0.73448	5.35498e-02
0.72545	6.76151e-02
0.69972	5.71956e-02
0.69013	7.57105e-02
0.65475	9.53788e-02
0.63752	7.38299e-02
0.62681	7.74118e-02
0.63003	9.46009e-02
0.59031	9.55688e-02
0.58688	1.05303e-01
0.57127	1.11213e-01
0.53864	1.15955e-01
0.48797	1.46666e-01
0.48109	1.37173e-01
0.43649	1.27239e-01
0.43060	1.48072e-01
0.42270	1.74292e-01
0.41496	1.21000e-01
0.37013	1.75764e-01
0.42328	1.54272e-01
0.41037	1.03479e-01
0.35438	1.21254e-01
0.40653	1.14868e-01
0.41955	9.03068e-02
0.36646	1.07655e-01
0.34171	1.13993e-01
0.33553	1.22648e-01
0.29564	1.26661e-01
0.29474	1.46050e-01
0.30800	9.87889e-02
0.31050	1.41216e-01
0.36061	9.67116e-02
0.31448	1.21604e-01
0.33231	8.54496e-02
0.31023	9.12744e-02
0.27936	1.11424e-01
0.33258	8.65689e-02
0.32256	8.06541e-02
0.34239	8.61131e-02
0.30455	1.16233e-01
0.27319	1.01126e-01
0.32176	1.09822e-01
0.29792	7.32405e-02
0.27744	6.62578e-02
0.24399	9.86462e-02
0.29858	8.61102e-02
0.22611	9.76758e-02
0.24387	8.47962e-02
0.22916	7.11735e-02
0.24254	8.88038e-02
0.26088	9.32061e-02
0.23217	1.10654e-01
0.26654	1.25797e-01
0.21098	9.07799e-02
0.27209	7.29103e-02
0.25686	7.09518e-02
0.20949	9.86271e-02
0.26620	1.07382e-01
0.31237	7.58287e-02
0.28969	1.06474e-01
0.27544	1.20769e-01
0.28662	1.05481e-01
0.25417	6.88594e-02
0.24882	1.14901e-01
0.28646	9.04612e-02
0.29088	7.80576e-02
0.28104	9.93980e-02
0.23509	9.01552e-02
0.22653	6.99454e-02
0.26804	1.21780e-01
0.22005	8.60126e-02
0.22385	1.02280e-01
0.28232	1.08686e-01
0.24873	1.03466e-01
0.24254	7.10153e-02
0.22009	6.74830e-02
0.23060	8.12129e-02
0.18000	7.84102e-02
0.23762	8.01159e-02
0.18276	9.27350e-02
0.19551	1.13890e-01
0.21153	1.07944e-01
0.18336	7.00528e-02
0.22266	1.01637e-01
0.20419	9.70533e-02
0.16216	1.20790e-01
0.14900	4.42050e-02
0.18493	7.49654e-02
0.19460	9.16433e-02
0.14992	4.38914e-02
0.21666	6.41153e-02
0.18164	5.45441e-02
0.14904	7.63171e-02
0.19400	9.88086e-02
0.19400	9.88086e-02
0.20679	9.85544e-02
0.21287	8.91860e-02
0.20814	8.13654e-02
0.20593	8.08083e-02
0.21665	1.17202e-01
0.25032	9.61630e-02
0.27495	9.07518e-02
0.26220	8.91848e-02
0.25461	9.15925e-02
0.24922	9.43114e-02
0.23586	8.55065e-02
0.23812	8.75533e-02
0.24365	8.58466e-02
0.25310	8.29797e-02
0.27052	1.11550e-01
0.31196	8.09093e-02
0.30796	8.26186e-02
0.28446	9.49208e-02
0.26392	8.54402e-02
0.24387	7.66364e-02
0.26318	8.92238e-02
0.25446	8.16491e-02
0.25599	8.27012e-02
0.27377	8.35824e-02
0.27204	1.00301e-01
0.27397	9.63271e-02
0.27230	9.56690e-02
0.27508	6.65210e-02
0.28888	9.68689e-02
0.29643	1.18161e-01
0.29722	1.05330e-01
0.28936	1.25552e-01
0.28375	1.35989e-01
0.27797	1.17148e-01
0.27448	1.22204e-01
0.30457	8.96805e-02
0.30457	8.96805e-02
0.34499	7.91059e-02
0.34499	7.91059e-02
0.32699	7.81473e-02
0.32930	5.93269e-02
0.34945	8.26869e-02
0.33748	9.20006e-02
0.32383	1.37441e-01
0.38999	9.50587e-02
0.39051	9.77190e-02
0.41641	9.78051e-02
0.39838	1.53178e-01
0.39838	1.53178e-01
0.37565	1.49783e-01
0.36571	1.59537e-01
0.36608	1.59385e-01
0.34714	1.49694e-01
0.33814	1.40807e-01
0.35235	1.32635e-01
0.38257	1.24540e-01
0.38159	1.24414e-01
0.37790	1.24464e-01
0.40559	6.58625e-02
0.41325	9.95878e-02
0.39868	1.32278e-01
0.40285	1.23677e-01
0.44028	5.91740e-02
0.44967	5.34807e-02
0.45247	5.93510e-02
0.44210	6.35281e-02
0.45520	8.33983e-02
0.43666	8.43850e-02
0.45426	9.50945e-02
0.43476	7.77678e-02
0.40959	1.39539e-01
0.42070	9.02616e-02
0.44565	9.54640e-02
0.44461	9.64208e-02
0.46570	9.68013e-02
0.45995	1.23695e-01
0.45254	1.19486e-01
0.48047	8.11940e-02
0.46190	9.24209e-02
0.46829	9.06340e-02
0.46208	1.04274e-01
0.46897	1.06153e-01
0.47176	1.08963e-01
0.45579	1.42244e-01
0.47107	1.42665e-01
0.52818	9.17378e-02
0.52196	1.21314e-01
0.52640	1.21070e-01
0.53770	1.05392e-01
0.51686	1.09792e-01
0.49511	1.07191e-01
0.50211	1.10116e-01
0.50211	1.10116e-01
0.50206	1.10024e-01
0.50356	1.12931e-01
0.52304	1.09116e-01
0.52102	1.09029e-01
0.51564	1.09229e-01
0.51406	1.09741e-01
0.51544	1.11581e-01
0.50732	1.07315e-01
0.50293	1.05195e-01
0.50293	1.05195e-01
0.48477	1.15491e-01
0.48999	1.09633e-01
0.48920	1.05324e-01
0.49488	8.40169e-02
0.53082	9.31942e-02
0.54590	9.00689e-02
0.55482	8.37844e-02
0.55365	7.19677e-02
0.54074	1.00655e-01
0.54182	1.01373e-01
0.57156	9.43949e-02
0.56828	9.55636e-02
0.54943	9.22922e-02
0.54504	8.32026e-02
0.55247	9.71543e-02
0.54946	1.16391e-01
0.56485	1.18322e-01
0.56296	1.18048e-01
0.60811	6.83564e-02
0.59376	7.71246e-02
0.59271	7.70745e-02
0.59864	8.03708e-02
0.61223	8.02744e-02
0.62278	8.86395e-02
0.61441	8.89156e-02
0.61209	9.21212e-02
0.61682	9.59176e-02
0.60615	8.92793e-02
0.63937	8.62822e-02
0.63906	7.81441e-02
0.63489	7.93503e-02
0.65047	6.70241e-02
0.66529	7.25364e-02
0.66529	7.25364e-02
0.66582	7.23681e-02
0.66650	7.24236e-02
0.65494	7.18319e-02
0.65835	5.10902e-02
0.65131	4.65187e-02
0.65858	4.87712e-02
0.67535	5.63715e-02
0.66272	4.94998e-02
0.67737	5.11842e-02
0.67135	4.31673e-02
0.65468	5.87521e-02
0.63656	6.74722e-02
0.64240	7.84335e-02
0.64286	7.91572e-02
0.65527	8.32795e-02
0.65704	8.33769e-02
0.66251	8.80548e-02
0.67304	7.50638e-02
0.67304	7.50638e-02
0.66877	6.88808e-02
0.67433	7.48135e-02
0.67880	7.44315e-02
0.69236	6.91901e-02
0.69236	6.91901e-02
0.68856	6.86158e-02
0.68993	7.05424e-02
0.69951	6.74832e-02
0.69212	6.36667e-02
0.69495	6.29556e-02
0.70658	4.21274e-02
0.71148	4.71960e-02
0.70730	4.99485e-02
0.70730	4.99485e-02
0.71541	4.56148e-02
0.70896	4.72981e-02
0.71662	4.55301e-02
0.73083	4.85076e-02
0.73120	4.77177e-02
0.71709	4.24885e-02
0.71789	4.26270e-02
0.71916	5.04793e-02
0.71543	5.67134e-02
0.71183	5.51049e-02
0.71362	6.14194e-02
0.71304	6.21991e-02
0.73790	6.15849e-02
0.73790	6.15849e-02
0.72234	6.01184e-02
0.72109	5.56466e-02
0.71308	5.89703e-02
0.70968	6.65864e-02
0.72640	5.48346e-02
0.72568	5.96968e-02
0.72526	5.69112e-02
0.70872	6.24008e-02
0.71572	6.18298e-02
0.71572	6.18298e-02
0.71312	6.15032e-02
0.70086	6.75643e-02
0.70381	7.12402e-02
0.71398	6.91449e-02
0.73612	4.60708e-02
0.73266	4.46485e-02
0.73107	4.32020e-02
0.73313	4.28726e-02
0.73770	4.23072e-02
0.74695	4.96089e-02
0.74999	6.91462e-02
0.74039	6.49595e-02
0.73025	5.92894e-02
0.73881	6.40997e-02
0.73850	6.40847e-02
0.72393	4.30736e-02
0.72271	4.21934e-02
0.72271	4.21934e-02
0.73188	3.68543e-02
0.72987	3.90454e-02
0.73211	3.98606e-02
0.72210	2.98830e-02
0.73038	2.84896e-02
0.74056	2.04852e-02
0.74281	4.43867e-02
0.74953	4.01258e-02
0.75231	4.08926e-02
0.74208	3.68296e-02
0.74449	3.28403e-02
0.73857	3.96527e-02
0.73996	3.90262e-02
0.75352	2.68026e-02
0.76297	3.93887e-02
0.76297	3.93887e-02
0.76946	3.67910e-02
0.76912	3.87670e-02
0.76412	6.47172e-02
0.75234	7.42060e-02
0.76113	5.84481e-02
0.76113	5.84481e-02
0.75998	5.90421e-02
0.76001	5.48907e-02
0.77117	5.69160e-02
0.76445	5.94528e-02
0.74984	6.15834e-02
0.75775	5.74099e-02
0.75775	5.74099e-02
0.77068	4.59223e-02
0.76569	3.58396e-02
0.78244	3.91504e-02
0.77839	4.03817e-02
0.76504	5.49849e-02
0.77944	5.91048e-02
0.78273	6.09119e-02
0.77739	6.39073e-02
0.78029	5.93739e-02
0.77564	5.72203e-02
0.77972	5.42320e-02
0.77901	5.38036e-02
0.78630	6.08507e-02
0.78265	6.27247e-02
0.79965	4.45348e-02
0.79965	4.45348e-02
0.80463	4.43932e-02
0.79457	4.95931e-02
0.79457	4.95931e-02
0.79457	4.95931e-02
0.80130	4.39333e-02
0.79518	4.37261e-02
0.80457	4.28507e-02
0.80457	4.28507e-02
0.80351	4.24088e-02
0.80351	4.24088e-02
0.80541	3.85161e-02
0.81084	3.81691e-02
0.80941	3.92901e-02
0.81458	4.41233e-02
0.81947	4.94505e-02
0.81448	4.93289e-02
0.82394	4.84860e-02
0.82630	4.91187e-02
0.81951	5.19504e-02
0.81951	5.19504e-02
0.81628	4.92835e-02
0.83019	3.96726e-02
0.82739	3.84328e-02
0.82638	3.83354e-02
0.82733	4.01961e-02
0.82912	3.38381e-02
0.82980	3.60706e-02
0.82045	5.35158e-02
0.82005	5.30515e-02
0.82034	5.31571e-02
0.82149	5.87577e-02
0.79735	6.22264e-02
0.81418	4.49966e-02
0.78593	4.81859e-02
0.78593	4.81859e-02
0.81101	5.22606e-02
0.81101	5.22606e-02
0.82969	2.59345e-02
0.82969	2.59345e-02
0.82969	2.59345e-02
0.81679	2.50944e-02
0.81679	2.50944e-02
0.81679	2.50944e-02
0.80385	3.96716e-02
0.80385	3.96716e-02
0.80385	3.96716e-02
0.80385	3.96716e-02
0.80385	3.96716e-02
0.80385	3.96716e-02
0.80077	3.60452e-02
0.80077	3.60452e-02
0.80077	3.60452e-02
0.80077	3.60452e-02
0.80077	3.60452e-02
0.81117	4.87862e-02
0.82561	3.40366e-02
0.82008	2.62552e-02
0.80560	3.50430e-02
0.81435	2.62922e-02
0.79220	4.14789e-03
0.79220	4.14789e-03
0.79220	4.14789e-03
0.79220	4.14789e-03
0.79220	4.14789e-03
0.79220	4.14789e-03
0.79220	4.14789e-03
0.82593	3.78782e-02
0.82593	3.78782e-02
0.82593	3.78782e-02
0.82593	3.78782e-02
0.80195	1.38901e-02
0.81171	4.12226e-03
0.81171	4.12226e-03
0.80284	4.75104e-03
0.80284	4.75104e-03
0.80284	4.75104e-03
0.81365	1.55609e-02
0.81371	1.55037e-02
0.82921	0.00000e+00
0.80732	0.00000e+00
0.80732	0.00000e+00
0.80732	0.00000e+00
0.80732	0.00000e+00
0.79988	0.00000e+00
0.79988	0.00000e+00
0.79988	0.00000e+00
0.79988	0.00000e+00
0.79988	0.00000e+00
0.79988	0.00000e+00
0.79988	0.00000e+00
0.79988	0.00000e+00
0.79988	0.00000e+00
0.79988	0.00000e+00
0.79988	0.00000e+00
0.79988	0.00000e+00
0.79988	0.00000e+00
0.79988	0.00000e+00
0.79988	0.00000e+00
0.79988	0.00000e+00
0.86768	0.00000e+00
0.86768	0.00000e+00
0.86768	0.00000e+00
0.86768	0.00000e+00
0.86768	0.00000e+00
0.86768	0.00000e+00
0.79895	0.00000e+00
0.79895	0.00000e+00
0.80016	0.00000e+00
0.80016	0.00000e+00
0.80016	0.00000e+00
0.80016	0.00000e+00
0.80016	0.00000e+00
0.80016	0.00000e+00
0.80016	0.00000e+00
0.80016	0.00000e+00
0.80016	0.00000e+00
0.80016	0.00000e+00
0.80016	0.00000e+00
0.80016	0.00000e+00
0.80016	0.00000e+00
0.80016	0.00000e+00
0.80016	0.00000e+00
0.88058	0.00000e+00
0.85880	0.00000e+00
0.85880	0.00000e+00
0.85880	0.00000e+00
0.85880	0.00000e+00
0.85880	0.00000e+00
0.85880	0.00000e+00
0.85880	0.00000e+00
0.85880	0.00000e+00
0.85880	0.00000e+00
0.81648	0.00000e+00
0.81648	0.00000e+00
0.81648	0.00000e+00
0.81648	0.00000e+00
0.81648	0.00000e+00
0.81648	0.00000e+00
0.81648	0.00000e+00
0.80010	0.00000e+00
