0.98277	5.13536e-03
0.97187	6.72874e-03
0.95513	1.16975e-02
0.95748	1.56965e-02
0.93836	1.67374e-02
0.92986	2.84900e-02
0.92115	1.96655e-02
0.91530	2.76314e-02
0.90614	3.00426e-02
0.90416	3.12237e-02
0.88236	3.28686e-02
0.88462	2.14541e-02
0.87519	3.04822e-02
0.84988	2.21838e-02
0.84357	1.84762e-02
0.83975	2.50300e-02
0.82649	2.59475e-02
0.82516	3.62233e-02
0.79742	3.94619e-02
0.80090	1.86001e-02
0.77859	3.17780e-02
0.75676	3.90462e-02
0.77278	3.04909e-02
0.74414	4.86881e-02
0.75847	4.05590e-02
0.73100	3.44061e-02
0.73301	4.16106e-02
0.70284	4.51760e-02
0.70089	2.95204e-02
0.71520	3.68639e-02
0.67741	5.52962e-02
0.70162	4.98404e-02
0.68301	6.31532e-02
0.67308	4.76428e-02
0.66339	3.95125e-02
0.66187	4.54598e-02
0.65707	4.83619e-02
0.65226	5.12271e-02
0.61725	5.29436e-02
0.59597	7.62340e-02
0.59657	8.15371e-02
0.59148	7.74764e-02
0.59178	9.08404e-02
0.60022	7.02617e-02
0.61773	4.57147e-02
0.61916	6.28632e-02
0.61443	5.99363e-02
0.60072	5.38335e-02
0.61067	6.19981e-02
0.60076	4.26941e-02
0.58561	6.23155e-02
0.61311	8.43814e-02
0.56913	9.83613e-02
0.56060	5.77081e-02
0.56843	8.96223e-02
0.55322	6.52820e-02
0.55304	9.25264e-02
0.54466	5.62637e-02
0.57649	5.81002e-02
0.54979	6.95035e-02
0.55248	1.00050e-01
0.55937	7.98318e-02
0.56433	6.33252e-02
0.57111	6.72511e-02
0.56466	7.98295e-02
0.53200	1.00629e-01
0.56408	7.39800e-02
0.54569	8.35325e-02
0.54496	7.94646e-02
0.55149	9.53357e-02
0.53357	1.11698e-01
0.51672	1.19012e-01
0.52367	6.72036e-02
0.53593	9.15834e-02
0.53512	1.41486e-01
0.55237	9.61299e-02
0.55583	1.08523e-01
0.56852	7.86151e-02
0.52112	1.36025e-01
0.53267	9.20580e-02
0.54778	8.69129e-02
0.52718	1.27775e-01
0.51795	1.46689e-01
0.48696	9.94581e-02
0.49659	1.53765e-01
0.48745	1.27799e-01
0.46255	1.22225e-01
0.48434	1.15058e-01
0.44984	1.20581e-01
0.46461	1.13616e-01
0.48454	1.06995e-01
0.43830	9.09815e-02
0.41586	1.04288e-01
0.45060	1.08361e-01
0.44273	1.06876e-01
0.44877	1.12739e-01
0.44362	1.12553e-01
0.43875	1.15589e-01
0.42212	1.38886e-01
0.52285	8.55205e-02
0.52438	8.43424e-02
0.53621	7.13363e-02
0.53621	7.13363e-02
0.51928	9.29129e-02
0.51928	9.29129e-02
0.51584	8.24600e-02
0.51952	8.57473e-02
0.52957	8.43053e-02
0.56205	5.74138e-02
0.56882	6.20267e-02
0.55726	7.07940e-02
0.55726	7.07940e-02
0.57477	7.98476e-02
0.56508	8.70123e-02
0.56266	8.42435e-02
0.55378	8.54815e-02
0.59101	7.38172e-02
0.59668	7.04545e-02
0.58295	6.46728e-02
0.58059	6.11526e-02
0.58931	7.26551e-02
0.59543	6.62924e-02
0.61534	8.62827e-02
0.61534	8.62827e-02
0.61606	8.54216e-02
0.62611	8.91149e-02
0.63113	8.87622e-02
0.62343	1.00040e-01
0.62449	9.97223e-02
0.63543	1.10773e-01
0.63790	1.12139e-01
0.64677	1.07533e-01
0.63338	1.10371e-01
0.64258	9.44037e-02
0.64095	8.96821e-02
0.65519	8.98922e-02
0.67315	9.13329e-02
0.68837	9.46943e-02
0.69458	8.14243e-02
0.69415	7.64383e-02
0.70031	7.65562e-02
0.69908	7.41685e-02
0.70567	7.08899e-02
0.70668	6.90493e-02
0.70587	6.74094e-02
0.70786	6.87268e-02
0.71950	6.42551e-02
0.72437	7.36700e-02
0.72939	7.37133e-02
0.72474	7.59158e-02
0.72243	7.45220e-02
0.72243	7.45220e-02
0.72866	7.44156e-02
0.73235	7.15843e-02
0.73775	7.17158e-02
0.74866	6.39428e-02
0.75834	5.87540e-02
0.75808	5.18703e-02
0.76099	5.36811e-02
0.74888	5.95946e-02
0.75460	6.19560e-02
0.75460	6.19560e-02
0.76458	6.34525e-02
0.76940	5.52620e-02
0.78153	6.15365e-02
0.78285	7.85060e-02
0.78933	7.38685e-02
0.78750	7.54843e-02
0.78463	6.34688e-02
0.79406	5.57089e-02
0.79744	5.41016e-02
0.79675	5.03845e-02
0.79844	5.13430e-02
0.79857	5.13245e-02
0.79875	5.16429e-02
0.80333	4.32424e-02
0.80894	3.44076e-02
0.81651	3.34666e-02
0.81773	3.71645e-02
0.81907	3.60936e-02
0.82079	3.81827e-02
0.81412	3.87974e-02
0.81240	4.88703e-02
0.80667	5.34621e-02
0.80022	4.96000e-02
0.80555	4.58888e-02
0.81698	5.51234e-02
0.82036	3.89188e-02
0.82036	3.89188e-02
0.82846	4.40601e-02
0.83250	4.06528e-02
0.83001	4.30112e-02
0.83017	4.40126e-02
0.82810	4.17217e-02
0.83122	4.04551e-02
0.83079	4.72813e-02
0.82941	4.96121e-02
0.83527	4.50737e-02
0.83527	4.50737e-02
0.84387	4.20418e-02
0.84387	4.20418e-02
0.83611	4.36209e-02
0.84309	4.55953e-02
0.84857	4.13050e-02
0.84857	4.13050e-02
0.85180	3.88753e-02
0.84476	3.48003e-02
0.84495	3.26085e-02
0.84247	3.24511e-02
0.84940	3.39071e-02
0.86052	3.30393e-02
0.85272	3.62166e-02
0.84961	3.88037e-02
0.85944	3.83071e-02
0.85789	3.62776e-02
0.85789	3.62776e-02
0.86274	4.26455e-02
0.86145	3.99485e-02
0.86551	4.20435e-02
0.85862	4.57429e-02
0.85808	4.56074e-02
0.85720	4.66986e-02
0.85851	4.71243e-02
0.86336	3.68977e-02
0.86231	3.71347e-02
0.85882	3.46299e-02
0.85347	3.88790e-02
0.86190	2.94544e-02
0.86603	2.81488e-02
0.86603	2.81488e-02
0.86521	2.82331e-02
0.87362	3.09608e-02
0.87504	3.10392e-02
0.87172	3.20769e-02
0.87579	3.33697e-02
0.87384	3.32765e-02
0.87691	3.16554e-02
0.87726	3.96720e-02
0.87977	4.43187e-02
0.87401	4.59775e-02
0.86841	4.72286e-02
0.86343	4.52052e-02
0.87075	3.55036e-02
0.87986	4.08733e-02
0.88583	4.18348e-02
0.88474	4.16219e-02
0.88474	4.16219e-02
0.88484	4.16683e-02
0.87902	4.06941e-02
0.87991	4.11732e-02
0.88295	4.36891e-02
0.88341	4.42988e-02
0.88623	4.71660e-02
0.88623	4.71660e-02
0.88299	4.44193e-02
0.88703	3.97063e-02
0.89013	3.87525e-02
0.88403	4.75263e-02
0.88405	4.75401e-02
0.88788	4.47606e-02
0.88822	4.50572e-02
0.88680	4.60746e-02
0.89286	4.43196e-02
0.88766	4.38564e-02
0.89493	3.14031e-02
0.89093	3.03594e-02
0.89523	2.84136e-02
0.89421	2.90048e-02
0.90381	3.17182e-02
0.89756	3.51370e-02
0.89975	3.41923e-02
0.89911	3.43265e-02
0.90043	3.49410e-02
0.90053	4.49927e-02
0.89880	4.44682e-02
0.89791	4.35937e-02
0.89421	3.96836e-02
0.89646	3.78470e-02
0.89665	3.80419e-02
0.90054	4.08591e-02
0.89653	3.90516e-02
0.89821	3.77998e-02
0.90164	3.84095e-02
0.90122	3.82674e-02
0.90164	3.85919e-02
0.90279	3.89875e-02
0.90279	3.89875e-02
0.90273	4.12437e-02
0.91041	2.46749e-02
0.91151	2.05419e-02
0.90928	1.86133e-02
0.91269	2.03567e-02
0.90977	2.55210e-02
0.90785	3.21723e-02
0.91221	2.71683e-02
0.91217	2.21991e-02
0.91182	2.24884e-02
0.91067	2.39377e-02
0.91012	2.53187e-02
0.91148	2.78646e-02
0.91148	2.78646e-02
0.90429	3.58606e-02
0.91295	3.41341e-02
0.90956	3.44121e-02
0.90963	3.43449e-02
0.90784	3.26195e-02
0.91073	3.23253e-02
0.91079	2.99159e-02
0.91515	3.89432e-02
0.92286	2.77260e-02
0.91992	2.93500e-02
0.92197	3.06176e-02
0.92426	3.07307e-02
0.92286	2.32434e-02
0.92265	2.35653e-02
0.92273	2.21363e-02
0.92273	2.21363e-02
0.91613	2.23178e-02
0.91568	2.34867e-02
0.91615	2.47956e-02
0.92470	2.25135e-02
0.92508	2.18798e-02
0.91984	2.42090e-02
0.92008	2.42890e-02
0.92417	2.69145e-02
0.93261	2.27262e-02
0.91928	2.97189e-02
0.92178	2.04043e-02
0.92544	2.15122e-02
0.92254	1.87464e-02
0.92286	2.43418e-02
0.92253	2.52576e-02
0.92198	2.77920e-02
0.92611	3.31417e-02
0.93328	2.85829e-02
0.93406	2.90683e-02
0.93719	3.23187e-02
0.93919	2.95242e-02
0.93518	2.84258e-02
0.93636	2.97052e-02
0.93676	3.01104e-02
0.93870	3.09644e-02
0.94060	3.14477e-02
0.93946	3.12024e-02
0.93763	3.31552e-02
0.93770	2.96037e-02
0.94281	3.00450e-02
0.94126	2.80812e-02
0.94126	2.80812e-02
0.94301	2.78023e-02
0.94362	2.75802e-02
0.94831	2.98725e-02
0.94428	2.93030e-02
0.95287	2.19758e-02
0.94920	2.20263e-02
0.95038	1.97264e-02
0.95039	1.97262e-02
0.95168	2.62060e-02
0.94711	2.41754e-02
0.94701	2.18068e-02
0.94952	2.23529e-02
0.94953	2.23564e-02
0.94463	1.96258e-02
0.95009	2.26332e-02
0.95009	2.26332e-02
0.94993	2.25936e-02
0.95200	1.83331e-02
0.95412	1.94898e-02
0.94894	2.41650e-02
0.94908	2.42422e-02
0.95173	2.17536e-02
0.95175	2.17825e-02
0.95003	1.94358e-02
0.95696	1.86860e-02
0.95745	1.89275e-02
0.95395	2.03241e-02
0.95395	2.03241e-02
0.95391	2.02951e-02
0.95740	2.04629e-02
0.95394	1.87772e-02
0.95394	1.87772e-02
0.95725	1.93534e-02
0.95704	1.96897e-02
0.96040	1.54613e-02
0.96040	1.54613e-02
0.96040	1.54613e-02
0.96205	1.34154e-02
0.96205	1.34154e-02
0.96077	1.35258e-02
0.96450	1.50963e-02
0.96450	1.50963e-02
0.96450	1.50963e-02
0.96450	1.50963e-02
0.96451	1.50960e-02
0.96451	1.51021e-02
0.96468	1.44005e-02
0.97570	6.06780e-03
0.97570	6.06780e-03
0.97570	6.06780e-03
0.97301	9.83618e-03
0.97546	8.80538e-03
0.97459	9.65096e-03
0.97492	9.86610e-03
0.97014	9.99963e-03
0.96946	1.07896e-02
0.97387	7.42702e-03
0.97387	7.42702e-03
0.97387	7.42702e-03
0.97387	7.42702e-03
0.97387	7.42702e-03
0.97390	7.44179e-03
0.97914	4.11959e-03
0.98089	2.55585e-03
0.98089	2.55585e-03
0.98089	2.55585e-03
0.98146	2.66268e-03
0.98153	2.69791e-03
0.98154	2.70374e-03
0.98107	2.97605e-03
0.98104	3.02132e-03
0.98127	3.20507e-03
0.98037	3.60074e-03
0.98037	3.60074e-03
0.98030	3.52841e-03
0.98030	3.52841e-03
0.98030	3.52841e-03
0.98030	3.52841e-03
0.98025	3.47864e-03
0.98025	3.47864e-03
0.98020	3.48932e-03
