0.98699	2.69500e-03
0.97680	1.04519e-02
0.96300	1.40831e-02
0.95594	1.58725e-02
0.94118	1.63258e-02
0.93648	2.51419e-02
0.92671	2.35295e-02
0.92496	1.92131e-02
0.91237	2.52643e-02
0.89172	2.71726e-02
0.89845	3.63776e-02
0.88012	2.70899e-02
0.88281	3.66948e-02
0.87325	2.85922e-02
0.84882	4.75700e-02
0.86648	3.25398e-02
0.83299	4.64757e-02
0.82573	5.17482e-02
0.81217	4.57367e-02
0.80000	5.91889e-02
0.79285	3.52528e-02
0.78183	5.48695e-02
0.76531	5.03378e-02
0.74309	3.94039e-02
0.73921	6.74714e-02
0.71784	6.39941e-02
0.72415	8.79779e-02
0.72677	7.91430e-02
0.72501	6.30423e-02
0.69823	4.87255e-02
0.67809	6.46901e-02
0.66898	7.17318e-02
0.67040	5.98537e-02
0.62800	7.58567e-02
0.61871	7.96122e-02
0.63361	9.83583e-02
0.60771	1.00622e-01
0.61944	1.23691e-01
0.59397	1.18896e-01
0.58854	1.44153e-01
0.58230	1.70647e-01
0.61057	9.19597e-02
0.62033	9.33236e-02
0.58404	9.42907e-02
0.58807	1.31022e-01
0.60725	9.31444e-02
0.54107	1.16611e-01
0.58107	8.94315e-02
0.56319	1.08426e-01
0.55107	1.08509e-01
0.53977	1.17974e-01
0.53837	9.07974e-02
0.55447	9.29526e-02
0.54670	1.01465e-01
0.55351	1.12759e-01
0.51466	1.18468e-01
0.52918	1.25214e-01
0.53125	1.23493e-01
0.56587	1.04817e-01
0.55040	1.00024e-01
0.53000	1.13786e-01
0.52935	1.04492e-01
0.54115	9.82341e-02
0.55869	5.50177e-02
0.55569	1.13298e-01
0.53856	8.19770e-02
0.55171	5.72823e-02
0.54181	1.08063e-01
0.53779	9.75680e-02
0.52234	6.80871e-02
0.54020	1.02815e-01
0.54751	8.36630e-02
0.53276	8.48043e-02
0.55051	1.07850e-01
0.55363	1.01728e-01
0.50683	8.76716e-02
0.51413	1.26418e-01
0.53042	8.96832e-02
0.48562	1.43640e-01
0.46502	1.08250e-01
0.52518	5.69191e-02
0.47605	5.65816e-02
0.48402	5.81121e-02
0.45005	7.82378e-02
0.49129	8.43249e-02
0.46857	6.55865e-02
0.46467	4.68389e-02
0.44420	8.26964e-02
0.46271	6.46618e-02
0.46135	5.89533e-02
0.46611	6.60435e-02
0.47269	5.77529e-02
0.45705	9.09232e-02
0.46366	8.45277e-02
0.47832	6.33032e-02
0.49053	6.99378e-02
0.47077	1.03146e-01
0.48879	9.97187e-02
0.46752	6.91299e-02
0.51188	1.01840e-01
0.52602	9.79153e-02
0.52835	9.97155e-02
0.53930	1.02663e-01
0.53663	1.02450e-01
0.54190	1.07748e-01
0.54458	1.07401e-01
0.54834	1.12009e-01
0.55073	1.09247e-01
0.55987	1.11475e-01
0.57089	1.10169e-01
0.57307	1.09556e-01
0.58053	1.16377e-01
0.59489	1.20597e-01
0.59321	1.18803e-01
0.58789	1.13875e-01
0.60918	5.98944e-02
0.62229	5.88290e-02
0.62774	5.30950e-02
0.63988	3.85947e-02
0.65343	6.01375e-02
0.63860	3.73939e-02
0.65112	4.60013e-02
0.65725	3.57450e-02
0.66579	4.96712e-02
0.66681	4.98955e-02
0.68931	4.03723e-02
0.69878	4.59431e-02
0.69867	4.58014e-02
0.70487	3.81179e-02
0.70414	2.39171e-02
0.71300	4.03895e-02
0.70455	2.84180e-02
0.71242	4.20749e-02
0.71242	4.20749e-02
0.71355	4.20082e-02
0.71906	4.35361e-02
0.71912	3.94636e-02
0.72967	3.96373e-02
0.73984	5.30160e-02
0.74584	4.51888e-02
0.75169	4.53675e-02
0.74946	4.47713e-02
0.74856	4.60711e-02
0.75526	4.49284e-02
0.75010	5.20333e-02
0.75307	5.42718e-02
0.75662	5.57263e-02
0.75452	4.98930e-02
0.76902	4.07702e-02
0.77585	2.08292e-02
0.79368	3.46187e-02
0.79763	3.02817e-02
0.79177	3.73370e-02
0.79193	3.37166e-02
0.79339	3.50710e-02
0.79779	3.99705e-02
0.80480	3.12966e-02
0.81608	3.45181e-02
0.81851	3.61279e-02
0.82717	3.66100e-02
0.82785	3.52930e-02
0.82785	3.52930e-02
0.82881	3.30702e-02
0.82331	3.66146e-02
0.82209	3.92013e-02
0.81996	3.51025e-02
0.82004	3.52068e-02
0.82087	3.97593e-02
0.82019	3.03287e-02
0.81770	3.15582e-02
0.82072	3.59561e-02
0.83775	3.13885e-02
0.83717	3.64544e-02
0.83983	3.27390e-02
0.84048	3.04599e-02
0.84187	3.24032e-02
0.83686	2.76212e-02
0.84378	1.75438e-02
0.86689	2.65331e-02
0.86134	2.13596e-02
0.85806	2.01121e-02
0.86286	1.59796e-02
0.86615	2.37175e-02
0.86843	2.33900e-02
0.86639	2.47358e-02
0.86083	2.62610e-02
0.85349	2.56520e-02
0.85992	2.54755e-02
0.86652	2.58121e-02
0.85820	2.08340e-02
0.86511	1.58591e-02
0.86635	1.47933e-02
0.86635	1.47933e-02
0.87341	1.76490e-02
0.88305	2.13492e-02
0.88191	2.39574e-02
0.87972	2.12741e-02
0.87740	1.76147e-02
0.87201	1.64418e-02
0.87781	2.15307e-02
0.87781	2.15307e-02
0.87183	1.72664e-02
0.87639	2.34655e-02
0.87742	2.35589e-02
0.87742	2.35589e-02
0.87833	2.23277e-02
0.87387	1.45360e-02
0.88203	1.72682e-02
0.88514	1.67220e-02
0.88763	1.70681e-02
0.89210	1.85133e-02
0.89390	1.89595e-02
0.89020	1.37713e-02
0.89584	1.79017e-02
0.89639	1.35305e-02
0.90103	1.57291e-02
0.90552	1.94385e-02
0.89533	1.72216e-02
0.90004	1.73688e-02
0.90604	1.96445e-02
0.90454	2.33122e-02
0.90058	2.03470e-02
0.90278	2.20444e-02
0.90225	2.27443e-02
0.90825	1.51086e-02
0.90631	1.62579e-02
0.90620	1.64819e-02
0.91035	1.74677e-02
0.90707	1.73145e-02
0.90707	1.73145e-02
0.90598	1.79002e-02
0.90699	1.92827e-02
0.89999	1.49963e-02
0.90153	1.30653e-02
0.90153	1.30653e-02
0.90704	1.78902e-02
0.91076	1.76165e-02
0.90778	2.04726e-02
0.91401	2.02844e-02
0.91556	2.02714e-02
0.91666	2.27968e-02
0.91402	2.04933e-02
0.91796	2.42611e-02
0.91962	2.51367e-02
0.91876	2.55269e-02
0.91726	2.47044e-02
0.91547	2.43616e-02
0.91685	2.05760e-02
0.91505	2.04910e-02
0.91389	2.01687e-02
0.90984	2.03356e-02
0.90987	2.03745e-02
0.91657	2.04954e-02
0.91314	1.84806e-02
0.91079	1.76503e-02
0.92126	1.68002e-02
0.91991	1.56061e-02
0.92036	2.03286e-02
0.92454	2.32858e-02
0.92402	2.31394e-02
0.92243	2.80725e-02
0.92243	2.80725e-02
0.92270	2.56792e-02
0.92481	2.65559e-02
0.93130	1.71522e-02
0.92470	2.69645e-02
0.92390	2.76617e-02
0.92390	2.76617e-02
0.92860	2.64694e-02
0.92860	2.64694e-02
0.92860	2.64694e-02
0.92620	2.61989e-02
0.92199	2.67593e-02
0.91946	2.58943e-02
0.92563	2.16271e-02
0.92630	2.07028e-02
0.92630	2.07028e-02
0.92923	1.88175e-02
0.92928	1.89111e-02
0.92922	1.89226e-02
0.92772	1.86006e-02
0.92333	2.15264e-02
0.92341	2.15702e-02
0.92500	1.98812e-02
0.92728	1.72204e-02
0.92637	1.72106e-02
0.92691	2.23565e-02
0.92487	2.30890e-02
0.93304	1.75640e-02
0.92900	1.86105e-02
0.93127	1.71838e-02
0.93693	1.64600e-02
0.93552	1.85602e-02
0.93116	2.18832e-02
0.93132	2.19648e-02
0.93469	2.09517e-02
0.93962	2.06620e-02
0.93697	2.06332e-02
0.93529	2.01835e-02
0.94327	1.54926e-02
0.94251	1.62758e-02
0.93774	1.60568e-02
0.94069	1.69787e-02
0.94006	1.40124e-02
0.94237	1.49970e-02
0.94480	1.72979e-02
0.94480	1.72979e-02
0.94331	1.81492e-02
0.94327	1.81381e-02
0.94527	2.06153e-02
0.94375	1.43997e-02
0.94712	1.73296e-02
0.94711	1.73272e-02
0.94901	1.52690e-02
0.94937	1.60022e-02
0.94937	1.58299e-02
0.94776	1.59482e-02
0.94785	1.59062e-02
0.95186	1.55020e-02
0.94846	1.22079e-02
0.94853	1.21331e-02
0.94315	1.64637e-02
0.94201	1.69215e-02
0.94517	1.66476e-02
0.94659	1.76566e-02
0.94453	1.66022e-02
0.94224	1.78429e-02
0.94627	1.46405e-02
0.94826	1.78514e-02
0.94826	1.78514e-02
0.95055	1.86082e-02
0.95235	1.84870e-02
0.94553	1.70315e-02
0.94367	1.72479e-02
0.94368	1.72669e-02
0.94427	1.82806e-02
0.94427	1.82806e-02
0.95116	1.41975e-02
0.95089	1.31968e-02
0.95410	1.09252e-02
0.95410	1.09252e-02
0.95673	1.46276e-02
0.95681	1.45419e-02
0.95519	1.61206e-02
0.95587	1.51021e-02
0.95831	1.55281e-02
0.95470	1.47795e-02
0.95420	1.51392e-02
0.95420	1.51331e-02
0.95981	1.18203e-02
0.95736	1.14137e-02
0.95379	1.23659e-02
0.95943	1.07940e-02
0.96086	1.03030e-02
0.95529	1.78914e-02
0.95136	1.73312e-02
0.94968	1.75635e-02
0.95644	1.88392e-02
0.95612	2.40065e-02
0.96307	1.63116e-02
0.96308	1.63044e-02
0.96308	1.63044e-02
0.96420	1.42996e-02
0.96371	1.85821e-02
0.95682	1.71271e-02
0.95249	1.41881e-02
0.95170	1.36654e-02
0.95501	1.08503e-02
0.95190	1.33934e-02
0.95432	1.55713e-02
0.95332	1.44619e-02
0.95332	1.44619e-02
0.95412	1.44577e-02
0.95737	1.86437e-02
0.96353	1.68326e-02
0.96746	1.19559e-02
0.96427	8.39365e-03
0.96427	8.39365e-03
0.95591	1.33567e-02
0.95903	1.73402e-02
0.96781	1.69023e-02
0.96782	1.69239e-02
0.97164	1.14411e-02
0.96928	1.04985e-02
0.96588	1.30037e-02
0.96607	1.28996e-02
0.96784	1.11503e-02
0.96380	7.15713e-03
0.96449	8.37695e-03
0.96514	1.41761e-02
0.97020	9.96679e-03
0.96677	1.30422e-02
0.96677	1.30422e-02
0.96690	1.32035e-02
0.96690	1.32039e-02
0.96690	1.32039e-02
0.97033	1.18574e-02
0.97481	5.92683e-03
0.97106	6.94233e-03
0.97099	6.92608e-03
0.96480	4.94995e-03
0.97032	7.09128e-03
0.97530	9.37666e-03
0.97530	9.37666e-03
0.97530	9.37666e-03
0.97440	9.82555e-03
0.97440	9.82555e-03
0.97469	1.01967e-02
0.97469	1.01967e-02
0.97919	1.03461e-02
0.97920	1.03545e-02
0.97920	1.03545e-02
0.97920	1.03545e-02
0.97920	1.03545e-02
0.97920	1.03545e-02
0.97920	1.03545e-02
0.98424	2.86522e-03
0.98466	3.24050e-03
0.97975	1.10498e-02
0.97975	1.10498e-02
0.98550	2.60292e-03
0.98466	2.60018e-03
0.98466	2.60018e-03
0.98469	2.63736e-03
0.98291	9.47610e-04
0.98291	9.47610e-04
0.98547	3.51425e-03
0.98547	3.51425e-03
0.98547	3.51425e-03
0.98556	3.59658e-03
0.98556	3.59658e-03
0.98587	3.28639e-03
0.98587	3.28639e-03
0.98584	3.30969e-03
0.98584	3.30969e-03
0.98584	3.30969e-03
0.98584	3.30969e-03
0.98584	3.30969e-03
0.98584	3.30969e-03
0.98584	3.30969e-03
0.98584	3.30969e-03
0.98588	3.34357e-03
0.98253	0.00000e+00
0.98249	0.00000e+00
