0.99414	1.66934e-03
0.98445	9.72896e-03
0.96009	1.42208e-02
0.96511	1.71825e-02
0.94200	1.62348e-02
0.94920	2.21919e-02
0.93467	1.99251e-02
0.94084	1.82608e-02
0.92719	1.52059e-02
0.92523	2.40011e-02
0.91130	3.15338e-02
0.91207	2.68082e-02
0.90132	2.67794e-02
0.87173	3.96155e-02
0.87291	4.06716e-02
0.86280	3.23196e-02
0.87434	4.34020e-02
0.84559	7.15028e-02
0.86081	4.36192e-02
0.83901	6.81234e-02
0.83950	7.39575e-02
0.80399	4.75569e-02
0.82204	4.93725e-02
0.80350	6.01199e-02
0.79802	6.82692e-02
0.80395	6.00262e-02
0.77403	6.65212e-02
0.77996	5.99782e-02
0.77207	5.02567e-02
0.75632	6.88210e-02
0.74044	5.96856e-02
0.73218	7.50422e-02
0.72518	6.91059e-02
0.72331	8.76795e-02
0.71421	7.25147e-02
0.70975	6.34019e-02
0.70279	7.41893e-02
0.70137	7.18453e-02
0.69020	7.04135e-02
0.68210	6.79895e-02
0.66078	9.50682e-02
0.66235	5.30886e-02
0.67228	6.18990e-02
0.68619	9.28775e-02
0.67188	6.68159e-02
0.68233	6.27713e-02
0.68792	5.58827e-02
0.69442	6.12689e-02
0.69065	6.67585e-02
0.68124	7.47032e-02
0.67890	7.61400e-02
0.67803	7.93699e-02
0.65555	7.86651e-02
0.64815	7.42133e-02
0.64513	4.64159e-02
0.64823	7.94060e-02
0.65222	5.97128e-02
0.63991	5.18351e-02
0.63336	8.02390e-02
0.62768	7.01008e-02
0.63119	5.50136e-02
0.61237	8.56978e-02
0.64715	7.27080e-02
0.62247	6.81450e-02
0.61527	8.28716e-02
0.61808	8.11990e-02
0.60936	7.66677e-02
0.60376	9.18695e-02
0.63151	6.76330e-02
0.61979	7.20362e-02
0.61825	9.09781e-02
0.63037	8.60081e-02
0.58908	1.11171e-01
0.64002	7.65501e-02
0.62570	7.43680e-02
0.61854	7.90745e-02
0.60422	6.08169e-02
0.61539	7.12163e-02
0.58786	8.47935e-02
0.61209	7.71095e-02
0.60698	7.00021e-02
0.56464	1.03062e-01
0.56569	8.71829e-02
0.57446	7.70608e-02
0.58439	9.10967e-02
0.56117	7.00909e-02
0.55783	5.85824e-02
0.60802	7.48239e-02
0.55997	6.75024e-02
0.53781	8.30357e-02
0.52834	9.64241e-02
0.54850	6.37255e-02
0.55065	1.01022e-01
0.52729	1.05710e-01
0.56256	6.27477e-02
0.52526	1.11098e-01
0.50733	1.04365e-01
0.52144	8.23442e-02
0.51298	6.26198e-02
0.58831	6.26963e-02
0.57212	5.59284e-02
0.57539	6.18844e-02
0.58487	5.67428e-02
0.58487	5.67428e-02
0.58517	5.69359e-02
0.59001	5.34888e-02
0.61374	4.81703e-02
0.61620	5.44484e-02
0.62516	5.75547e-02
0.62459	6.73981e-02
0.62894	6.85875e-02
0.63573	6.57320e-02
0.63743	7.05927e-02
0.63345	7.39325e-02
0.65882	7.67877e-02
0.65877	7.67319e-02
0.66304	7.39152e-02
0.66903	7.65642e-02
0.67972	6.63265e-02
0.69012	6.96193e-02
0.68557	8.37442e-02
0.68775	8.77886e-02
0.68775	8.77886e-02
0.70346	6.07198e-02
0.71990	6.48369e-02
0.73501	5.17621e-02
0.73824	4.97595e-02
0.74517	3.79017e-02
0.74472	4.86651e-02
0.74831	5.07977e-02
0.74653	5.14049e-02
0.73791	5.79928e-02
0.73683	5.22864e-02
0.74069	5.36340e-02
0.75086	6.25321e-02
0.75231	5.92269e-02
0.75674	6.14603e-02
0.76622	6.41386e-02
0.77126	5.61252e-02
0.78467	4.42330e-02
0.78838	3.79575e-02
0.78140	4.15833e-02
0.79755	3.88079e-02
0.79755	3.88079e-02
0.78838	4.23611e-02
0.78913	2.55721e-02
0.79704	3.15614e-02
0.79238	4.08185e-02
0.79640	4.20019e-02
0.80134	3.13040e-02
0.79760	3.07467e-02
0.79760	3.07467e-02
0.79732	3.08069e-02
0.79961	4.50723e-02
0.81403	5.63944e-02
0.80572	5.15203e-02
0.81121	3.83685e-02
0.81121	3.83685e-02
0.81121	3.83685e-02
0.81330	3.43431e-02
0.81297	3.44178e-02
0.82585	3.21091e-02
0.82504	3.22971e-02
0.83452	3.37124e-02
0.83435	3.39377e-02
0.83310	3.24351e-02
0.84476	3.67835e-02
0.84499	3.53627e-02
0.84774	4.30028e-02
0.85490	3.13277e-02
0.85422	3.49070e-02
0.85684	5.26660e-02
0.85454	5.08869e-02
0.85671	5.19642e-02
0.85562	5.01963e-02
0.85082	4.95525e-02
0.86670	2.82290e-02
0.86670	2.82290e-02
0.86006	3.64995e-02
0.86009	3.65312e-02
0.86259	2.53477e-02
0.86572	2.27895e-02
0.86556	2.25755e-02
0.86572	2.24421e-02
0.87015	2.57834e-02
0.86984	2.61351e-02
0.86959	2.57051e-02
0.87494	2.70046e-02
0.88023	3.09661e-02
0.87853	3.49559e-02
0.88410	3.55319e-02
0.88437	3.44367e-02
0.88708	3.40257e-02
0.87908	3.72598e-02
0.87882	3.74070e-02
0.88456	3.34449e-02
0.88331	3.16870e-02
0.88430	3.56714e-02
0.88628	3.74101e-02
0.88451	3.45153e-02
0.88719	3.16512e-02
0.88893	3.41777e-02
0.88742	3.15470e-02
0.88978	3.44969e-02
0.88734	3.55534e-02
0.89340	3.26752e-02
0.89076	3.62993e-02
0.89075	3.62841e-02
0.89228	3.90070e-02
0.88117	2.60390e-02
0.88924	2.79958e-02
0.89978	2.02884e-02
0.89978	2.02884e-02
0.89793	1.88849e-02
0.89827	1.92614e-02
0.89590	2.24444e-02
0.89806	1.97155e-02
0.89971	2.02048e-02
0.89561	2.38790e-02
0.90287	2.58755e-02
0.90694	2.18480e-02
0.91400	1.88613e-02
0.91106	1.73194e-02
0.91920	2.48143e-02
0.92273	2.03600e-02
0.91676	1.56504e-02
0.91937	2.39023e-02
0.91088	2.69447e-02
0.91163	2.88703e-02
0.92421	3.45693e-02
0.92794	3.30602e-02
0.92182	3.68573e-02
0.92039	3.68751e-02
0.92067	3.71721e-02
0.92630	3.30756e-02
0.91621	3.13440e-02
0.91720	2.33383e-02
0.91708	1.86057e-02
0.91997	2.57926e-02
0.93153	2.86425e-02
0.92848	2.28138e-02
0.92753	2.64335e-02
0.92547	2.93159e-02
0.92665	2.88926e-02
0.92337	2.54752e-02
0.91952	3.02484e-02
0.91952	3.02484e-02
0.91890	3.04572e-02
0.91412	2.94942e-02
0.91213	2.51920e-02
0.91376	2.53345e-02
0.92109	3.11910e-02
0.92352	3.08832e-02
0.92161	3.16432e-02
0.92029	3.20149e-02
0.92559	3.54799e-02
0.93265	3.84076e-02
0.93246	3.85633e-02
0.93246	3.85633e-02
0.92356	3.26039e-02
0.92756	2.87586e-02
0.92698	2.56806e-02
0.92437	2.65656e-02
0.92349	2.64559e-02
0.93009	2.49079e-02
0.92828	2.77798e-02
0.92641	2.99997e-02
0.92537	3.17376e-02
0.92110	3.59463e-02
0.92110	3.59463e-02
0.92433	3.26001e-02
0.92784	3.04966e-02
0.92681	3.05107e-02
0.92680	3.06882e-02
0.93070	2.64771e-02
0.93070	2.64771e-02
0.93070	2.64771e-02
0.93071	2.64898e-02
0.92871	2.88418e-02
0.92480	2.78729e-02
0.92809	2.45066e-02
0.92807	2.61155e-02
0.92548	3.03989e-02
0.92902	2.99371e-02
0.93155	2.81003e-02
0.93481	2.90301e-02
0.93761	2.93797e-02
0.93678	3.04805e-02
0.93961	2.74763e-02
0.93752	2.94954e-02
0.93214	2.82741e-02
0.93693	2.95510e-02
0.93076	2.41279e-02
0.92612	2.40682e-02
0.93083	2.68366e-02
0.93132	2.97375e-02
0.93217	2.89603e-02
0.93645	3.10830e-02
0.93472	3.15264e-02
0.94030	2.44376e-02
0.93431	2.65006e-02
0.93052	3.51865e-02
0.92732	3.57448e-02
0.92577	3.69238e-02
0.93124	3.69151e-02
0.93087	3.81663e-02
0.93378	4.02023e-02
0.93780	3.77860e-02
0.93661	3.78293e-02
0.94335	3.65992e-02
0.94334	3.57672e-02
0.94446	3.47630e-02
0.93746	3.19422e-02
0.94929	1.99338e-02
0.94537	1.99570e-02
0.94998	1.63935e-02
0.95038	2.20029e-02
0.95042	2.20061e-02
0.95536	1.76371e-02
0.94505	1.94635e-02
0.94949	1.66587e-02
0.94514	2.14414e-02
0.95557	1.30702e-02
0.95473	1.34521e-02
0.95675	1.37579e-02
0.95608	1.42749e-02
0.95028	1.99938e-02
0.95513	2.17455e-02
0.95637	2.22100e-02
0.95637	2.22100e-02
0.95643	1.99711e-02
0.95851	1.84614e-02
0.96126	1.34386e-02
0.96119	1.34051e-02
0.95899	1.59980e-02
0.96085	1.89618e-02
0.96530	1.54536e-02
0.96340	1.43764e-02
0.96619	1.43992e-02
0.96620	1.43927e-02
0.96547	1.36523e-02
0.96589	1.19799e-02
0.96118	1.09020e-02
0.96119	1.09040e-02
0.96082	1.11961e-02
0.96373	1.04313e-02
0.96801	1.13247e-02
0.97064	1.27705e-02
0.97717	1.13766e-02
0.97717	1.13766e-02
0.97571	1.52052e-02
0.97318	1.65511e-02
0.97263	1.67691e-02
0.97438	1.69753e-02
0.97632	1.72262e-02
0.97494	1.74969e-02
0.97644	2.21915e-02
0.97668	2.23571e-02
0.97505	2.29936e-02
0.97517	2.30029e-02
0.97051	2.23423e-02
0.96857	2.26345e-02
0.96554	2.23268e-02
0.97404	1.42175e-02
0.97620	1.51711e-02
0.97626	1.51932e-02
0.97676	1.57531e-02
0.97953	1.45404e-02
0.98065	1.34388e-02
0.97587	2.00952e-02
0.97588	2.00918e-02
0.97632	1.83468e-02
0.98077	1.70922e-02
0.98045	1.73162e-02
0.97969	1.64940e-02
0.97772	1.82261e-02
0.97510	1.84261e-02
0.97911	1.61638e-02
0.97911	1.61638e-02
0.97951	1.62721e-02
0.97951	1.62721e-02
0.97953	1.62984e-02
0.97540	1.68268e-02
0.97988	1.82260e-02
0.98586	9.49922e-03
0.98588	9.51086e-03
0.98259	1.16280e-02
0.98259	1.16295e-02
0.97799	9.76762e-03
0.97972	8.83977e-03
0.97840	9.50023e-03
0.97840	9.50023e-03
0.97840	9.50023e-03
0.97840	9.50023e-03
0.98944	3.81485e-03
0.98826	4.19852e-03
0.97883	5.23330e-03
0.96295	1.06473e-02
0.99246	1.03342e-03
0.99246	1.03342e-03
0.99246	1.03342e-03
0.99294	1.51529e-03
0.99294	1.51529e-03
0.98300	1.14151e-02
0.98300	1.14151e-02
0.98299	1.14041e-02
0.99226	0.00000e+00
0.99226	0.00000e+00
0.99226	0.00000e+00
0.99226	0.00000e+00
0.99226	0.00000e+00
0.99226	0.00000e+00
0.99226	0.00000e+00
0.99226	0.00000e+00
0.99202	0.00000e+00
0.99202	0.00000e+00
0.99202	0.00000e+00
0.99202	0.00000e+00
0.99202	0.00000e+00
0.99202	0.00000e+00
0.99202	0.00000e+00
0.99202	0.00000e+00
0.99202	0.00000e+00
0.99202	0.00000e+00
0.99202	0.00000e+00
0.99202	0.00000e+00
0.99202	0.00000e+00
0.99202	0.00000e+00
0.99202	0.00000e+00
0.99464	0.00000e+00
0.99464	0.00000e+00
0.99464	0.00000e+00
0.99464	0.00000e+00
0.99464	0.00000e+00
0.99471	0.00000e+00
0.99471	0.00000e+00
0.99473	0.00000e+00
