0.98859	1.34404e-03
0.97762	7.46248e-03
0.95530	1.65308e-02
0.93263	7.90838e-03
0.92026	2.07578e-02
0.86453	1.24531e-02
0.84921	1.53783e-02
0.77752	3.30318e-02
0.73109	4.18877e-02
0.65614	5.36443e-02
0.58805	7.94327e-02
0.50194	1.09485e-01
0.41462	1.13246e-01
0.28619	1.36179e-01
0.28002	9.22095e-02
0.25435	1.09982e-01
0.21745	1.14539e-01
0.19145	1.21918e-01
0.19293	1.07941e-01
0.20432	9.99980e-02
0.18884	1.05291e-01
0.17586	7.89030e-02
0.17977	6.09535e-02
0.13088	5.95990e-02
0.12684	5.44841e-02
0.12344	5.29094e-02
0.11883	7.14229e-02
0.12760	5.51417e-02
0.15159	4.94716e-02
0.12357	7.66498e-02
0.08253	3.96088e-02
0.12737	7.48618e-02
0.12166	6.61573e-02
0.12740	7.09725e-02
0.12389	3.93335e-02
0.11298	6.73967e-02
0.10943	4.30355e-02
0.13449	6.53581e-02
0.11288	4.79593e-02
0.11182	9.09413e-02
0.10826	3.69282e-02
0.08777	5.82803e-02
0.08175	3.50310e-02
0.11182	4.98617e-02
0.10686	3.54540e-02
0.08443	4.98288e-02
0.09081	3.26436e-02
0.07536	3.46251e-02
0.07992	4.19670e-02
0.08929	4.28693e-02
0.08850	3.60127e-02
0.09231	3.08505e-02
0.10057	4.67738e-02
0.11932	6.80905e-02
0.10086	6.37243e-02
0.09798	4.60481e-02
0.08258	5.22543e-02
0.07851	4.18345e-02
0.08900	3.79115e-02
0.10172	3.51576e-02
0.09267	4.54425e-02
0.08588	3.64731e-02
0.08764	4.16808e-02
0.09722	4.01515e-02
0.08138	3.85571e-02
0.09674	3.61299e-02
0.09743	5.38983e-02
0.09552	3.29991e-02
0.07868	3.68256e-02
0.10270	4.09775e-02
0.09523	4.60065e-02
0.09823	3.38279e-02
0.11666	6.52970e-02
0.08018	3.35207e-02
0.07352	3.92099e-02
0.09886	4.44173e-02
0.07233	2.92408e-02
0.06459	2.88947e-02
0.06588	3.33542e-02
0.07150	3.87694e-02
0.05683	4.18917e-02
0.12791	5.33399e-02
0.09405	4.80656e-02
0.07912	3.61945e-02
0.09364	4.34240e-02
0.13602	7.55807e-02
0.07481	2.99600e-02
0.09615	5.51335e-02
0.08644	2.74173e-02
0.06516	2.78811e-02
0.08226	3.07299e-02
0.09799	4.76127e-02
0.08387	4.57582e-02
0.07734	4.73811e-02
0.08690	4.81643e-02
0.08895	4.34041e-02
0.07767	4.85128e-02
0.09272	6.16610e-02
0.09060	5.82438e-02
