0.99470	9.21853e-04
0.97921	5.64326e-03
0.96620	1.01248e-02
0.94634	1.70317e-02
0.93562	1.36963e-02
0.89477	1.26036e-02
0.84822	1.91333e-02
0.84452	3.05389e-02
0.80527	3.37618e-02
0.73810	2.95613e-02
0.66765	6.40515e-02
0.61610	8.17727e-02
0.53465	1.19013e-01
0.45693	8.77300e-02
0.35430	1.32341e-01
0.26657	8.21211e-02
0.27520	9.94040e-02
0.18555	1.11828e-01
0.18347	9.20379e-02
0.16616	1.02223e-01
0.16688	8.17211e-02
0.16147	6.78591e-02
0.15813	1.12401e-01
0.13268	5.31535e-02
0.10442	6.89288e-02
0.11300	6.27721e-02
0.12379	7.57833e-02
0.13416	6.90291e-02
0.13370	7.82224e-02
0.13024	4.02569e-02
0.11608	5.36683e-02
0.15845	6.49053e-02
0.09141	5.95742e-02
0.09729	5.59244e-02
0.13685	5.99952e-02
0.10584	5.63720e-02
0.09767	5.23784e-02
0.09588	4.55867e-02
0.10740	5.43573e-02
0.10884	5.46380e-02
0.08511	3.86868e-02
0.09537	4.46425e-02
0.09865	6.79168e-02
0.09678	4.39067e-02
0.10385	4.91094e-02
0.11799	5.19039e-02
0.09745	4.01118e-02
0.09105	5.98589e-02
0.08137	3.77322e-02
0.09412	5.61988e-02
0.10426	6.00382e-02
0.09272	6.74463e-02
0.08168	4.68752e-02
0.11783	4.20713e-02
0.08802	5.79660e-02
0.09687	6.46115e-02
0.11719	5.50230e-02
0.09909	3.36503e-02
0.06998	2.39440e-02
0.07040	4.55729e-02
0.07768	4.70934e-02
0.11955	4.75302e-02
0.11707	4.66756e-02
0.09963	3.31570e-02
0.08103	3.97876e-02
0.10393	5.27208e-02
0.10190	3.63679e-02
0.08683	5.08421e-02
0.08031	3.72019e-02
0.09405	6.03180e-02
0.08505	3.85789e-02
0.09252	2.96620e-02
0.09199	5.12177e-02
0.09100	5.13768e-02
0.08907	3.88298e-02
0.09557	2.99068e-02
0.10900	5.67872e-02
0.07962	2.47865e-02
0.09861	4.38952e-02
0.09373	6.93805e-02
0.09590	3.45033e-02
0.10319	4.53136e-02
0.08005	4.54091e-02
0.07300	3.61675e-02
0.07566	3.49872e-02
0.08127	4.68276e-02
0.10644	5.14393e-02
0.09285	3.81277e-02
0.09678	4.27326e-02
0.11569	4.56867e-02
0.08608	3.73049e-02
0.08753	3.58708e-02
0.08398	5.09958e-02
0.08046	4.27621e-02
0.07873	3.66508e-02
0.10490	3.74243e-02
0.10626	6.32418e-02
0.07658	2.98878e-02
0.07288	4.87882e-02
