1.177499999999999936e-01
9.589999999999999913e-02
1.182499999999999940e-01
1.021499999999999908e-01
1.313499999999999945e-01
1.156999999999999973e-01
1.257500000000000007e-01
1.005999999999999950e-01
7.944999999999999285e-02
1.946499999999999897e-01
9.404999999999999472e-02
9.700000000000000289e-02
1.419500000000000206e-01
1.144499999999999962e-01
1.045500000000000040e-01
1.314000000000000168e-01
1.177499999999999936e-01
9.990000000000000269e-02
1.402499999999999858e-01
9.794999999999999540e-02
1.434999999999999887e-01
1.595499999999999974e-01
1.195999999999999980e-01
1.156999999999999973e-01
1.068500000000000005e-01
8.524999999999999245e-02
9.364999999999999714e-02
1.030000000000000082e-01
1.136999999999999955e-01
1.307500000000000051e-01
8.300000000000000433e-02
1.467999999999999861e-01
1.408000000000000085e-01
1.031499999999999917e-01
9.429999999999999494e-02
1.190500000000000030e-01
9.984999999999999432e-02
1.215500000000000053e-01
1.078500000000000014e-01
1.026999999999999996e-01
1.131500000000000006e-01
1.244999999999999996e-01
1.146000000000000074e-01
1.365999999999999992e-01
7.455000000000000515e-02
9.285000000000000198e-02
1.070499999999999924e-01
1.341499999999999915e-01
1.345500000000000029e-01
1.392499999999999849e-01
1.275999999999999912e-01
1.028000000000000025e-01
1.252500000000000002e-01
1.365999999999999992e-01
1.036499999999999921e-01
1.303999999999999881e-01
9.425000000000000044e-02
1.275000000000000022e-01
1.282999999999999974e-01
1.037499999999999950e-01
1.163500000000000090e-01
1.227499999999999980e-01
1.104499999999999926e-01
6.944999999999999785e-02
1.662000000000000144e-01
1.081000000000000016e-01
1.097499999999999865e-01
1.356999999999999873e-01
1.391499999999999959e-01
1.602999999999999980e-01
9.819999999999999563e-02
1.460500000000000131e-01
1.137500000000000039e-01
1.261499999999999844e-01
1.236499999999999960e-01
9.750000000000000333e-02
1.416000000000000036e-01
1.048000000000000043e-01
1.509500000000000008e-01
1.160499999999999865e-01
1.285999999999999921e-01
1.170999999999999958e-01
1.286999999999999811e-01
1.039000000000000062e-01
1.024499999999999994e-01
1.170000000000000068e-01
1.493499999999999828e-01
1.015500000000000014e-01
7.929999999999999549e-02
1.023999999999999910e-01
8.234999999999999265e-02
1.567000000000000060e-01
1.083500000000000019e-01
1.387500000000000122e-01
1.229000000000000092e-01
1.209500000000000020e-01
1.278499999999999914e-01
9.160000000000000087e-02
1.053499999999999992e-01
1.162500000000000061e-01
9.620000000000000773e-02
1.179499999999999993e-01
1.257500000000000007e-01
1.104499999999999926e-01
1.295999999999999930e-01
1.350000000000000089e-01
1.509500000000000008e-01
1.363499999999999990e-01
1.151500000000000024e-01
9.154999999999999249e-02
9.195000000000000395e-02
1.693000000000000060e-01
8.615000000000000435e-02
1.565499999999999947e-01
1.192499999999999949e-01
1.067999999999999922e-01
1.477999999999999869e-01
1.425000000000000155e-01
1.373000000000000054e-01
1.266500000000000126e-01
9.170000000000000373e-02
8.135000000000000564e-02
1.181999999999999995e-01
1.527000000000000024e-01
1.368499999999999994e-01
8.319999999999999618e-02
1.392500000000000127e-01
1.428000000000000103e-01
9.174999999999999822e-02
1.487499999999999933e-01
1.025999999999999968e-01
8.465000000000000302e-02
1.079999999999999849e-01
1.083500000000000019e-01
8.425000000000000544e-02
1.581500000000000128e-01
2.040500000000000091e-01
1.421000000000000041e-01
1.760500000000000120e-01
9.359999999999998876e-02
1.023499999999999965e-01
1.229999999999999982e-01
7.359999999999999876e-02
9.404999999999999472e-02
1.116999999999999937e-01
1.271500000000000130e-01
1.187000000000000000e-01
1.387499999999999845e-01
1.383999999999999952e-01
1.248500000000000026e-01
1.086499999999999966e-01
1.294000000000000150e-01
1.038000000000000034e-01
9.675000000000000266e-02
1.033000000000000029e-01
1.158000000000000140e-01
1.259000000000000119e-01
1.087499999999999994e-01
1.467999999999999861e-01
8.455000000000000016e-02
1.376999999999999891e-01
1.153000000000000136e-01
9.585000000000000464e-02
1.354500000000000148e-01
1.256499999999999839e-01
1.041999999999999871e-01
1.427499999999999880e-01
1.315999999999999948e-01
1.673000000000000043e-01
1.268500000000000183e-01
1.444499999999999951e-01
1.010000000000000064e-01
1.365000000000000102e-01
1.200500000000000039e-01
1.283500000000000196e-01
1.431000000000000050e-01
1.010500000000000009e-01
9.604999999999999649e-02
9.354999999999999427e-02
1.096000000000000030e-01
1.137500000000000039e-01
8.064999999999999947e-02
1.500500000000000167e-01
9.289999999999999647e-02
1.112500000000000017e-01
1.051499999999999935e-01
1.630000000000000060e-01
9.210000000000000131e-02
1.174999999999999933e-01
1.082999999999999935e-01
1.105000000000000010e-01
1.060999999999999999e-01
1.095500000000000085e-01
1.554999999999999993e-01
1.295499999999999985e-01
1.453500000000000070e-01
1.064999999999999974e-01
8.999999999999999667e-02
9.254999999999999338e-02
1.027500000000000080e-01
1.348999999999999921e-01
1.200500000000000039e-01
1.411000000000000032e-01
1.494000000000000050e-01
1.141500000000000015e-01
1.514500000000000013e-01
1.817000000000000004e-01
1.326499999999999901e-01
1.139499999999999957e-01
1.635500000000000009e-01
1.265999999999999903e-01
1.421999999999999931e-01
7.845000000000000584e-02
1.090500000000000080e-01
9.754999999999999782e-02
1.289500000000000091e-01
1.057000000000000023e-01
1.201500000000000068e-01
1.395500000000000074e-01
9.445000000000000617e-02
1.068000000000000060e-01
1.241499999999999965e-01
1.446000000000000063e-01
1.455000000000000182e-01
1.617999999999999994e-01
1.004500000000000115e-01
1.517999999999999905e-01
1.181500000000000050e-01
1.526000000000000134e-01
1.242499999999999993e-01
9.239999999999999603e-02
1.218500000000000000e-01
1.141500000000000015e-01
1.425500000000000100e-01
8.344999999999999640e-02
9.345000000000000528e-02
1.650500000000000023e-01
1.402499999999999858e-01
1.275499999999999967e-01
1.096000000000000030e-01
1.635999999999999954e-01
1.156999999999999973e-01
9.154999999999999249e-02
1.347500000000000087e-01
9.784999999999999254e-02
1.257999999999999952e-01
1.096499999999999975e-01
1.315000000000000058e-01
1.328499999999999959e-01
9.249999999999999889e-02
1.280499999999999972e-01
1.151500000000000024e-01
1.572000000000000064e-01
1.186500000000000055e-01
1.117500000000000021e-01
1.037500000000000089e-01
1.673000000000000043e-01
7.359999999999999876e-02
2.172000000000000042e-01
1.076999999999999902e-01
1.266499999999999848e-01
7.835000000000000298e-02
8.874999999999999556e-02
1.347500000000000087e-01
1.112999999999999962e-01
1.199999999999999956e-01
1.096499999999999975e-01
1.746499999999999997e-01
1.109499999999999931e-01
1.217999999999999916e-01
1.480500000000000149e-01
1.711500000000000243e-01
1.618499999999999939e-01
1.162499999999999922e-01
1.072499999999999981e-01
1.062500000000000111e-01
9.784999999999999254e-02
1.360000000000000098e-01
1.233499999999999874e-01
1.204000000000000070e-01
1.654499999999999860e-01
8.995000000000000218e-02
1.061499999999999944e-01
1.450500000000000123e-01
8.335000000000000742e-02
1.382999999999999785e-01
1.367499999999999827e-01
1.104499999999999926e-01
1.702500000000000124e-01
1.263499999999999901e-01
1.066000000000000003e-01
1.451999999999999957e-01
1.266499999999999848e-01
1.156000000000000083e-01
1.953499999999999959e-01
1.080500000000000071e-01
1.049999999999999961e-01
1.388000000000000067e-01
1.167499999999999927e-01
7.169999999999999984e-02
9.249999999999999889e-02
2.017500000000000127e-01
9.879999999999999893e-02
1.156999999999999973e-01
1.070500000000000063e-01
1.633999999999999897e-01
7.309999999999999831e-02
1.611500000000000155e-01
1.256500000000000117e-01
1.161000000000000087e-01
1.387999999999999790e-01
1.527499999999999969e-01
1.013499999999999956e-01
1.179499999999999993e-01
6.640000000000000069e-02
1.149999999999999911e-01
9.845000000000000973e-02
1.411499999999999977e-01
1.111000000000000043e-01
1.023000000000000020e-01
9.120000000000000329e-02
1.320000000000000062e-01
1.504000000000000059e-01
1.027499999999999941e-01
1.086999999999999911e-01
8.329999999999999905e-02
9.349999999999999978e-02
1.401000000000000023e-01
1.241000000000000159e-01
9.285000000000000198e-02
9.265000000000001013e-02
1.043000000000000038e-01
1.033499999999999974e-01
1.331499999999999906e-01
1.422499999999999876e-01
9.099999999999999756e-02
8.379999999999999949e-02
1.464499999999999968e-01
1.042499999999999954e-01
9.789999999999998703e-02
1.411999999999999922e-01
1.476500000000000035e-01
1.363999999999999935e-01
6.325000000000000067e-02
1.062499999999999972e-01
8.630000000000000171e-02
1.072999999999999926e-01
1.349499999999999866e-01
7.814999999999999725e-02
1.189000000000000057e-01
1.232000000000000040e-01
1.459000000000000019e-01
9.079999999999999183e-02
8.674999999999999378e-02
1.313000000000000000e-01
1.110000000000000014e-01
1.295499999999999985e-01
1.454999999999999905e-01
1.374499999999999889e-01
1.092499999999999999e-01
1.168000000000000010e-01
1.164000000000000035e-01
1.459499999999999964e-01
1.356499999999999928e-01
1.050500000000000045e-01
1.090500000000000080e-01
8.210000000000000631e-02
1.608499999999999930e-01
1.343499999999999972e-01
1.194000000000000061e-01
1.285000000000000031e-01
1.214500000000000024e-01
1.513999999999999790e-01
1.423000000000000098e-01
9.560000000000000442e-02
1.638999999999999901e-01
9.265000000000001013e-02
1.116999999999999937e-01
1.150000000000000050e-01
1.760999999999999788e-01
1.004499999999999976e-01
8.485000000000000875e-02
1.147999999999999993e-01
1.309000000000000163e-01
1.028000000000000025e-01
1.258999999999999841e-01
1.010500000000000009e-01
1.637500000000000067e-01
1.317500000000000060e-01
1.544999999999999984e-01
1.232999999999999929e-01
1.751500000000000001e-01
1.275999999999999912e-01
8.729999999999998872e-02
1.115499999999999964e-01
1.516000000000000125e-01
1.556500000000000106e-01
9.685000000000000553e-02
1.917500000000000038e-01
1.549500000000000044e-01
1.319000000000000172e-01
9.114999999999999492e-02
1.403000000000000080e-01
1.408999999999999975e-01
7.989999999999999880e-02
1.336499999999999910e-01
9.785000000000000642e-02
7.225000000000000866e-02
7.804999999999999438e-02
7.530000000000000582e-02
1.045500000000000040e-01
9.584999999999999076e-02
1.330999999999999961e-01
1.283999999999999864e-01
1.732500000000000151e-01
1.019499999999999990e-01
1.067000000000000032e-01
1.237999999999999934e-01
1.105000000000000010e-01
1.380500000000000060e-01
9.274999999999999911e-02
9.675000000000000266e-02
9.815000000000000113e-02
7.510000000000000009e-02
1.047499999999999959e-01
9.015000000000000790e-02
1.663499999999999979e-01
1.179000000000000048e-01
7.580000000000000626e-02
9.020000000000000240e-02
1.030500000000000027e-01
1.069500000000000034e-01
1.303499999999999936e-01
9.934999999999999387e-02
1.243999999999999967e-01
1.522999999999999909e-01
1.426999999999999935e-01
1.404499999999999915e-01
1.091999999999999915e-01
1.446000000000000063e-01
1.292500000000000038e-01
1.043499999999999983e-01
1.255999999999999894e-01
1.309500000000000108e-01
1.669999999999999818e-01
7.564999999999999503e-02
1.060000000000000109e-01
7.994999999999999329e-02
1.295499999999999985e-01
1.037499999999999950e-01
9.254999999999999338e-02
1.089499999999999913e-01
1.172499999999999931e-01
1.041499999999999926e-01
4.315000000000000085e-02
1.392999999999999794e-01
8.934999999999999887e-02
1.157499999999999918e-01
1.430500000000000105e-01
9.400000000000000022e-02
1.267000000000000071e-01
1.313000000000000000e-01
1.435000000000000164e-01
7.580000000000000626e-02
1.137499999999999900e-01
9.179999999999999272e-02
1.365999999999999992e-01
1.284500000000000086e-01
1.277999999999999969e-01
1.776000000000000079e-01
1.549999999999999989e-01
1.272500000000000020e-01
1.466000000000000081e-01
9.515000000000001235e-02
1.057499999999999968e-01
8.719999999999999973e-02
1.659499999999999864e-01
1.275499999999999967e-01
1.197499999999999953e-01
1.080500000000000071e-01
1.454499999999999960e-01
1.227999999999999925e-01
1.280499999999999972e-01
1.445500000000000118e-01
1.875999999999999890e-01
1.132999999999999979e-01
8.619999999999999885e-02
1.194999999999999951e-01
1.131999999999999951e-01
7.130000000000000226e-02
1.842999999999999916e-01
1.279000000000000137e-01
1.027500000000000080e-01
1.370500000000000052e-01
6.314999999999999780e-02
1.170000000000000068e-01
1.339499999999999857e-01
7.230000000000000315e-02
1.418999999999999984e-01
1.011499999999999899e-01
1.223999999999999949e-01
1.310999999999999943e-01
2.095500000000000140e-01
1.426999999999999935e-01
1.393999999999999961e-01
9.800000000000000377e-02
1.506500000000000061e-01
1.348000000000000032e-01
9.470000000000000639e-02
1.335999999999999965e-01
1.199000000000000066e-01
7.505000000000000560e-02
1.333499999999999963e-01
8.610000000000000986e-02
1.630000000000000060e-01
1.009499999999999981e-01
1.956499999999999906e-01
1.106499999999999984e-01
1.315000000000000058e-01
1.056499999999999939e-01
1.267999999999999960e-01
1.030500000000000027e-01
1.548999999999999821e-01
7.464999999999999414e-02
2.053999999999999992e-01
1.274500000000000077e-01
1.139999999999999902e-01
1.264500000000000068e-01
1.629499999999999837e-01
1.469999999999999918e-01
1.419499999999999929e-01
1.212000000000000022e-01
8.960000000000001297e-02
1.169999999999999929e-01
1.137500000000000039e-01
8.699999999999999400e-02
1.672500000000000098e-01
9.209999999999998743e-02
1.032500000000000084e-01
8.224999999999998979e-02
1.385500000000000065e-01
9.534999999999999032e-02
1.103500000000000036e-01
1.055500000000000049e-01
1.287999999999999978e-01
1.335500000000000020e-01
1.038999999999999924e-01
1.128500000000000059e-01
9.854999999999999871e-02
1.323000000000000009e-01
1.280000000000000027e-01
1.062499999999999972e-01
9.595000000000000751e-02
1.682500000000000107e-01
1.151000000000000079e-01
1.556000000000000161e-01
7.099999999999999367e-02
1.615000000000000047e-01
7.844999999999999196e-02
1.202499999999999958e-01
1.343499999999999972e-01
1.082499999999999990e-01
1.229000000000000092e-01
8.979999999999999094e-02
1.161500000000000032e-01
1.058499999999999996e-01
1.015500000000000014e-01
8.905000000000000415e-02
1.038999999999999924e-01
1.145999999999999935e-01
1.476999999999999980e-01
1.930999999999999939e-01
7.664999999999999591e-02
1.540500000000000203e-01
1.257500000000000007e-01
1.023999999999999910e-01
9.129999999999999227e-02
1.468000000000000138e-01
1.124500000000000083e-01
1.174000000000000044e-01
1.728000000000000091e-01
1.252500000000000002e-01
1.106999999999999929e-01
1.044000000000000067e-01
1.310000000000000053e-01
1.060499999999999915e-01
1.035500000000000032e-01
9.819999999999999563e-02
1.317500000000000060e-01
1.783500000000000085e-01
1.282000000000000084e-01
1.187000000000000000e-01
8.479999999999998650e-02
1.263500000000000179e-01
6.684999999999999276e-02
8.404999999999999971e-02
1.058999999999999941e-01
1.356499999999999928e-01
1.020999999999999963e-01
7.655000000000000693e-02
1.351499999999999924e-01
9.314999999999999669e-02
1.623499999999999943e-01
1.524999999999999967e-01
1.088999999999999968e-01
1.100000000000000006e-01
1.819000000000000061e-01
1.207999999999999907e-01
1.460500000000000131e-01
1.228500000000000147e-01
9.614999999999999936e-02
1.766999999999999960e-01
1.134999999999999898e-01
1.484500000000000264e-01
8.060000000000000497e-02
1.074999999999999983e-01
1.360500000000000043e-01
1.073999999999999955e-01
1.529999999999999971e-01
9.695000000000000839e-02
1.304500000000000104e-01
9.634999999999999121e-02
1.192999999999999894e-01
1.205999999999999989e-01
1.007500000000000062e-01
1.215499999999999914e-01
8.324999999999999067e-02
1.132499999999999896e-01
1.388000000000000067e-01
9.895000000000001017e-02
6.850000000000000533e-02
1.330999999999999961e-01
1.111999999999999933e-01
1.213499999999999857e-01
1.267500000000000016e-01
1.669499999999999873e-01
1.147999999999999993e-01
8.619999999999999885e-02
1.060000000000000109e-01
1.271999999999999797e-01
8.540000000000000369e-02
1.356499999999999928e-01
8.830000000000000349e-02
1.129000000000000004e-01
1.313499999999999945e-01
1.171500000000000041e-01
1.449000000000000010e-01
1.048000000000000043e-01
1.463999999999999746e-01
1.360500000000000043e-01
1.182499999999999940e-01
1.001999999999999974e-01
1.003499999999999948e-01
1.152999999999999997e-01
1.187000000000000000e-01
1.225499999999999923e-01
1.205999999999999989e-01
1.088000000000000078e-01
9.284999999999998810e-02
1.025500000000000023e-01
7.964999999999999858e-02
1.128500000000000059e-01
1.131999999999999951e-01
1.166500000000000037e-01
6.819999999999999674e-02
1.242000000000000048e-01
1.520500000000000185e-01
1.522000000000000020e-01
1.207999999999999907e-01
1.158500000000000085e-01
1.206500000000000072e-01
9.654999999999999694e-02
1.126000000000000056e-01
9.559999999999999054e-02
1.143500000000000072e-01
1.172500000000000070e-01
1.202499999999999958e-01
1.297500000000000042e-01
1.491500000000000048e-01
1.255999999999999894e-01
9.034999999999999976e-02
1.156999999999999973e-01
1.283499999999999919e-01
1.315999999999999948e-01
1.283999999999999864e-01
9.140000000000000902e-02
1.062500000000000111e-01
1.267500000000000016e-01
1.406000000000000028e-01
1.290499999999999980e-01
1.044500000000000151e-01
1.020500000000000018e-01
1.121499999999999997e-01
1.671499999999999930e-01
1.498500000000000110e-01
1.272500000000000020e-01
7.134999999999999676e-02
1.451000000000000068e-01
1.388000000000000067e-01
1.075500000000000067e-01
1.059499999999999886e-01
1.479999999999999927e-01
8.924999999999999600e-02
1.305499999999999994e-01
8.879999999999999005e-02
1.160499999999999865e-01
1.433000000000000107e-01
1.229000000000000092e-01
1.060500000000000054e-01
1.088000000000000078e-01
1.670999999999999985e-01
1.053499999999999992e-01
9.140000000000000902e-02
1.193000000000000033e-01
8.369999999999999662e-02
1.443500000000000061e-01
9.939999999999998836e-02
1.084500000000000047e-01
1.009499999999999981e-01
8.250000000000000389e-02
7.794999999999999152e-02
1.512000000000000011e-01
8.674999999999999378e-02
1.207999999999999907e-01
8.424999999999999156e-02
9.229999999999999316e-02
8.260000000000000675e-02
1.435000000000000164e-01
1.173500000000000099e-01
1.512000000000000011e-01
1.066000000000000003e-01
1.643000000000000016e-01
1.296499999999999875e-01
1.531000000000000139e-01
9.765000000000000069e-02
8.719999999999999973e-02
1.053000000000000047e-01
1.143500000000000072e-01
9.110000000000000042e-02
1.539500000000000035e-01
1.588499999999999912e-01
1.336499999999999910e-01
8.154999999999999749e-02
1.297000000000000097e-01
1.235499999999999932e-01
1.067000000000000032e-01
1.281500000000000139e-01
1.579500000000000071e-01
6.804999999999999938e-02
1.017500000000000071e-01
1.200500000000000039e-01
1.890999999999999903e-01
1.194000000000000061e-01
1.337500000000000078e-01
1.293499999999999928e-01
1.180000000000000077e-01
8.329999999999999905e-02
1.371499999999999941e-01
9.589999999999999913e-02
1.053499999999999992e-01
1.045500000000000040e-01
8.190000000000000058e-02
1.236499999999999960e-01
9.034999999999999976e-02
1.101499999999999979e-01
1.242999999999999938e-01
9.174999999999999822e-02
1.476000000000000090e-01
1.313000000000000000e-01
1.820499999999999896e-01
7.549999999999999767e-02
1.678999999999999937e-01
1.361499999999999932e-01
1.166500000000000037e-01
6.470000000000000751e-02
1.375500000000000056e-01
8.490000000000000324e-02
9.320000000000000506e-02
1.155999999999999944e-01
1.732500000000000151e-01
1.833500000000000130e-01
1.531000000000000139e-01
8.949999999999999623e-02
6.319999999999999230e-02
8.765000000000000568e-02
9.754999999999999782e-02
1.323999999999999899e-01
1.071000000000000008e-01
8.169999999999999485e-02
1.238500000000000156e-01
1.059499999999999886e-01
1.407499999999999862e-01
1.382500000000000118e-01
1.023999999999999910e-01
6.850000000000000533e-02
1.151500000000000024e-01
1.038000000000000034e-01
1.511500000000000066e-01
1.620999999999999941e-01
1.621500000000000163e-01
1.053999999999999937e-01
1.040000000000000091e-01
1.127499999999999891e-01
1.296499999999999875e-01
8.734999999999999709e-02
7.469999999999998863e-02
1.255499999999999949e-01
8.705000000000000238e-02
1.063999999999999946e-01
1.166000000000000092e-01
1.617000000000000104e-01
1.516500000000000070e-01
1.713999999999999968e-01
1.600499999999999978e-01
1.196500000000000064e-01
1.053000000000000047e-01
1.444999999999999896e-01
1.689499999999999891e-01
1.199500000000000011e-01
1.042000000000000010e-01
1.224999999999999978e-01
1.344499999999999862e-01
7.334999999999999853e-02
1.043499999999999983e-01
1.082999999999999935e-01
1.516000000000000125e-01
7.169999999999999984e-02
1.088999999999999968e-01
1.505499999999999894e-01
7.825000000000000011e-02
1.155499999999999999e-01
1.138500000000000068e-01
1.083000000000000074e-01
1.080500000000000071e-01
1.521000000000000130e-01
9.299999999999999933e-02
7.339999999999999303e-02
1.054500000000000021e-01
1.328000000000000014e-01
1.152999999999999997e-01
1.608499999999999930e-01
1.323000000000000009e-01
1.248999999999999971e-01
1.106499999999999984e-01
1.084999999999999992e-01
1.219500000000000028e-01
1.070500000000000063e-01
1.264500000000000068e-01
1.306999999999999829e-01
1.111000000000000043e-01
1.726499999999999979e-01
9.684999999999999165e-02
1.179000000000000048e-01
9.639999999999999958e-02
1.060999999999999999e-01
1.440500000000000114e-01
1.309500000000000108e-01
8.185000000000000608e-02
7.159999999999999698e-02
1.283500000000000196e-01
9.389999999999999736e-02
1.228500000000000009e-01
1.264500000000000068e-01
9.745000000000000884e-02
1.035000000000000087e-01
1.295000000000000040e-01
9.210000000000000131e-02
1.351999999999999869e-01
9.859999999999999321e-02
8.724999999999999423e-02
1.723500000000000032e-01
9.854999999999999871e-02
1.567500000000000004e-01
9.260000000000000175e-02
1.010500000000000009e-01
1.668000000000000038e-01
1.386499999999999955e-01
1.430000000000000160e-01
1.161000000000000087e-01
1.394999999999999851e-01
1.156000000000000083e-01
1.358000000000000040e-01
1.207000000000000017e-01
1.338499999999999968e-01
1.696000000000000008e-01
1.174499999999999988e-01
1.311499999999999888e-01
1.423999999999999988e-01
1.069999999999999979e-01
9.564999999999999891e-02
1.182999999999999885e-01
1.060000000000000109e-01
1.277500000000000024e-01
9.959999999999999409e-02
6.940000000000000335e-02
1.444499999999999951e-01
1.325500000000000012e-01
1.722500000000000142e-01
2.202500000000000013e-01
1.115499999999999964e-01
1.650500000000000023e-01
7.605000000000000648e-02
1.428999999999999992e-01
1.412499999999999867e-01
1.053499999999999992e-01
1.385000000000000120e-01
1.158500000000000085e-01
1.210499999999999909e-01
1.127999999999999975e-01
1.316999999999999837e-01
9.979999999999999982e-02
1.566000000000000170e-01
1.134499999999999953e-01
7.649999999999999856e-02
1.434499999999999942e-01
1.105500000000000094e-01
1.199999999999999956e-01
1.146500000000000019e-01
1.486999999999999988e-01
8.895000000000000129e-02
1.073500000000000010e-01
1.462499999999999911e-01
1.169000000000000039e-01
1.019000000000000045e-01
1.290999999999999925e-01
1.360999999999999988e-01
1.304500000000000104e-01
1.075500000000000067e-01
1.020000000000000073e-01
9.029999999999999138e-02
7.364999999999999325e-02
1.550499999999999934e-01
9.520000000000000684e-02
1.305999999999999939e-01
1.474499999999999977e-01
1.104999999999999871e-01
1.003000000000000003e-01
1.329000000000000181e-01
1.107500000000000012e-01
8.669999999999999929e-02
1.151000000000000079e-01
9.664999999999999980e-02
1.350500000000000034e-01
1.267500000000000016e-01
1.096499999999999975e-01
1.359000000000000208e-01
1.017500000000000071e-01
8.904999999999999027e-02
7.960000000000000409e-02
9.775000000000000355e-02
1.284500000000000086e-01
1.051500000000000073e-01
1.601000000000000201e-01
1.315000000000000058e-01
1.251999999999999780e-01
1.420000000000000151e-01
1.068500000000000005e-01
1.395500000000000074e-01
8.784999999999999754e-02
1.407999999999999807e-01
1.011500000000000038e-01
1.275999999999999912e-01
1.522499999999999964e-01
1.277500000000000024e-01
8.635000000000001008e-02
1.265000000000000013e-01
8.510000000000000897e-02
1.106000000000000039e-01
9.509999999999999010e-02
1.016499999999999904e-01
1.222499999999999976e-01
7.605000000000000648e-02
1.139999999999999902e-01
1.393999999999999961e-01
1.202000000000000013e-01
1.023499999999999965e-01
1.002000000000000113e-01
1.432999999999999829e-01
7.635000000000000120e-02
1.642500000000000071e-01
1.187000000000000000e-01
1.102500000000000008e-01
7.259999999999999787e-02
9.425000000000000044e-02
1.250499999999999945e-01
1.092499999999999860e-01
1.050999999999999990e-01
1.491500000000000048e-01
9.149999999999999800e-02
1.106499999999999984e-01
1.431000000000000050e-01
9.070000000000000284e-02
1.202000000000000013e-01
1.110000000000000014e-01
8.669999999999999929e-02
1.242499999999999993e-01
9.585000000000000464e-02
1.335999999999999965e-01
8.515000000000000346e-02
1.456500000000000017e-01
