0.98556	4.44823e-03
0.96712	7.09338e-03
0.96229	9.09059e-03
0.94994	1.13612e-02
0.94408	1.54479e-02
0.92447	2.09120e-02
0.91511	1.46190e-02
0.90170	1.55329e-02
0.88308	2.76514e-02
0.86819	2.27517e-02
0.84772	2.43147e-02
0.83420	2.25813e-02
0.80256	2.55489e-02
0.79800	3.31132e-02
0.79717	3.21172e-02
0.76877	2.46052e-02
0.75753	3.84725e-02
0.74325	2.56322e-02
0.71580	4.15433e-02
0.72005	4.51052e-02
0.70294	4.09624e-02
0.70762	3.79530e-02
0.65387	3.88620e-02
0.66932	4.09709e-02
0.62795	2.80285e-02
0.60112	3.60163e-02
0.58694	3.41611e-02
0.57601	4.90259e-02
0.52458	4.10954e-02
0.51447	5.72880e-02
0.46458	7.37353e-02
0.42266	6.82000e-02
0.36118	1.08249e-01
0.36384	9.14269e-02
0.31298	1.19890e-01
0.30099	9.57430e-02
0.27596	1.17715e-01
0.28863	5.52620e-02
0.24295	4.55418e-02
0.17336	7.27575e-02
0.21691	6.24803e-02
0.16368	8.69136e-02
0.17024	6.54478e-02
0.15750	4.54028e-02
0.16968	6.23815e-02
0.14292	9.04815e-02
0.17014	1.07851e-01
0.17016	6.15655e-02
0.15568	6.28006e-02
0.13954	3.38566e-02
0.10828	5.57810e-02
0.12986	7.35222e-02
0.12646	5.80684e-02
0.15028	4.86386e-02
0.13377	5.54577e-02
0.09477	3.45633e-02
0.10395	6.08917e-02
0.10277	5.40239e-02
0.12258	7.42262e-02
0.11226	6.47424e-02
0.11232	3.56748e-02
0.09028	4.19592e-02
0.08377	3.75133e-02
0.07756	4.38753e-02
0.11913	4.07879e-02
0.11712	3.98366e-02
0.09899	4.33753e-02
0.08256	3.73979e-02
0.11437	4.26127e-02
0.10410	4.38924e-02
0.06417	3.81797e-02
0.09334	5.93418e-02
0.10538	5.67534e-02
0.08400	3.66440e-02
0.09195	2.65459e-02
0.09311	6.20040e-02
0.11208	5.04393e-02
0.10198	5.53974e-02
0.08194	4.63739e-02
0.11875	4.51036e-02
0.09463	3.41978e-02
0.06537	3.93469e-02
0.11976	5.62697e-02
0.08603	3.47477e-02
0.10687	4.39599e-02
0.10101	4.92647e-02
0.10228	6.33113e-02
0.12492	3.85665e-02
0.07250	3.30943e-02
0.10893	3.67310e-02
0.07732	3.41005e-02
0.09452	5.92394e-02
0.07397	2.55386e-02
0.11022	4.19395e-02
0.08868	3.41142e-02
0.08936	4.22900e-02
0.10137	5.11612e-02
0.08996	3.53256e-02
0.07204	3.82668e-02
