0.98874	3.07565e-03
0.97355	7.67531e-03
0.97051	1.37499e-02
0.95205	9.28059e-03
0.93924	1.93356e-02
0.92737	1.31252e-02
0.90044	1.76509e-02
0.89501	2.45238e-02
0.89371	2.04330e-02
0.86631	2.61329e-02
0.85317	1.50185e-02
0.85454	1.91600e-02
0.82766	2.09199e-02
0.81008	2.88920e-02
0.81205	3.65293e-02
0.77592	3.63920e-02
0.76608	2.92853e-02
0.76035	3.34713e-02
0.74489	2.51794e-02
0.72302	3.07168e-02
0.71719	2.89278e-02
0.68470	4.01018e-02
0.67553	2.32884e-02
0.62946	3.70811e-02
0.63144	6.22319e-02
0.57487	3.87555e-02
0.58730	4.39870e-02
0.54742	7.46005e-02
0.54407	6.03469e-02
0.51495	4.61069e-02
0.48164	5.11099e-02
0.45941	7.28922e-02
0.41629	6.80857e-02
0.32985	6.62502e-02
0.34524	9.27295e-02
0.26916	1.07804e-01
0.27596	8.59208e-02
0.26707	9.61196e-02
0.22578	1.00474e-01
0.21975	8.58157e-02
0.22499	7.75968e-02
0.15471	9.07551e-02
0.14407	6.78763e-02
0.18353	1.08063e-01
0.12250	5.64763e-02
0.13352	1.05474e-01
0.13685	6.18193e-02
0.14535	8.17031e-02
0.15077	6.45518e-02
0.11321	7.11671e-02
0.13333	5.93002e-02
0.10359	6.81503e-02
0.08593	6.92154e-02
0.11081	5.23822e-02
0.10402	6.50862e-02
0.10094	4.98591e-02
0.10012	4.12039e-02
0.09443	5.09483e-02
0.11953	5.56803e-02
0.12521	8.37485e-02
0.12232	4.60759e-02
0.12008	3.96737e-02
0.11118	5.37443e-02
0.09778	4.65808e-02
0.08858	4.82683e-02
0.09780	4.41505e-02
0.09541	6.33673e-02
0.08743	4.35895e-02
0.11789	4.28885e-02
0.08591	3.31354e-02
0.10599	5.63920e-02
0.07410	3.99090e-02
0.09334	3.60176e-02
0.08500	4.59001e-02
0.09889	4.75924e-02
0.08989	5.22793e-02
0.06713	4.52777e-02
0.07533	4.37981e-02
0.07054	2.69652e-02
0.10057	4.90633e-02
0.07198	4.62946e-02
0.08739	4.27973e-02
0.09282	5.96813e-02
0.10222	6.08505e-02
0.09502	5.55072e-02
0.08735	6.25494e-02
0.07677	4.49875e-02
0.08507	5.68793e-02
0.10877	6.71668e-02
0.09075	3.17616e-02
0.06720	4.90056e-02
0.10321	4.59346e-02
0.06801	2.75033e-02
0.07486	3.52132e-02
0.08218	4.08681e-02
0.09555	4.57641e-02
0.10318	5.50526e-02
0.07915	4.52548e-02
0.09545	4.46833e-02
