0.16834	6.91459e-02
0.14356	6.05052e-02
0.14139	1.01952e-01
0.14951	8.11326e-02
0.14629	5.67819e-02
0.12795	6.23364e-02
0.12812	4.12964e-02
0.12805	5.87908e-02
0.14785	7.28640e-02
0.13270	6.09516e-02
0.11819	7.35173e-02
0.08722	5.31967e-02
0.09274	4.46309e-02
0.11435	5.50138e-02
0.16852	6.66707e-02
0.15345	5.34635e-02
0.13599	5.26858e-02
0.12460	6.74471e-02
0.14684	7.43949e-02
0.14806	9.68538e-02
0.13404	5.82926e-02
0.13144	5.10929e-02
0.13034	6.00387e-02
0.11660	4.14624e-02
0.11711	6.51659e-02
0.16353	6.38531e-02
0.12434	6.29203e-02
0.12060	5.48392e-02
0.13672	4.11806e-02
0.12561	5.34188e-02
0.12169	5.28977e-02
0.14194	7.65187e-02
0.15427	6.14177e-02
0.12049	6.32016e-02
0.16329	6.59952e-02
0.12019	7.14662e-02
0.15241	6.02256e-02
0.18831	6.29802e-02
0.13075	5.46759e-02
0.15451	4.89495e-02
0.15715	5.50989e-02
0.18099	7.33886e-02
0.10245	6.07826e-02
0.15619	5.32421e-02
0.18771	7.09376e-02
0.14560	6.99729e-02
0.13110	6.71670e-02
0.14258	4.61781e-02
0.15864	6.37897e-02
0.13356	6.71618e-02
0.17111	7.20338e-02
0.15027	5.13502e-02
0.15471	5.87453e-02
0.14651	6.38375e-02
0.14674	5.39682e-02
0.14507	6.87793e-02
0.11736	5.64241e-02
0.13593	7.68777e-02
0.10888	4.28085e-02
0.15516	7.13589e-02
0.14307	7.50092e-02
0.12387	5.81819e-02
0.15845	5.19655e-02
0.15594	7.02098e-02
0.16288	9.61342e-02
0.12590	5.99558e-02
0.15705	8.59886e-02
0.17270	7.50599e-02
0.14424	3.51123e-02
0.11484	6.37314e-02
0.10800	3.58662e-02
0.11745	6.69805e-02
0.09340	6.97169e-02
0.12674	8.17869e-02
0.14529	5.87419e-02
0.13999	7.78628e-02
0.13244	6.26972e-02
0.13395	5.34741e-02
0.13957	5.23816e-02
0.12476	6.75114e-02
0.12690	4.89846e-02
0.11945	4.43954e-02
0.18605	7.43524e-02
0.15009	6.26344e-02
0.12915	5.13075e-02
0.14832	6.99932e-02
0.12035	4.74490e-02
0.11956	7.08326e-02
0.11253	5.07094e-02
0.13519	4.43102e-02
0.09722	4.80860e-02
0.09917	3.77652e-02
0.12628	4.48048e-02
0.13375	5.92075e-02
0.10521	4.34622e-02
0.10065	5.24854e-02
0.13114	6.77162e-02
0.13065	4.13836e-02
0.11497	4.48996e-02
0.15274	5.75270e-02
0.16072	4.88813e-02
0.14107	5.61346e-02
0.13757	5.72420e-02
0.10951	6.00972e-02
0.10389	5.79436e-02
0.10312	5.29529e-02
0.09337	4.57411e-02
0.10907	4.78434e-02
0.14315	4.30585e-02
0.12931	4.68302e-02
0.12417	5.01041e-02
0.12417	5.01041e-02
0.12543	4.80341e-02
0.11687	3.58119e-02
0.13742	5.18675e-02
0.11971	6.20501e-02
0.11871	6.10201e-02
0.12890	6.12268e-02
0.10649	6.60097e-02
0.11953	7.03853e-02
0.10949	7.65407e-02
0.11808	7.42617e-02
0.12061	7.43314e-02
0.12958	6.90367e-02
0.11821	2.81057e-02
0.10895	3.54755e-02
0.13708	7.79598e-02
0.11923	4.42924e-02
0.13330	5.58789e-02
0.11870	4.45864e-02
0.11233	4.73643e-02
0.11364	4.70821e-02
0.11495	4.63581e-02
0.10922	5.56133e-02
0.11974	5.21792e-02
0.12224	6.72213e-02
0.13744	6.29972e-02
0.15455	6.68583e-02
0.11509	6.74790e-02
0.11679	6.81667e-02
0.12400	6.87634e-02
0.13292	6.76022e-02
0.14645	6.36065e-02
0.14836	6.05323e-02
0.14089	6.79234e-02
0.11239	6.08313e-02
0.13595	7.32842e-02
0.12741	5.84026e-02
0.12713	5.88381e-02
0.10823	5.86176e-02
0.11800	5.47500e-02
0.10816	4.09317e-02
0.09035	3.55121e-02
0.08082	3.16147e-02
0.08137	3.77735e-02
0.08125	3.77608e-02
0.08242	4.25849e-02
0.10056	6.09750e-02
0.13706	6.27004e-02
0.13706	6.27004e-02
0.12611	7.40602e-02
0.13268	7.58607e-02
0.13660	8.01673e-02
0.16562	7.97447e-02
0.17328	6.93925e-02
0.17328	6.93925e-02
0.15434	6.87953e-02
0.15384	6.97367e-02
0.14610	6.39290e-02
0.16285	5.97932e-02
0.17006	6.56809e-02
0.18166	5.24647e-02
0.19426	5.15380e-02
0.16975	5.37660e-02
0.16975	5.37660e-02
0.18907	2.95485e-02
0.18040	4.55654e-02
0.16644	5.46982e-02
0.17129	4.51752e-02
0.14786	5.34196e-02
0.14879	4.76262e-02
0.13364	3.53409e-02
0.10191	5.17540e-02
0.10348	5.01652e-02
0.11116	4.22283e-02
0.10181	4.44275e-02
0.09926	3.91223e-02
0.14862	9.25353e-02
0.12487	4.29665e-02
0.13011	4.08330e-02
0.13784	4.62284e-02
0.14342	6.21744e-02
0.13131	5.06626e-02
0.11425	5.53845e-02
0.12446	6.25350e-02
0.14173	4.75861e-02
0.13173	5.73247e-02
0.13173	5.73247e-02
0.12052	5.06874e-02
0.12052	5.06874e-02
0.10068	6.10277e-02
0.09212	6.27712e-02
0.10807	4.54164e-02
0.10253	4.73055e-02
0.10000	4.70639e-02
0.10321	4.47784e-02
0.12652	5.21348e-02
0.11946	6.36742e-02
0.11946	6.36742e-02
0.09952	5.29655e-02
0.11613	5.37108e-02
0.10469	5.95407e-02
0.09788	3.92335e-02
0.10671	4.60829e-02
0.11653	4.38429e-02
0.11878	5.41300e-02
0.11420	5.27588e-02
0.11809	5.31805e-02
0.13035	6.12102e-02
0.12195	6.72432e-02
0.14329	3.84044e-02
0.13541	3.81835e-02
0.12585	3.41543e-02
0.13531	4.22451e-02
0.13119	5.25842e-02
0.10787	6.00273e-02
0.11326	4.39631e-02
0.13316	5.48228e-02
0.11958	4.71410e-02
0.13360	5.65927e-02
0.12333	4.84460e-02
0.12333	4.84460e-02
0.11112	5.58124e-02
0.13190	6.76135e-02
0.12696	7.89156e-02
0.16203	7.38022e-02
0.13271	7.24798e-02
0.13270	7.24879e-02
0.13277	7.14742e-02
0.12546	7.71376e-02
0.11104	6.65663e-02
0.12258	6.12927e-02
0.12932	5.59628e-02
0.12586	5.70026e-02
0.13030	5.98628e-02
0.15217	5.43155e-02
0.14263	5.23175e-02
0.14727	4.09345e-02
0.14905	4.12702e-02
0.13301	4.93936e-02
0.14210	3.71079e-02
0.13942	4.68157e-02
0.13064	4.35135e-02
0.13139	4.25794e-02
0.12388	4.93581e-02
0.12556	6.07609e-02
0.13413	5.73744e-02
0.12967	5.82543e-02
0.10094	5.47180e-02
0.08306	4.75004e-02
0.11787	8.28153e-02
0.10268	6.44804e-02
0.12383	8.11185e-02
0.12785	8.21416e-02
0.12853	4.92522e-02
0.13510	4.68523e-02
0.14056	5.15144e-02
0.13870	4.74364e-02
0.14784	4.96354e-02
0.15341	5.66231e-02
0.13512	5.76017e-02
0.13341	4.44104e-02
0.13185	4.42492e-02
0.13185	4.42492e-02
0.11763	4.40223e-02
0.09880	4.27797e-02
0.09880	4.27797e-02
0.10907	3.29428e-02
0.12960	5.77596e-02
0.13340	7.25833e-02
0.13340	7.25833e-02
0.13116	6.90454e-02
0.12085	7.32764e-02
0.11514	6.30614e-02
0.10648	5.46187e-02
0.10002	3.47059e-02
0.10295	3.43783e-02
0.10044	3.43559e-02
0.10101	3.33465e-02
0.11058	4.32710e-02
0.09560	4.86901e-02
0.09560	4.86901e-02
0.10307	6.39328e-02
0.17437	6.72371e-02
0.16829	6.01223e-02
0.16116	6.57394e-02
0.17611	5.81131e-02
0.16713	6.50678e-02
0.14395	5.48358e-02
0.14436	7.27204e-02
0.15184	6.48782e-02
0.15184	6.48782e-02
0.16330	6.08330e-02
0.15431	8.49031e-02
0.15513	8.08643e-02
0.16976	4.66494e-02
0.13253	6.62953e-02
0.14438	7.18624e-02
0.13411	4.87102e-02
0.17989	4.90556e-02
0.16003	6.20472e-02
0.18387	7.51432e-02
0.18132	7.93689e-02
0.18752	7.85711e-02
0.18201	7.59207e-02
0.19055	9.27428e-02
0.19055	9.27428e-02
0.20337	8.82505e-02
0.18994	8.80094e-02
0.18326	7.71535e-02
0.18002	7.13111e-02
0.18511	6.96932e-02
0.14499	5.49695e-02
0.14600	3.41592e-02
0.14600	3.41592e-02
0.14784	3.74622e-02
0.14777	3.75198e-02
0.14375	4.81445e-02
0.13612	6.77307e-02
0.14586	6.88521e-02
0.15257	5.87394e-02
0.14041	5.60388e-02
0.15855	1.02349e-01
0.19051	1.04764e-01
0.17605	1.23194e-01
0.15269	9.72001e-02
0.16187	7.93883e-02
0.14727	6.97896e-02
0.14101	7.39532e-02
0.17409	7.65050e-02
0.18901	6.64760e-02
0.21718	6.76813e-02
0.23589	6.70291e-02
0.23419	6.57799e-02
0.21000	5.89773e-02
0.18351	6.48498e-02
0.18683	6.28146e-02
0.19801	3.95264e-02
0.17674	5.03436e-02
0.16926	6.28714e-02
0.17131	6.40232e-02
0.16847	5.54761e-02
0.18362	5.77245e-02
0.20572	5.19955e-02
0.20746	4.24800e-02
0.21170	3.17987e-02
0.17214	4.57458e-02
0.17976	4.09970e-02
0.17526	4.19430e-02
0.17526	4.19430e-02
0.15770	5.77585e-02
0.17347	5.45880e-02
0.17221	5.54905e-02
0.18725	6.29134e-02
0.18861	3.64422e-02
0.19179	3.13186e-02
0.15560	5.98579e-02
0.19197	4.20134e-02
0.19197	4.20134e-02
0.16341	5.95325e-02
0.17236	6.79684e-02
0.17932	9.56134e-02
0.20731	9.51943e-02
0.19516	9.76716e-02
0.22225	6.84973e-02
0.23312	7.01459e-02
0.22571	7.45088e-02
0.22571	7.45088e-02
0.20819	3.86992e-02
0.20819	3.86992e-02
0.20819	3.86992e-02
0.20819	3.86992e-02
0.20819	3.86992e-02
0.23849	5.02354e-02
0.20913	3.76768e-02
0.21911	3.57249e-02
0.19853	3.35324e-02
0.19853	3.35324e-02
0.19499	5.44163e-02
0.15044	2.28630e-02
0.17794	2.13539e-02
0.16536	3.30357e-02
0.16536	3.30357e-02
0.14885	5.37114e-02
0.14885	5.37114e-02
0.14894	5.35943e-02
0.16537	6.15859e-02
0.16537	6.15859e-02
0.13176	5.64407e-02
0.13176	5.64407e-02
0.14488	4.61141e-02
0.16060	4.20057e-02
0.16060	4.20057e-02
0.16060	4.20057e-02
0.20456	3.05313e-02
0.18714	1.83681e-02
0.18714	1.83681e-02
0.18714	1.83681e-02
0.23733	8.74732e-02
0.17763	1.09212e-01
0.17763	1.09212e-01
0.17763	1.09212e-01
0.19813	3.83146e-02
0.19813	3.83146e-02
0.24967	1.09986e-01
0.24967	1.09986e-01
0.24967	1.09986e-01
0.24967	1.09986e-01
0.23016	1.23742e-01
0.20007	1.46531e-01
0.35863	1.05070e-01
0.33347	6.16576e-02
0.33347	6.16576e-02
0.33347	6.16576e-02
0.33347	6.16576e-02
0.29852	7.51302e-02
0.32917	7.51474e-02
0.33138	7.29438e-02
0.40432	0.00000e+00
0.40432	0.00000e+00
0.40432	0.00000e+00
0.40432	0.00000e+00
0.40432	0.00000e+00
0.40432	0.00000e+00
0.40432	0.00000e+00
0.40432	0.00000e+00
0.40432	0.00000e+00
0.40432	0.00000e+00
0.40432	0.00000e+00
0.40432	0.00000e+00
0.28490	0.00000e+00
0.28490	0.00000e+00
0.28490	0.00000e+00
0.16941	0.00000e+00
0.25286	0.00000e+00
0.15120	0.00000e+00
0.15712	0.00000e+00
0.16134	0.00000e+00
