0.99149	1.86782e-03
0.98393	8.92844e-03
0.97443	1.43909e-02
0.95581	2.37269e-02
0.95094	3.07894e-02
0.92799	3.80571e-02
0.93047	4.09496e-02
0.92738	3.22243e-02
0.92961	3.17893e-02
0.90925	3.57662e-02
0.90637	5.71224e-02
0.89457	5.44216e-02
0.87943	5.79120e-02
0.85802	9.82048e-02
0.87105	6.10832e-02
0.85716	7.32263e-02
0.85817	8.36987e-02
0.83271	8.30472e-02
0.83225	8.61214e-02
0.81375	9.68884e-02
0.81709	6.63485e-02
0.84000	5.03766e-02
0.83364	5.23417e-02
0.82185	5.14250e-02
0.82705	5.85501e-02
0.81954	6.19192e-02
0.82658	4.35809e-02
0.79293	5.84615e-02
0.80701	5.66102e-02
0.79538	7.32199e-02
0.78483	7.32543e-02
0.79419	6.31586e-02
0.78799	5.88580e-02
0.78498	5.94485e-02
0.80604	4.48957e-02
0.79953	2.85028e-02
0.80438	3.65521e-02
0.76660	5.19895e-02
0.79237	2.54558e-02
0.76943	3.14675e-02
0.79077	2.10572e-02
0.79129	3.08449e-02
0.79829	3.30966e-02
0.80297	4.60844e-02
0.78755	2.88355e-02
0.78517	5.44670e-02
0.80329	2.57763e-02
0.77357	4.65421e-02
0.78163	3.70098e-02
0.75936	5.44318e-02
0.76623	4.07712e-02
0.77516	4.83147e-02
0.75315	5.30418e-02
0.75346	5.58571e-02
0.75547	3.55977e-02
0.74479	3.88069e-02
0.72703	6.05835e-02
0.70926	4.64258e-02
0.72141	4.02883e-02
0.72121	4.10301e-02
0.69503	4.19306e-02
0.71940	2.70806e-02
0.69065	5.93841e-02
0.69134	3.92912e-02
0.67940	4.46819e-02
0.67888	5.74190e-02
0.64892	4.11397e-02
0.66802	4.72629e-02
0.63884	5.70963e-02
0.65919	3.83250e-02
0.63036	3.97169e-02
0.65997	5.15500e-02
0.63256	4.21594e-02
0.62899	8.25962e-02
0.60716	7.55452e-02
0.59342	4.73956e-02
0.60741	6.14316e-02
0.60532	6.19244e-02
0.55830	4.55808e-02
0.55694	6.66522e-02
0.57484	6.69742e-02
0.55354	6.54113e-02
0.55290	5.18321e-02
0.53945	5.80119e-02
0.52647	9.61837e-02
0.50942	8.74512e-02
0.53724	3.99577e-02
0.52704	7.28375e-02
0.52743	9.78820e-02
0.50512	1.14122e-01
0.51329	6.83451e-02
0.51826	8.20474e-02
0.52416	7.78369e-02
0.46734	1.00313e-01
0.48403	6.92102e-02
0.45694	5.10416e-02
0.44535	5.96879e-02
0.45643	9.37779e-02
0.45280	6.44527e-02
0.46039	3.92187e-02
0.47444	6.78695e-02
0.48482	7.79687e-02
0.48025	6.59892e-02
0.49266	6.21278e-02
0.49266	6.21278e-02
0.47438	6.36649e-02
0.48053	5.82914e-02
0.48041	6.11606e-02
0.49084	7.12313e-02
0.49182	5.89908e-02
0.49160	5.87237e-02
0.52281	6.24926e-02
0.52281	6.24926e-02
0.52051	6.13595e-02
0.51330	8.92916e-02
0.50746	7.68400e-02
0.50934	7.64207e-02
0.49979	7.65107e-02
0.49857	7.96529e-02
0.51209	8.57876e-02
0.52119	8.23000e-02
0.51439	8.82530e-02
0.51639	8.88432e-02
0.52132	9.75444e-02
0.52220	9.79074e-02
0.52220	9.79074e-02
0.55399	9.43749e-02
0.57460	7.46948e-02
0.57460	7.46948e-02
0.56810	5.88663e-02
0.56616	5.27639e-02
0.56277	5.56657e-02
0.56277	5.56657e-02
0.56830	5.26218e-02
0.57187	6.01348e-02
0.55633	7.05611e-02
0.55791	7.26220e-02
0.57849	8.11242e-02
0.56735	6.60457e-02
0.58832	7.24296e-02
0.60738	8.58821e-02
0.60736	8.41881e-02
0.60796	8.41309e-02
0.60007	8.11846e-02
0.59514	8.13165e-02
0.58833	8.00238e-02
0.57791	6.58613e-02
0.59169	7.50100e-02
0.59523	7.62521e-02
0.61376	8.30689e-02
0.59671	9.04766e-02
0.60434	7.80695e-02
0.60547	7.90386e-02
0.60976	7.57368e-02
0.60852	7.37101e-02
0.61197	7.54409e-02
0.60916	7.56730e-02
0.60454	7.29143e-02
0.60454	7.29143e-02
0.63084	6.15473e-02
0.63296	6.04698e-02
0.64324	5.81571e-02
0.62473	4.65183e-02
0.63531	5.97695e-02
0.63910	6.17669e-02
0.64045	6.08045e-02
0.63892	8.05424e-02
0.63583	8.71114e-02
0.62932	9.18111e-02
0.62819	9.09409e-02
0.62819	9.09409e-02
0.64879	9.57285e-02
0.66308	6.96082e-02
0.66045	6.88037e-02
0.66441	7.29365e-02
0.66729	7.00588e-02
0.70165	6.91102e-02
0.69343	6.68833e-02
0.68879	6.44320e-02
0.67616	5.97316e-02
0.68323	6.39791e-02
0.67976	6.42062e-02
0.68350	6.70936e-02
0.66731	8.66762e-02
0.66231	8.32183e-02
0.68034	7.35291e-02
0.66649	7.24276e-02
0.66162	7.09024e-02
0.67477	6.65481e-02
0.67274	6.39962e-02
0.67274	6.39962e-02
0.67847	6.67513e-02
0.68466	6.71555e-02
0.68302	6.62040e-02
0.68506	6.80079e-02
0.68109	6.42464e-02
0.68144	6.43711e-02
0.69915	6.66599e-02
0.70589	6.35269e-02
0.69966	6.85117e-02
0.71358	4.59420e-02
0.72364	5.27292e-02
0.73571	5.63649e-02
0.73547	6.39788e-02
0.72690	6.86819e-02
0.73504	7.01182e-02
0.73847	7.13235e-02
0.73370	7.80751e-02
0.73192	8.20974e-02
0.74300	6.62991e-02
0.75403	6.14918e-02
0.75504	6.68884e-02
0.73656	6.05079e-02
0.73656	6.05079e-02
0.73388	5.09177e-02
0.73705	5.52109e-02
0.75503	4.87119e-02
0.74982	4.93214e-02
0.76310	5.34250e-02
0.76415	5.43155e-02
0.77486	5.54300e-02
0.75442	8.34519e-02
0.76906	5.26307e-02
0.76831	5.37145e-02
0.77517	4.64579e-02
0.77357	4.87238e-02
0.77318	3.99531e-02
0.76829	3.49944e-02
0.76829	3.49944e-02
0.77471	3.69861e-02
0.77472	3.70498e-02
0.76667	3.46922e-02
0.77678	4.93121e-02
0.77417	4.79007e-02
0.77305	4.57754e-02
0.77458	3.49864e-02
0.77236	4.61440e-02
0.77429	5.49923e-02
0.78387	5.03056e-02
0.78360	5.04494e-02
0.78567	5.25143e-02
0.77519	4.78677e-02
0.77617	4.93534e-02
0.78700	5.26271e-02
0.79483	5.51277e-02
0.79908	4.85323e-02
0.79397	4.62801e-02
0.80380	4.18953e-02
0.80068	3.26091e-02
0.80304	3.32637e-02
0.79483	3.05484e-02
0.79952	3.49817e-02
0.80798	3.48658e-02
0.80575	3.76644e-02
0.79438	3.74713e-02
0.79801	3.86971e-02
0.80829	3.82712e-02
0.80713	3.98674e-02
0.81021	3.74376e-02
0.81841	3.39943e-02
0.82011	3.79754e-02
0.82960	3.33835e-02
0.82742	3.23350e-02
0.83001	3.02697e-02
0.83595	3.37697e-02
0.82675	2.86772e-02
0.81941	3.04803e-02
0.82134	2.96289e-02
0.83100	3.56602e-02
0.83303	3.29704e-02
0.83296	3.31001e-02
0.82475	4.71900e-02
0.82624	4.77967e-02
0.82750	4.81744e-02
0.82695	4.82671e-02
0.82445	4.94958e-02
0.83893	2.75882e-02
0.83650	2.67534e-02
0.84450	3.30715e-02
0.85420	2.85542e-02
0.85133	3.22789e-02
0.84776	4.21416e-02
0.83709	4.93722e-02
0.84342	4.33976e-02
0.85010	4.50139e-02
0.84635	4.17386e-02
0.84663	4.19027e-02
0.84332	4.21808e-02
0.85946	4.81361e-02
0.85498	4.73730e-02
0.85639	4.89544e-02
0.85855	5.48456e-02
0.85911	5.86263e-02
0.86235	6.04910e-02
0.85643	5.48808e-02
0.86800	4.15256e-02
0.86800	4.15256e-02
0.86717	3.89217e-02
0.87009	4.73948e-02
0.86555	4.68117e-02
0.86277	4.91519e-02
0.86282	4.91693e-02
0.85854	4.23447e-02
0.85725	4.10275e-02
0.86801	4.44842e-02
0.86961	4.96099e-02
0.86889	4.85972e-02
0.86717	5.12630e-02
0.87596	3.82764e-02
0.87979	4.36817e-02
0.88048	4.39768e-02
0.88552	4.11812e-02
0.88697	3.97239e-02
0.88579	3.99920e-02
0.88924	3.78984e-02
0.88782	3.87453e-02
0.88782	3.87453e-02
0.88778	3.87195e-02
0.88778	3.87195e-02
0.88778	3.87195e-02
0.89070	2.13278e-02
0.89142	3.50304e-02
0.89306	3.62499e-02
0.89556	4.02212e-02
0.88654	3.86272e-02
0.88833	3.94647e-02
0.89351	4.08553e-02
0.89567	5.43291e-02
0.89567	5.43291e-02
0.89751	5.71303e-02
0.89672	5.72669e-02
0.89553	5.65277e-02
0.89996	5.38640e-02
0.90071	5.20359e-02
0.90836	5.25969e-02
0.90557	5.25271e-02
0.90435	5.36363e-02
0.90266	5.30109e-02
0.90569	5.07094e-02
0.89524	5.73463e-02
0.89375	5.85339e-02
0.89375	5.85339e-02
0.89347	5.83137e-02
0.88224	5.12150e-02
0.88224	5.12150e-02
0.89336	4.17596e-02
0.89395	4.16715e-02
0.89606	4.59635e-02
0.90384	4.15109e-02
0.92013	3.02057e-02
0.91100	3.92762e-02
0.91103	4.03166e-02
0.89699	3.95913e-02
0.89961	4.44322e-02
0.90133	4.48716e-02
0.90734	4.52753e-02
0.91304	4.65496e-02
0.91187	4.62368e-02
0.91194	4.63602e-02
0.89920	3.69874e-02
0.90754	4.46347e-02
0.90754	4.46347e-02
0.92557	4.20066e-02
0.92227	2.47259e-02
0.92227	2.47259e-02
0.92630	2.77769e-02
0.92826	3.17144e-02
0.92764	3.07032e-02
0.92493	2.87709e-02
0.92014	2.30401e-02
0.92321	2.56712e-02
0.93244	2.21216e-02
0.93073	2.08792e-02
0.93073	2.08792e-02
0.93342	2.48002e-02
0.93564	2.17545e-02
0.93502	2.25193e-02
0.93472	2.20000e-02
0.93472	2.20000e-02
0.93543	2.11971e-02
0.93829	2.66725e-02
0.93213	1.93377e-02
0.93219	1.93441e-02
0.93281	3.25626e-02
0.93338	3.25079e-02
0.92544	4.34143e-02
0.92772	4.27451e-02
0.92772	4.27451e-02
0.92772	4.27451e-02
0.93287	2.63991e-02
0.93625	2.78404e-02
0.93441	2.80338e-02
0.93441	2.80338e-02
0.93443	2.55565e-02
0.93443	2.55565e-02
0.93443	2.55565e-02
0.93443	2.55565e-02
0.93429	2.56095e-02
0.93930	2.93020e-02
0.94023	2.79359e-02
0.93067	1.68273e-02
0.93778	1.20935e-02
0.94002	9.76263e-03
0.94174	1.11969e-02
0.94183	1.10655e-02
0.94372	1.31751e-02
0.94372	1.31751e-02
0.94372	1.31751e-02
0.94727	1.70610e-02
0.94727	1.70610e-02
0.94733	1.70846e-02
0.94981	2.12725e-02
0.94046	1.13346e-02
0.94049	1.12926e-02
0.93817	8.94821e-03
0.94194	9.71127e-03
0.93571	1.17090e-02
0.94167	1.37396e-02
0.95679	2.34951e-02
0.95529	2.26875e-02
0.95213	1.89622e-02
0.95483	2.13033e-02
0.95320	2.40867e-02
0.95387	2.39989e-02
0.95387	2.39989e-02
0.95597	2.37473e-02
0.97061	1.50983e-02
0.95999	1.20396e-02
0.95925	2.14078e-02
0.95925	2.14078e-02
0.96010	2.05823e-02
0.96540	2.20002e-02
0.95109	1.05781e-02
0.95109	1.05781e-02
0.95543	1.04576e-02
0.96659	2.16151e-02
0.96921	2.42400e-02
0.94497	0.00000e+00
0.97000	0.00000e+00
0.95377	0.00000e+00
0.95377	0.00000e+00
0.95377	0.00000e+00
0.95377	0.00000e+00
0.95377	0.00000e+00
0.99154	0.00000e+00
0.99154	0.00000e+00
0.99154	0.00000e+00
0.99154	0.00000e+00
0.99170	0.00000e+00
