0.99197	1.11915e-03
0.97677	9.19732e-03
0.97078	1.32158e-02
0.96173	1.61928e-02
0.96351	1.89326e-02
0.95192	3.34678e-02
0.95208	3.11347e-02
0.94113	4.59660e-02
0.92502	4.04632e-02
0.91296	2.97801e-02
0.92338	2.85192e-02
0.88986	2.79615e-02
0.87947	4.74029e-02
0.84955	4.08728e-02
0.85299	5.22488e-02
0.87253	4.52068e-02
0.85810	4.29736e-02
0.87151	4.67145e-02
0.85020	4.55520e-02
0.84739	5.06996e-02
0.86030	4.54841e-02
0.84999	3.01938e-02
0.85292	3.50376e-02
0.84000	4.19640e-02
0.83223	5.43600e-02
0.83680	4.57273e-02
0.82957	5.36273e-02
0.82664	3.81896e-02
0.79947	5.38388e-02
0.79486	7.38884e-02
0.80506	4.42255e-02
0.81152	2.63894e-02
0.79289	4.48399e-02
0.78279	5.54157e-02
0.79103	5.52210e-02
0.78883	5.35073e-02
0.78762	4.45091e-02
0.79478	3.24752e-02
0.77606	4.40470e-02
0.78054	3.74202e-02
0.77157	6.34016e-02
0.74871	5.14058e-02
0.77836	4.30876e-02
0.78531	3.97488e-02
0.77517	3.54970e-02
0.74498	3.88491e-02
0.75604	4.27641e-02
0.75609	3.68336e-02
0.75075	3.55317e-02
0.75908	4.28049e-02
0.75372	3.70062e-02
0.73012	3.14876e-02
0.73112	5.05185e-02
0.73662	5.57796e-02
0.73082	4.94025e-02
0.73881	2.18270e-02
0.71516	4.82778e-02
0.73082	6.26753e-02
0.70399	6.03712e-02
0.70780	3.99479e-02
0.70817	4.25354e-02
0.68860	6.47534e-02
0.68459	7.90511e-02
0.68783	5.30157e-02
0.67698	3.03469e-02
0.67145	3.45009e-02
0.68599	4.68616e-02
0.63466	5.71773e-02
0.68758	6.29539e-02
0.63450	2.52122e-02
0.65336	4.26586e-02
0.65270	5.06310e-02
0.63645	4.29655e-02
0.63774	3.74443e-02
0.61610	5.68210e-02
0.62302	3.76876e-02
0.58992	4.69468e-02
0.60117	5.50184e-02
0.60444	4.81319e-02
0.59316	5.34087e-02
0.60692	6.63681e-02
0.56919	5.69639e-02
0.54692	5.32983e-02
0.56327	6.93981e-02
0.55686	5.68662e-02
0.55682	4.96157e-02
0.54079	5.14299e-02
0.53832	4.50045e-02
0.55254	6.86794e-02
0.53187	6.67674e-02
0.49624	7.06216e-02
0.53626	6.81812e-02
0.47299	6.83366e-02
0.50146	6.20962e-02
0.50526	7.81157e-02
0.48594	6.61089e-02
0.47337	7.36482e-02
0.47495	7.15803e-02
0.47930	8.03486e-02
0.48187	7.04275e-02
0.49578	9.37468e-02
0.50355	9.35696e-02
0.50478	9.25944e-02
0.53504	8.55952e-02
0.53545	9.31958e-02
0.53157	9.65734e-02
0.52691	9.78425e-02
0.50661	7.12649e-02
0.51599	7.11829e-02
0.50014	6.34743e-02
0.50557	7.16709e-02
0.52297	6.98216e-02
0.55164	9.00610e-02
0.53901	8.88947e-02
0.54530	7.27109e-02
0.56346	7.20643e-02
0.57212	6.38372e-02
0.57707	6.36465e-02
0.58111	6.58234e-02
0.57655	5.77036e-02
0.57408	6.03534e-02
0.56949	6.01911e-02
0.58311	7.01207e-02
0.56838	8.01553e-02
0.57949	8.99651e-02
0.59181	8.11855e-02
0.59748	8.13670e-02
0.59987	7.33808e-02
0.61259	5.69995e-02
0.61363	6.07158e-02
0.61363	6.07158e-02
0.61787	7.98732e-02
0.62149	7.18999e-02
0.62067	6.94055e-02
0.62071	7.39213e-02
0.62194	7.94862e-02
0.62278	7.83997e-02
0.62856	8.07219e-02
0.63118	7.03591e-02
0.64203	7.10327e-02
0.65205	4.13736e-02
0.64873	5.11268e-02
0.64873	5.11268e-02
0.64002	7.51271e-02
0.65164	7.02583e-02
0.64649	6.82610e-02
0.64796	6.45067e-02
0.64481	5.11643e-02
0.65212	5.25526e-02
0.65721	6.21455e-02
0.65044	6.55946e-02
0.66533	7.35144e-02
0.66120	7.06609e-02
0.66416	7.04625e-02
0.66398	6.81376e-02
0.66398	6.81376e-02
0.66398	6.81376e-02
0.67054	5.99619e-02
0.68201	5.89128e-02
0.68038	6.72757e-02
0.68038	6.72757e-02
0.68933	6.96677e-02
0.69930	5.90519e-02
0.71071	5.12828e-02
0.69340	6.15083e-02
0.69136	6.14580e-02
0.68711	6.67921e-02
0.68678	6.71686e-02
0.68798	6.72889e-02
0.69217	6.89720e-02
0.68990	6.85769e-02
0.69681	7.62794e-02
0.70508	7.39273e-02
0.69306	8.37669e-02
0.70659	7.65407e-02
0.71768	7.18791e-02
0.72199	5.66806e-02
0.72031	5.53761e-02
0.71057	5.58210e-02
0.70880	5.61869e-02
0.71463	5.80871e-02
0.70188	4.66040e-02
0.69548	5.24264e-02
0.70852	5.86095e-02
0.71790	6.65661e-02
0.72888	6.92737e-02
0.72820	6.49859e-02
0.72820	6.49859e-02
0.71443	6.49834e-02
0.72254	6.57036e-02
0.71880	5.77744e-02
0.71880	5.77744e-02
0.72415	6.21320e-02
0.71695	6.31360e-02
0.72903	7.18832e-02
0.72903	7.18832e-02
0.72735	7.80387e-02
0.73011	7.95719e-02
0.73123	7.92157e-02
0.74328	6.25987e-02
0.73975	4.32727e-02
0.74187	4.34199e-02
0.74914	5.16144e-02
0.74575	4.02123e-02
0.74870	3.08719e-02
0.74616	2.85630e-02
0.74783	2.73914e-02
0.76595	3.14939e-02
0.76231	2.47154e-02
0.75455	3.56309e-02
0.75115	4.41327e-02
0.74513	4.64640e-02
0.75044	4.53626e-02
0.76573	5.83851e-02
0.76573	5.83851e-02
0.76776	5.80812e-02
0.77590	4.72572e-02
0.75593	6.40572e-02
0.77171	4.88067e-02
0.77992	4.66546e-02
0.78288	4.57637e-02
0.78286	3.52746e-02
0.79653	4.65549e-02
0.79655	4.06854e-02
0.79277	3.68787e-02
0.79686	3.59923e-02
0.78859	2.57230e-02
0.78877	2.56991e-02
0.78859	3.43777e-02
0.79482	5.30186e-02
0.79999	5.25802e-02
0.80296	4.94826e-02
0.80712	4.48059e-02
0.80493	4.07262e-02
0.81229	3.70000e-02
0.81080	3.66013e-02
0.81080	3.66013e-02
0.81088	3.91181e-02
0.80646	3.96705e-02
0.80697	3.04397e-02
0.81450	3.53309e-02
0.81708	3.56423e-02
0.82267	3.69118e-02
0.82055	4.34283e-02
0.82560	3.82137e-02
0.82560	3.82137e-02
0.83117	3.59167e-02
0.83262	3.41942e-02
0.83492	3.12667e-02
0.84130	3.23594e-02
0.84568	3.57061e-02
0.84714	4.09433e-02
0.84264	3.91212e-02
0.83648	3.18561e-02
0.84193	2.65885e-02
0.85170	3.36595e-02
0.85136	3.36790e-02
0.85162	2.93076e-02
0.84735	2.61420e-02
0.84099	2.79945e-02
0.84360	2.68548e-02
0.83859	2.70200e-02
0.83329	4.55624e-02
0.83595	4.49801e-02
0.83284	4.72809e-02
0.84722	3.76264e-02
0.84659	3.74598e-02
0.84321	4.43049e-02
0.84038	4.50958e-02
0.85409	5.15461e-02
0.85722	4.87747e-02
0.86044	4.37685e-02
0.86153	3.83168e-02
0.86409	3.75455e-02
0.85588	4.25064e-02
0.85416	4.32635e-02
0.85846	4.16319e-02
0.85966	4.09863e-02
0.86496	4.25581e-02
0.86364	4.04693e-02
0.85899	4.36342e-02
0.85610	3.96927e-02
0.86631	3.14725e-02
0.86792	3.24899e-02
0.86413	2.92872e-02
0.86511	2.94687e-02
0.86844	2.99227e-02
0.87505	2.21725e-02
0.87620	1.95869e-02
0.87441	2.14192e-02
0.87688	1.81897e-02
0.88300	2.77255e-02
0.87948	2.49248e-02
0.88277	2.72667e-02
0.88164	2.36787e-02
0.88043	2.88514e-02
0.88454	3.34871e-02
0.87880	2.64162e-02
0.88075	3.12743e-02
0.88749	3.28165e-02
0.88702	3.25216e-02
0.88780	3.22885e-02
0.88842	2.89629e-02
0.88857	2.90257e-02
0.89399	2.07233e-02
0.89003	2.47954e-02
0.89390	2.73679e-02
0.89521	2.92591e-02
0.88777	3.35682e-02
0.89381	3.61114e-02
0.90259	2.60341e-02
0.90563	2.45578e-02
0.91502	3.00357e-02
0.90843	2.67167e-02
0.90115	2.52855e-02
0.90115	2.52855e-02
0.90254	2.24527e-02
0.89944	2.43169e-02
0.89919	2.37810e-02
0.89778	2.54411e-02
0.90540	2.46971e-02
0.91009	3.23679e-02
0.90739	3.47854e-02
0.90954	3.27104e-02
0.91888	1.93893e-02
0.92216	1.98184e-02
0.92757	2.16918e-02
0.91727	2.58052e-02
0.91067	2.74307e-02
0.91023	2.70207e-02
0.91369	2.97876e-02
0.91761	2.64209e-02
0.91092	2.72926e-02
0.91342	2.48957e-02
0.91386	2.54032e-02
0.91740	2.54849e-02
0.92139	2.52520e-02
0.91635	2.30489e-02
0.91635	2.30489e-02
0.91635	2.30489e-02
0.91628	2.43678e-02
0.91073	2.26620e-02
0.91073	2.26620e-02
0.91280	1.98442e-02
0.91630	2.30771e-02
0.91558	2.62872e-02
0.91748	2.66119e-02
0.92825	2.74893e-02
0.92836	2.69930e-02
0.92597	2.77055e-02
0.92597	2.77055e-02
0.92528	2.55454e-02
0.92922	2.74219e-02
0.92615	2.57220e-02
0.92684	2.39068e-02
0.92870	2.95485e-02
0.93064	3.09431e-02
0.94328	2.26836e-02
0.94178	2.20392e-02
0.93610	1.47292e-02
0.93651	1.37752e-02
0.93498	1.55734e-02
0.93498	1.55734e-02
0.93678	1.83445e-02
0.93253	2.11656e-02
0.93560	1.97448e-02
0.93643	1.94315e-02
0.94004	9.78006e-03
0.94443	1.22132e-02
0.93990	1.09490e-02
0.93937	1.03898e-02
0.94243	1.49939e-02
0.94534	1.34529e-02
0.94862	1.21257e-02
0.94978	1.42827e-02
0.95687	1.94125e-02
0.96036	2.23916e-02
0.95735	2.25153e-02
0.95042	2.65373e-02
0.95041	2.65181e-02
0.94628	2.46626e-02
0.94644	2.44374e-02
0.95205	2.58796e-02
0.95205	2.58796e-02
0.95351	2.55436e-02
0.95095	1.96588e-02
0.95095	1.96588e-02
0.95283	2.20113e-02
0.95728	2.26272e-02
0.95682	7.12060e-03
0.95910	2.21650e-02
0.96311	2.54687e-02
0.96118	2.42416e-02
0.95052	1.81437e-02
0.95052	1.81437e-02
0.95716	2.17515e-02
0.95716	2.17515e-02
0.95716	2.17515e-02
0.96439	2.63377e-02
0.95137	2.30661e-02
0.95201	2.37083e-02
0.94979	2.14931e-02
0.94979	2.14931e-02
0.94979	2.14931e-02
0.94979	2.14931e-02
0.94979	2.14931e-02
0.96657	4.72088e-03
0.96657	4.72088e-03
0.96657	4.72088e-03
0.96657	4.72088e-03
0.96657	4.72088e-03
0.97645	1.46086e-02
0.96185	0.00000e+00
0.96185	0.00000e+00
0.95147	0.00000e+00
0.95147	0.00000e+00
0.93511	0.00000e+00
0.92706	0.00000e+00
0.92706	0.00000e+00
0.92706	0.00000e+00
0.92706	0.00000e+00
0.92706	0.00000e+00
0.92706	0.00000e+00
0.92706	0.00000e+00
0.92706	0.00000e+00
0.93595	0.00000e+00
0.93595	0.00000e+00
0.93595	0.00000e+00
0.93595	0.00000e+00
0.93595	0.00000e+00
0.93595	0.00000e+00
0.93595	0.00000e+00
0.93595	0.00000e+00
0.93595	0.00000e+00
0.94439	0.00000e+00
0.94439	0.00000e+00
0.94439	0.00000e+00
0.94439	0.00000e+00
0.94439	0.00000e+00
0.94439	0.00000e+00
0.94439	0.00000e+00
0.94439	0.00000e+00
0.96794	0.00000e+00
0.95425	0.00000e+00
0.95425	0.00000e+00
0.98867	0.00000e+00
0.98867	0.00000e+00
0.98867	0.00000e+00
0.98867	0.00000e+00
0.98867	0.00000e+00
0.98867	0.00000e+00
0.98867	0.00000e+00
0.98867	0.00000e+00
0.98867	0.00000e+00
0.98867	0.00000e+00
0.99074	0.00000e+00
0.99074	0.00000e+00
0.99074	0.00000e+00
0.99147	0.00000e+00
