0.98280	6.81440e-03
0.96881	8.63700e-03
0.96748	1.67072e-02
0.95700	1.97132e-02
0.94966	5.95132e-03
0.95199	1.17362e-02
0.93436	1.74668e-02
0.92819	2.41449e-02
0.90623	1.58349e-02
0.90918	1.91399e-02
0.88872	1.70005e-02
0.88290	2.52107e-02
0.85773	3.43575e-02
0.86235	2.54490e-02
0.83616	2.95963e-02
0.82640	3.06878e-02
0.83169	3.66686e-02
0.82236	3.91525e-02
0.82831	4.55091e-02
0.80943	4.11858e-02
0.79888	4.45230e-02
0.77363	4.13072e-02
0.78314	3.20986e-02
0.78107	4.22696e-02
0.76549	4.70933e-02
0.77219	6.24692e-02
0.75992	6.70597e-02
0.74052	5.94715e-02
0.76192	4.38474e-02
0.73086	4.97741e-02
0.71711	6.07604e-02
0.72581	5.49962e-02
0.70842	7.03295e-02
0.68053	8.09821e-02
0.68150	9.06203e-02
0.68129	9.72151e-02
0.64123	1.28027e-01
0.60101	1.53888e-01
0.61184	1.34937e-01
0.62685	1.19349e-01
0.57989	1.31921e-01
0.57923	1.36874e-01
0.58395	1.22127e-01
0.61099	1.15988e-01
0.60359	1.35877e-01
0.58501	8.47023e-02
0.57798	1.04990e-01
0.56053	1.03501e-01
0.56427	1.07085e-01
0.55962	8.20454e-02
0.55226	6.72886e-02
0.55158	8.76835e-02
0.57805	6.71112e-02
0.58686	3.72613e-02
0.57580	4.07014e-02
0.56187	6.06040e-02
0.55305	5.86619e-02
0.56431	3.66813e-02
0.55623	7.42437e-02
0.52085	4.53415e-02
0.53100	8.19030e-02
0.52717	7.64204e-02
0.49910	6.85257e-02
0.53973	7.01221e-02
0.51731	7.89307e-02
0.49853	5.78259e-02
0.47633	7.94325e-02
0.45466	9.95656e-02
0.48357	8.01192e-02
0.49802	6.89132e-02
0.49871	5.67229e-02
0.49024	5.77481e-02
0.49850	7.81305e-02
0.49196	7.63881e-02
0.51062	1.06452e-01
0.45934	9.44522e-02
0.47455	7.11792e-02
0.49522	8.57182e-02
0.47338	6.45194e-02
0.47090	7.05326e-02
0.45699	6.46491e-02
0.47002	7.34175e-02
0.44605	6.75210e-02
0.44130	8.19701e-02
0.43547	9.37066e-02
0.43286	9.96864e-02
0.45763	1.00836e-01
0.47919	8.41140e-02
0.44275	9.76763e-02
0.43829	8.03577e-02
0.42825	9.29501e-02
0.45227	9.96730e-02
0.48171	8.11574e-02
0.47613	4.78380e-02
0.45558	8.51004e-02
0.46675	7.15647e-02
0.44636	9.41178e-02
0.44903	7.81572e-02
0.46105	7.26113e-02
0.51435	5.60365e-02
0.51394	5.62054e-02
0.51470	8.32431e-02
0.49134	7.53959e-02
0.48854	7.42300e-02
0.49773	8.46976e-02
0.50989	8.52234e-02
0.51061	8.12009e-02
0.51078	8.17903e-02
0.51078	8.17903e-02
0.50991	6.84286e-02
0.51520	7.25706e-02
0.52756	8.39344e-02
0.54064	8.85541e-02
0.54298	9.09470e-02
0.55504	8.08749e-02
0.56174	8.55671e-02
0.56071	8.84828e-02
0.56482	9.24316e-02
0.56495	9.23859e-02
0.56495	9.23859e-02
0.57335	9.44060e-02
0.58975	9.12183e-02
0.62631	7.84033e-02
0.62554	7.73933e-02
0.62893	7.18368e-02
0.62712	7.14445e-02
0.63039	7.64864e-02
0.62934	6.92524e-02
0.64515	8.38526e-02
0.66062	7.84024e-02
0.68245	7.95855e-02
0.69744	7.35642e-02
0.68163	7.24528e-02
0.68501	7.43420e-02
0.68691	7.39862e-02
0.68739	8.00168e-02
0.69362	8.05765e-02
0.68711	7.40365e-02
0.69222	7.88127e-02
0.68731	7.66501e-02
0.69652	7.18658e-02
0.70199	7.41778e-02
0.69879	8.20215e-02
0.71382	6.11524e-02
0.71789	5.48153e-02
0.72365	5.77829e-02
0.73204	5.92507e-02
0.72841	5.88102e-02
0.72598	5.70095e-02
0.72705	6.79997e-02
0.73674	7.43623e-02
0.73724	7.18716e-02
0.74748	6.57345e-02
0.75571	4.80796e-02
0.75932	5.30543e-02
0.75282	5.64132e-02
0.75166	5.69206e-02
0.76511	5.20888e-02
0.75941	5.76198e-02
0.75680	5.80635e-02
0.74143	5.93193e-02
0.74633	5.77166e-02
0.75077	5.51268e-02
0.75561	5.91051e-02
0.77038	6.66165e-02
0.78405	4.99644e-02
0.77945	5.75368e-02
0.78305	5.82242e-02
0.78816	6.55981e-02
0.79157	4.95661e-02
0.78946	5.13449e-02
0.79148	5.12524e-02
0.78732	4.70386e-02
0.79436	4.72456e-02
0.78849	4.68906e-02
0.79995	5.59553e-02
0.78828	5.43166e-02
0.79576	5.81800e-02
0.80532	6.85822e-02
0.80933	6.37925e-02
0.81696	6.21575e-02
0.81680	5.54769e-02
0.81972	5.51796e-02
0.82130	5.63152e-02
0.81297	5.41115e-02
0.81083	5.39300e-02
0.81597	5.94050e-02
0.81475	5.89696e-02
0.82113	6.07067e-02
0.81787	6.04064e-02
0.82442	6.23174e-02
0.82988	5.21174e-02
0.82640	4.68852e-02
0.82640	4.68852e-02
0.82177	4.66403e-02
0.82400	4.67737e-02
0.82892	4.58814e-02
0.83022	4.67509e-02
0.83981	5.23225e-02
0.84398	3.84245e-02
0.83730	3.90368e-02
0.83730	3.90368e-02
0.83244	3.77301e-02
0.83580	3.88873e-02
0.83569	4.17011e-02
0.83806	4.54435e-02
0.84851	4.72622e-02
0.85658	3.00641e-02
0.86009	3.98005e-02
0.87234	3.31196e-02
0.87096	3.22953e-02
0.86640	3.42311e-02
0.86705	3.98328e-02
0.87087	3.86057e-02
0.87682	3.72500e-02
0.87510	3.93321e-02
0.87096	3.58123e-02
0.87443	3.54542e-02
0.88183	3.49420e-02
0.88141	2.87779e-02
0.88907	2.73350e-02
0.87485	4.72174e-02
0.87618	4.97203e-02
0.87968	4.23617e-02
0.87338	4.15153e-02
0.87947	3.98336e-02
0.88083	3.81316e-02
0.88234	3.71950e-02
0.88826	4.04723e-02
0.88773	4.00164e-02
0.88754	4.14376e-02
0.88653	4.03630e-02
0.88567	3.99709e-02
0.90030	3.30510e-02
0.89863	3.22867e-02
0.90359	3.47455e-02
0.89685	5.06019e-02
0.89537	4.95087e-02
0.89682	4.32979e-02
0.89719	4.33921e-02
0.90377	3.41664e-02
0.90052	3.51341e-02
0.90199	3.16295e-02
0.90568	3.38617e-02
0.90588	2.87137e-02
0.90588	2.87137e-02
0.90572	2.91219e-02
0.90382	3.63018e-02
0.90384	3.54791e-02
0.90438	3.54659e-02
0.90607	3.66190e-02
0.90881	3.28919e-02
0.90962	3.29303e-02
0.90962	3.29303e-02
0.91234	3.64335e-02
0.90677	2.94497e-02
0.90494	3.36080e-02
0.91072	2.27884e-02
0.90985	2.51917e-02
0.90953	2.50221e-02
0.91105	2.32347e-02
0.91312	1.90487e-02
0.91496	2.02293e-02
0.91672	2.01474e-02
0.91593	2.59671e-02
0.92048	2.86858e-02
0.92066	2.83718e-02
0.92075	2.82417e-02
0.91624	2.36340e-02
0.91600	2.39425e-02
0.91549	2.50678e-02
0.91422	2.37035e-02
0.91335	2.35980e-02
0.92121	2.09097e-02
0.92161	2.13008e-02
0.92409	2.08174e-02
0.92353	2.37622e-02
0.92361	2.38655e-02
0.92055	2.46124e-02
0.92418	2.44098e-02
0.92130	2.31682e-02
0.92461	2.51371e-02
0.92461	2.51306e-02
0.92461	2.51309e-02
0.91951	2.22249e-02
0.92496	2.00646e-02
0.92057	2.06648e-02
0.92089	2.02080e-02
0.92670	2.28368e-02
0.92365	1.99997e-02
0.92446	2.30739e-02
0.92527	2.19901e-02
0.92385	2.37527e-02
0.92600	2.27065e-02
0.92222	2.01673e-02
0.92453	2.14847e-02
0.92583	2.29424e-02
0.92439	2.20722e-02
0.92313	2.33896e-02
0.92315	2.34140e-02
0.92396	2.41539e-02
0.92571	2.03955e-02
0.92487	1.89684e-02
0.92746	1.81235e-02
0.92675	1.84363e-02
0.92798	1.90586e-02
0.92805	1.90656e-02
0.93244	1.59443e-02
0.93111	1.73812e-02
0.93160	1.58707e-02
0.93223	1.56866e-02
0.92870	1.46779e-02
0.92812	2.88257e-02
0.92713	3.15843e-02
0.93970	3.31485e-02
0.93626	3.34713e-02
0.93370	3.28757e-02
0.93528	3.39136e-02
0.94657	1.71621e-02
0.93928	2.43297e-02
0.93501	2.73851e-02
0.93256	2.57048e-02
0.93673	2.27675e-02
0.93644	2.01238e-02
0.94029	2.09909e-02
0.93951	2.18591e-02
0.93922	2.81500e-02
0.93394	2.82244e-02
0.93344	3.00036e-02
0.93389	3.02132e-02
0.93539	2.25867e-02
0.93539	2.25844e-02
0.93736	2.12247e-02
0.93397	2.65366e-02
0.93487	2.75244e-02
0.93264	2.76482e-02
0.93643	3.09301e-02
0.94131	3.01667e-02
0.94223	2.77609e-02
0.94303	2.79166e-02
0.94235	2.44191e-02
0.94634	2.24814e-02
0.94452	2.64498e-02
0.94452	2.64498e-02
0.94442	2.64709e-02
0.94506	2.65754e-02
0.94506	2.65754e-02
0.94424	3.09370e-02
0.94804	2.69730e-02
0.94972	2.65593e-02
0.95211	2.30124e-02
0.95096	2.22759e-02
0.95211	2.34819e-02
0.95510	2.31711e-02
0.95338	2.50921e-02
0.95342	2.21646e-02
0.95581	2.10977e-02
0.95883	1.31773e-02
0.95539	1.57417e-02
0.95817	1.86711e-02
0.95732	1.87446e-02
0.95791	1.76023e-02
0.95992	1.58052e-02
0.96222	1.39468e-02
0.96020	1.97503e-02
0.96020	1.97503e-02
0.96040	2.25585e-02
0.96026	2.23337e-02
0.96087	2.25026e-02
0.95936	2.33761e-02
0.96316	2.28478e-02
0.96727	2.46428e-02
0.96896	1.99895e-02
0.96854	2.01882e-02
0.97260	1.13422e-02
0.97297	1.15188e-02
0.96545	2.16705e-02
0.96551	2.17146e-02
0.96566	2.18158e-02
0.97115	1.38274e-02
0.96996	1.40224e-02
0.97013	1.41625e-02
0.97280	1.29206e-02
0.97228	1.12012e-02
0.97219	1.11437e-02
0.97252	1.05486e-02
0.97422	1.02092e-02
0.97421	1.02082e-02
0.97395	1.11222e-02
0.97395	1.11222e-02
0.97392	1.10969e-02
0.97148	1.11402e-02
0.97148	1.11382e-02
0.96771	1.25042e-02
0.96771	1.25042e-02
0.96776	1.25718e-02
0.96294	1.79618e-02
0.96294	1.79618e-02
0.97746	9.01627e-03
0.97363	8.82788e-03
0.97363	8.82788e-03
0.96585	1.05298e-03
0.96585	1.05298e-03
0.96585	1.05298e-03
0.96591	9.93824e-04
0.96591	9.93824e-04
0.97575	1.08311e-02
0.96790	1.86803e-02
0.95847	9.25261e-03
0.97090	3.17818e-03
0.97158	3.85477e-03
0.97158	3.85477e-03
0.97158	3.85477e-03
0.97237	4.64078e-03
0.97237	4.64078e-03
0.97237	4.64078e-03
0.98287	5.86038e-03
0.98250	5.48990e-03
0.98250	5.48990e-03
0.98257	5.42159e-03
0.98257	5.42159e-03
0.98259	5.39753e-03
0.98799	0.00000e+00
0.98781	0.00000e+00
0.98781	0.00000e+00
0.98781	0.00000e+00
0.98773	0.00000e+00
