0.0106	0.0106	0.0106	0.0106	0.0017	0.0125	0.0106	0.0200	0.0125	0.0011	0.0011	0.0011	0.0025	0.0025	0.0006	0.0100	0.0025	0.0025	0.0006	0.0006	0.0006	
0.0197	0.0198	0.0197	0.0197	0.0030	0.0234	0.0199	0.0375	0.0234	0.0021	0.0021	0.0021	0.0047	0.0047	0.0011	0.0188	0.0047	0.0047	0.0011	0.0011	0.0011	
0.0276	0.0276	0.0275	0.0276	0.0040	0.0330	0.0280	0.0528	0.0330	0.0029	0.0029	0.0029	0.0065	0.0065	0.0015	0.0265	0.0065	0.0065	0.0015	0.0015	0.0015	
0.0343	0.0343	0.0341	0.0343	0.0046	0.0413	0.0351	0.0662	0.0413	0.0037	0.0037	0.0037	0.0081	0.0081	0.0018	0.0334	0.0081	0.0081	0.0018	0.0018	0.0018	
0.0401	0.0401	0.0398	0.0401	0.0051	0.0486	0.0413	0.0779	0.0486	0.0043	0.0043	0.0043	0.0094	0.0094	0.0020	0.0394	0.0094	0.0094	0.0020	0.0020	0.0020	
0.0450	0.0451	0.0446	0.0450	0.0053	0.0550	0.0467	0.0882	0.0550	0.0049	0.0049	0.0049	0.0106	0.0106	0.0022	0.0446	0.0106	0.0106	0.0022	0.0022	0.0022	
0.0493	0.0494	0.0487	0.0493	0.0055	0.0605	0.0515	0.0971	0.0605	0.0054	0.0054	0.0054	0.0116	0.0116	0.0023	0.0493	0.0116	0.0116	0.0023	0.0023	0.0023	
0.0529	0.0531	0.0523	0.0529	0.0055	0.0654	0.0556	0.1050	0.0654	0.0058	0.0058	0.0058	0.0125	0.0125	0.0024	0.0534	0.0125	0.0125	0.0024	0.0024	0.0024	
0.0560	0.0562	0.0553	0.0560	0.0054	0.0697	0.0593	0.1119	0.0697	0.0062	0.0062	0.0062	0.0132	0.0132	0.0024	0.0570	0.0132	0.0132	0.0024	0.0024	0.0024	
0.0587	0.0589	0.0578	0.0587	0.0053	0.0734	0.0625	0.1179	0.0734	0.0065	0.0065	0.0065	0.0139	0.0139	0.0025	0.0602	0.0139	0.0139	0.0025	0.0025	0.0025	
0.0610	0.0613	0.0600	0.0610	0.0051	0.0767	0.0652	0.1231	0.0767	0.0068	0.0068	0.0068	0.0144	0.0144	0.0025	0.0630	0.0144	0.0144	0.0025	0.0025	0.0025	
0.0630	0.0633	0.0619	0.0630	0.0049	0.0795	0.0677	0.1278	0.0795	0.0071	0.0071	0.0071	0.0149	0.0149	0.0025	0.0654	0.0149	0.0149	0.0025	0.0025	0.0025	
0.0647	0.0650	0.0635	0.0647	0.0047	0.0820	0.0698	0.1318	0.0820	0.0073	0.0073	0.0073	0.0152	0.0152	0.0024	0.0676	0.0152	0.0152	0.0024	0.0024	0.0024	
0.0662	0.0665	0.0648	0.0662	0.0045	0.0842	0.0717	0.1353	0.0842	0.0075	0.0075	0.0075	0.0156	0.0156	0.0024	0.0695	0.0156	0.0156	0.0024	0.0024	0.0024	
0.0674	0.0678	0.0660	0.0674	0.0042	0.0861	0.0733	0.1384	0.0861	0.0077	0.0077	0.0077	0.0159	0.0159	0.0024	0.0712	0.0159	0.0159	0.0024	0.0024	0.0024	
0.0685	0.0689	0.0670	0.0685	0.0040	0.0878	0.0748	0.1411	0.0878	0.0079	0.0079	0.0079	0.0161	0.0161	0.0023	0.0726	0.0161	0.0161	0.0023	0.0023	0.0023	
0.0694	0.0698	0.0678	0.0694	0.0038	0.0892	0.0760	0.1435	0.0892	0.0080	0.0080	0.0080	0.0163	0.0163	0.0023	0.0739	0.0163	0.0163	0.0023	0.0023	0.0023	
0.0702	0.0706	0.0685	0.0702	0.0036	0.0905	0.0771	0.1456	0.0905	0.0082	0.0082	0.0082	0.0165	0.0165	0.0023	0.0751	0.0165	0.0165	0.0023	0.0023	0.0023	
0.0709	0.0713	0.0691	0.0709	0.0034	0.0916	0.0781	0.1474	0.0916	0.0083	0.0083	0.0083	0.0167	0.0167	0.0022	0.0761	0.0167	0.0167	0.0022	0.0022	0.0022	
0.0715	0.0719	0.0696	0.0715	0.0032	0.0926	0.0790	0.1490	0.0926	0.0084	0.0084	0.0084	0.0168	0.0168	0.0022	0.0770	0.0168	0.0168	0.0022	0.0022	0.0022	
0.0720	0.0725	0.0701	0.0720	0.0030	0.0935	0.0797	0.1504	0.0935	0.0085	0.0085	0.0085	0.0169	0.0169	0.0021	0.0778	0.0169	0.0169	0.0021	0.0021	0.0021	
0.0724	0.0729	0.0704	0.0724	0.0028	0.0942	0.0804	0.1516	0.0942	0.0085	0.0085	0.0085	0.0170	0.0170	0.0021	0.0785	0.0170	0.0170	0.0021	0.0021	0.0021	
0.0728	0.0733	0.0707	0.0728	0.0026	0.0949	0.0809	0.1526	0.0949	0.0086	0.0086	0.0086	0.0171	0.0171	0.0020	0.0791	0.0171	0.0171	0.0020	0.0020	0.0020	
0.0731	0.0736	0.0710	0.0731	0.0025	0.0955	0.0814	0.1536	0.0955	0.0087	0.0087	0.0087	0.0171	0.0171	0.0020	0.0796	0.0171	0.0171	0.0020	0.0020	0.0020	
0.0734	0.0739	0.0712	0.0734	0.0023	0.0960	0.0819	0.1544	0.0960	0.0087	0.0087	0.0087	0.0172	0.0172	0.0020	0.0801	0.0172	0.0172	0.0020	0.0020	0.0020	
0.0736	0.0742	0.0714	0.0736	0.0022	0.0964	0.0823	0.1551	0.0964	0.0088	0.0088	0.0088	0.0172	0.0172	0.0019	0.0805	0.0172	0.0172	0.0019	0.0019	0.0019	
0.0738	0.0744	0.0716	0.0738	0.0021	0.0968	0.0826	0.1557	0.0968	0.0088	0.0088	0.0088	0.0173	0.0173	0.0019	0.0809	0.0173	0.0173	0.0019	0.0019	0.0019	
0.0740	0.0745	0.0717	0.0740	0.0020	0.0972	0.0829	0.1563	0.0972	0.0089	0.0089	0.0089	0.0173	0.0173	0.0019	0.0812	0.0173	0.0173	0.0019	0.0019	0.0019	
0.0741	0.0747	0.0718	0.0741	0.0018	0.0975	0.0832	0.1568	0.0975	0.0089	0.0089	0.0089	0.0173	0.0173	0.0019	0.0815	0.0173	0.0173	0.0019	0.0019	0.0019	
0.0743	0.0748	0.0719	0.0743	0.0018	0.0977	0.0834	0.1572	0.0977	0.0089	0.0089	0.0089	0.0173	0.0173	0.0018	0.0817	0.0173	0.0173	0.0018	0.0018	0.0018	
0.0744	0.0750	0.0720	0.0744	0.0017	0.0979	0.0836	0.1576	0.0979	0.0090	0.0090	0.0090	0.0174	0.0174	0.0018	0.0820	0.0174	0.0174	0.0018	0.0018	0.0018	
0.0745	0.0751	0.0721	0.0745	0.0016	0.0981	0.0838	0.1579	0.0981	0.0090	0.0090	0.0090	0.0174	0.0174	0.0018	0.0822	0.0174	0.0174	0.0018	0.0018	0.0018	
0.0746	0.0751	0.0721	0.0746	0.0015	0.0983	0.0840	0.1582	0.0983	0.0090	0.0090	0.0090	0.0174	0.0174	0.0018	0.0823	0.0174	0.0174	0.0018	0.0018	0.0018	
0.0746	0.0752	0.0722	0.0746	0.0015	0.0985	0.0841	0.1584	0.0985	0.0090	0.0090	0.0090	0.0174	0.0174	0.0018	0.0825	0.0174	0.0174	0.0018	0.0018	0.0018	
0.0747	0.0753	0.0722	0.0747	0.0014	0.0986	0.0842	0.1586	0.0986	0.0091	0.0091	0.0091	0.0174	0.0174	0.0017	0.0826	0.0174	0.0174	0.0017	0.0017	0.0017	
0.0747	0.0753	0.0723	0.0747	0.0013	0.0987	0.0843	0.1588	0.0987	0.0091	0.0091	0.0091	0.0174	0.0174	0.0017	0.0827	0.0174	0.0174	0.0017	0.0017	0.0017	
0.0748	0.0754	0.0723	0.0748	0.0013	0.0988	0.0844	0.1590	0.0988	0.0091	0.0091	0.0091	0.0174	0.0174	0.0017	0.0828	0.0174	0.0174	0.0017	0.0017	0.0017	
0.0748	0.0754	0.0723	0.0748	0.0013	0.0989	0.0845	0.1591	0.0989	0.0091	0.0091	0.0091	0.0174	0.0174	0.0017	0.0829	0.0174	0.0174	0.0017	0.0017	0.0017	
0.0749	0.0755	0.0723	0.0749	0.0012	0.0990	0.0846	0.1593	0.0990	0.0091	0.0091	0.0091	0.0174	0.0174	0.0017	0.0830	0.0174	0.0174	0.0017	0.0017	0.0017	
0.0749	0.0755	0.0724	0.0749	0.0012	0.0991	0.0846	0.1594	0.0991	0.0091	0.0091	0.0091	0.0174	0.0174	0.0017	0.0831	0.0174	0.0174	0.0017	0.0017	0.0017	
0.0749	0.0755	0.0724	0.0749	0.0012	0.0991	0.0847	0.1595	0.0991	0.0091	0.0091	0.0091	0.0174	0.0174	0.0017	0.0832	0.0174	0.0174	0.0017	0.0017	0.0017	
0.0749	0.0755	0.0724	0.0749	0.0011	0.0992	0.0847	0.1596	0.0992	0.0091	0.0091	0.0091	0.0174	0.0174	0.0017	0.0832	0.0174	0.0174	0.0017	0.0017	0.0017	
0.0749	0.0756	0.0724	0.0749	0.0011	0.0992	0.0848	0.1596	0.0992	0.0092	0.0092	0.0092	0.0174	0.0174	0.0017	0.0833	0.0174	0.0174	0.0017	0.0017	0.0017	
0.0750	0.0756	0.0724	0.0750	0.0011	0.0993	0.0848	0.1597	0.0993	0.0092	0.0092	0.0092	0.0174	0.0174	0.0017	0.0833	0.0174	0.0174	0.0017	0.0017	0.0017	
0.0750	0.0756	0.0724	0.0750	0.0011	0.0993	0.0849	0.1598	0.0993	0.0092	0.0092	0.0092	0.0174	0.0174	0.0016	0.0833	0.0174	0.0174	0.0016	0.0016	0.0016	
0.0750	0.0756	0.0724	0.0750	0.0010	0.0994	0.0849	0.1598	0.0994	0.0092	0.0092	0.0092	0.0174	0.0174	0.0016	0.0834	0.0174	0.0174	0.0016	0.0016	0.0016	
0.0750	0.0756	0.0724	0.0750	0.0010	0.0994	0.0849	0.1599	0.0994	0.0092	0.0092	0.0092	0.0174	0.0174	0.0016	0.0834	0.0174	0.0174	0.0016	0.0016	0.0016	
0.0750	0.0756	0.0724	0.0750	0.0010	0.0994	0.0849	0.1599	0.0994	0.0092	0.0092	0.0092	0.0174	0.0174	0.0016	0.0834	0.0174	0.0174	0.0016	0.0016	0.0016	
0.0750	0.0756	0.0724	0.0750	0.0010	0.0994	0.0850	0.1599	0.0994	0.0092	0.0092	0.0092	0.0174	0.0174	0.0016	0.0835	0.0174	0.0174	0.0016	0.0016	0.0016	
0.0750	0.0756	0.0724	0.0750	0.0010	0.0994	0.0850	0.1600	0.0994	0.0092	0.0092	0.0092	0.0174	0.0174	0.0016	0.0835	0.0174	0.0174	0.0016	0.0016	0.0016	
0.0750	0.0756	0.0724	0.0750	0.0010	0.0995	0.0850	0.1600	0.0995	0.0092	0.0092	0.0092	0.0174	0.0174	0.0016	0.0835	0.0174	0.0174	0.0016	0.0016	0.0016	
0.0750	0.0757	0.0724	0.0750	0.0010	0.0995	0.0850	0.1600	0.0995	0.0092	0.0092	0.0092	0.0174	0.0174	0.0016	0.0835	0.0174	0.0174	0.0016	0.0016	0.0016	
0.0750	0.0757	0.0724	0.0750	0.0010	0.0995	0.0850	0.1600	0.0995	0.0092	0.0092	0.0092	0.0174	0.0174	0.0016	0.0835	0.0174	0.0174	0.0016	0.0016	0.0016	
0.0750	0.0757	0.0724	0.0750	0.0009	0.0995	0.0850	0.1600	0.0995	0.0092	0.0092	0.0092	0.0174	0.0174	0.0016	0.0835	0.0174	0.0174	0.0016	0.0016	0.0016	
0.0750	0.0757	0.0724	0.0750	0.0009	0.0995	0.0850	0.1601	0.0995	0.0092	0.0092	0.0092	0.0174	0.0174	0.0016	0.0835	0.0174	0.0174	0.0016	0.0016	0.0016	
0.0750	0.0757	0.0724	0.0750	0.0009	0.0995	0.0851	0.1601	0.0995	0.0092	0.0092	0.0092	0.0174	0.0174	0.0016	0.0836	0.0174	0.0174	0.0016	0.0016	0.0016	
0.0750	0.0757	0.0724	0.0750	0.0009	0.0995	0.0851	0.1601	0.0995	0.0092	0.0092	0.0092	0.0174	0.0174	0.0016	0.0836	0.0174	0.0174	0.0016	0.0016	0.0016	
0.0750	0.0757	0.0724	0.0750	0.0009	0.0995	0.0851	0.1601	0.0995	0.0092	0.0092	0.0092	0.0174	0.0174	0.0016	0.0836	0.0174	0.0174	0.0016	0.0016	0.0016	
0.0750	0.0757	0.0724	0.0750	0.0009	0.0995	0.0851	0.1601	0.0995	0.0092	0.0092	0.0092	0.0174	0.0174	0.0016	0.0836	0.0174	0.0174	0.0016	0.0016	0.0016	
0.0750	0.0757	0.0724	0.0750	0.0009	0.0995	0.0851	0.1601	0.0995	0.0092	0.0092	0.0092	0.0174	0.0174	0.0016	0.0836	0.0174	0.0174	0.0016	0.0016	0.0016	
0.0750	0.0757	0.0724	0.0750	0.0009	0.0996	0.0851	0.1601	0.0996	0.0092	0.0092	0.0092	0.0174	0.0174	0.0016	0.0836	0.0174	0.0174	0.0016	0.0016	0.0016	
0.0750	0.0757	0.0724	0.0750	0.0009	0.0996	0.0851	0.1601	0.0996	0.0092	0.0092	0.0092	0.0174	0.0174	0.0016	0.0836	0.0174	0.0174	0.0016	0.0016	0.0016	
0.0751	0.0757	0.0724	0.0751	0.0009	0.0996	0.0851	0.1601	0.0996	0.0092	0.0092	0.0092	0.0174	0.0174	0.0016	0.0836	0.0174	0.0174	0.0016	0.0016	0.0016	
0.0751	0.0757	0.0724	0.0751	0.0009	0.0996	0.0851	0.1601	0.0996	0.0092	0.0092	0.0092	0.0174	0.0174	0.0016	0.0836	0.0174	0.0174	0.0016	0.0016	0.0016	
0.0751	0.0757	0.0724	0.0751	0.0009	0.0996	0.0851	0.1601	0.0996	0.0092	0.0092	0.0092	0.0174	0.0174	0.0016	0.0836	0.0174	0.0174	0.0016	0.0016	0.0016	
0.0751	0.0757	0.0724	0.0751	0.0009	0.0996	0.0851	0.1601	0.0996	0.0092	0.0092	0.0092	0.0174	0.0174	0.0016	0.0836	0.0174	0.0174	0.0016	0.0016	0.0016	
0.0751	0.0757	0.0724	0.0751	0.0009	0.0996	0.0851	0.1601	0.0996	0.0092	0.0092	0.0092	0.0174	0.0174	0.0016	0.0836	0.0174	0.0174	0.0016	0.0016	0.0016	
0.0844	0.0851	0.0818	0.0844	0.0192	0.1071	0.0945	0.1601	0.1071	0.0181	0.0181	0.0181	0.0249	0.0249	0.0110	0.0836	0.0249	0.0249	0.0110	0.0110	0.0110	
0.0924	0.0930	0.0898	0.0924	0.0349	0.1136	0.1025	0.1601	0.1136	0.0258	0.0258	0.0258	0.0315	0.0315	0.0191	0.0836	0.0315	0.0315	0.0191	0.0191	0.0191	
0.0992	0.0998	0.0967	0.0992	0.0485	0.1192	0.1094	0.1600	0.1192	0.0326	0.0326	0.0326	0.0373	0.0373	0.0262	0.0836	0.0373	0.0373	0.0262	0.0262	0.0262	
0.1050	0.1056	0.1025	0.1050	0.0602	0.1240	0.1152	0.1599	0.1240	0.0384	0.0384	0.0384	0.0424	0.0424	0.0324	0.0836	0.0424	0.0424	0.0324	0.0324	0.0324	
0.1099	0.1105	0.1076	0.1099	0.0703	0.1282	0.1202	0.1598	0.1282	0.0435	0.0435	0.0435	0.0469	0.0469	0.0378	0.0836	0.0469	0.0469	0.0378	0.0378	0.0378	
0.1141	0.1146	0.1118	0.1141	0.0790	0.1318	0.1245	0.1597	0.1318	0.0479	0.0479	0.0479	0.0509	0.0509	0.0425	0.0836	0.0509	0.0509	0.0425	0.0425	0.0425	
0.1176	0.1181	0.1155	0.1176	0.0866	0.1349	0.1281	0.1595	0.1349	0.0518	0.0518	0.0518	0.0544	0.0544	0.0465	0.0836	0.0544	0.0544	0.0465	0.0465	0.0465	
0.1207	0.1211	0.1187	0.1207	0.0931	0.1376	0.1312	0.1594	0.1376	0.0551	0.0551	0.0551	0.0575	0.0575	0.0501	0.0836	0.0575	0.0575	0.0501	0.0501	0.0501	
0.1232	0.1237	0.1213	0.1232	0.0987	0.1399	0.1339	0.1593	0.1399	0.0581	0.0581	0.0581	0.0602	0.0602	0.0532	0.0836	0.0602	0.0602	0.0532	0.0532	0.0532	
0.1254	0.1258	0.1236	0.1254	0.1035	0.1419	0.1361	0.1591	0.1419	0.0606	0.0606	0.0606	0.0625	0.0625	0.0558	0.0836	0.0625	0.0625	0.0558	0.0558	0.0558	
0.1272	0.1277	0.1256	0.1272	0.1077	0.1436	0.1380	0.1590	0.1436	0.0628	0.0628	0.0628	0.0646	0.0646	0.0582	0.0836	0.0646	0.0646	0.0582	0.0582	0.0582	
0.1288	0.1292	0.1273	0.1288	0.1113	0.1451	0.1397	0.1589	0.1451	0.0647	0.0647	0.0647	0.0665	0.0665	0.0602	0.0836	0.0665	0.0665	0.0602	0.0602	0.0602	
0.1302	0.1305	0.1287	0.1302	0.1144	0.1464	0.1411	0.1587	0.1464	0.0664	0.0664	0.0664	0.0681	0.0681	0.0620	0.0837	0.0681	0.0681	0.0620	0.0620	0.0620	
0.1313	0.1316	0.1300	0.1313	0.1170	0.1475	0.1422	0.1586	0.1475	0.0679	0.0679	0.0679	0.0696	0.0696	0.0635	0.0837	0.0696	0.0696	0.0635	0.0635	0.0635	
0.1322	0.1326	0.1310	0.1322	0.1194	0.1484	0.1432	0.1585	0.1484	0.0691	0.0691	0.0691	0.0708	0.0708	0.0649	0.0837	0.0708	0.0708	0.0649	0.0649	0.0649	
0.1331	0.1334	0.1319	0.1331	0.1214	0.1492	0.1441	0.1584	0.1492	0.0702	0.0702	0.0702	0.0719	0.0719	0.0661	0.0837	0.0719	0.0719	0.0661	0.0661	0.0661	
0.1337	0.1341	0.1327	0.1337	0.1231	0.1499	0.1448	0.1583	0.1499	0.0712	0.0712	0.0712	0.0729	0.0729	0.0671	0.0837	0.0729	0.0729	0.0671	0.0671	0.0671	
0.1343	0.1346	0.1334	0.1343	0.1246	0.1506	0.1454	0.1583	0.1506	0.0720	0.0720	0.0720	0.0738	0.0738	0.0680	0.0837	0.0738	0.0738	0.0680	0.0680	0.0680	
0.1348	0.1351	0.1339	0.1348	0.1259	0.1511	0.1459	0.1582	0.1511	0.0728	0.0728	0.0728	0.0745	0.0745	0.0687	0.0837	0.0745	0.0745	0.0687	0.0687	0.0687	
0.1352	0.1355	0.1344	0.1352	0.1270	0.1515	0.1464	0.1581	0.1515	0.0734	0.0734	0.0734	0.0752	0.0752	0.0694	0.0837	0.0752	0.0752	0.0694	0.0694	0.0694	
0.1356	0.1359	0.1348	0.1356	0.1279	0.1519	0.1467	0.1580	0.1519	0.0740	0.0740	0.0740	0.0758	0.0758	0.0700	0.0837	0.0758	0.0758	0.0700	0.0700	0.0700	
0.1359	0.1362	0.1352	0.1359	0.1288	0.1523	0.1471	0.1580	0.1523	0.0745	0.0745	0.0745	0.0763	0.0763	0.0705	0.0837	0.0763	0.0763	0.0705	0.0705	0.0705	
0.1361	0.1364	0.1355	0.1361	0.1295	0.1525	0.1473	0.1579	0.1525	0.0749	0.0749	0.0749	0.0768	0.0768	0.0710	0.0837	0.0768	0.0768	0.0710	0.0710	0.0710	
0.1364	0.1366	0.1357	0.1364	0.1301	0.1528	0.1475	0.1579	0.1528	0.0752	0.0752	0.0752	0.0772	0.0772	0.0714	0.0837	0.0772	0.0772	0.0714	0.0714	0.0714	
0.1365	0.1368	0.1360	0.1365	0.1306	0.1530	0.1477	0.1578	0.1530	0.0756	0.0756	0.0756	0.0776	0.0776	0.0717	0.0837	0.0776	0.0776	0.0717	0.0717	0.0717	
0.1367	0.1369	0.1362	0.1367	0.1311	0.1532	0.1479	0.1578	0.1532	0.0758	0.0758	0.0758	0.0779	0.0779	0.0720	0.0837	0.0779	0.0779	0.0720	0.0720	0.0720	
0.1368	0.1371	0.1363	0.1368	0.1315	0.1533	0.1480	0.1578	0.1533	0.0761	0.0761	0.0761	0.0781	0.0781	0.0723	0.0837	0.0781	0.0781	0.0723	0.0723	0.0723	
0.1369	0.1372	0.1365	0.1369	0.1318	0.1535	0.1481	0.1577	0.1535	0.0763	0.0763	0.0763	0.0784	0.0784	0.0725	0.0837	0.0784	0.0784	0.0725	0.0725	0.0725	
0.1370	0.1373	0.1366	0.1370	0.1321	0.1536	0.1482	0.1577	0.1536	0.0765	0.0765	0.0765	0.0786	0.0786	0.0727	0.0837	0.0786	0.0786	0.0727	0.0727	0.0727	
0.1371	0.1373	0.1367	0.1371	0.1324	0.1537	0.1483	0.1577	0.1537	0.0766	0.0766	0.0766	0.0788	0.0788	0.0729	0.0837	0.0788	0.0788	0.0729	0.0729	0.0729	
0.1371	0.1374	0.1368	0.1371	0.1326	0.1538	0.1483	0.1577	0.1538	0.0768	0.0768	0.0768	0.0790	0.0790	0.0730	0.0837	0.0790	0.0790	0.0730	0.0730	0.0730	
0.1372	0.1374	0.1369	0.1372	0.1328	0.1538	0.1484	0.1576	0.1538	0.0769	0.0769	0.0769	0.0791	0.0791	0.0731	0.0837	0.0791	0.0791	0.0731	0.0731	0.0731	
0.1372	0.1375	0.1369	0.1372	0.1330	0.1539	0.1484	0.1576	0.1539	0.0770	0.0770	0.0770	0.0793	0.0793	0.0733	0.0837	0.0793	0.0793	0.0733	0.0733	0.0733	
0.1373	0.1375	0.1370	0.1373	0.1331	0.1540	0.1485	0.1576	0.1540	0.0771	0.0771	0.0771	0.0794	0.0794	0.0734	0.0837	0.0794	0.0794	0.0734	0.0734	0.0734	
0.1373	0.1376	0.1370	0.1373	0.1332	0.1540	0.1485	0.1576	0.1540	0.0772	0.0772	0.0772	0.0795	0.0795	0.0734	0.0837	0.0795	0.0795	0.0734	0.0734	0.0734	
0.1373	0.1376	0.1371	0.1373	0.1333	0.1540	0.1485	0.1576	0.1540	0.0773	0.0773	0.0773	0.0796	0.0796	0.0735	0.0837	0.0796	0.0796	0.0735	0.0735	0.0735	
0.1374	0.1376	0.1371	0.1374	0.1334	0.1541	0.1485	0.1576	0.1541	0.0773	0.0773	0.0773	0.0796	0.0796	0.0736	0.0837	0.0796	0.0796	0.0736	0.0736	0.0736	
0.1374	0.1376	0.1371	0.1374	0.1335	0.1541	0.1486	0.1575	0.1541	0.0774	0.0774	0.0774	0.0797	0.0797	0.0736	0.0837	0.0797	0.0797	0.0736	0.0736	0.0736	
0.1374	0.1376	0.1372	0.1374	0.1336	0.1541	0.1486	0.1575	0.1541	0.0774	0.0774	0.0774	0.0798	0.0798	0.0737	0.0837	0.0798	0.0798	0.0737	0.0737	0.0737	
0.1374	0.1377	0.1372	0.1374	0.1336	0.1541	0.1486	0.1575	0.1541	0.0775	0.0775	0.0775	0.0798	0.0798	0.0737	0.0837	0.0798	0.0798	0.0737	0.0737	0.0737	
0.1374	0.1377	0.1372	0.1374	0.1337	0.1542	0.1486	0.1575	0.1542	0.0775	0.0775	0.0775	0.0799	0.0799	0.0738	0.0837	0.0799	0.0799	0.0738	0.0738	0.0738	
0.1374	0.1377	0.1372	0.1374	0.1337	0.1542	0.1486	0.1575	0.1542	0.0775	0.0775	0.0775	0.0799	0.0799	0.0738	0.0837	0.0799	0.0799	0.0738	0.0738	0.0738	
0.1374	0.1377	0.1372	0.1374	0.1338	0.1542	0.1486	0.1575	0.1542	0.0776	0.0776	0.0776	0.0800	0.0800	0.0738	0.0837	0.0800	0.0800	0.0738	0.0738	0.0738	
0.1374	0.1377	0.1372	0.1374	0.1338	0.1542	0.1486	0.1575	0.1542	0.0776	0.0776	0.0776	0.0800	0.0800	0.0739	0.0837	0.0800	0.0800	0.0739	0.0739	0.0739	
0.1374	0.1377	0.1373	0.1374	0.1338	0.1542	0.1486	0.1575	0.1542	0.0776	0.0776	0.0776	0.0800	0.0800	0.0739	0.0837	0.0800	0.0800	0.0739	0.0739	0.0739	
0.1375	0.1377	0.1373	0.1375	0.1339	0.1542	0.1486	0.1575	0.1542	0.0776	0.0776	0.0776	0.0801	0.0801	0.0739	0.0837	0.0801	0.0801	0.0739	0.0739	0.0739	
0.1375	0.1377	0.1373	0.1375	0.1339	0.1542	0.1486	0.1575	0.1542	0.0776	0.0776	0.0776	0.0801	0.0801	0.0739	0.0837	0.0801	0.0801	0.0739	0.0739	0.0739	
0.1375	0.1377	0.1373	0.1375	0.1339	0.1542	0.1486	0.1575	0.1542	0.0777	0.0777	0.0777	0.0801	0.0801	0.0739	0.0837	0.0801	0.0801	0.0739	0.0739	0.0739	
0.1375	0.1377	0.1373	0.1375	0.1339	0.1542	0.1486	0.1575	0.1542	0.0777	0.0777	0.0777	0.0801	0.0801	0.0740	0.0837	0.0801	0.0801	0.0740	0.0740	0.0740	
0.1375	0.1377	0.1373	0.1375	0.1339	0.1542	0.1486	0.1575	0.1542	0.0777	0.0777	0.0777	0.0801	0.0801	0.0740	0.0837	0.0801	0.0801	0.0740	0.0740	0.0740	
0.1375	0.1377	0.1373	0.1375	0.1340	0.1542	0.1486	0.1575	0.1542	0.0777	0.0777	0.0777	0.0801	0.0801	0.0740	0.0837	0.0801	0.0801	0.0740	0.0740	0.0740	
0.1375	0.1377	0.1373	0.1375	0.1340	0.1542	0.1486	0.1575	0.1542	0.0777	0.0777	0.0777	0.0802	0.0802	0.0740	0.0837	0.0802	0.0802	0.0740	0.0740	0.0740	
0.1375	0.1377	0.1373	0.1375	0.1340	0.1542	0.1486	0.1575	0.1542	0.0777	0.0777	0.0777	0.0802	0.0802	0.0740	0.0837	0.0802	0.0802	0.0740	0.0740	0.0740	
0.1375	0.1377	0.1373	0.1375	0.1340	0.1542	0.1486	0.1575	0.1542	0.0777	0.0777	0.0777	0.0802	0.0802	0.0740	0.0837	0.0802	0.0802	0.0740	0.0740	0.0740	
0.1375	0.1377	0.1373	0.1375	0.1340	0.1542	0.1486	0.1575	0.1542	0.0777	0.0777	0.0777	0.0802	0.0802	0.0740	0.0837	0.0802	0.0802	0.0740	0.0740	0.0740	
0.1375	0.1377	0.1373	0.1375	0.1340	0.1542	0.1486	0.1575	0.1542	0.0777	0.0777	0.0777	0.0802	0.0802	0.0740	0.0837	0.0802	0.0802	0.0740	0.0740	0.0740	
0.1375	0.1377	0.1373	0.1375	0.1340	0.1542	0.1486	0.1575	0.1542	0.0777	0.0777	0.0777	0.0802	0.0802	0.0740	0.0837	0.0802	0.0802	0.0740	0.0740	0.0740	
0.1375	0.1377	0.1373	0.1375	0.1340	0.1542	0.1486	0.1575	0.1542	0.0777	0.0777	0.0777	0.0802	0.0802	0.0740	0.0837	0.0802	0.0802	0.0740	0.0740	0.0740	
0.1375	0.1377	0.1373	0.1375	0.1340	0.1543	0.1486	0.1575	0.1543	0.0777	0.0777	0.0777	0.0802	0.0802	0.0740	0.0837	0.0802	0.0802	0.0740	0.0740	0.0740	
0.1375	0.1377	0.1373	0.1375	0.1340	0.1543	0.1486	0.1575	0.1543	0.0777	0.0777	0.0777	0.0802	0.0802	0.0740	0.0837	0.0802	0.0802	0.0740	0.0740	0.0740	
0.1375	0.1377	0.1373	0.1375	0.1340	0.1543	0.1486	0.1575	0.1543	0.0777	0.0777	0.0777	0.0802	0.0802	0.0740	0.0838	0.0802	0.0802	0.0740	0.0740	0.0740	
0.1375	0.1377	0.1373	0.1375	0.1340	0.1543	0.1486	0.1575	0.1543	0.0777	0.0777	0.0777	0.0802	0.0802	0.0740	0.0838	0.0802	0.0802	0.0740	0.0740	0.0740	
0.1375	0.1377	0.1373	0.1375	0.1340	0.1543	0.1486	0.1575	0.1543	0.0777	0.0777	0.0777	0.0802	0.0802	0.0740	0.0838	0.0802	0.0802	0.0740	0.0740	0.0740	
0.1375	0.1377	0.1373	0.1375	0.1340	0.1543	0.1486	0.1575	0.1543	0.0777	0.0777	0.0777	0.0802	0.0802	0.0740	0.0838	0.0802	0.0802	0.0740	0.0740	0.0740	
0.1375	0.1377	0.1373	0.1375	0.1340	0.1543	0.1486	0.1575	0.1543	0.0777	0.0777	0.0777	0.0802	0.0802	0.0740	0.0838	0.0802	0.0802	0.0740	0.0740	0.0740	
0.1375	0.1377	0.1373	0.1375	0.1340	0.1543	0.1486	0.1575	0.1543	0.0777	0.0777	0.0777	0.0802	0.0802	0.0740	0.0838	0.0802	0.0802	0.0740	0.0740	0.0740	
0.1375	0.1377	0.1373	0.1375	0.1340	0.1543	0.1486	0.1575	0.1543	0.0777	0.0777	0.0777	0.0802	0.0802	0.0740	0.0838	0.0802	0.0802	0.0740	0.0740	0.0740	
0.2875	0.2877	0.2873	0.2875	0.3640	0.1843	0.2986	0.1575	0.1843	0.1577	0.1577	0.1577	0.1102	0.1102	0.2240	0.0838	0.1102	0.1102	0.2240	0.2240	0.2240	
0.4159	0.4156	0.4159	0.4159	0.5622	0.2096	0.4268	0.1567	0.2096	0.2270	0.2270	0.2270	0.1366	0.1366	0.3545	0.0838	0.1366	0.1366	0.3545	0.3545	0.3545	
0.5259	0.5245	0.5262	0.5259	0.7330	0.2310	0.5365	0.1554	0.2310	0.2869	0.2869	0.2869	0.1599	0.1599	0.4681	0.0838	0.1599	0.1599	0.4681	0.4681	0.4681	
0.6201	0.6173	0.6207	0.6201	0.8803	0.2491	0.6301	0.1537	0.2491	0.3388	0.3388	0.3388	0.1803	0.1803	0.5669	0.0838	0.1803	0.1803	0.5669	0.5669	0.5669	
0.7007	0.6964	0.7018	0.7007	1.0072	0.2643	0.7101	0.1517	0.2643	0.3838	0.3838	0.3838	0.1984	0.1984	0.6529	0.0838	0.1984	0.1984	0.6529	0.6529	0.6529	
0.7698	0.7637	0.7713	0.7698	1.1165	0.2771	0.7783	0.1496	0.2771	0.4227	0.4227	0.4227	0.2142	0.2142	0.7277	0.0838	0.2142	0.2142	0.7277	0.7277	0.7277	
0.8289	0.8211	0.8309	0.8289	1.2108	0.2878	0.8365	0.1474	0.2878	0.4564	0.4564	0.4564	0.2282	0.2282	0.7929	0.0838	0.2282	0.2282	0.7929	0.7929	0.7929	
0.8796	0.8698	0.8820	0.8796	1.2921	0.2969	0.8862	0.1451	0.2969	0.4856	0.4856	0.4856	0.2405	0.2405	0.8496	0.0839	0.2405	0.2405	0.8496	0.8496	0.8496	
0.9229	0.9114	0.9258	0.9229	1.3622	0.3044	0.9285	0.1429	0.3044	0.5108	0.5108	0.5108	0.2514	0.2514	0.8990	0.0839	0.2514	0.2514	0.8990	0.8990	0.8990	
0.9600	0.9467	0.9634	0.9600	1.4227	0.3108	0.9646	0.1407	0.3108	0.5327	0.5327	0.5327	0.2609	0.2609	0.9419	0.0840	0.2609	0.2609	0.9419	0.9419	0.9419	
0.9918	0.9767	0.9956	0.9918	1.4748	0.3161	0.9952	0.1386	0.3161	0.5517	0.5517	0.5517	0.2694	0.2694	0.9794	0.0840	0.2694	0.2694	0.9794	0.9794	0.9794	
1.0190	1.0023	1.0233	1.0190	1.5198	0.3205	1.0213	0.1365	0.3205	0.5681	0.5681	0.5681	0.2768	0.2768	1.0120	0.0841	0.2768	0.2768	1.0120	1.0120	1.0120	
1.0423	1.0240	1.0470	1.0423	1.5586	0.3242	1.0435	0.1346	0.3242	0.5823	0.5823	0.5823	0.2834	0.2834	1.0404	0.0842	0.2834	0.2834	1.0404	1.0404	1.0404	
1.0623	1.0424	1.0674	1.0623	1.5920	0.3272	1.0624	0.1328	0.3272	0.5947	0.5947	0.5947	0.2892	0.2892	1.0651	0.0842	0.2892	0.2892	1.0651	1.0651	1.0651	
1.0793	1.0581	1.0848	1.0793	1.6209	0.3298	1.0784	0.1311	0.3298	0.6053	0.6053	0.6053	0.2943	0.2943	1.0867	0.0843	0.2943	0.2943	1.0867	1.0867	1.0867	
1.0939	1.0714	1.0998	1.0939	1.6458	0.3318	1.0919	0.1295	0.3318	0.6146	0.6146	0.6146	0.2988	0.2988	1.1054	0.0844	0.2988	0.2988	1.1054	1.1054	1.1054	
1.1065	1.0827	1.1127	1.1065	1.6673	0.3336	1.1034	0.1281	0.3336	0.6226	0.6226	0.6226	0.3028	0.3028	1.1218	0.0844	0.3028	0.3028	1.1218	1.1218	1.1218	
1.1172	1.0923	1.1237	1.1172	1.6858	0.3350	1.1132	0.1267	0.3350	0.6296	0.6296	0.6296	0.3063	0.3063	1.1361	0.0845	0.3063	0.3063	1.1361	1.1361	1.1361	
1.1263	1.1005	1.1331	1.1263	1.7018	0.3361	1.1214	0.1255	0.3361	0.6356	0.6356	0.6356	0.3094	0.3094	1.1485	0.0846	0.3094	0.3094	1.1485	1.1485	1.1485	
1.1342	1.1074	1.1413	1.1342	1.7157	0.3371	1.1284	0.1243	0.3371	0.6408	0.6408	0.6408	0.3121	0.3121	1.1593	0.0847	0.3121	0.3121	1.1593	1.1593	1.1593	
1.1409	1.1132	1.1482	1.1409	1.7276	0.3378	1.1342	0.1233	0.3378	0.6453	0.6453	0.6453	0.3145	0.3145	1.1688	0.0847	0.3145	0.3145	1.1688	1.1688	1.1688	
1.1467	1.1182	1.1542	1.1467	1.7379	0.3384	1.1392	0.1223	0.3384	0.6493	0.6493	0.6493	0.3167	0.3167	1.1770	0.0848	0.3167	0.3167	1.1770	1.1770	1.1770	
1.1516	1.1224	1.1594	1.1516	1.7468	0.3389	1.1434	0.1214	0.3389	0.6527	0.6527	0.6527	0.3186	0.3186	1.1842	0.0848	0.3186	0.3186	1.1842	1.1842	1.1842	
1.1558	1.1259	1.1638	1.1558	1.7544	0.3393	1.1469	0.1206	0.3393	0.6556	0.6556	0.6556	0.3202	0.3202	1.1904	0.0849	0.3202	0.3202	1.1904	1.1904	1.1904	
1.1594	1.1289	1.1675	1.1594	1.7611	0.3396	1.1498	0.1199	0.3396	0.6582	0.6582	0.6582	0.3217	0.3217	1.1959	0.0850	0.3217	0.3217	1.1959	1.1959	1.1959	
1.1625	1.1315	1.1708	1.1625	1.7668	0.3398	1.1523	0.1193	0.3398	0.6604	0.6604	0.6604	0.3230	0.3230	1.2007	0.0850	0.3230	0.3230	1.2007	1.2007	1.2007	
1.1651	1.1336	1.1736	1.1651	1.7717	0.3400	1.1543	0.1187	0.3400	0.6623	0.6623	0.6623	0.3242	0.3242	1.2048	0.0851	0.3242	0.3242	1.2048	1.2048	1.2048	
1.1674	1.1354	1.1760	1.1674	1.7760	0.3402	1.1560	0.1181	0.3402	0.6640	0.6640	0.6640	0.3252	0.3252	1.2084	0.0851	0.3252	0.3252	1.2084	1.2084	1.2084	
1.1693	1.1370	1.1780	1.1693	1.7797	0.3402	1.1575	0.1177	0.3402	0.6654	0.6654	0.6654	0.3261	0.3261	1.2116	0.0852	0.3261	0.3261	1.2116	1.2116	1.2116	
1.1710	1.1383	1.1798	1.1710	1.7829	0.3403	1.1587	0.1172	0.3403	0.6667	0.6667	0.6667	0.3269	0.3269	1.2144	0.0852	0.3269	0.3269	1.2144	1.2144	1.2144	
1.1724	1.1394	1.1813	1.1724	1.7856	0.3403	1.1596	0.1168	0.3403	0.6677	0.6677	0.6677	0.3276	0.3276	1.2168	0.0852	0.3276	0.3276	1.2168	1.2168	1.2168	
1.1736	1.1403	1.1826	1.1736	1.7880	0.3404	1.1604	0.1165	0.3404	0.6687	0.6687	0.6687	0.3282	0.3282	1.2189	0.0853	0.3282	0.3282	1.2189	1.2189	1.2189	
1.1747	1.1410	1.1838	1.1747	1.7901	0.3404	1.1611	0.1162	0.3404	0.6695	0.6695	0.6695	0.3288	0.3288	1.2207	0.0853	0.3288	0.3288	1.2207	1.2207	1.2207	
1.1756	1.1417	1.1847	1.1756	1.7918	0.3404	1.1617	0.1159	0.3404	0.6702	0.6702	0.6702	0.3293	0.3293	1.2223	0.0854	0.3293	0.3293	1.2223	1.2223	1.2223	
1.1763	1.1422	1.1856	1.1763	1.7934	0.3404	1.1621	0.1156	0.3404	0.6708	0.6708	0.6708	0.3297	0.3297	1.2237	0.0854	0.3297	0.3297	1.2237	1.2237	1.2237	
1.1770	1.1427	1.1863	1.1770	1.7947	0.3403	1.1625	0.1154	0.3403	0.6714	0.6714	0.6714	0.3301	0.3301	1.2249	0.0854	0.3301	0.3301	1.2249	1.2249	1.2249	
1.1775	1.1431	1.1869	1.1775	1.7959	0.3403	1.1628	0.1152	0.3403	0.6718	0.6718	0.6718	0.3304	0.3304	1.2260	0.0854	0.3304	0.3304	1.2260	1.2260	1.2260	
1.1780	1.1434	1.1874	1.1780	1.7969	0.3403	1.1630	0.1150	0.3403	0.6722	0.6722	0.6722	0.3307	0.3307	1.2270	0.0855	0.3307	0.3307	1.2270	1.2270	1.2270	
1.1784	1.1437	1.1879	1.1784	1.7977	0.3402	1.1632	0.1148	0.3402	0.6726	0.6726	0.6726	0.3310	0.3310	1.2278	0.0855	0.3310	0.3310	1.2278	1.2278	1.2278	
1.1788	1.1439	1.1883	1.1788	1.7985	0.3402	1.1633	0.1147	0.3402	0.6729	0.6729	0.6729	0.3312	0.3312	1.2285	0.0855	0.3312	0.3312	1.2285	1.2285	1.2285	
1.1791	1.1441	1.1886	1.1791	1.7991	0.3402	1.1634	0.1146	0.3402	0.6731	0.6731	0.6731	0.3314	0.3314	1.2291	0.0855	0.3314	0.3314	1.2291	1.2291	1.2291	
1.1793	1.1443	1.1889	1.1793	1.7997	0.3402	1.1635	0.1144	0.3402	0.6734	0.6734	0.6734	0.3316	0.3316	1.2296	0.0856	0.3316	0.3316	1.2296	1.2296	1.2296	
1.1795	1.1444	1.1891	1.1795	1.8001	0.3401	1.1636	0.1143	0.3401	0.6736	0.6736	0.6736	0.3318	0.3318	1.2301	0.0856	0.3318	0.3318	1.2301	1.2301	1.2301	
1.1797	1.1445	1.1893	1.1797	1.8006	0.3401	1.1636	0.1142	0.3401	0.6737	0.6737	0.6737	0.3319	0.3319	1.2305	0.0856	0.3319	0.3319	1.2305	1.2305	1.2305	
1.1799	1.1446	1.1895	1.1799	1.8009	0.3401	1.1637	0.1142	0.3401	0.6739	0.6739	0.6739	0.3321	0.3321	1.2309	0.0856	0.3321	0.3321	1.2309	1.2309	1.2309	
1.1800	1.1447	1.1897	1.1800	1.8012	0.3400	1.1637	0.1141	0.3400	0.6740	0.6740	0.6740	0.3322	0.3322	1.2312	0.0856	0.3322	0.3322	1.2312	1.2312	1.2312	
1.1801	1.1448	1.1898	1.1801	1.8015	0.3400	1.1637	0.1140	0.3400	0.6741	0.6741	0.6741	0.3323	0.3323	1.2315	0.0856	0.3323	0.3323	1.2315	1.2315	1.2315	
1.1802	1.1448	1.1899	1.1802	1.8017	0.3400	1.1637	0.1140	0.3400	0.6742	0.6742	0.6742	0.3324	0.3324	1.2317	0.0856	0.3324	0.3324	1.2317	1.2317	1.2317	
1.1803	1.1449	1.1900	1.1803	1.8019	0.3400	1.1637	0.1139	0.3400	0.6743	0.6743	0.6743	0.3324	0.3324	1.2320	0.0856	0.3324	0.3324	1.2320	1.2320	1.2320	
1.1804	1.1449	1.1901	1.1804	1.8021	0.3399	1.1637	0.1139	0.3399	0.6744	0.6744	0.6744	0.3325	0.3325	1.2321	0.0857	0.3325	0.3325	1.2321	1.2321	1.2321	
1.1805	1.1449	1.1902	1.1805	1.8023	0.3399	1.1637	0.1138	0.3399	0.6744	0.6744	0.6744	0.3326	0.3326	1.2323	0.0857	0.3326	0.3326	1.2323	1.2323	1.2323	
1.1805	1.1449	1.1903	1.1805	1.8024	0.3399	1.1637	0.1138	0.3399	0.6745	0.6745	0.6745	0.3326	0.3326	1.2325	0.0857	0.3326	0.3326	1.2325	1.2325	1.2325	
1.1806	1.1450	1.1903	1.1806	1.8025	0.3399	1.1636	0.1137	0.3399	0.6745	0.6745	0.6745	0.3327	0.3327	1.2326	0.0857	0.3327	0.3327	1.2326	1.2326	1.2326	
1.1806	1.1450	1.1904	1.1806	1.8026	0.3399	1.1636	0.1137	0.3399	0.6746	0.6746	0.6746	0.3327	0.3327	1.2327	0.0857	0.3327	0.3327	1.2327	1.2327	1.2327	
1.1806	1.1450	1.1904	1.1806	1.8027	0.3399	1.1636	0.1137	0.3399	0.6746	0.6746	0.6746	0.3328	0.3328	1.2328	0.0857	0.3328	0.3328	1.2328	1.2328	1.2328	
1.1807	1.1450	1.1905	1.1807	1.8028	0.3398	1.1636	0.1137	0.3398	0.6747	0.6747	0.6747	0.3328	0.3328	1.2329	0.0857	0.3328	0.3328	1.2329	1.2329	1.2329	
1.1807	1.1450	1.1905	1.1807	1.8028	0.3398	1.1636	0.1136	0.3398	0.6747	0.6747	0.6747	0.3328	0.3328	1.2329	0.0857	0.3328	0.3328	1.2329	1.2329	1.2329	
1.1807	1.1450	1.1905	1.1807	1.8029	0.3398	1.1636	0.1136	0.3398	0.6747	0.6747	0.6747	0.3328	0.3328	1.2330	0.0857	0.3328	0.3328	1.2330	1.2330	1.2330	
1.1807	1.1450	1.1905	1.1807	1.8029	0.3398	1.1636	0.1136	0.3398	0.6747	0.6747	0.6747	0.3329	0.3329	1.2331	0.0857	0.3329	0.3329	1.2331	1.2331	1.2331	
1.1808	1.1450	1.1906	1.1808	1.8030	0.3398	1.1635	0.1136	0.3398	0.6747	0.6747	0.6747	0.3329	0.3329	1.2331	0.0857	0.3329	0.3329	1.2331	1.2331	1.2331	
1.1808	1.1450	1.1906	1.1808	1.8030	0.3398	1.1635	0.1136	0.3398	0.6748	0.6748	0.6748	0.3329	0.3329	1.2332	0.0857	0.3329	0.3329	1.2332	1.2332	1.2332	
1.1808	1.1450	1.1906	1.1808	1.8030	0.3398	1.1635	0.1136	0.3398	0.6748	0.6748	0.6748	0.3329	0.3329	1.2332	0.0857	0.3329	0.3329	1.2332	1.2332	1.2332	
1.1808	1.1450	1.1906	1.1808	1.8031	0.3398	1.1635	0.1136	0.3398	0.6748	0.6748	0.6748	0.3329	0.3329	1.2332	0.0857	0.3329	0.3329	1.2332	1.2332	1.2332	
1.1808	1.1450	1.1906	1.1808	1.8031	0.3398	1.1635	0.1136	0.3398	0.6748	0.6748	0.6748	0.3330	0.3330	1.2333	0.0857	0.3330	0.3330	1.2333	1.2333	1.2333	
1.1808	1.1450	1.1906	1.1808	1.8031	0.3398	1.1635	0.1135	0.3398	0.6748	0.6748	0.6748	0.3330	0.3330	1.2333	0.0857	0.3330	0.3330	1.2333	1.2333	1.2333	
1.1808	1.1450	1.1906	1.1808	1.8031	0.3398	1.1635	0.1135	0.3398	0.6748	0.6748	0.6748	0.3330	0.3330	1.2333	0.0857	0.3330	0.3330	1.2333	1.2333	1.2333	
1.1808	1.1450	1.1906	1.1808	1.8031	0.3398	1.1635	0.1135	0.3398	0.6748	0.6748	0.6748	0.3330	0.3330	1.2333	0.0857	0.3330	0.3330	1.2333	1.2333	1.2333	
1.1808	1.1450	1.1906	1.1808	1.8032	0.3397	1.1635	0.1135	0.3397	0.6748	0.6748	0.6748	0.3330	0.3330	1.2333	0.0857	0.3330	0.3330	1.2333	1.2333	1.2333	
1.1808	1.1450	1.1907	1.1808	1.8032	0.3397	1.1635	0.1135	0.3397	0.6748	0.6748	0.6748	0.3330	0.3330	1.2334	0.0857	0.3330	0.3330	1.2334	1.2334	1.2334	
1.1808	1.1450	1.1907	1.1808	1.8032	0.3397	1.1634	0.1135	0.3397	0.6748	0.6748	0.6748	0.3330	0.3330	1.2334	0.0857	0.3330	0.3330	1.2334	1.2334	1.2334	
1.1808	1.1450	1.1907	1.1808	1.8032	0.3397	1.1634	0.1135	0.3397	0.6748	0.6748	0.6748	0.3330	0.3330	1.2334	0.0857	0.3330	0.3330	1.2334	1.2334	1.2334	
1.1808	1.1450	1.1907	1.1808	1.8032	0.3397	1.1634	0.1135	0.3397	0.6748	0.6748	0.6748	0.3330	0.3330	1.2334	0.0857	0.3330	0.3330	1.2334	1.2334	1.2334	
1.1808	1.1450	1.1907	1.1808	1.8032	0.3397	1.1634	0.1135	0.3397	0.6748	0.6748	0.6748	0.3330	0.3330	1.2334	0.0857	0.3330	0.3330	1.2334	1.2334	1.2334	
1.1808	1.1450	1.1907	1.1808	1.8032	0.3397	1.1634	0.1135	0.3397	0.6748	0.6748	0.6748	0.3330	0.3330	1.2334	0.0857	0.3330	0.3330	1.2334	1.2334	1.2334	
1.1808	1.1450	1.1907	1.1808	1.8032	0.3397	1.1634	0.1135	0.3397	0.6749	0.6749	0.6749	0.3330	0.3330	1.2334	0.0857	0.3330	0.3330	1.2334	1.2334	1.2334	
1.1808	1.1450	1.1907	1.1808	1.8032	0.3397	1.1634	0.1135	0.3397	0.6749	0.6749	0.6749	0.3330	0.3330	1.2334	0.0857	0.3330	0.3330	1.2334	1.2334	1.2334	
1.1808	1.1450	1.1907	1.1808	1.8032	0.3397	1.1634	0.1135	0.3397	0.6749	0.6749	0.6749	0.3330	0.3330	1.2334	0.0857	0.3330	0.3330	1.2334	1.2334	1.2334	
1.1808	1.1450	1.1907	1.1808	1.8032	0.3397	1.1634	0.1135	0.3397	0.6749	0.6749	0.6749	0.3330	0.3330	1.2334	0.0857	0.3330	0.3330	1.2334	1.2334	1.2334	
1.1808	1.1450	1.1907	1.1808	1.8032	0.3397	1.1634	0.1135	0.3397	0.6749	0.6749	0.6749	0.3330	0.3330	1.2334	0.0857	0.3330	0.3330	1.2334	1.2334	1.2334	
1.1808	1.1450	1.1907	1.1808	1.8032	0.3397	1.1634	0.1135	0.3397	0.6749	0.6749	0.6749	0.3330	0.3330	1.2334	0.0857	0.3330	0.3330	1.2334	1.2334	1.2334	
1.1808	1.1450	1.1907	1.1808	1.8032	0.3397	1.1634	0.1135	0.3397	0.6749	0.6749	0.6749	0.3330	0.3330	1.2334	0.0857	0.3330	0.3330	1.2334	1.2334	1.2334	
1.1808	1.1450	1.1907	1.1808	1.8032	0.3397	1.1634	0.1135	0.3397	0.6749	0.6749	0.6749	0.3330	0.3330	1.2334	0.0857	0.3330	0.3330	1.2334	1.2334	1.2334	
1.1808	1.1450	1.1907	1.1808	1.8032	0.3397	1.1634	0.1135	0.3397	0.6749	0.6749	0.6749	0.3330	0.3330	1.2334	0.0857	0.3330	0.3330	1.2334	1.2334	1.2334	
1.1808	1.1450	1.1907	1.1808	1.8032	0.3397	1.1634	0.1135	0.3397	0.6749	0.6749	0.6749	0.3330	0.3330	1.2334	0.0857	0.3330	0.3330	1.2334	1.2334	1.2334	
1.1809	1.1450	1.1907	1.1809	1.8032	0.3397	1.1634	0.1135	0.3397	0.6749	0.6749	0.6749	0.3330	0.3330	1.2335	0.0857	0.3330	0.3330	1.2335	1.2335	1.2335	
