0.99405	6.86151e-04
0.97801	7.90869e-03
0.96833	6.82909e-03
0.94831	8.25704e-03
0.93608	1.73844e-02
0.90176	1.63827e-02
0.86849	2.32002e-02
0.84550	2.60573e-02
0.79125	4.75968e-02
0.73204	4.23107e-02
0.68482	3.93932e-02
0.61512	3.57128e-02
0.48769	7.18636e-02
0.39656	7.93537e-02
0.32503	1.27245e-01
0.28598	1.55185e-01
0.25233	1.05434e-01
0.22783	1.25105e-01
0.20787	9.11144e-02
0.20291	7.33360e-02
0.22872	1.22483e-01
0.18601	6.58001e-02
0.16290	4.34419e-02
0.15441	4.26014e-02
0.16859	9.11270e-02
0.14798	1.15416e-01
0.14661	8.28457e-02
0.10868	4.24149e-02
0.11451	4.67322e-02
0.13923	4.14307e-02
0.14689	6.17796e-02
0.10770	6.11580e-02
0.14888	5.80625e-02
0.12257	5.14283e-02
0.13373	4.83797e-02
0.13388	7.35102e-02
0.11364	5.78327e-02
0.13523	7.28769e-02
0.09342	5.01890e-02
0.09195	3.62907e-02
0.09576	4.48844e-02
0.12055	8.27651e-02
0.08997	3.67215e-02
0.12990	6.65579e-02
0.08950	3.44586e-02
0.07637	5.42926e-02
0.12023	3.63441e-02
0.11369	5.60678e-02
0.08768	4.35011e-02
0.09911	3.46974e-02
0.09118	3.95107e-02
0.12080	3.75849e-02
0.09152	3.93497e-02
0.10780	5.25213e-02
0.08180	4.40281e-02
0.07177	3.34391e-02
0.10646	4.21011e-02
0.09760	4.15275e-02
0.08233	4.15781e-02
0.09204	4.12832e-02
0.08137	4.55171e-02
0.09576	4.74893e-02
0.09818	5.77150e-02
0.09052	3.92776e-02
0.08550	4.86309e-02
0.08947	5.27670e-02
0.08372	3.68906e-02
0.08899	5.55390e-02
0.06737	4.02634e-02
0.09975	4.67379e-02
0.06994	3.05952e-02
0.05997	2.90616e-02
0.09281	6.36354e-02
0.09726	3.89783e-02
0.11538	4.97165e-02
0.11558	5.00236e-02
0.08890	4.19610e-02
0.09897	4.07651e-02
0.06094	4.67379e-02
0.06669	4.11385e-02
0.09459	4.69013e-02
0.07249	3.40600e-02
0.07195	4.11736e-02
0.07751	4.07121e-02
0.06955	4.18997e-02
0.09690	3.43055e-02
0.08687	5.10746e-02
0.10505	5.49572e-02
0.11372	3.61040e-02
0.10300	4.57640e-02
0.09921	4.81212e-02
0.07684	3.97729e-02
0.06646	2.48932e-02
0.08432	4.88108e-02
0.10420	4.71236e-02
0.09531	3.83791e-02
0.08501	3.96241e-02
0.09415	5.43733e-02
0.06763	4.38348e-02
