0.99494	7.48742e-04
0.97934	7.38593e-03
0.97485	1.17210e-02
0.96244	9.32815e-03
0.94258	9.19579e-03
0.92175	1.87272e-02
0.87444	1.74582e-02
0.84834	2.54521e-02
0.81774	4.95249e-02
0.75372	3.41309e-02
0.71923	6.40054e-02
0.63748	8.80296e-02
0.51236	1.00932e-01
0.39326	1.39738e-01
0.39039	1.17184e-01
0.29836	1.13043e-01
0.20504	1.39382e-01
0.18921	1.10900e-01
0.17454	8.68483e-02
0.17746	5.88198e-02
0.21222	7.48977e-02
0.15820	9.33713e-02
0.20281	9.45612e-02
0.14685	7.70360e-02
0.13730	5.43007e-02
0.14912	9.05093e-02
0.16910	8.06019e-02
0.13889	4.97156e-02
0.15189	4.94013e-02
0.11645	4.29155e-02
0.13063	3.32945e-02
0.11169	4.50741e-02
0.12202	5.61574e-02
0.12926	4.97303e-02
0.15610	6.83466e-02
0.10719	4.40273e-02
0.10825	5.04617e-02
0.13175	7.86467e-02
0.11490	5.43185e-02
0.09202	3.86553e-02
0.11700	3.61428e-02
0.09431	4.92965e-02
0.11280	5.77813e-02
0.10402	7.61860e-02
0.12443	4.05905e-02
0.12555	4.01453e-02
0.08777	5.31023e-02
0.08696	4.15475e-02
0.11936	6.96002e-02
0.10335	4.27624e-02
0.08705	5.65654e-02
0.07924	5.93085e-02
0.11222	4.65361e-02
0.09425	5.12722e-02
0.09970	4.12340e-02
0.09894	4.68279e-02
0.08638	6.96966e-02
0.10549	3.47585e-02
0.10493	4.14053e-02
0.09008	3.33186e-02
0.08914	6.07929e-02
0.10175	4.81854e-02
0.09693	5.81419e-02
0.09857	5.78200e-02
0.09398	5.03555e-02
0.07128	4.17386e-02
0.08617	4.17421e-02
0.09012	3.87027e-02
0.07518	3.05408e-02
0.08072	3.40002e-02
0.09174	3.29798e-02
0.09072	5.88035e-02
0.07431	2.19191e-02
0.11083	3.58945e-02
0.09737	3.96003e-02
0.06082	4.30240e-02
0.08767	4.82645e-02
0.09212	3.05308e-02
0.08593	2.73295e-02
0.07721	4.15791e-02
0.10763	3.93476e-02
0.07632	4.52014e-02
0.08180	3.80142e-02
0.10354	3.27885e-02
0.08962	3.58503e-02
0.07610	3.66312e-02
0.08837	3.03303e-02
0.09192	5.67724e-02
0.07216	3.95332e-02
0.05796	2.91477e-02
0.09336	5.49315e-02
0.08542	3.16447e-02
0.06486	4.13816e-02
0.04500	2.17533e-02
0.06480	3.83169e-02
0.08467	4.57507e-02
0.05605	3.30048e-02
0.06881	3.46268e-02
0.08923	4.20358e-02
