0.91095	2.31522e-02
0.89244	3.26528e-02
0.85642	3.76523e-02
0.82094	5.60710e-02
0.80265	9.59407e-02
0.76843	8.83814e-02
0.75770	9.35782e-02
0.72276	1.16520e-01
0.68127	1.31396e-01
0.61784	1.49746e-01
0.61147	1.74889e-01
0.59614	1.42379e-01
0.60609	1.25995e-01
0.58662	1.46782e-01
0.61084	1.29140e-01
0.62364	1.39071e-01
0.63216	1.08659e-01
0.63203	1.33272e-01
0.65299	9.04509e-02
0.65369	8.59442e-02
0.64581	8.98784e-02
0.63947	9.74391e-02
0.62651	9.83910e-02
0.63344	1.02202e-01
0.61716	8.02288e-02
0.60280	7.17963e-02
0.65341	7.22945e-02
0.61194	7.98896e-02
0.61603	7.88147e-02
0.59793	7.91683e-02
0.64124	4.17080e-02
0.63134	5.59417e-02
0.64080	6.16124e-02
0.63964	4.56609e-02
0.64032	4.59376e-02
0.63394	5.95107e-02
0.63118	6.19552e-02
0.64792	4.38006e-02
0.62750	4.87844e-02
0.61076	4.14691e-02
0.64114	3.55007e-02
0.61313	3.63526e-02
0.61015	5.46891e-02
0.59463	4.06389e-02
0.59405	3.53640e-02
0.57741	6.04969e-02
0.60370	4.41053e-02
0.59621	6.74514e-02
0.59340	5.88020e-02
0.57966	6.42950e-02
0.57260	4.89077e-02
0.57634	6.64852e-02
0.58858	5.13310e-02
0.58962	5.23859e-02
0.58650	4.17151e-02
0.57112	5.42750e-02
0.58645	3.83663e-02
0.58036	3.92368e-02
0.55386	5.95953e-02
0.56358	6.31306e-02
0.55941	3.41140e-02
0.52985	6.62900e-02
0.54034	4.24686e-02
0.55557	5.79554e-02
0.53119	4.81515e-02
0.51549	3.82273e-02
0.51089	4.19063e-02
0.50998	3.26865e-02
0.52167	7.42579e-02
0.49962	4.07682e-02
0.48344	4.59424e-02
0.49470	2.84985e-02
0.46716	5.68542e-02
0.49594	4.20180e-02
0.49371	5.24534e-02
0.47145	6.23130e-02
0.48103	4.55083e-02
0.43972	6.59095e-02
0.43291	3.85457e-02
0.39399	4.99614e-02
0.43212	7.43364e-02
0.42885	6.92062e-02
0.41743	7.00948e-02
0.42753	6.16063e-02
0.38634	5.88844e-02
0.39998	6.61397e-02
0.38350	5.14966e-02
0.38916	4.23386e-02
0.36368	6.87621e-02
0.37718	5.44982e-02
0.33084	1.06671e-01
0.33740	4.76394e-02
0.35200	8.53479e-02
0.35152	6.02593e-02
0.32260	7.01408e-02
0.29733	6.86103e-02
0.31651	6.89871e-02
0.29247	6.50897e-02
0.27887	4.55085e-02
0.28065	9.58006e-02
0.30091	8.39138e-02
0.30761	8.49681e-02
0.31480	8.07194e-02
0.31875	4.73765e-02
0.34085	5.23138e-02
0.33904	6.08952e-02
0.35147	5.37113e-02
0.32570	6.05712e-02
0.34271	5.34198e-02
0.32470	7.30251e-02
0.31733	6.64089e-02
0.32604	7.51241e-02
0.32604	7.51241e-02
0.33532	8.44315e-02
0.36027	8.24815e-02
0.35340	7.26471e-02
0.35194	7.81323e-02
0.31841	7.06496e-02
0.33567	7.71944e-02
0.34945	8.55672e-02
0.36720	6.58461e-02
0.37038	6.46784e-02
0.35404	4.74803e-02
0.35888	6.75466e-02
0.35888	6.75466e-02
0.39589	4.64331e-02
0.38209	5.08187e-02
0.39254	4.85597e-02
0.41446	4.88717e-02
0.40744	5.15892e-02
0.40827	5.86875e-02
0.40037	6.14405e-02
0.40037	6.14405e-02
0.41392	5.28392e-02
0.40725	5.82001e-02
0.40000	5.88620e-02
0.40000	5.88620e-02
0.38968	7.73224e-02
0.38560	7.61170e-02
0.42270	6.39585e-02
0.41822	6.39022e-02
0.41548	6.59710e-02
0.35745	3.52957e-02
0.36703	4.73213e-02
0.36703	4.73213e-02
0.37417	5.18426e-02
0.37417	5.18426e-02
0.38330	6.23628e-02
0.38330	6.23628e-02
0.38330	6.23628e-02
0.39067	5.92686e-02
0.39066	5.92665e-02
0.38573	5.76216e-02
0.38573	5.76216e-02
0.39951	4.23912e-02
0.39035	5.05846e-02
0.40773	4.57280e-02
0.43281	5.95945e-02
0.43281	5.95945e-02
0.43981	5.69365e-02
0.45088	5.24383e-02
0.42796	6.66035e-02
0.44273	7.43900e-02
0.44978	6.38943e-02
0.43786	6.85505e-02
0.43188	6.78545e-02
0.43188	6.78545e-02
0.43188	6.78545e-02
0.43000	6.77587e-02
0.42697	6.61928e-02
0.43430	7.07694e-02
0.45347	6.81512e-02
0.44103	5.27047e-02
0.46322	4.27240e-02
0.46720	4.43490e-02
0.49054	4.45602e-02
0.49054	4.45602e-02
0.49383	4.11887e-02
0.48600	4.58101e-02
0.47303	4.27546e-02
0.47647	4.41827e-02
0.47974	5.21440e-02
0.47974	5.21440e-02
0.49985	4.82253e-02
0.48349	5.35854e-02
0.46928	4.41802e-02
0.47141	5.83396e-02
0.47116	6.56201e-02
0.48515	5.90468e-02
0.48693	5.88328e-02
0.49631	5.39610e-02
0.50336	5.26637e-02
0.49992	5.68238e-02
0.49182	6.47292e-02
0.50662	6.63342e-02
0.51756	6.69443e-02
0.51010	6.26812e-02
0.49436	7.06636e-02
0.49873	6.03737e-02
0.51968	6.46279e-02
0.52691	7.06907e-02
0.52637	7.05881e-02
0.51889	6.63429e-02
0.52672	6.11426e-02
0.52255	6.24526e-02
0.53221	5.33500e-02
0.52966	5.19677e-02
0.53797	5.69310e-02
0.53647	5.59995e-02
0.53537	5.47226e-02
0.55065	6.98926e-02
0.53868	6.44366e-02
0.53868	6.44366e-02
0.54098	6.18146e-02
0.54421	6.03890e-02
0.55227	6.07460e-02
0.55929	6.46866e-02
0.55942	7.59275e-02
0.54499	8.81643e-02
0.55502	7.74193e-02
0.55531	6.38107e-02
0.55996	6.56120e-02
0.54682	7.20511e-02
0.54297	6.61766e-02
0.54037	6.57990e-02
0.57136	6.87877e-02
0.57224	6.84180e-02
0.57229	7.67641e-02
0.57346	8.21962e-02
0.57688	6.90611e-02
0.57327	7.28617e-02
0.57327	7.28617e-02
0.58306	6.41387e-02
0.57668	6.00865e-02
0.57443	6.31438e-02
0.58563	6.01602e-02
0.58254	5.68266e-02
0.58233	5.65887e-02
0.58194	5.68596e-02
0.58194	5.68596e-02
0.57759	5.32680e-02
0.59841	5.73649e-02
0.59037	5.69143e-02
0.59539	5.28092e-02
0.60208	4.51395e-02
0.58901	5.69415e-02
0.59238	5.67359e-02
0.59247	5.67704e-02
0.60114	5.71506e-02
0.61466	5.92997e-02
0.61326	5.78412e-02
0.62250	5.25851e-02
0.62128	5.47822e-02
0.62169	4.86233e-02
0.62169	4.86233e-02
0.62428	4.29476e-02
0.62403	4.56186e-02
0.61115	5.64098e-02
0.61090	5.70506e-02
0.61581	6.11645e-02
0.61581	6.11645e-02
0.61228	6.05527e-02
0.61266	6.34665e-02
0.62436	5.15428e-02
0.62436	5.15428e-02
0.62436	5.15428e-02
0.62343	5.06592e-02
0.62490	4.36571e-02
0.62490	4.36571e-02
0.63874	4.69613e-02
0.63443	4.89771e-02
0.63934	4.68567e-02
0.63910	4.69886e-02
0.64141	4.85680e-02
0.64018	4.68883e-02
0.64565	5.06342e-02
0.63381	6.30027e-02
0.64451	6.53926e-02
0.64864	6.19064e-02
0.65819	6.84714e-02
0.66372	5.77179e-02
0.66534	4.93737e-02
0.66768	5.05120e-02
0.67054	5.04174e-02
0.67261	4.76634e-02
0.67503	4.61045e-02
0.67646	4.61648e-02
0.67277	5.40909e-02
0.67983	5.45688e-02
0.67040	7.24934e-02
0.66668	6.96837e-02
0.66578	6.77565e-02
0.67959	6.26657e-02
0.67436	6.07412e-02
0.67436	6.07412e-02
0.67549	6.14083e-02
0.67507	6.10736e-02
0.67816	6.54356e-02
0.67816	6.54356e-02
0.67816	6.54356e-02
0.68470	6.30292e-02
0.69654	4.56441e-02
0.70210	4.67172e-02
0.70522	4.43441e-02
0.70516	4.24336e-02
0.70874	4.58401e-02
0.71137	4.78838e-02
0.71377	4.75751e-02
0.71301	4.69522e-02
0.71179	4.76192e-02
0.71400	4.69870e-02
0.71218	4.78178e-02
0.71218	4.78178e-02
0.71420	5.26495e-02
0.72558	6.39712e-02
0.72909	6.42909e-02
0.72930	6.42697e-02
0.72867	5.73487e-02
0.72969	5.90594e-02
0.72969	5.90594e-02
0.73721	5.34433e-02
0.72941	6.37566e-02
0.73647	6.76834e-02
0.73344	7.29608e-02
0.73326	7.30782e-02
0.74061	7.37846e-02
0.74132	7.37492e-02
0.73769	7.83226e-02
0.73730	7.79730e-02
0.74725	6.43254e-02
0.74104	7.70837e-02
0.75206	6.66670e-02
0.75206	6.66670e-02
0.75228	6.69049e-02
0.75249	6.91771e-02
0.75471	7.11109e-02
0.75962	5.94683e-02
0.75858	5.89427e-02
0.75858	5.89427e-02
0.75954	5.91292e-02
0.75631	5.88540e-02
0.77348	5.89199e-02
0.78969	5.68780e-02
0.78172	5.13017e-02
0.77024	5.11167e-02
0.77201	5.39013e-02
0.77555	5.26786e-02
0.77501	5.26791e-02
0.78245	5.29130e-02
0.78122	5.59615e-02
0.78059	5.97450e-02
0.77557	6.99333e-02
0.76000	5.59874e-02
0.76071	4.72980e-02
0.76311	4.87630e-02
0.76827	5.11975e-02
0.77667	4.06466e-02
0.77113	4.98730e-02
0.77034	4.91888e-02
0.77034	4.91888e-02
0.78001	4.75578e-02
0.78365	4.83637e-02
0.78962	4.43572e-02
0.79400	3.94245e-02
0.79879	5.73703e-02
0.80125	5.82337e-02
0.80893	5.44881e-02
0.81367	5.82251e-02
0.81827	6.10148e-02
0.81974	6.15744e-02
0.82127	6.16355e-02
0.82410	5.76385e-02
0.82324	5.82758e-02
0.82873	5.97354e-02
0.82873	5.97354e-02
0.82831	6.02165e-02
0.83455	5.98602e-02
0.83353	6.02493e-02
0.83933	5.34839e-02
0.84595	4.31712e-02
0.84655	4.26969e-02
0.84655	4.26969e-02
0.84228	4.98180e-02
0.84976	5.27852e-02
0.84671	5.16251e-02
0.84477	4.94591e-02
0.84477	4.94591e-02
0.84572	4.93238e-02
0.83928	4.82271e-02
0.83376	4.61674e-02
0.83470	4.69650e-02
0.84484	5.62609e-02
0.84685	5.56346e-02
0.84685	5.56346e-02
0.85652	4.98952e-02
0.85652	4.98952e-02
0.86591	4.83009e-02
0.86583	4.85644e-02
0.87212	4.76096e-02
0.87238	4.77436e-02
0.87096	4.73294e-02
0.86971	5.04613e-02
0.86600	5.01652e-02
0.87005	5.43153e-02
0.87005	5.43153e-02
0.86991	5.37934e-02
0.86344	5.10002e-02
0.87563	3.76246e-02
0.88353	3.83634e-02
0.88216	3.83578e-02
0.88554	4.00073e-02
0.88593	4.02935e-02
0.89441	4.37045e-02
0.89729	4.35438e-02
0.89649	3.82081e-02
0.89725	3.90055e-02
0.89455	3.79246e-02
0.89455	3.79246e-02
0.90456	4.29043e-02
0.89576	4.30852e-02
0.89939	3.62676e-02
0.90001	3.66417e-02
0.89310	3.86839e-02
0.89310	3.86839e-02
0.89366	3.93629e-02
0.88196	3.62174e-02
0.87818	4.58655e-02
0.87818	4.58655e-02
0.87818	4.58655e-02
0.88147	5.52447e-02
0.88253	5.63090e-02
0.88253	5.63090e-02
0.88361	5.73914e-02
0.82622	0.00000e+00
0.82622	0.00000e+00
0.84883	0.00000e+00
0.84883	0.00000e+00
0.82640	0.00000e+00
0.82640	0.00000e+00
0.82640	0.00000e+00
0.82640	0.00000e+00
0.82640	0.00000e+00
0.82640	0.00000e+00
0.82640	0.00000e+00
0.82640	0.00000e+00
0.82640	0.00000e+00
0.82640	0.00000e+00
0.85555	0.00000e+00
0.85555	0.00000e+00
0.85555	0.00000e+00
0.85555	0.00000e+00
0.85555	0.00000e+00
0.85555	0.00000e+00
0.85555	0.00000e+00
0.85555	0.00000e+00
0.85555	0.00000e+00
0.85555	0.00000e+00
0.85555	0.00000e+00
0.85650	0.00000e+00
0.88359	0.00000e+00
0.88359	0.00000e+00
0.88359	0.00000e+00
0.88359	0.00000e+00
0.88631	0.00000e+00
0.89657	0.00000e+00
0.89657	0.00000e+00
0.89657	0.00000e+00
0.89657	0.00000e+00
0.90164	0.00000e+00
0.90164	0.00000e+00
0.90164	0.00000e+00
0.90164	0.00000e+00
0.90164	0.00000e+00
0.90164	0.00000e+00
0.90164	0.00000e+00
0.90164	0.00000e+00
0.90605	0.00000e+00
0.90605	0.00000e+00
0.90605	0.00000e+00
0.90631	0.00000e+00
