0.98294	2.35885e-03
0.96832	1.11591e-02
0.95812	2.03750e-02
0.95436	1.58827e-02
0.94156	2.69452e-02
0.90420	3.30679e-02
0.89396	5.00763e-02
0.86959	7.59817e-02
0.86396	5.27422e-02
0.84006	6.85506e-02
0.82625	6.72241e-02
0.79336	1.01389e-01
0.81521	6.73388e-02
0.81320	9.13442e-02
0.80232	9.50273e-02
0.78576	1.19499e-01
0.77322	1.27289e-01
0.77887	1.26805e-01
0.79611	1.12109e-01
0.77940	1.38479e-01
0.77519	1.40802e-01
0.77818	1.30892e-01
0.73797	1.65127e-01
0.74406	1.12566e-01
0.74284	1.22782e-01
0.75153	1.03688e-01
0.74070	8.00637e-02
0.74534	7.56578e-02
0.75943	9.19811e-02
0.79308	7.04144e-02
0.76899	7.71691e-02
0.77110	6.23404e-02
0.78220	5.61021e-02
0.79753	3.17600e-02
0.77648	5.31156e-02
0.79733	3.48727e-02
0.76449	5.74547e-02
0.76439	5.98083e-02
0.77341	4.18229e-02
0.78466	4.34507e-02
0.76744	5.42975e-02
0.77919	6.66548e-02
0.75212	5.26039e-02
0.74493	5.22122e-02
0.75522	3.37918e-02
0.74065	4.88180e-02
0.74809	5.19005e-02
0.74157	4.10012e-02
0.75108	2.86381e-02
0.73567	3.81288e-02
0.75289	3.99563e-02
0.72646	6.57731e-02
0.72615	3.37666e-02
0.72232	3.99065e-02
0.71512	5.74115e-02
0.70448	4.06231e-02
0.70606	3.48339e-02
0.69798	5.01606e-02
0.70117	6.04898e-02
0.67548	4.61757e-02
0.66214	5.05625e-02
0.64859	6.27535e-02
0.64856	5.48693e-02
0.66250	5.12927e-02
0.63497	9.13377e-02
0.62736	5.27295e-02
0.64223	3.98158e-02
0.64513	4.51694e-02
0.62919	5.77134e-02
0.59773	5.38079e-02
0.58529	5.36901e-02
0.62399	5.65971e-02
0.59384	7.36876e-02
0.57381	7.16965e-02
0.58914	6.93548e-02
0.58184	5.79843e-02
0.57676	5.93559e-02
0.52881	5.96677e-02
0.57230	4.72312e-02
0.56897	6.36509e-02
0.53248	6.74102e-02
0.54824	7.01322e-02
0.53833	8.02850e-02
0.54854	6.60540e-02
0.53122	8.00908e-02
0.51631	7.80447e-02
0.49412	6.92643e-02
0.49946	6.72769e-02
0.50798	9.84492e-02
0.47203	6.98741e-02
0.48887	5.73319e-02
0.49320	7.57200e-02
0.47780	5.87354e-02
0.47217	5.06714e-02
0.44864	6.90957e-02
0.44876	5.66553e-02
0.47483	5.95179e-02
0.43411	5.07029e-02
0.39201	9.67636e-02
0.44934	5.11892e-02
0.44214	6.18553e-02
0.43638	7.34538e-02
0.45538	9.08804e-02
0.45194	9.13293e-02
0.45460	9.18279e-02
0.44718	9.21699e-02
0.46170	9.93470e-02
0.48069	1.05519e-01
0.49554	9.81213e-02
0.49591	9.85605e-02
0.49636	9.33985e-02
0.48048	7.43397e-02
0.50440	4.80748e-02
0.50818	5.33861e-02
0.50462	4.54003e-02
0.52079	4.97503e-02
0.51283	4.75106e-02
0.52367	4.00604e-02
0.51420	3.91162e-02
0.53230	5.80831e-02
0.53230	5.80831e-02
0.54896	5.10315e-02
0.52013	5.23367e-02
0.52237	5.36093e-02
0.52384	5.97134e-02
0.53058	5.66576e-02
0.53818	6.29624e-02
0.53614	7.21803e-02
0.54360	5.05733e-02
0.54360	5.05733e-02
0.54344	5.58526e-02
0.55692	4.83773e-02
0.55669	4.83739e-02
0.56322	4.41811e-02
0.55205	5.03734e-02
0.56322	5.30711e-02
0.55064	5.99921e-02
0.53821	5.69068e-02
0.54641	5.10803e-02
0.55267	5.01200e-02
0.55805	5.10349e-02
0.55193	5.03495e-02
0.56257	5.06060e-02
0.56392	4.84827e-02
0.59494	5.21322e-02
0.58368	5.18777e-02
0.58982	5.52676e-02
0.60067	5.31916e-02
0.59818	5.46087e-02
0.58452	5.71867e-02
0.59179	5.88511e-02
0.58107	6.31699e-02
0.57378	5.85228e-02
0.57830	6.06662e-02
0.56945	5.51979e-02
0.58049	5.09487e-02
0.57403	5.20171e-02
0.58814	6.01371e-02
0.59581	5.03191e-02
0.60096	4.02870e-02
0.60593	4.27781e-02
0.60175	4.56873e-02
0.60378	4.27601e-02
0.61206	4.58996e-02
0.61358	4.41379e-02
0.61063	4.52167e-02
0.60581	4.96142e-02
0.60584	4.96647e-02
0.60960	5.01323e-02
0.60686	5.08237e-02
0.60455	4.82192e-02
0.61585	4.62667e-02
0.60942	5.89285e-02
0.60537	5.93702e-02
0.60200	6.07863e-02
0.60331	6.13376e-02
0.61190	6.68675e-02
0.61190	6.68675e-02
0.60537	6.63585e-02
0.62075	3.57558e-02
0.62539	4.41753e-02
0.62539	4.41753e-02
0.62774	4.20758e-02
0.64565	5.77247e-02
0.64543	5.79563e-02
0.65591	5.45867e-02
0.64306	3.94330e-02
0.65491	4.54968e-02
0.64996	5.44651e-02
0.65158	5.29403e-02
0.66230	5.32995e-02
0.65647	4.72387e-02
0.66071	3.41537e-02
0.66245	3.58383e-02
0.66197	3.61893e-02
0.66448	4.47233e-02
0.66237	4.69640e-02
0.66376	4.62817e-02
0.66436	4.61007e-02
0.67324	4.72669e-02
0.68022	5.32696e-02
0.67421	4.68869e-02
0.66637	3.80512e-02
0.67489	3.94508e-02
0.67489	3.94508e-02
0.67381	4.01374e-02
0.67514	4.16864e-02
0.69189	4.52429e-02
0.68896	5.27164e-02
0.69471	4.73483e-02
0.68556	4.53250e-02
0.68853	4.97868e-02
0.69182	4.64198e-02
0.67918	4.97891e-02
0.68035	5.14344e-02
0.71084	5.56376e-02
0.71287	5.39993e-02
0.70476	5.68612e-02
0.70429	5.76929e-02
0.69832	5.89605e-02
0.69550	5.86182e-02
0.68195	4.20141e-02
0.68845	5.01498e-02
0.70173	4.98345e-02
0.70564	4.66887e-02
0.70052	5.15743e-02
0.70194	3.87592e-02
0.70720	3.75474e-02
0.70942	3.79404e-02
0.70004	5.24995e-02
0.71434	4.27702e-02
0.71872	3.78812e-02
0.72019	3.67037e-02
0.72722	3.84331e-02
0.72529	4.03866e-02
0.72175	3.90361e-02
0.74354	5.49861e-02
0.73987	6.54222e-02
0.72766	6.73776e-02
0.72138	5.82157e-02
0.73820	5.10787e-02
0.73604	4.87880e-02
0.75089	5.20508e-02
0.75559	4.92537e-02
0.75488	4.90439e-02
0.75550	4.88193e-02
0.75875	5.37262e-02
0.75616	5.59111e-02
0.75960	5.32345e-02
0.76391	4.89473e-02
0.75662	4.23190e-02
0.76271	4.15281e-02
0.76361	4.63174e-02
0.76450	4.67777e-02
0.75676	4.80324e-02
0.75758	4.80984e-02
0.76070	4.74226e-02
0.77154	4.23950e-02
0.77993	4.02196e-02
0.77993	4.02196e-02
0.77567	3.27006e-02
0.78089	3.97480e-02
0.78437	3.55174e-02
0.77818	3.89577e-02
0.78903	3.55048e-02
0.78668	3.08712e-02
0.79583	2.91997e-02
0.79273	2.75456e-02
0.78448	3.83455e-02
0.78663	4.64474e-02
0.77772	3.77732e-02
0.77671	3.43980e-02
0.78814	3.68900e-02
0.79672	3.68727e-02
0.79863	4.04841e-02
0.79599	3.78143e-02
0.80168	2.92877e-02
0.80642	3.33843e-02
0.81401	2.88076e-02
0.81006	2.72639e-02
0.81437	2.86013e-02
0.81331	2.96744e-02
0.81724	2.55794e-02
0.81808	2.86658e-02
0.81808	2.86658e-02
0.81571	2.52600e-02
0.82101	2.56584e-02
0.81750	2.38735e-02
0.81951	2.23220e-02
0.81951	2.23220e-02
0.81951	2.23220e-02
0.82107	1.86342e-02
0.81845	1.64070e-02
0.81190	2.10773e-02
0.81541	2.05463e-02
0.81855	2.37027e-02
0.82232	2.61319e-02
0.82146	2.45729e-02
0.82185	2.52139e-02
0.82227	1.54713e-02
0.82227	1.54713e-02
0.81256	2.28064e-02
0.81668	3.55861e-02
0.83215	3.28651e-02
0.82797	2.38833e-02
0.83055	2.99053e-02
0.84103	3.78977e-02
0.83886	3.93072e-02
0.83714	3.47344e-02
0.84059	3.96984e-02
0.84597	4.52497e-02
0.84674	4.07659e-02
0.84906	4.02686e-02
0.85252	3.66966e-02
0.85352	4.09465e-02
0.85857	3.67200e-02
0.85404	3.01901e-02
0.85673	2.44083e-02
0.86312	2.78604e-02
0.86312	2.78604e-02
0.86559	3.27575e-02
0.86531	3.84612e-02
0.86677	3.71099e-02
0.86947	3.66371e-02
0.86407	4.57875e-02
0.85707	4.34210e-02
0.84403	5.03511e-02
0.85448	5.22785e-02
0.86121	4.98201e-02
0.86678	4.14692e-02
0.87197	3.61552e-02
0.87251	3.95767e-02
0.88029	4.64862e-02
0.88109	4.69538e-02
0.88193	4.31762e-02
0.88121	4.31522e-02
0.88270	4.69191e-02
0.88034	4.78331e-02
0.88356	4.62462e-02
0.88277	4.21362e-02
0.88333	4.20219e-02
0.88333	4.20219e-02
0.88972	4.65674e-02
0.88972	4.65674e-02
0.88972	4.65674e-02
0.89170	4.70063e-02
0.89331	4.71921e-02
0.89782	4.31484e-02
0.89782	4.31484e-02
0.89067	4.87488e-02
0.88763	4.86648e-02
0.88356	5.09839e-02
0.89045	4.51006e-02
0.88360	3.88857e-02
0.88562	3.88725e-02
0.89312	3.69352e-02
0.89324	3.75853e-02
0.88986	3.58032e-02
0.88986	3.58032e-02
0.89161	3.41571e-02
0.89161	3.41571e-02
0.89777	3.48678e-02
0.89896	3.68526e-02
0.90022	4.25105e-02
0.90287	4.03940e-02
0.88691	2.48231e-02
0.88691	2.48231e-02
0.88470	2.18276e-02
0.88359	2.06287e-02
0.89696	2.65323e-02
0.89464	2.06228e-02
0.91078	3.42151e-02
0.90720	3.59993e-02
0.91264	3.65645e-02
0.91492	3.58875e-02
0.90933	3.02449e-02
0.91244	3.36371e-02
0.90874	3.50608e-02
0.90823	3.54679e-02
0.90236	3.16254e-02
0.90307	3.29200e-02
0.90754	3.81596e-02
0.90891	3.86947e-02
0.90891	3.86947e-02
0.90572	4.14697e-02
0.91486	4.34533e-02
0.92783	4.06348e-02
0.91858	4.66763e-02
0.92142	4.60842e-02
0.92724	4.50969e-02
0.92885	4.59514e-02
0.92403	4.65881e-02
0.92331	4.61093e-02
0.92423	4.64298e-02
0.92689	4.53704e-02
0.92730	4.53713e-02
0.93383	4.85978e-02
0.93449	4.91633e-02
0.93604	4.92365e-02
0.93976	5.10805e-02
0.93932	5.09857e-02
0.94049	4.02032e-02
0.94577	2.77759e-02
0.94957	3.00783e-02
0.95564	3.19220e-02
0.94934	3.96886e-02
0.95618	2.67934e-02
0.95851	2.68223e-02
0.96176	2.82179e-02
0.95803	2.88333e-02
0.96090	3.02936e-02
0.96138	3.05517e-02
0.95780	3.23044e-02
0.95780	3.23044e-02
0.96167	3.38137e-02
0.94772	3.76425e-02
0.95168	4.02290e-02
0.95210	4.05368e-02
0.93700	4.21947e-02
0.93700	4.21947e-02
0.93700	4.21947e-02
0.93700	4.21947e-02
0.93700	4.21947e-02
0.92744	5.17536e-02
0.94420	3.49956e-02
0.94420	3.49956e-02
0.94452	3.53225e-02
0.90920	0.00000e+00
0.90920	0.00000e+00
0.90920	0.00000e+00
0.88839	0.00000e+00
0.88839	0.00000e+00
0.91195	0.00000e+00
0.91195	0.00000e+00
0.89690	0.00000e+00
0.93700	0.00000e+00
0.93700	0.00000e+00
0.93700	0.00000e+00
0.93700	0.00000e+00
0.93700	0.00000e+00
0.93700	0.00000e+00
0.93700	0.00000e+00
0.94276	0.00000e+00
0.95602	0.00000e+00
0.95602	0.00000e+00
0.95602	0.00000e+00
0.95602	0.00000e+00
0.95602	0.00000e+00
0.95602	0.00000e+00
0.95602	0.00000e+00
0.95602	0.00000e+00
0.95602	0.00000e+00
0.95602	0.00000e+00
0.95602	0.00000e+00
0.95602	0.00000e+00
0.95602	0.00000e+00
0.95602	0.00000e+00
0.95602	0.00000e+00
0.95602	0.00000e+00
0.95637	0.00000e+00
0.95603	0.00000e+00
0.95603	0.00000e+00
0.95603	0.00000e+00
0.95603	0.00000e+00
0.95603	0.00000e+00
0.95603	0.00000e+00
0.95603	0.00000e+00
0.95603	0.00000e+00
0.95603	0.00000e+00
0.95603	0.00000e+00
0.95603	0.00000e+00
0.95603	0.00000e+00
0.95603	0.00000e+00
0.97575	0.00000e+00
0.98305	0.00000e+00
