0.99403	9.14281e-04
0.98247	9.60790e-03
0.97271	1.02054e-02
0.96759	1.19786e-02
0.95648	1.82002e-02
0.95790	2.79866e-02
0.94781	2.04773e-02
0.94334	3.06624e-02
0.91178	3.48802e-02
0.89010	4.47666e-02
0.87485	3.46338e-02
0.88769	2.32541e-02
0.88570	2.96769e-02
0.88851	2.82499e-02
0.87455	3.68151e-02
0.86414	3.21631e-02
0.87567	2.90948e-02
0.86218	3.81581e-02
0.85909	2.72835e-02
0.85447	2.14508e-02
0.86016	2.91836e-02
0.85552	3.95886e-02
0.84333	6.39050e-02
0.82185	6.68616e-02
0.85239	8.12615e-02
0.85119	3.63205e-02
0.83955	4.38191e-02
0.84077	2.82997e-02
0.82790	3.88918e-02
0.84700	2.86746e-02
0.83144	3.63667e-02
0.82469	3.19226e-02
0.82542	3.95981e-02
0.82942	3.86657e-02
0.81244	5.94559e-02
0.81196	6.53107e-02
0.81330	5.15336e-02
0.82147	3.74973e-02
0.81618	3.96497e-02
0.80478	3.22649e-02
0.81631	4.28292e-02
0.80589	6.56820e-02
0.80652	4.80706e-02
0.79719	3.61576e-02
0.79114	5.26428e-02
0.78482	3.88846e-02
0.77945	4.75606e-02
0.76376	4.72352e-02
0.79462	3.75786e-02
0.76965	5.66097e-02
0.78221	3.11812e-02
0.76548	4.02577e-02
0.76804	5.18726e-02
0.75408	5.20521e-02
0.76891	3.03639e-02
0.74858	2.30699e-02
0.73931	4.57409e-02
0.72918	2.65959e-02
0.73415	4.55765e-02
0.71618	6.36468e-02
0.72789	2.64203e-02
0.72119	3.83555e-02
0.72554	3.38758e-02
0.69600	4.83644e-02
0.70063	4.80575e-02
0.68902	4.43959e-02
0.66092	5.12373e-02
0.68055	4.99421e-02
0.69487	3.96562e-02
0.65051	4.05517e-02
0.67873	3.74149e-02
0.64777	6.24333e-02
0.65268	3.85832e-02
0.63603	6.86685e-02
0.64501	4.10544e-02
0.65952	3.89844e-02
0.62168	5.55743e-02
0.62126	6.12338e-02
0.61882	7.16025e-02
0.61607	5.29824e-02
0.58825	6.01784e-02
0.59609	5.89049e-02
0.60478	4.75779e-02
0.62359	5.71619e-02
0.55474	7.08654e-02
0.56503	6.60363e-02
0.58869	7.77183e-02
0.57668	5.44427e-02
0.58393	4.48136e-02
0.54159	6.18744e-02
0.54457	3.18303e-02
0.57280	6.08459e-02
0.53958	5.02559e-02
0.53974	4.89103e-02
0.51133	4.70975e-02
0.50696	6.55188e-02
0.49007	7.97588e-02
0.51056	3.61500e-02
0.50984	6.55568e-02
0.53730	8.03275e-02
0.54634	6.63652e-02
0.53734	5.36071e-02
0.56920	3.01554e-02
0.56145	3.50852e-02
0.55816	3.39680e-02
0.55816	3.39680e-02
0.57003	3.16099e-02
0.57552	6.36421e-02
0.57552	6.36421e-02
0.58213	6.42306e-02
0.59528	7.25046e-02
0.59322	7.23083e-02
0.57479	5.94295e-02
0.57050	6.00754e-02
0.57214	6.71343e-02
0.56019	5.98806e-02
0.55606	4.67874e-02
0.55995	5.25143e-02
0.59939	5.85468e-02
0.61272	5.60443e-02
0.61459	5.80767e-02
0.61348	5.86543e-02
0.61348	5.86543e-02
0.60438	5.50531e-02
0.61447	6.99423e-02
0.60607	6.79029e-02
0.60291	7.09219e-02
0.59584	8.03627e-02
0.60657	6.94921e-02
0.62909	6.03603e-02
0.63424	6.44463e-02
0.63664	6.67550e-02
0.63338	6.36874e-02
0.62942	6.08656e-02
0.62557	6.50608e-02
0.63599	6.62651e-02
0.63217	6.28691e-02
0.63785	5.50473e-02
0.63435	5.55303e-02
0.63435	5.55303e-02
0.64144	5.80259e-02
0.64904	4.93730e-02
0.66046	6.20080e-02
0.66021	6.03212e-02
0.65847	5.82621e-02
0.64696	5.10198e-02
0.65186	5.39838e-02
0.65402	5.61740e-02
0.65020	4.75751e-02
0.65548	4.88525e-02
0.67409	5.33046e-02
0.66475	4.62930e-02
0.67597	6.28258e-02
0.68785	5.77154e-02
0.68483	5.58142e-02
0.68575	5.59228e-02
0.67621	5.53689e-02
0.66678	6.54121e-02
0.68060	2.74944e-02
0.66927	2.61991e-02
0.66339	2.73982e-02
0.67680	4.18712e-02
0.68005	4.84508e-02
0.67033	3.36458e-02
0.67007	3.14926e-02
0.68341	3.69988e-02
0.68395	4.06036e-02
0.68536	4.63595e-02
0.68680	4.26954e-02
0.68701	6.70718e-02
0.68313	5.92701e-02
0.68384	5.74280e-02
0.67671	6.16444e-02
0.67225	5.90857e-02
0.67922	4.73823e-02
0.69366	4.03958e-02
0.69919	4.07353e-02
0.69795	3.91433e-02
0.69720	3.93329e-02
0.69720	3.93329e-02
0.68126	4.30039e-02
0.68938	4.85766e-02
0.70168	3.61382e-02
0.69052	3.93897e-02
0.69234	3.23641e-02
0.69554	5.13050e-02
0.71178	5.04658e-02
0.71146	5.05685e-02
0.71598	4.91576e-02
0.71171	4.64624e-02
0.72408	5.14003e-02
0.70197	4.30894e-02
0.70197	4.30894e-02
0.70026	4.50072e-02
0.70706	4.11814e-02
0.71667	4.98218e-02
0.71667	4.98218e-02
0.74497	3.68376e-02
0.75545	4.38001e-02
0.74321	4.78007e-02
0.74412	5.69912e-02
0.73657	4.96150e-02
0.73956	5.39932e-02
0.74981	5.73257e-02
0.74797	4.73454e-02
0.74221	4.49100e-02
0.74623	4.42634e-02
0.74996	4.82638e-02
0.75361	5.81393e-02
0.77710	5.39068e-02
0.77710	5.39068e-02
0.77543	5.65434e-02
0.77173	4.36397e-02
0.76748	4.04008e-02
0.76476	5.18891e-02
0.76340	4.96936e-02
0.75553	4.69518e-02
0.75089	5.03209e-02
0.75206	5.13548e-02
0.77200	5.39214e-02
0.77021	4.65656e-02
0.77021	4.65656e-02
0.76259	5.25506e-02
0.78285	5.45102e-02
0.78320	5.48341e-02
0.78341	5.48549e-02
0.78660	5.45745e-02
0.79314	3.86890e-02
0.79770	4.54015e-02
0.79835	4.53886e-02
0.80919	5.31823e-02
0.79591	4.91497e-02
0.79185	4.15181e-02
0.79185	4.15181e-02
0.80641	4.90006e-02
0.80854	4.39082e-02
0.81698	3.88921e-02
0.81752	5.03985e-02
0.81941	5.09681e-02
0.81964	5.09471e-02
0.81471	5.21792e-02
0.81083	5.44460e-02
0.80935	5.65569e-02
0.80774	5.14369e-02
0.81031	5.11368e-02
0.80966	5.10522e-02
0.81346	5.22233e-02
0.82108	3.90066e-02
0.82427	4.27383e-02
0.82873	2.59431e-02
0.82873	2.59431e-02
0.83971	2.82351e-02
0.84320	3.14251e-02
0.84707	2.56891e-02
0.84249	2.55020e-02
0.84599	2.59888e-02
0.84188	2.39234e-02
0.84332	2.24324e-02
0.84759	2.45801e-02
0.84759	2.45801e-02
0.84575	2.19088e-02
0.84703	2.24502e-02
0.86071	2.30661e-02
0.86070	2.37714e-02
0.86146	2.90063e-02
0.86056	3.47984e-02
0.85936	3.47914e-02
0.84965	3.04019e-02
0.86134	2.75632e-02
0.85052	2.57727e-02
0.84993	2.58658e-02
0.85043	2.51181e-02
0.84640	2.55811e-02
0.85487	3.40401e-02
0.86130	3.14209e-02
0.86130	3.14209e-02
0.86325	2.92867e-02
0.85261	2.74529e-02
0.87457	2.79128e-02
0.87110	2.93274e-02
0.87447	2.93520e-02
0.87445	2.93487e-02
0.87081	2.79048e-02
0.87180	2.92436e-02
0.88069	2.82321e-02
0.88141	2.77561e-02
0.87486	3.31878e-02
0.87301	3.08310e-02
0.87240	2.62460e-02
0.88092	2.37482e-02
0.87837	2.35004e-02
0.88130	2.54732e-02
0.88411	2.90740e-02
0.88942	3.01071e-02
0.88581	3.27905e-02
0.88615	3.26011e-02
0.89689	2.54841e-02
0.89123	2.50854e-02
0.88583	2.81832e-02
0.88137	2.46272e-02
0.87416	2.10659e-02
0.88110	2.69389e-02
0.87806	2.58125e-02
0.88260	2.81285e-02
0.88806	2.71838e-02
0.88903	2.63822e-02
0.88722	2.77422e-02
0.89098	2.80510e-02
0.89165	2.77479e-02
0.88868	2.90207e-02
0.88909	3.13903e-02
0.89987	2.92246e-02
0.89968	2.19912e-02
0.89453	2.71136e-02
0.89416	2.85897e-02
0.88612	2.74897e-02
0.89392	2.60012e-02
0.89180	2.64166e-02
0.88935	2.82002e-02
0.89723	3.09302e-02
0.89588	3.61356e-02
0.89399	3.47307e-02
0.90079	3.22968e-02
0.90217	3.18462e-02
0.90217	3.18462e-02
0.90266	3.28294e-02
0.90331	3.27844e-02
0.90613	2.95947e-02
0.91189	2.61426e-02
0.91422	2.49761e-02
0.91406	2.37949e-02
0.92407	2.74097e-02
0.92439	3.16716e-02
0.92366	3.24229e-02
0.92404	3.44141e-02
0.92457	3.33834e-02
0.92828	3.38701e-02
0.92715	3.38129e-02
0.93203	3.52572e-02
0.92488	3.52727e-02
0.92150	3.94866e-02
0.91151	2.95034e-02
0.91672	3.05047e-02
0.92035	2.94573e-02
0.92452	2.65287e-02
0.91911	2.42626e-02
0.92520	1.74008e-02
0.92888	2.04709e-02
0.93720	2.84201e-02
0.94166	2.43426e-02
0.94517	2.42151e-02
0.94464	2.43019e-02
0.94462	2.42887e-02
0.94114	2.82952e-02
0.93806	3.29169e-02
0.93641	3.10304e-02
0.93549	3.19065e-02
0.93949	2.97865e-02
0.93949	2.97865e-02
0.94188	2.74257e-02
0.94190	2.74233e-02
0.94391	2.64624e-02
0.94551	2.62325e-02
0.94128	2.32326e-02
0.94387	3.20014e-02
0.94596	3.34093e-02
0.94806	3.34927e-02
0.94669	3.14530e-02
0.95657	3.23288e-02
0.95029	3.07133e-02
0.95337	2.65317e-02
0.95947	2.67495e-02
0.95859	2.06374e-02
0.95859	2.06374e-02
0.96142	2.41098e-02
0.96150	2.42202e-02
0.93509	1.24979e-02
0.93509	1.24979e-02
0.93450	1.30656e-02
0.93450	1.30656e-02
0.94046	2.32315e-02
0.94126	2.32436e-02
0.95422	2.30088e-02
0.95063	2.03996e-02
0.94778	1.67531e-02
0.94507	2.10169e-02
0.94548	2.12540e-02
0.94284	2.55625e-02
0.94933	3.31191e-02
0.95134	3.30419e-02
0.95463	3.42089e-02
0.95457	3.41381e-02
0.95872	3.68468e-02
0.96363	3.70757e-02
0.96357	3.70324e-02
0.95561	3.97101e-02
0.95561	3.97101e-02
0.96915	2.13847e-02
0.97437	2.34320e-02
0.96378	3.87815e-02
0.94870	3.96783e-02
0.94870	3.96783e-02
0.95363	3.47498e-02
0.95363	3.47498e-02
0.95580	3.69147e-02
0.91888	0.00000e+00
0.91888	0.00000e+00
0.91888	0.00000e+00
0.91888	0.00000e+00
0.91888	0.00000e+00
0.91888	0.00000e+00
0.91888	0.00000e+00
0.91888	0.00000e+00
0.93381	0.00000e+00
0.93381	0.00000e+00
0.93381	0.00000e+00
0.93381	0.00000e+00
0.96122	0.00000e+00
0.96122	0.00000e+00
0.97129	0.00000e+00
0.94197	0.00000e+00
0.98646	0.00000e+00
0.98646	0.00000e+00
0.98646	0.00000e+00
0.97570	0.00000e+00
0.99539	0.00000e+00
0.99539	0.00000e+00
0.99539	0.00000e+00
0.99539	0.00000e+00
0.99539	0.00000e+00
0.99539	0.00000e+00
0.99539	0.00000e+00
0.99507	0.00000e+00
