0.85891	1.69488e-02
0.82756	3.51375e-02
0.76446	4.96257e-02
0.67401	7.06546e-02
0.61971	7.85498e-02
0.62976	9.97363e-02
0.56505	1.05641e-01
0.53998	1.11573e-01
0.50171	1.04525e-01
0.53482	9.92760e-02
0.48397	1.22642e-01
0.45308	1.62654e-01
0.49506	1.38928e-01
0.47012	1.01888e-01
0.46290	1.42983e-01
0.46499	1.02171e-01
0.47117	7.52830e-02
0.44744	1.21966e-01
0.49337	1.08265e-01
0.45077	1.19629e-01
0.49018	1.04434e-01
0.43393	1.14363e-01
0.48076	1.07577e-01
0.47796	1.21830e-01
0.47835	9.84840e-02
0.52571	1.09153e-01
0.47924	1.10828e-01
0.50573	7.48896e-02
0.49923	9.58520e-02
0.53800	7.46896e-02
0.49608	1.07148e-01
0.54118	5.82928e-02
0.53358	6.83088e-02
0.53128	5.71070e-02
0.53493	7.92010e-02
0.54567	6.57309e-02
0.55490	5.63592e-02
0.54782	6.76435e-02
0.55843	7.38207e-02
0.54088	5.17370e-02
0.57504	5.33543e-02
0.52837	6.93647e-02
0.54405	6.94732e-02
0.55665	4.59619e-02
0.51915	5.73235e-02
0.55201	3.54330e-02
0.52637	8.85810e-02
0.53040	7.82018e-02
0.55226	4.76715e-02
0.51805	4.69638e-02
0.53111	7.85794e-02
0.54087	6.43219e-02
0.54704	5.42140e-02
0.52552	6.96799e-02
0.50027	6.27803e-02
0.49474	9.17923e-02
0.52508	5.23390e-02
0.52258	6.62117e-02
0.50035	7.07809e-02
0.51952	4.62986e-02
0.52446	4.25359e-02
0.49390	7.89454e-02
0.49114	6.77579e-02
0.50664	6.73162e-02
0.47612	7.58732e-02
0.49985	3.51210e-02
0.48698	4.95077e-02
0.45611	4.09641e-02
0.44680	6.44908e-02
0.49275	6.02642e-02
0.46446	5.88974e-02
0.46778	5.36404e-02
0.45839	5.29592e-02
0.42596	5.98331e-02
0.45157	5.78914e-02
0.41375	6.11102e-02
0.46158	5.77958e-02
0.41988	5.05529e-02
0.43518	4.88060e-02
0.43523	5.70349e-02
0.40226	6.75692e-02
0.40222	5.11711e-02
0.41093	6.16289e-02
0.40280	3.89079e-02
0.39321	4.72784e-02
0.38602	4.93525e-02
0.37890	5.32086e-02
0.39839	6.15195e-02
0.37838	3.92481e-02
0.35770	6.04493e-02
0.33374	6.73739e-02
0.35328	6.65239e-02
0.34321	9.18500e-02
0.32205	7.98719e-02
0.33473	6.21625e-02
0.31364	6.50220e-02
0.33447	9.88733e-02
0.31080	5.74000e-02
0.28794	8.43726e-02
0.31946	7.00197e-02
0.31498	6.22867e-02
0.31191	5.96183e-02
0.31655	5.55873e-02
0.33676	4.82092e-02
0.33548	7.51775e-02
0.32438	6.92226e-02
0.31301	7.71836e-02
0.31734	7.90522e-02
0.33531	7.67076e-02
0.32870	7.79638e-02
0.32676	7.44107e-02
0.32237	7.57270e-02
0.30947	8.69518e-02
0.31148	9.28942e-02
0.28811	8.43490e-02
0.30694	8.94816e-02
0.34664	6.33046e-02
0.35045	5.78839e-02
0.35517	5.67855e-02
0.37447	6.02881e-02
0.38144	5.87993e-02
0.34045	1.02380e-01
0.33806	1.02154e-01
0.32796	1.00751e-01
0.35762	3.75807e-02
0.36664	4.95752e-02
0.38172	4.77960e-02
0.37878	5.07536e-02
0.37073	6.61286e-02
0.36387	6.96880e-02
0.36887	6.92091e-02
0.34624	9.78036e-02
0.35705	8.28148e-02
0.35482	8.68817e-02
0.36298	9.98810e-02
0.39224	9.00269e-02
0.37085	6.96801e-02
0.36360	8.19104e-02
0.40277	9.91991e-02
0.39988	9.80400e-02
0.40852	5.78518e-02
0.42371	5.72950e-02
0.41167	8.09004e-02
0.40418	8.18442e-02
0.39943	7.72472e-02
0.40312	8.90682e-02
0.39758	8.95219e-02
0.40768	9.26363e-02
0.38763	9.30129e-02
0.37866	7.44310e-02
0.36761	5.79522e-02
0.36992	5.78350e-02
0.38735	6.76940e-02
0.41843	6.58094e-02
0.40838	6.51605e-02
0.39632	1.03729e-01
0.41931	6.83409e-02
0.44430	5.88139e-02
0.43892	6.39997e-02
0.42162	6.46935e-02
0.43196	5.50589e-02
0.42219	4.45140e-02
0.42827	6.02578e-02
0.46460	7.75134e-02
0.44072	1.12155e-01
0.40669	1.05312e-01
0.40705	1.05742e-01
0.45545	9.99813e-02
0.42938	8.84168e-02
0.40787	7.36020e-02
0.40658	7.78120e-02
0.41480	7.97598e-02
0.41694	8.19387e-02
0.43388	6.10322e-02
0.44003	6.48130e-02
0.44557	6.29976e-02
0.44557	6.29976e-02
0.44656	5.41112e-02
0.44690	7.53983e-02
0.45037	7.60066e-02
0.45432	6.98787e-02
0.46381	7.60948e-02
0.46604	7.70652e-02
0.47211	6.29078e-02
0.49781	5.32990e-02
0.49596	4.47406e-02
0.47918	4.96877e-02
0.48005	7.10654e-02
0.47449	6.84267e-02
0.47865	7.50024e-02
0.46405	1.06005e-01
0.49295	6.89051e-02
0.48354	8.33564e-02
0.48294	6.29769e-02
0.49014	6.49768e-02
0.50350	6.68171e-02
0.50811	6.75858e-02
0.48910	6.97462e-02
0.49558	6.46250e-02
0.50698	5.40559e-02
0.51343	4.13633e-02
0.50402	3.53568e-02
0.49501	3.35108e-02
0.49462	3.35862e-02
0.51396	4.95631e-02
0.51000	4.68279e-02
0.49784	6.44611e-02
0.50439	5.68862e-02
0.50971	4.20359e-02
0.51317	4.31607e-02
0.51313	2.64784e-02
0.52319	3.19410e-02
0.51752	3.52973e-02
0.51136	3.18475e-02
0.51093	3.68095e-02
0.51093	3.68095e-02
0.49813	5.85719e-02
0.51339	6.42535e-02
0.51339	6.42535e-02
0.51787	6.75449e-02
0.51212	6.44465e-02
0.52207	7.43512e-02
0.50617	6.96108e-02
0.53486	8.41770e-02
0.54622	6.33832e-02
0.54485	8.89185e-02
0.53330	9.12280e-02
0.53330	9.12280e-02
0.52700	9.11155e-02
0.54046	8.73971e-02
0.54361	8.96684e-02
0.54698	9.30466e-02
0.54685	9.40819e-02
0.57395	9.35259e-02
0.55737	8.64577e-02
0.56739	8.00664e-02
0.56849	7.86657e-02
0.57215	8.03243e-02
0.56761	7.99951e-02
0.57053	9.04511e-02
0.58361	6.14601e-02
0.58516	5.20242e-02
0.56257	7.55806e-02
0.57452	7.03901e-02
0.59363	9.06997e-02
0.58105	7.20004e-02
0.58082	7.42782e-02
0.58138	7.55303e-02
0.58918	5.83374e-02
0.58663	5.76935e-02
0.59206	5.77932e-02
0.59206	5.77932e-02
0.58670	5.86989e-02
0.57508	7.94202e-02
0.56899	7.21354e-02
0.58215	7.88619e-02
0.57816	9.77908e-02
0.56484	9.08073e-02
0.57335	7.67179e-02
0.57053	7.73767e-02
0.57053	7.73767e-02
0.57599	7.96712e-02
0.57691	7.46382e-02
0.57969	7.26673e-02
0.58680	9.01662e-02
0.59337	8.86980e-02
0.58720	9.77705e-02
0.60343	7.46645e-02
0.61870	7.97532e-02
0.62841	6.86684e-02
0.62472	8.93614e-02
0.61812	8.15730e-02
0.63477	9.57822e-02
0.63119	9.98088e-02
0.64926	9.09696e-02
0.63824	9.27909e-02
0.63734	9.26032e-02
0.65450	7.23655e-02
0.66088	6.39926e-02
0.65092	6.38811e-02
0.66296	7.69885e-02
0.64762	7.87541e-02
0.64762	7.87541e-02
0.63106	5.53530e-02
0.63913	6.57648e-02
0.63895	6.56809e-02
0.64895	5.31004e-02
0.64683	5.35022e-02
0.65302	5.97708e-02
0.65302	5.97708e-02
0.67001	4.30601e-02
0.66689	4.48211e-02
0.66738	4.56138e-02
0.66738	4.56138e-02
0.67723	6.36635e-02
0.67661	6.74899e-02
0.67713	6.99449e-02
0.67748	6.45621e-02
0.66808	6.14421e-02
0.67955	6.30985e-02
0.67776	6.18404e-02
0.69504	7.39069e-02
0.69552	7.33394e-02
0.70883	6.48827e-02
0.69598	6.47660e-02
0.69175	7.86026e-02
0.70952	5.75787e-02
0.71588	4.78662e-02
0.71246	4.29080e-02
0.71934	5.07513e-02
0.72361	5.06101e-02
0.71993	4.84546e-02
0.71699	5.04745e-02
0.71035	5.44297e-02
0.72368	4.67049e-02
0.72242	4.23267e-02
0.73146	5.23858e-02
0.72664	5.67889e-02
0.72525	7.91987e-02
0.72167	7.60389e-02
0.71480	7.29954e-02
0.70964	7.45937e-02
0.71190	7.57245e-02
0.71369	7.21259e-02
0.69919	6.72559e-02
0.70346	7.15202e-02
0.71360	5.30236e-02
0.73200	4.77861e-02
0.73527	5.40538e-02
0.75046	4.97415e-02
0.73871	5.59969e-02
0.74164	5.92166e-02
0.74404	5.84814e-02
0.74404	5.84814e-02
0.75348	6.75498e-02
0.75180	6.70521e-02
0.75080	6.61667e-02
0.75655	7.66018e-02
0.75642	7.64558e-02
0.74888	8.09405e-02
0.74888	8.09405e-02
0.75726	7.56936e-02
0.75545	7.77247e-02
0.75545	7.77247e-02
0.77274	5.59943e-02
0.77274	5.59943e-02
0.78172	5.60354e-02
0.78836	4.12293e-02
0.78949	4.18523e-02
0.78324	4.89998e-02
0.78743	4.59571e-02
0.78743	4.59571e-02
0.79078	4.80401e-02
0.79425	5.17882e-02
0.78934	5.33848e-02
0.78118	7.94948e-02
0.76850	7.52475e-02
0.76850	7.52475e-02
0.76904	7.37789e-02
0.78565	4.68673e-02
0.78190	5.49816e-02
0.78190	5.49816e-02
0.79498	5.95578e-02
0.79072	5.98074e-02
0.79072	5.98074e-02
0.79383	6.03269e-02
0.79790	6.44996e-02
0.79134	5.75591e-02
0.78625	5.73339e-02
0.78119	5.47686e-02
0.78119	5.47686e-02
0.79617	5.13144e-02
0.78275	4.25588e-02
0.78223	4.33204e-02
0.78205	4.32555e-02
0.78628	4.57660e-02
0.79132	4.19950e-02
0.79132	4.19950e-02
0.79132	4.19950e-02
0.78755	3.70691e-02
0.78852	3.80506e-02
0.79407	4.37141e-02
0.79768	4.81932e-02
0.79325	5.16735e-02
0.81139	4.62534e-02
0.81279	4.70151e-02
0.82260	4.42814e-02
0.80607	4.28783e-02
0.82061	4.79562e-02
0.82061	4.79562e-02
0.82341	4.94914e-02
0.82448	5.03762e-02
0.79810	7.13653e-02
0.79479	6.84034e-02
0.79479	6.84034e-02
0.79479	6.84034e-02
0.81662	4.80392e-02
0.82064	5.12885e-02
0.82072	5.13489e-02
0.82890	4.21085e-02
0.82890	4.21085e-02
0.82898	4.21591e-02
0.82423	3.93587e-02
0.82423	3.93587e-02
0.81809	3.74075e-02
0.81809	3.74075e-02
0.81809	3.74075e-02
0.81809	3.74075e-02
0.82242	4.27102e-02
0.79570	2.44004e-02
0.79956	2.05439e-02
0.79956	2.05439e-02
0.80245	2.34372e-02
0.80245	2.34372e-02
0.80245	2.34372e-02
0.80245	2.34372e-02
0.80245	2.34372e-02
0.80245	2.34372e-02
0.80245	2.34372e-02
0.80245	2.34372e-02
0.79425	3.16378e-02
0.79463	3.20120e-02
0.79463	3.20120e-02
0.79463	3.20120e-02
0.79463	3.20120e-02
0.79463	3.20120e-02
0.79463	3.20120e-02
0.79533	3.27125e-02
0.81682	5.42087e-02
0.83780	3.32313e-02
0.83780	3.32313e-02
0.83780	3.32313e-02
0.83780	3.32313e-02
0.83780	3.32313e-02
0.83780	3.32313e-02
0.83780	3.32313e-02
0.83780	3.32313e-02
0.83780	3.32313e-02
0.83576	3.11892e-02
0.83576	3.11892e-02
0.83576	3.11892e-02
0.84056	2.63835e-02
0.86695	0.00000e+00
0.86695	0.00000e+00
0.88517	0.00000e+00
0.88517	0.00000e+00
0.88517	0.00000e+00
0.88517	0.00000e+00
0.88517	0.00000e+00
0.88517	0.00000e+00
0.88517	0.00000e+00
0.88517	0.00000e+00
0.88517	0.00000e+00
0.88517	0.00000e+00
0.88517	0.00000e+00
0.88517	0.00000e+00
0.88517	0.00000e+00
0.88517	0.00000e+00
0.88517	0.00000e+00
0.88517	0.00000e+00
0.88517	0.00000e+00
0.88574	0.00000e+00
