0.99332	8.20718e-04
0.97848	6.90536e-03
0.97361	1.34117e-02
0.95764	1.57989e-02
0.95582	1.66124e-02
0.94983	2.92573e-02
0.93088	3.63923e-02
0.93774	3.31033e-02
0.91714	3.49920e-02
0.90779	4.31722e-02
0.90358	5.47244e-02
0.89380	5.03696e-02
0.85298	9.22830e-02
0.82777	8.68684e-02
0.79775	1.40547e-01
0.79676	1.45318e-01
0.79213	1.13591e-01
0.80225	1.19289e-01
0.78941	1.38781e-01
0.82148	8.79138e-02
0.78122	1.15090e-01
0.77238	1.07297e-01
0.77804	1.08969e-01
0.77032	8.91546e-02
0.75319	8.80174e-02
0.79409	8.21753e-02
0.78788	8.36634e-02
0.81053	6.71949e-02
0.78969	1.10047e-01
0.79126	1.05910e-01
0.79732	9.34945e-02
0.80048	7.00437e-02
0.80395	6.01612e-02
0.79817	8.79365e-02
0.80535	6.18414e-02
0.80819	5.17192e-02
0.79265	4.98210e-02
0.81278	6.25358e-02
0.79235	5.58621e-02
0.78858	4.83591e-02
0.80293	3.76056e-02
0.78367	4.02281e-02
0.77871	5.00354e-02
0.75713	4.49563e-02
0.76394	5.41849e-02
0.75189	4.82120e-02
0.77484	4.66148e-02
0.75531	4.99419e-02
0.73671	3.84807e-02
0.73761	4.90123e-02
0.76932	3.68539e-02
0.76802	4.97198e-02
0.73883	5.48398e-02
0.75281	7.58298e-02
0.77066	3.08300e-02
0.74077	6.51872e-02
0.72410	5.16002e-02
0.73393	5.58687e-02
0.73517	5.39556e-02
0.71846	6.67182e-02
0.71650	4.70122e-02
0.72231	4.64595e-02
0.70664	6.27335e-02
0.68762	4.84567e-02
0.68869	5.89228e-02
0.69263	4.79879e-02
0.68695	6.98351e-02
0.70151	5.29638e-02
0.68841	5.44568e-02
0.68915	5.98017e-02
0.68683	4.99419e-02
0.65332	4.71880e-02
0.67433	6.52547e-02
0.65322	6.79961e-02
0.64951	6.75406e-02
0.63445	6.27865e-02
0.63491	5.91175e-02
0.65103	6.74100e-02
0.66311	8.01332e-02
0.64929	7.29873e-02
0.64408	6.63034e-02
0.61797	5.60579e-02
0.63191	6.61404e-02
0.64401	6.42148e-02
0.60242	5.35971e-02
0.61214	5.87085e-02
0.58283	6.47965e-02
0.58617	5.29295e-02
0.60600	6.68084e-02
0.57831	5.86785e-02
0.58999	6.99202e-02
0.57433	1.10663e-01
0.57090	8.03704e-02
0.56517	5.13717e-02
0.52897	9.07645e-02
0.53961	1.08859e-01
0.52945	7.11584e-02
0.53566	5.43332e-02
0.52925	8.82475e-02
0.53787	6.64609e-02
0.55268	6.90685e-02
0.53642	8.91021e-02
0.54730	8.86650e-02
0.54730	8.86650e-02
0.54730	8.86650e-02
0.55853	8.86528e-02
0.54456	8.89701e-02
0.54924	8.66345e-02
0.54924	8.66345e-02
0.57040	6.52437e-02
0.57262	6.29507e-02
0.57550	5.83409e-02
0.58226	5.82532e-02
0.58118	5.82232e-02
0.57693	5.47776e-02
0.57368	6.22291e-02
0.57977	6.76173e-02
0.61156	7.75420e-02
0.61399	7.81668e-02
0.59558	8.31544e-02
0.59354	8.32237e-02
0.59517	7.33572e-02
0.60227	7.74104e-02
0.59866	7.09724e-02
0.61270	6.94864e-02
0.61202	7.03737e-02
0.60045	7.39001e-02
0.60045	7.39001e-02
0.61000	8.04146e-02
0.61815	7.46054e-02
0.62086	7.49916e-02
0.62621	7.83129e-02
0.63808	6.65769e-02
0.62886	6.27503e-02
0.63470	6.68032e-02
0.64105	7.49074e-02
0.64914	8.78539e-02
0.64501	9.34961e-02
0.63339	9.33483e-02
0.65484	8.03551e-02
0.66421	8.27208e-02
0.65375	8.28531e-02
0.65961	8.69491e-02
0.65482	8.43820e-02
0.65963	9.12079e-02
0.68777	8.69638e-02
0.67407	9.04694e-02
0.65680	9.18082e-02
0.69634	9.86882e-02
0.70317	5.27388e-02
0.68795	7.36892e-02
0.67440	7.03283e-02
0.68296	7.74787e-02
0.68694	8.20623e-02
0.70035	8.48224e-02
0.70732	9.16674e-02
0.71868	6.50215e-02
0.70493	6.08252e-02
0.70056	5.56263e-02
0.69466	5.41411e-02
0.68396	6.65617e-02
0.69838	5.42665e-02
0.70960	5.61430e-02
0.70269	6.46068e-02
0.69663	7.80978e-02
0.69488	8.03659e-02
0.71383	8.30427e-02
0.69620	9.01492e-02
0.69822	9.17358e-02
0.70548	9.30143e-02
0.70548	9.30143e-02
0.70798	9.33172e-02
0.69817	9.58621e-02
0.71757	8.29948e-02
0.75107	5.37679e-02
0.74787	4.67933e-02
0.74787	4.67933e-02
0.73227	5.75253e-02
0.73227	5.75253e-02
0.74106	5.02117e-02
0.73324	5.73498e-02
0.74172	7.15376e-02
0.73531	6.57795e-02
0.75555	4.90880e-02
0.75139	5.18843e-02
0.74815	6.48999e-02
0.74508	6.62361e-02
0.74767	6.66727e-02
0.73899	5.68070e-02
0.74509	5.72036e-02
0.74803	4.97816e-02
0.74100	6.56994e-02
0.75412	6.29287e-02
0.75412	6.29287e-02
0.75578	6.56521e-02
0.76361	6.42094e-02
0.75630	5.54861e-02
0.75608	5.54295e-02
0.76119	5.01679e-02
0.76119	5.01679e-02
0.75389	5.31222e-02
0.76019	6.27193e-02
0.76356	5.36771e-02
0.76460	4.93143e-02
0.75255	6.41071e-02
0.75163	6.44021e-02
0.75615	6.60651e-02
0.75965	6.45038e-02
0.76901	6.63097e-02
0.76901	6.63097e-02
0.77083	6.80746e-02
0.77467	6.99790e-02
0.77228	4.44087e-02
0.77539	4.28364e-02
0.77656	4.08231e-02
0.77656	4.08231e-02
0.77652	4.07877e-02
0.78160	4.80210e-02
0.77910	4.69142e-02
0.77698	4.89701e-02
0.77080	4.46982e-02
0.77351	4.94656e-02
0.78278	4.35085e-02
0.78218	4.87610e-02
0.78512	4.65307e-02
0.78876	5.08179e-02
0.78874	5.08183e-02
0.79156	5.57231e-02
0.79357	5.75826e-02
0.80187	5.04024e-02
0.79430	5.92251e-02
0.79821	5.90710e-02
0.79899	5.79328e-02
0.80538	6.04510e-02
0.80538	6.04510e-02
0.80309	5.28445e-02
0.81595	5.72346e-02
0.82079	5.43507e-02
0.82892	5.66616e-02
0.81285	5.77932e-02
0.80659	5.34436e-02
0.80659	5.34436e-02
0.80576	4.25193e-02
0.80250	4.03810e-02
0.80513	6.48585e-02
0.80198	6.83802e-02
0.79634	6.52236e-02
0.80576	6.54038e-02
0.79916	6.17531e-02
0.80492	6.69114e-02
0.80757	6.85582e-02
0.81712	6.74429e-02
0.81712	6.74429e-02
0.81801	6.16814e-02
0.82005	6.21247e-02
0.82340	6.35805e-02
0.82101	6.22223e-02
0.81406	6.14454e-02
0.81602	6.49449e-02
0.82958	6.64399e-02
0.83465	4.56750e-02
0.83706	4.60654e-02
0.82992	5.21606e-02
0.82926	5.13432e-02
0.82926	5.13432e-02
0.83274	5.38944e-02
0.83725	4.62786e-02
0.83694	4.18475e-02
0.83846	4.41985e-02
0.84202	5.13796e-02
0.83596	5.02266e-02
0.84330	4.79794e-02
0.84780	5.10548e-02
0.85769	4.74745e-02
0.86042	4.50109e-02
0.85685	4.02872e-02
0.84950	4.73883e-02
0.85744	3.76765e-02
0.85728	4.25025e-02
0.87103	4.81679e-02
0.85657	5.39161e-02
0.87237	5.39251e-02
0.87691	4.43770e-02
0.86964	5.02282e-02
0.86215	5.65545e-02
0.86007	5.85094e-02
0.86675	5.26874e-02
0.86228	5.22080e-02
0.86543	5.54828e-02
0.86527	5.59798e-02
0.86800	5.96609e-02
0.86508	5.87528e-02
0.86602	4.98334e-02
0.86873	5.25092e-02
0.87075	5.36969e-02
0.87203	5.27948e-02
0.87225	5.04537e-02
0.87263	5.02260e-02
0.87114	4.92128e-02
0.87433	5.01747e-02
0.87859	4.19214e-02
0.88029	4.44601e-02
0.88176	5.06408e-02
0.88570	4.56259e-02
0.89081	3.72099e-02
0.89381	3.41453e-02
0.89166	4.50750e-02
0.89935	3.70202e-02
0.90053	3.31613e-02
0.90016	4.56877e-02
0.89816	4.37889e-02
0.88772	3.22392e-02
0.88628	4.09475e-02
0.88842	4.37113e-02
0.88414	4.21078e-02
0.87785	3.95770e-02
0.87872	4.45844e-02
0.88055	4.46392e-02
0.88750	4.49038e-02
0.89158	3.44475e-02
0.88815	3.69781e-02
0.89398	4.21870e-02
0.90063	4.56186e-02
0.90194	4.81893e-02
0.90097	4.04930e-02
0.89032	4.21580e-02
0.89939	3.54117e-02
0.91062	2.95645e-02
0.91443	3.10575e-02
0.91202	3.78506e-02
0.90947	3.62139e-02
0.90910	3.64542e-02
0.92005	2.40564e-02
0.91783	2.11783e-02
0.92127	2.36021e-02
0.91395	3.16967e-02
0.91158	3.21917e-02
0.91494	3.70670e-02
0.90806	4.17759e-02
0.91607	3.73252e-02
0.91483	3.51287e-02
0.92111	3.14148e-02
0.91953	3.42435e-02
0.92036	3.39874e-02
0.92256	3.77936e-02
0.91154	3.66719e-02
0.91247	3.72281e-02
0.91751	4.29533e-02
0.91710	4.31866e-02
0.92169	4.67127e-02
0.92632	3.58307e-02
0.92801	3.24352e-02
0.92855	4.08132e-02
0.92860	4.08857e-02
0.92919	4.04330e-02
0.92746	4.28407e-02
0.92107	3.47992e-02
0.90932	2.10981e-02
0.90746	2.46710e-02
0.90774	2.50934e-02
0.91484	2.66410e-02
0.92963	1.82068e-02
0.92961	1.82252e-02
0.92831	1.78839e-02
0.92831	1.78839e-02
0.92751	1.68269e-02
0.93519	2.64035e-02
0.93533	2.63423e-02
0.93017	2.88983e-02
0.93017	2.88983e-02
0.93208	3.12665e-02
0.92886	2.73709e-02
0.93086	2.65954e-02
0.93086	2.65954e-02
0.93086	2.65954e-02
0.93086	2.65954e-02
0.92883	3.86568e-02
0.92915	3.86344e-02
0.94595	2.39655e-02
0.94041	1.56408e-02
0.93899	1.65647e-02
0.92333	2.35270e-02
0.92133	2.34737e-02
0.92815	2.73213e-02
0.92542	2.88932e-02
0.92542	2.88932e-02
0.92542	2.88932e-02
0.91429	2.75134e-02
0.91429	2.75134e-02
0.91792	2.59537e-02
0.92646	2.69055e-02
0.92646	2.69055e-02
0.93097	2.62693e-02
0.92893	2.54659e-02
0.93378	2.98851e-02
0.93794	3.11913e-02
0.94742	3.55935e-02
0.94196	4.28737e-02
0.94196	4.28737e-02
0.94237	4.32954e-02
0.95759	2.70723e-02
0.95534	3.29141e-02
0.94575	2.99020e-02
0.94446	3.01887e-02
0.95596	1.58951e-02
0.95596	1.58951e-02
0.95600	1.59426e-02
0.95008	1.40955e-02
0.92512	3.35264e-02
0.92512	3.35264e-02
0.91626	2.17373e-02
0.93440	3.45735e-02
0.93440	3.45735e-02
0.93622	2.55390e-02
0.93622	2.55390e-02
0.93622	2.55390e-02
0.95100	2.70029e-02
0.94243	2.09306e-02
0.94506	2.31590e-02
0.93918	1.88654e-02
0.95211	3.58070e-03
0.95211	3.58070e-03
0.96102	1.03768e-02
0.95081	5.05896e-03
0.96233	2.08343e-02
0.97167	1.77684e-02
0.96039	9.58844e-03
0.96039	9.58844e-03
0.96208	1.12786e-02
0.96703	6.33127e-03
0.96703	6.33127e-03
0.96703	6.33127e-03
0.95278	7.90996e-03
0.95278	7.90996e-03
0.95900	2.96275e-02
0.94765	1.82740e-02
0.94765	1.82740e-02
0.94765	1.82740e-02
0.97343	7.50708e-03
0.97343	7.50708e-03
0.97776	3.17570e-03
0.98773	6.79010e-03
0.98094	0.00000e+00
0.98094	0.00000e+00
0.98308	0.00000e+00
0.98308	0.00000e+00
0.98308	0.00000e+00
0.92023	0.00000e+00
0.92023	0.00000e+00
0.92023	0.00000e+00
0.92023	0.00000e+00
0.92023	0.00000e+00
0.92023	0.00000e+00
0.92023	0.00000e+00
0.92023	0.00000e+00
0.91941	0.00000e+00
0.96609	0.00000e+00
0.96609	0.00000e+00
0.96609	0.00000e+00
0.94798	0.00000e+00
0.94798	0.00000e+00
0.97155	0.00000e+00
0.97155	0.00000e+00
0.97568	0.00000e+00
0.97568	0.00000e+00
0.99342	0.00000e+00
0.99342	0.00000e+00
0.99342	0.00000e+00
0.99342	0.00000e+00
0.99342	0.00000e+00
0.99342	0.00000e+00
0.99342	0.00000e+00
0.99342	0.00000e+00
0.99342	0.00000e+00
0.99342	0.00000e+00
0.99342	0.00000e+00
0.99342	0.00000e+00
0.99342	0.00000e+00
0.99342	0.00000e+00
0.99334	0.00000e+00
