0.99472	8.78475e-04
0.98238	8.82940e-03
0.97647	1.49625e-02
0.96870	1.98127e-02
0.96822	1.65688e-02
0.94468	3.54868e-02
0.91881	5.34287e-02
0.91149	5.94775e-02
0.90054	7.10398e-02
0.87342	8.93813e-02
0.84952	1.18683e-01
0.85281	1.54930e-01
0.81205	2.09591e-01
0.83143	1.42530e-01
0.83156	1.52418e-01
0.83273	1.48411e-01
0.83821	8.15219e-02
0.87104	7.89954e-02
0.83608	8.11832e-02
0.82757	7.53761e-02
0.84956	4.62015e-02
0.86250	5.70056e-02
0.85727	5.96596e-02
0.83805	7.82561e-02
0.85792	4.79033e-02
0.83337	5.48639e-02
0.81321	5.41665e-02
0.82425	5.78890e-02
0.83189	4.77162e-02
0.82560	6.11294e-02
0.81193	6.24511e-02
0.80646	3.41502e-02
0.83878	5.06141e-02
0.82171	4.09650e-02
0.80512	4.41874e-02
0.80394	3.30452e-02
0.81070	3.65744e-02
0.79002	5.32680e-02
0.78823	3.56846e-02
0.79626	2.72738e-02
0.80465	3.94403e-02
0.77289	5.32986e-02
0.78778	4.84801e-02
0.79728	4.66580e-02
0.78621	5.79039e-02
0.80168	4.26999e-02
0.78819	4.30369e-02
0.80146	3.48539e-02
0.78590	3.41057e-02
0.78256	5.76107e-02
0.78468	2.39643e-02
0.77163	6.56015e-02
0.77651	3.59589e-02
0.75822	5.56569e-02
0.74451	6.06250e-02
0.75961	5.87791e-02
0.75918	4.35170e-02
0.74133	3.46016e-02
0.71706	5.76364e-02
0.74883	5.18540e-02
0.75408	4.15590e-02
0.73751	7.67298e-02
0.71451	6.05698e-02
0.73071	4.27032e-02
0.71678	5.32330e-02
0.71920	4.73993e-02
0.72293	4.57111e-02
0.69374	3.53801e-02
0.69242	5.14838e-02
0.70545	4.71033e-02
0.69644	5.66315e-02
0.69850	7.00914e-02
0.66118	5.78833e-02
0.69401	4.99593e-02
0.65311	4.89944e-02
0.68041	4.21654e-02
0.64742	4.40945e-02
0.66621	5.16602e-02
0.65691	5.12005e-02
0.66692	4.70863e-02
0.63241	5.79918e-02
0.62545	6.73543e-02
0.63043	5.25381e-02
0.61551	5.15744e-02
0.59048	5.27093e-02
0.62303	5.89002e-02
0.59284	4.30614e-02
0.59818	4.67018e-02
0.60417	4.74235e-02
0.56407	5.60043e-02
0.56385	7.98797e-02
0.57030	7.08266e-02
0.57094	7.46476e-02
0.59675	4.56992e-02
0.58118	6.82425e-02
0.55969	8.30917e-02
0.55753	4.14657e-02
0.53375	5.90683e-02
0.54199	7.40279e-02
0.56743	4.34277e-02
0.56743	4.34277e-02
0.58667	3.16372e-02
0.57379	4.31664e-02
0.58097	5.26387e-02
0.57368	5.44601e-02
0.57188	5.33094e-02
0.57292	5.83729e-02
0.58202	4.85034e-02
0.57977	3.96240e-02
0.59034	6.09744e-02
0.59227	7.25927e-02
0.59939	6.39637e-02
0.60104	6.75218e-02
0.58803	3.53218e-02
0.59561	3.89199e-02
0.60053	4.57330e-02
0.60639	5.29485e-02
0.58475	6.99066e-02
0.59456	8.55287e-02
0.60228	8.84855e-02
0.60588	9.18495e-02
0.61389	8.66164e-02
0.62161	6.29750e-02
0.61388	5.88370e-02
0.60437	6.90170e-02
0.61647	6.09227e-02
0.61817	6.08445e-02
0.62432	5.09799e-02
0.62318	5.76249e-02
0.64833	4.84668e-02
0.65794	4.44210e-02
0.65205	5.28236e-02
0.65360	5.14399e-02
0.66333	6.19218e-02
0.64555	5.86375e-02
0.66171	6.90000e-02
0.66358	7.03828e-02
0.64986	5.38779e-02
0.65725	4.33982e-02
0.67639	4.72232e-02
0.67807	4.63000e-02
0.67024	4.95132e-02
0.66783	5.60869e-02
0.67871	5.91258e-02
0.68051	6.09850e-02
0.68000	6.00724e-02
0.68678	5.71211e-02
0.69592	4.47802e-02
0.69592	4.47802e-02
0.69592	4.47802e-02
0.69084	5.54712e-02
0.69421	6.03868e-02
0.71830	5.19611e-02
0.70781	4.59309e-02
0.70404	5.07900e-02
0.70204	4.39188e-02
0.69444	3.86519e-02
0.70024	4.18006e-02
0.70857	5.20889e-02
0.70514	5.49005e-02
0.70399	6.37273e-02
0.71744	6.12189e-02
0.71348	5.70516e-02
0.71440	5.81488e-02
0.70578	4.74992e-02
0.70959	4.53994e-02
0.69951	4.56274e-02
0.70721	4.51833e-02
0.70986	5.04606e-02
0.71931	4.18948e-02
0.71472	4.23925e-02
0.72158	3.96781e-02
0.73779	4.36961e-02
0.73313	3.81918e-02
0.73741	3.93347e-02
0.72622	3.54185e-02
0.72267	4.01398e-02
0.72168	4.07636e-02
0.72861	3.99151e-02
0.71672	4.74668e-02
0.72820	4.51127e-02
0.72166	4.78104e-02
0.74014	6.35175e-02
0.74983	6.24947e-02
0.73492	6.10536e-02
0.72442	5.01091e-02
0.74724	4.42822e-02
0.73484	3.78754e-02
0.73475	3.83171e-02
0.73880	4.11107e-02
0.74492	4.05985e-02
0.75583	5.41172e-02
0.75244	5.18585e-02
0.75855	5.00839e-02
0.75776	2.94552e-02
0.74987	2.34321e-02
0.74987	2.34321e-02
0.75623	4.16365e-02
0.75875	4.40529e-02
0.76012	4.68153e-02
0.74305	4.32572e-02
0.75010	4.45553e-02
0.77255	4.78454e-02
0.77809	3.28787e-02
0.77169	4.20364e-02
0.78391	4.10461e-02
0.78792	3.24406e-02
0.78196	3.11139e-02
0.78680	3.54882e-02
0.78081	3.58092e-02
0.78186	3.60537e-02
0.78715	3.89170e-02
0.79314	3.77868e-02
0.78821	3.72453e-02
0.78625	3.94651e-02
0.79052	4.16998e-02
0.79107	4.02974e-02
0.78501	4.34610e-02
0.78312	5.84757e-02
0.78833	5.69697e-02
0.78401	5.02241e-02
0.78979	5.11175e-02
0.78540	4.98924e-02
0.77552	6.26109e-02
0.78229	6.71194e-02
0.78229	6.71194e-02
0.78990	5.58348e-02
0.81419	3.69460e-02
0.80902	2.89662e-02
0.80812	2.72587e-02
0.81019	3.63111e-02
0.82086	4.52364e-02
0.82697	4.84843e-02
0.82559	4.60567e-02
0.81808	5.58435e-02
0.82610	5.40451e-02
0.83190	4.23995e-02
0.82278	4.96860e-02
0.82228	5.07682e-02
0.82525	4.93876e-02
0.83142	4.09459e-02
0.82282	3.49887e-02
0.82908	4.81149e-02
0.82420	4.68915e-02
0.82596	4.67011e-02
0.82850	4.74820e-02
0.83427	5.07865e-02
0.82779	4.94112e-02
0.82223	4.44493e-02
0.81386	4.12655e-02
0.82420	4.49654e-02
0.82637	4.15803e-02
0.83133	4.20118e-02
0.84197	4.12818e-02
0.84223	3.37820e-02
0.84064	3.30153e-02
0.83699	3.43519e-02
0.83130	3.10182e-02
0.82667	3.22181e-02
0.83179	3.71235e-02
0.83549	3.48868e-02
0.83611	3.51422e-02
0.83955	4.02562e-02
0.83747	4.01970e-02
0.84403	4.14105e-02
0.84723	4.00034e-02
0.84850	4.04703e-02
0.85769	3.94971e-02
0.85386	3.54802e-02
0.85386	3.54802e-02
0.85673	3.56198e-02
0.86024	3.84988e-02
0.86341	3.75019e-02
0.85795	3.42845e-02
0.86626	2.82516e-02
0.86920	3.00530e-02
0.87462	3.14280e-02
0.87846	3.13202e-02
0.88656	2.97418e-02
0.88056	3.16511e-02
0.88056	3.16511e-02
0.88287	3.00118e-02
0.88433	2.82043e-02
0.87240	4.29379e-02
0.87049	4.53102e-02
0.87828	4.21681e-02
0.87942	4.02587e-02
0.87942	4.02587e-02
0.87859	4.07060e-02
0.87537	3.94728e-02
0.87314	3.84758e-02
0.87484	4.04166e-02
0.87577	4.12001e-02
0.87315	4.08401e-02
0.88170	4.39054e-02
0.88475	4.76576e-02
0.88823	3.41092e-02
0.89003	3.50277e-02
0.88467	2.94488e-02
0.88930	3.55367e-02
0.89907	2.90080e-02
0.89917	3.84477e-02
0.90115	3.77196e-02
0.89941	4.12757e-02
0.89900	4.11971e-02
0.89921	4.11937e-02
0.90865	3.07789e-02
0.91022	3.24314e-02
0.91305	2.54893e-02
0.91380	3.40586e-02
0.92213	3.92126e-02
0.92213	3.92126e-02
0.92210	3.92261e-02
0.92349	3.78411e-02
0.92668	2.83174e-02
0.91430	3.45642e-02
0.91430	3.45642e-02
0.92066	2.07077e-02
0.92103	2.09214e-02
0.92012	3.02344e-02
0.93041	3.56171e-02
0.93041	3.56171e-02
0.93518	2.97145e-02
0.93887	3.15423e-02
0.94272	3.53215e-02
0.93905	3.08109e-02
0.93891	3.08081e-02
0.93318	3.24168e-02
0.93221	3.34726e-02
0.93683	2.55326e-02
0.93902	2.78185e-02
0.94353	3.03730e-02
0.94697	3.29478e-02
0.94481	3.34485e-02
0.94588	3.31652e-02
0.94588	3.31652e-02
0.94979	3.66533e-02
0.94767	3.77911e-02
0.94759	3.77247e-02
0.95066	3.50810e-02
0.95245	3.67194e-02
0.95355	3.64011e-02
0.94752	3.49759e-02
0.94495	3.48452e-02
0.94795	3.19266e-02
0.94795	3.19266e-02
0.94671	3.24188e-02
0.94736	3.31899e-02
0.93813	3.03691e-02
0.92980	1.31263e-02
0.93486	2.16892e-02
0.93423	2.16871e-02
0.94306	2.28931e-02
0.94990	2.45878e-02
0.94990	2.45878e-02
0.94990	2.45878e-02
0.94990	2.45878e-02
0.94990	2.45878e-02
0.94439	3.13326e-02
0.94832	3.57818e-02
0.93728	3.05441e-02
0.93728	3.05441e-02
0.94887	3.76931e-02
0.94956	4.00805e-02
0.95717	3.68355e-02
0.94754	4.16030e-02
0.95768	3.67779e-02
0.95577	3.64276e-02
0.96003	3.82433e-02
0.94854	3.77106e-02
0.94854	3.77106e-02
0.95182	3.37168e-02
0.95182	3.37168e-02
0.95712	2.99326e-02
0.95431	3.04887e-02
0.94922	3.63575e-02
0.94922	3.63575e-02
0.94929	3.63540e-02
0.94929	3.63540e-02
0.94929	3.63540e-02
0.95031	3.63379e-02
0.95031	3.63379e-02
0.95857	2.68038e-02
0.95857	2.68038e-02
0.95857	2.68038e-02
0.95857	2.68038e-02
0.95857	2.68038e-02
0.95857	2.68038e-02
0.95711	2.89483e-02
0.93821	1.36152e-02
0.96004	8.20776e-03
0.96004	8.20776e-03
0.96004	8.20776e-03
0.96004	8.20776e-03
0.96004	8.20776e-03
0.96004	8.20776e-03
0.96971	4.07618e-03
0.96492	7.14098e-04
0.96492	7.14098e-04
0.97004	4.40537e-03
0.97004	4.40537e-03
0.97004	4.40537e-03
0.97004	4.40537e-03
0.97004	4.40537e-03
0.97004	4.40537e-03
0.97971	1.40726e-02
0.97971	1.40726e-02
0.97971	1.40726e-02
0.97969	1.40552e-02
0.96564	0.00000e+00
0.92045	0.00000e+00
0.92045	0.00000e+00
0.92045	0.00000e+00
0.92045	0.00000e+00
0.95078	0.00000e+00
0.94186	0.00000e+00
0.94638	0.00000e+00
0.94638	0.00000e+00
0.97605	0.00000e+00
0.98587	0.00000e+00
0.98587	0.00000e+00
0.98587	0.00000e+00
0.98587	0.00000e+00
0.98587	0.00000e+00
0.98587	0.00000e+00
0.99257	0.00000e+00
