0.65177	2.90505e-01
0.80798	6.75086e-02
0.82197	4.11716e-02
0.80827	4.69671e-02
0.77691	5.03116e-02
0.76596	6.21809e-02
0.72740	9.16219e-02
0.73262	8.43130e-02
0.72340	7.98980e-02
0.69076	8.76788e-02
0.67047	1.18720e-01
0.65285	1.32366e-01
0.62276	1.75353e-01
0.63447	1.32447e-01
0.63306	6.92256e-02
0.57482	1.35073e-01
0.56074	7.62142e-02
0.52752	1.13183e-01
0.55493	1.15708e-01
0.50488	9.62878e-02
0.52713	9.28046e-02
0.47953	1.50965e-01
0.46061	1.51450e-01
0.52294	6.58256e-02
0.46336	1.05388e-01
0.42858	9.89818e-02
0.41243	5.79558e-02
0.37055	1.21617e-01
0.31022	1.49636e-01
0.33725	1.19340e-01
0.31184	1.09288e-01
0.29892	1.09641e-01
0.24536	1.41090e-01
0.32322	9.93131e-02
0.28984	9.57389e-02
0.27298	1.21189e-01
0.32535	1.01727e-01
0.29545	1.05266e-01
0.32297	1.57986e-01
0.25881	1.00609e-01
0.21795	1.12735e-01
0.25288	1.50294e-01
0.27661	9.15227e-02
0.27980	1.12414e-01
0.25272	1.06944e-01
0.28236	1.28670e-01
0.27251	1.02873e-01
0.28927	1.46649e-01
0.27371	1.37271e-01
0.27262	7.65337e-02
0.26017	5.72793e-02
0.26417	6.90548e-02
0.25631	1.10408e-01
0.24749	8.99893e-02
0.31925	7.36249e-02
0.21449	1.00058e-01
0.24323	1.25480e-01
0.28636	7.69179e-02
0.28614	1.02964e-01
0.24582	9.79538e-02
0.25071	1.25710e-01
0.25118	1.08174e-01
0.26990	6.28274e-02
0.23140	9.87089e-02
0.22795	9.19769e-02
0.19843	1.03219e-01
0.16211	7.30720e-02
0.21792	5.88649e-02
0.19041	5.99331e-02
0.15530	7.47413e-02
0.21898	4.75906e-02
0.18463	8.60259e-02
0.19579	1.07579e-01
0.21254	7.18880e-02
0.20808	7.91036e-02
0.21054	8.10422e-02
0.19610	1.20787e-01
0.19491	8.90489e-02
0.17284	7.74918e-02
0.24025	7.93480e-02
0.20493	7.66662e-02
0.17837	7.32926e-02
0.17866	4.70596e-02
0.17065	4.60208e-02
0.22383	7.96117e-02
0.23091	7.57837e-02
0.21951	7.65355e-02
0.16785	7.05274e-02
0.21110	8.05567e-02
0.20847	7.66037e-02
0.18399	8.18719e-02
0.18054	9.48906e-02
0.17867	1.02463e-01
0.19190	8.06376e-02
0.15516	7.54901e-02
0.19783	8.13246e-02
0.14640	7.54416e-02
0.15302	6.67640e-02
0.14757	4.59422e-02
0.17268	7.75129e-02
0.17484	9.23065e-02
0.21439	1.23370e-01
0.20858	1.43701e-01
0.21363	1.38451e-01
0.20560	1.35951e-01
0.21530	1.32560e-01
0.21419	1.33320e-01
0.21765	1.26703e-01
0.21765	1.26703e-01
0.18473	1.14917e-01
0.21063	1.14038e-01
0.21238	9.63143e-02
0.21424	6.94122e-02
0.23399	7.79134e-02
0.19842	7.48212e-02
0.20488	7.34510e-02
0.18298	8.24223e-02
0.17854	8.19224e-02
0.21014	7.18144e-02
0.27121	6.41805e-02
0.25258	9.26320e-02
0.23353	8.40575e-02
0.26164	9.72667e-02
0.24629	1.04715e-01
0.27352	1.10044e-01
0.29693	1.27230e-01
0.29982	1.27470e-01
0.26928	1.10835e-01
0.28398	1.12310e-01
0.28823	1.18807e-01
0.28823	1.18807e-01
0.29454	1.18478e-01
0.30352	1.19208e-01
0.29899	1.04818e-01
0.28699	9.84967e-02
0.31262	1.18472e-01
0.33052	1.15745e-01
0.35010	9.32514e-02
0.33689	1.25981e-01
0.34156	1.30217e-01
0.34158	1.30238e-01
0.34021	1.31658e-01
0.34021	1.31658e-01
0.34278	1.33434e-01
0.40298	1.11381e-01
0.40298	1.11381e-01
0.37378	9.93379e-02
0.38630	1.04252e-01
0.40222	1.00712e-01
0.39955	9.88836e-02
0.38983	1.02427e-01
0.40275	1.01067e-01
0.39213	9.81328e-02
0.38064	8.88712e-02
0.37371	9.80003e-02
0.37371	9.80003e-02
0.37747	1.03244e-01
0.39037	1.08505e-01
0.41706	1.01251e-01
0.43108	8.52493e-02
0.42568	9.66885e-02
0.42148	8.60536e-02
0.41883	8.40204e-02
0.43669	7.87291e-02
0.44458	7.80052e-02
0.45019	8.07181e-02
0.43946	8.73277e-02
0.42455	9.99745e-02
0.44071	8.73907e-02
0.41889	1.00982e-01
0.43326	1.12723e-01
0.46378	1.26118e-01
0.43642	1.58342e-01
0.43832	1.60261e-01
0.43670	1.52459e-01
0.47019	1.48333e-01
0.48368	1.34374e-01
0.48015	1.22916e-01
0.48417	1.22364e-01
0.48417	1.22364e-01
0.47620	1.31266e-01
0.45093	1.30341e-01
0.48393	1.30360e-01
0.48604	6.62707e-02
0.50233	7.47548e-02
0.50735	1.20235e-01
0.52554	1.19249e-01
0.53057	8.08210e-02
0.53057	8.08210e-02
0.51971	7.71427e-02
0.52192	7.58469e-02
0.50859	1.02352e-01
0.51108	1.03594e-01
0.50652	9.27597e-02
0.50923	9.26836e-02
0.51513	4.45332e-02
0.51513	4.45332e-02
0.52900	4.91877e-02
0.54422	7.74890e-02
0.54207	7.69477e-02
0.53965	7.59278e-02
0.54566	8.58313e-02
0.55190	8.88060e-02
0.55698	9.27814e-02
0.56932	9.38136e-02
0.56932	9.38136e-02
0.54835	9.12795e-02
0.55594	9.56312e-02
0.55271	9.45791e-02
0.55477	9.56002e-02
0.55598	9.64393e-02
0.57858	9.09899e-02
0.57929	9.02220e-02
0.58552	9.12027e-02
0.58046	9.19315e-02
0.57800	9.17149e-02
0.59616	9.34814e-02
0.59964	1.01957e-01
0.60759	1.03784e-01
0.59821	1.01217e-01
0.59269	1.10994e-01
0.60377	1.19732e-01
0.60330	1.19970e-01
0.62223	1.14790e-01
0.63078	1.20005e-01
0.62733	1.22443e-01
0.61239	1.08511e-01
0.61196	1.07961e-01
0.63543	9.47901e-02
0.64390	9.80678e-02
0.64563	9.90729e-02
0.64085	9.77905e-02
0.63387	9.52527e-02
0.63571	9.55761e-02
0.65290	1.01756e-01
0.65016	1.02305e-01
0.64293	9.79406e-02
0.65026	1.10500e-01
0.65375	1.12554e-01
0.65406	1.12784e-01
0.65288	1.12557e-01
0.65779	1.16750e-01
0.67272	8.71997e-02
0.67629	8.78615e-02
0.67816	8.97910e-02
0.67364	8.67715e-02
0.67320	8.69726e-02
0.67576	8.70919e-02
0.67442	8.57678e-02
0.68107	9.26205e-02
0.67321	1.24792e-01
0.67378	1.25257e-01
0.68335	1.15892e-01
0.68335	1.15892e-01
0.69555	7.39876e-02
0.67730	1.14498e-01
0.67861	1.16768e-01
0.68143	1.18865e-01
0.68885	1.19534e-01
0.69296	1.22265e-01
0.68807	1.19987e-01
0.68944	1.17212e-01
0.69735	1.11919e-01
0.69486	1.13047e-01
0.68867	1.10718e-01
0.69609	1.12829e-01
0.69635	1.31071e-01
0.69491	1.30062e-01
0.69612	1.30800e-01
0.69850	1.28272e-01
0.71200	1.31550e-01
0.71340	1.31661e-01
0.71346	1.33962e-01
0.70615	1.30229e-01
0.73294	5.79654e-02
0.73101	6.15231e-02
0.72441	5.42576e-02
0.72978	6.01331e-02
0.74268	5.61812e-02
0.75007	5.74194e-02
0.73186	1.06661e-01
0.73344	1.07255e-01
0.73344	1.07255e-01
0.73381	1.07331e-01
0.73588	9.66046e-02
0.73585	9.65980e-02
0.72692	1.21043e-01
0.75287	6.17424e-02
0.75523	6.42463e-02
0.75179	6.07089e-02
0.73388	6.02992e-02
0.73953	6.49464e-02
0.73997	5.86962e-02
0.72546	9.68570e-02
0.73414	1.03289e-01
0.72671	9.95433e-02
0.72692	9.96534e-02
0.72692	9.96534e-02
0.72628	9.91030e-02
0.73214	9.92927e-02
0.74344	1.01588e-01
0.73966	1.01679e-01
0.73966	1.01679e-01
0.74739	1.06588e-01
0.75174	1.06996e-01
0.75093	1.05632e-01
0.75093	1.05632e-01
0.75593	8.17671e-02
0.75802	8.41912e-02
0.75956	8.34268e-02
0.75418	8.21176e-02
0.75467	8.19420e-02
0.75597	8.23381e-02
0.76757	8.30328e-02
0.76149	8.08180e-02
0.76619	7.95506e-02
0.75815	9.97159e-02
0.75414	1.01453e-01
0.75613	1.01931e-01
0.76560	1.03992e-01
0.75864	1.00392e-01
0.77329	7.21917e-02
0.77890	8.94137e-02
0.77090	8.78189e-02
0.77207	8.86250e-02
0.77808	9.15177e-02
0.77097	9.22621e-02
0.77552	9.51338e-02
0.77996	9.73624e-02
0.80536	5.53723e-02
0.79436	8.21578e-02
0.79267	8.15142e-02
0.79547	8.47954e-02
0.79118	8.07949e-02
0.78947	7.95445e-02
0.79513	7.92795e-02
0.79486	7.92572e-02
0.78910	7.61983e-02
0.78852	7.64318e-02
0.78852	7.64318e-02
0.78850	8.95400e-02
0.78728	9.12466e-02
0.78945	8.97708e-02
0.78961	8.99500e-02
0.79141	9.04849e-02
0.79133	9.05740e-02
0.80160	7.10098e-02
0.79959	7.04442e-02
0.80440	7.32847e-02
0.80837	6.99782e-02
0.80838	7.54853e-02
0.81678	7.98059e-02
0.82079	7.55424e-02
0.81935	7.61374e-02
0.82227	7.76490e-02
0.81990	7.62680e-02
0.81006	7.61892e-02
0.81106	7.37898e-02
0.81052	7.40019e-02
0.82082	7.93606e-02
0.81365	7.67680e-02
0.80964	7.56226e-02
0.80818	7.43375e-02
0.81445	7.68284e-02
0.80782	8.73898e-02
0.81012	8.82342e-02
0.81012	8.82342e-02
0.81012	8.82342e-02
0.80422	8.41472e-02
0.79620	8.12514e-02
0.81252	6.69362e-02
0.81252	6.69362e-02
0.81230	6.67600e-02
0.79788	9.70421e-02
0.79900	9.78306e-02
0.80673	7.93988e-02
0.81923	8.33790e-02
0.82128	8.45139e-02
0.82128	8.45139e-02
0.81222	8.28917e-02
0.81046	8.14302e-02
0.80517	9.26158e-02
0.79894	9.04429e-02
0.79482	8.68168e-02
0.79298	9.70454e-02
0.79626	9.60422e-02
0.79841	9.74223e-02
0.78955	1.07529e-01
0.78955	1.07529e-01
0.80865	1.16052e-01
0.82552	8.69079e-02
0.82021	8.36840e-02
0.81969	8.34172e-02
0.81969	8.34172e-02
0.81969	8.34172e-02
0.81969	8.34172e-02
0.81969	8.34172e-02
0.83021	8.99129e-02
0.83021	8.99129e-02
0.83021	8.99129e-02
0.83246	9.10653e-02
0.83246	9.10653e-02
0.83286	9.13413e-02
0.82844	8.88235e-02
0.82553	9.45544e-02
0.82110	1.12110e-01
0.78124	1.14431e-01
0.79087	1.04800e-01
0.78305	9.69799e-02
0.68516	0.00000e+00
0.68516	0.00000e+00
0.62035	0.00000e+00
0.67716	0.00000e+00
0.74311	0.00000e+00
0.74311	0.00000e+00
0.74311	0.00000e+00
0.68786	0.00000e+00
0.62637	0.00000e+00
0.68053	0.00000e+00
0.73770	0.00000e+00
0.73770	0.00000e+00
0.76251	0.00000e+00
0.76251	0.00000e+00
0.76251	0.00000e+00
0.80012	0.00000e+00
0.80012	0.00000e+00
0.80012	0.00000e+00
0.80021	0.00000e+00
0.80021	0.00000e+00
0.80021	0.00000e+00
0.75805	0.00000e+00
0.75805	0.00000e+00
0.75805	0.00000e+00
0.75805	0.00000e+00
0.75805	0.00000e+00
0.75805	0.00000e+00
0.75805	0.00000e+00
0.75805	0.00000e+00
0.75805	0.00000e+00
0.75805	0.00000e+00
0.82109	0.00000e+00
0.82109	0.00000e+00
0.82109	0.00000e+00
0.82109	0.00000e+00
0.82109	0.00000e+00
0.82109	0.00000e+00
0.82109	0.00000e+00
0.79153	0.00000e+00
0.79153	0.00000e+00
0.79153	0.00000e+00
0.79153	0.00000e+00
0.79153	0.00000e+00
0.79153	0.00000e+00
0.79153	0.00000e+00
0.79153	0.00000e+00
0.82835	0.00000e+00
0.78754	0.00000e+00
