0.81559	2.11751e-01
0.89313	2.76524e-02
0.88155	1.85801e-02
0.86336	3.07488e-02
0.84898	2.40068e-02
0.84902	2.26333e-02
0.82608	2.58406e-02
0.80724	3.92035e-02
0.78615	2.14257e-02
0.78106	3.53602e-02
0.76282	3.50471e-02
0.75179	4.56501e-02
0.74227	3.98664e-02
0.71181	3.31121e-02
0.69114	3.71529e-02
0.67370	5.02624e-02
0.68561	4.72301e-02
0.67666	5.50674e-02
0.64916	9.44510e-02
0.65082	6.44672e-02
0.62687	8.01317e-02
0.61394	8.36547e-02
0.58556	1.03132e-01
0.59830	6.67574e-02
0.57592	9.04466e-02
0.52390	1.64619e-01
0.53852	1.07537e-01
0.53741	9.17949e-02
0.49391	1.06934e-01
0.48666	9.28310e-02
0.47560	7.58886e-02
0.44028	1.08386e-01
0.48358	8.49961e-02
0.38928	1.24569e-01
0.39241	1.55587e-01
0.39937	1.13732e-01
0.37759	1.25695e-01
0.36642	1.68038e-01
0.34224	1.78771e-01
0.30593	1.52655e-01
0.28960	1.00436e-01
0.34673	1.42336e-01
0.28608	1.23297e-01
0.30505	9.75789e-02
0.30877	1.57179e-01
0.29221	1.22676e-01
0.33714	1.16415e-01
0.30628	1.45428e-01
0.32329	1.30771e-01
0.33676	1.24235e-01
0.33067	8.81936e-02
0.28228	1.41250e-01
0.33604	8.92430e-02
0.34135	1.29384e-01
0.31020	1.28222e-01
0.31601	1.52728e-01
0.31343	7.96165e-02
0.28191	1.01519e-01
0.30151	1.14800e-01
0.30012	1.17395e-01
0.28177	8.71343e-02
0.31070	1.26877e-01
0.30223	7.43044e-02
0.27447	9.77298e-02
0.25103	1.09430e-01
0.27463	1.01255e-01
0.24446	8.06644e-02
0.23893	6.77155e-02
0.22975	9.65522e-02
0.26715	9.01807e-02
0.20416	8.33775e-02
0.22433	1.02763e-01
0.24038	9.82443e-02
0.25608	8.08564e-02
0.21062	1.10311e-01
0.23248	8.31148e-02
0.21206	9.06593e-02
0.26734	9.93013e-02
0.25547	1.07913e-01
0.29189	9.10580e-02
0.26209	8.64741e-02
0.21418	1.04767e-01
0.25303	6.85755e-02
0.26869	9.36817e-02
0.23254	7.83940e-02
0.28387	7.32939e-02
0.20144	8.39153e-02
0.22472	1.46731e-01
0.33607	1.32023e-01
0.23163	1.04696e-01
0.23086	1.32753e-01
0.25327	1.08003e-01
0.20646	9.65695e-02
0.23669	9.75424e-02
0.25554	1.19581e-01
0.28111	8.48172e-02
0.28270	1.22557e-01
0.29806	1.09081e-01
0.27308	1.06326e-01
0.30541	7.43603e-02
0.31142	6.61562e-02
0.30491	6.86604e-02
0.30140	7.14810e-02
0.30634	7.49548e-02
0.32292	1.11194e-01
0.33029	1.20459e-01
0.30101	1.33065e-01
0.33511	1.21624e-01
0.30924	1.17364e-01
0.30924	1.17364e-01
0.34065	9.45377e-02
0.37735	1.42955e-01
0.36854	1.42357e-01
0.37020	1.42093e-01
0.40342	1.16913e-01
0.39618	1.21810e-01
0.40368	1.08449e-01
0.40295	1.03621e-01
0.38701	9.58141e-02
0.39499	1.00042e-01
0.39949	1.00829e-01
0.41041	1.11266e-01
0.38401	1.02143e-01
0.40580	9.70465e-02
0.40510	9.09604e-02
0.40745	9.22190e-02
0.41325	8.58459e-02
0.43276	6.12721e-02
0.42795	6.54729e-02
0.45674	5.19570e-02
0.44478	7.69729e-02
0.44478	7.69729e-02
0.45368	8.37757e-02
0.44108	7.71005e-02
0.44925	8.43299e-02
0.46563	1.01642e-01
0.46733	9.32148e-02
0.45958	8.85160e-02
0.45958	8.85160e-02
0.47075	9.55661e-02
0.48874	9.80431e-02
0.49384	9.90854e-02
0.50052	8.45224e-02
0.49254	8.62699e-02
0.47755	8.92871e-02
0.49123	9.33853e-02
0.50857	9.46514e-02
0.52100	1.05347e-01
0.52100	1.05347e-01
0.51814	1.15262e-01
0.53187	1.07466e-01
0.55176	9.38747e-02
0.54051	1.07606e-01
0.53909	1.11936e-01
0.53682	1.09954e-01
0.52621	1.07301e-01
0.55708	1.00824e-01
0.54994	1.17682e-01
0.57831	5.12403e-02
0.58836	6.48336e-02
0.59260	6.28201e-02
0.60563	5.03553e-02
0.60563	5.03553e-02
0.59952	5.88279e-02
0.59815	5.57770e-02
0.60420	5.20826e-02
0.61000	4.78537e-02
0.61000	4.78537e-02
0.61870	5.24117e-02
0.60912	3.98543e-02
0.60442	3.52230e-02
0.60403	3.57546e-02
0.59551	4.24470e-02
0.59896	4.05854e-02
0.59896	4.05854e-02
0.60066	5.06976e-02
0.60789	3.83515e-02
0.60677	4.20293e-02
0.61398	3.82337e-02
0.61483	4.62972e-02
0.63229	4.60479e-02
0.63365	5.66958e-02
0.65293	4.01360e-02
0.64954	3.48234e-02
0.64282	3.49363e-02
0.63861	3.04254e-02
0.64084	3.12625e-02
0.64084	3.12625e-02
0.64083	3.12695e-02
0.65439	3.28962e-02
0.64271	4.73835e-02
0.63955	4.56837e-02
0.64157	2.98495e-02
0.64157	2.98495e-02
0.64612	3.40287e-02
0.64509	4.98295e-02
0.65853	4.75871e-02
0.67343	3.80385e-02
0.66454	3.32419e-02
0.67279	3.18179e-02
0.69386	4.43075e-02
0.68846	4.47169e-02
0.68651	4.63716e-02
0.68651	4.63716e-02
0.68651	4.63716e-02
0.68279	4.53546e-02
0.67410	3.03303e-02
0.68124	3.45071e-02
0.68483	3.91883e-02
0.69770	4.46703e-02
0.69282	3.95572e-02
0.68255	6.34494e-02
0.69757	3.39401e-02
0.69757	3.39401e-02
0.70451	3.01540e-02
0.70923	2.52475e-02
0.71130	3.81108e-02
0.69984	2.48031e-02
0.71160	2.60472e-02
0.69971	2.93177e-02
0.69971	2.93177e-02
0.69736	2.91131e-02
0.70502	3.11331e-02
0.69718	3.63444e-02
0.71220	4.71378e-02
0.71838	3.93409e-02
0.72252	3.50957e-02
0.72486	2.55112e-02
0.72216	2.34707e-02
0.72734	3.41337e-02
0.72734	3.41337e-02
0.73323	5.04300e-02
0.72856	3.47154e-02
0.73394	3.71590e-02
0.73488	3.65743e-02
0.73546	3.59584e-02
0.73753	4.21411e-02
0.73681	3.80094e-02
0.74338	3.05903e-02
0.75087	4.43337e-02
0.75159	4.48537e-02
0.74671	3.65399e-02
0.74671	3.65399e-02
0.74993	3.51102e-02
0.75047	3.45352e-02
0.75047	3.45352e-02
0.75136	3.71881e-02
0.75143	3.70961e-02
0.75567	4.00121e-02
0.75625	3.94791e-02
0.75842	3.64729e-02
0.75777	3.55707e-02
0.75281	3.76727e-02
0.75187	3.89819e-02
0.75354	3.75250e-02
0.75039	3.46899e-02
0.75190	3.34405e-02
0.75277	2.96681e-02
0.76193	4.01159e-02
0.76139	4.07430e-02
0.76763	3.73098e-02
0.76250	3.66314e-02
0.77017	3.72898e-02
0.76425	3.91077e-02
0.76706	3.81048e-02
0.76579	3.75036e-02
0.76597	3.76809e-02
0.76472	3.97515e-02
0.77054	3.99204e-02
0.77729	3.28624e-02
0.77713	3.26386e-02
0.78159	3.38017e-02
0.78159	3.38017e-02
0.77834	3.55796e-02
0.77781	3.50565e-02
0.77781	3.50565e-02
0.77621	3.60373e-02
0.77590	3.46637e-02
0.77430	2.50044e-02
0.77613	2.55561e-02
0.77064	2.77884e-02
0.76480	3.43367e-02
0.77562	3.11413e-02
0.77692	2.87717e-02
0.77271	3.21330e-02
0.77216	3.12340e-02
0.78167	3.87175e-02
0.79277	3.60763e-02
0.79277	3.60763e-02
0.78225	4.37927e-02
0.78746	3.08929e-02
0.79149	3.31223e-02
0.79600	2.88006e-02
0.79773	3.64481e-02
0.79945	3.52972e-02
0.79559	3.14594e-02
0.79090	3.66794e-02
0.79516	2.96611e-02
0.79356	2.54256e-02
0.79647	2.44388e-02
0.80365	2.15603e-02
0.80404	1.99954e-02
0.80450	1.98470e-02
0.81191	1.80214e-02
0.81541	2.63812e-02
0.81692	2.57003e-02
0.81683	3.27262e-02
0.81968	3.18157e-02
0.82078	3.10355e-02
0.81625	3.34839e-02
0.81992	2.90523e-02
0.82409	2.77551e-02
0.82956	2.17080e-02
0.82818	2.32712e-02
0.82790	2.36551e-02
0.82790	2.36551e-02
0.82837	2.44620e-02
0.82198	3.26503e-02
0.82503	3.83686e-02
0.82226	3.58790e-02
0.82156	3.74757e-02
0.81433	3.71562e-02
0.81270	3.67296e-02
0.81505	3.74933e-02
0.82475	3.87693e-02
0.82475	3.87693e-02
0.82575	3.91309e-02
0.82360	3.70603e-02
0.82411	3.75248e-02
0.82881	3.79598e-02
0.82788	3.68238e-02
0.84063	4.21650e-02
0.84267	3.95322e-02
0.84387	3.96469e-02
0.84693	4.06517e-02
0.84554	4.20795e-02
0.84360	3.86097e-02
0.84177	3.78907e-02
0.84353	3.59457e-02
0.84353	3.59463e-02
0.84825	3.42149e-02
0.83760	4.13789e-02
0.84337	4.58978e-02
0.84543	4.69431e-02
0.85231	3.72198e-02
0.85128	3.74020e-02
0.84671	4.34540e-02
0.85036	4.48894e-02
0.84893	4.35451e-02
0.84747	4.06163e-02
0.85013	3.89313e-02
0.85289	3.49707e-02
0.85203	3.08689e-02
0.84772	2.99616e-02
0.84550	2.98076e-02
0.84550	2.98076e-02
0.84093	3.67439e-02
0.84123	3.64061e-02
0.84764	2.75298e-02
0.84890	2.48801e-02
0.84890	2.48801e-02
0.85259	2.86384e-02
0.84515	2.60670e-02
0.84679	2.70832e-02
0.84679	2.70832e-02
0.85681	3.39187e-02
0.85269	4.01848e-02
0.85100	4.19435e-02
0.85022	4.92181e-02
0.85494	4.25373e-02
0.85494	4.25373e-02
0.85494	4.25373e-02
0.85615	4.42770e-02
0.85665	4.74981e-02
0.85419	4.60348e-02
0.85435	5.06579e-02
0.85749	5.02979e-02
0.85749	5.02979e-02
0.85662	5.15339e-02
0.85537	5.28889e-02
0.86303	5.10397e-02
0.86357	3.38007e-02
0.86095	3.34394e-02
0.86192	3.56391e-02
0.86123	5.01710e-02
0.86123	5.01710e-02
0.85406	5.71442e-02
0.85656	5.76300e-02
0.87204	4.38186e-02
0.86357	4.90447e-02
0.86920	4.14099e-02
0.86909	4.15835e-02
0.86792	4.29574e-02
0.86792	4.29574e-02
0.87587	3.53727e-02
0.87573	3.53774e-02
0.87388	3.45507e-02
0.87388	3.45507e-02
0.88129	3.86961e-02
0.87373	3.51177e-02
0.87423	3.41287e-02
0.87423	3.41287e-02
0.86819	3.50088e-02
0.87233	3.97282e-02
0.87246	4.15635e-02
0.87246	4.15635e-02
0.86915	3.82383e-02
0.87621	3.70056e-02
0.87678	3.72787e-02
0.87678	3.72787e-02
0.87619	3.70169e-02
0.88793	4.42679e-02
0.87658	4.24898e-02
0.88824	2.04238e-02
0.89032	1.70143e-02
0.88735	2.18938e-02
0.89023	2.39311e-02
0.89023	2.39311e-02
0.89023	2.39311e-02
0.89012	2.41962e-02
0.89839	1.51539e-02
0.88785	3.31720e-03
0.88785	3.31720e-03
0.89799	1.34567e-02
0.89799	1.34567e-02
0.88720	7.75372e-03
0.88720	7.75372e-03
0.88587	6.41785e-03
0.88587	6.41785e-03
0.90193	9.20493e-03
0.89273	0.00000e+00
0.89273	0.00000e+00
0.91238	0.00000e+00
0.91238	0.00000e+00
0.90477	0.00000e+00
0.90477	0.00000e+00
0.90477	0.00000e+00
0.92093	0.00000e+00
0.92093	0.00000e+00
0.92093	0.00000e+00
0.89728	0.00000e+00
0.89728	0.00000e+00
0.89728	0.00000e+00
0.89728	0.00000e+00
0.89728	0.00000e+00
0.89728	0.00000e+00
0.89728	0.00000e+00
0.89728	0.00000e+00
0.89728	0.00000e+00
0.89728	0.00000e+00
0.89728	0.00000e+00
0.89728	0.00000e+00
0.92815	0.00000e+00
0.92815	0.00000e+00
0.92815	0.00000e+00
0.92815	0.00000e+00
0.90742	0.00000e+00
