0.98566	2.47797e-03
0.97846	9.50105e-03
0.97209	1.04025e-02
0.96719	1.38073e-02
0.95559	1.50041e-02
0.95242	2.51576e-02
0.93666	1.94294e-02
0.93958	1.63396e-02
0.91667	1.73493e-02
0.92903	2.14250e-02
0.89476	2.29739e-02
0.89255	3.23862e-02
0.89567	2.94980e-02
0.87930	2.42287e-02
0.84613	3.84290e-02
0.86048	3.53509e-02
0.86479	3.99552e-02
0.83437	4.95276e-02
0.84939	4.11340e-02
0.83016	4.28894e-02
0.82988	3.31409e-02
0.81065	3.47421e-02
0.81596	4.72869e-02
0.81273	4.24029e-02
0.80340	3.35984e-02
0.79274	3.82060e-02
0.77829	6.64507e-02
0.77582	4.15533e-02
0.75382	7.54943e-02
0.75338	7.05694e-02
0.75069	6.07536e-02
0.74315	4.94907e-02
0.73587	5.87373e-02
0.72343	3.89752e-02
0.68292	7.07155e-02
0.69902	6.13016e-02
0.68017	9.16565e-02
0.68553	6.24275e-02
0.69244	6.11480e-02
0.64933	8.54656e-02
0.64117	9.36947e-02
0.63600	9.01449e-02
0.65501	9.69551e-02
0.64283	7.51864e-02
0.64907	1.00882e-01
0.63847	8.83520e-02
0.63150	8.66468e-02
0.63471	1.09921e-01
0.59947	1.04892e-01
0.62561	1.04921e-01
0.58988	1.13478e-01
0.57275	1.19074e-01
0.58232	1.18631e-01
0.60596	7.33810e-02
0.61933	5.87186e-02
0.60112	7.90941e-02
0.62547	5.14197e-02
0.63325	4.72175e-02
0.62505	6.42608e-02
0.60111	4.83749e-02
0.60477	5.40412e-02
0.57910	6.84949e-02
0.57766	5.21930e-02
0.56723	5.18865e-02
0.57981	7.01147e-02
0.53091	8.57189e-02
0.51400	7.10154e-02
0.53035	9.70895e-02
0.51745	1.20214e-01
0.50882	1.21458e-01
0.51939	1.13867e-01
0.55487	1.10967e-01
0.56180	7.81247e-02
0.55658	7.26838e-02
0.56244	9.47107e-02
0.58884	9.86486e-02
0.58650	8.81082e-02
0.59133	8.62521e-02
0.59327	8.70552e-02
0.55689	7.65203e-02
0.57536	6.49390e-02
0.60005	6.95124e-02
0.55134	5.48447e-02
0.59458	6.28298e-02
0.56023	5.21507e-02
0.57763	5.52315e-02
0.57722	1.02287e-01
0.57736	8.78093e-02
0.56317	7.48301e-02
0.56697	8.51400e-02
0.57316	6.63750e-02
0.52895	6.62801e-02
0.54980	8.15353e-02
0.53059	1.32111e-01
0.56283	8.14236e-02
0.53509	6.77310e-02
0.55012	5.91487e-02
0.57631	6.33641e-02
0.54626	8.26794e-02
0.55694	9.97352e-02
0.56200	1.06023e-01
0.57291	1.08559e-01
0.58570	1.01654e-01
0.57234	9.56539e-02
0.61395	1.11486e-01
0.61343	1.09649e-01
0.62820	6.86563e-02
0.64594	8.84642e-02
0.64341	9.03412e-02
0.64385	9.04129e-02
0.64935	8.82323e-02
0.66197	8.76452e-02
0.66728	8.76498e-02
0.64980	8.78630e-02
0.65534	9.01392e-02
0.66606	7.90248e-02
0.66880	8.12195e-02
0.66900	8.13186e-02
0.68319	6.41143e-02
0.69112	6.93833e-02
0.69687	5.66259e-02
0.69626	5.64175e-02
0.69626	5.64175e-02
0.70854	4.69015e-02
0.70888	4.72684e-02
0.70864	4.50043e-02
0.70745	4.57635e-02
0.70472	4.48130e-02
0.70060	4.77477e-02
0.71745	4.03690e-02
0.72118	4.89000e-02
0.72118	4.89000e-02
0.72079	4.50405e-02
0.72079	4.50405e-02
0.72672	4.87648e-02
0.74622	5.79681e-02
0.73932	5.13332e-02
0.73348	4.32224e-02
0.72982	4.87251e-02
0.73586	4.73584e-02
0.75030	5.77789e-02
0.75580	5.98784e-02
0.75686	5.88835e-02
0.75285	5.94340e-02
0.75285	5.94340e-02
0.74541	5.28028e-02
0.75287	5.77941e-02
0.75287	5.77941e-02
0.75189	6.00969e-02
0.75189	6.00969e-02
0.75088	6.09637e-02
0.76812	5.06935e-02
0.76787	5.07612e-02
0.77558	4.89870e-02
0.79081	4.92783e-02
0.79610	4.52988e-02
0.79098	4.70222e-02
0.78940	4.73863e-02
0.78707	3.69491e-02
0.77930	4.40485e-02
0.77145	4.13172e-02
0.77853	4.07020e-02
0.79057	2.02980e-02
0.79584	2.27791e-02
0.80681	2.44412e-02
0.79919	1.41192e-02
0.81365	1.75742e-02
0.81988	1.90132e-02
0.81175	2.01677e-02
0.81022	1.93275e-02
0.81792	1.71864e-02
0.81133	2.53610e-02
0.80911	2.52896e-02
0.80250	2.67056e-02
0.80921	2.38637e-02
0.81131	2.67629e-02
0.81162	2.69874e-02
0.81690	3.24778e-02
0.81635	3.23990e-02
0.81635	3.23990e-02
0.81828	3.49020e-02
0.82513	3.22208e-02
0.82982	3.29108e-02
0.83369	3.29470e-02
0.83603	3.08000e-02
0.83541	3.06611e-02
0.84774	3.38611e-02
0.84284	3.63857e-02
0.84143	4.23105e-02
0.84761	3.58033e-02
0.85869	2.74497e-02
0.85869	2.74497e-02
0.86010	2.77896e-02
0.85337	3.15836e-02
0.84635	3.68546e-02
0.86051	4.20780e-02
0.86118	4.38854e-02
0.86361	4.43935e-02
0.86251	4.32529e-02
0.86496	3.62658e-02
0.85641	2.78539e-02
0.85364	2.97275e-02
0.85231	2.97100e-02
0.85075	2.90792e-02
0.85075	2.90792e-02
0.86066	3.96149e-02
0.86587	3.65204e-02
0.87464	3.58627e-02
0.87212	3.96981e-02
0.86335	4.16037e-02
0.86862	4.33653e-02
0.86405	3.93231e-02
0.86405	3.93231e-02
0.86089	4.00815e-02
0.86417	4.39989e-02
0.87015	4.82156e-02
0.87865	5.29735e-02
0.87865	5.29735e-02
0.87301	4.95198e-02
0.88004	4.19629e-02
0.88470	4.31867e-02
0.87997	4.35063e-02
0.88070	4.53683e-02
0.88092	4.57152e-02
0.89292	4.02405e-02
0.89288	3.77589e-02
0.89566	4.16517e-02
0.90076	4.13695e-02
0.90619	3.68056e-02
0.90747	3.41348e-02
0.90633	2.83234e-02
0.90510	2.98199e-02
0.90239	2.26802e-02
0.90471	2.14168e-02
0.90471	2.14168e-02
0.90860	1.81623e-02
0.90675	1.96491e-02
0.90395	1.94328e-02
0.90575	2.02197e-02
0.90575	2.02197e-02
0.91156	2.04477e-02
0.90980	1.89177e-02
0.90482	1.84785e-02
0.90440	1.55246e-02
0.91220	2.53901e-02
0.91617	2.20026e-02
0.91159	1.87839e-02
0.91773	2.39842e-02
0.91886	2.38223e-02
0.92034	2.33217e-02
0.92502	2.70736e-02
0.92220	1.29240e-02
0.91531	2.03213e-02
0.91650	2.69691e-02
0.91651	2.36434e-02
0.91377	2.60003e-02
0.91432	2.53940e-02
0.91441	2.23168e-02
0.91046	1.62383e-02
0.90978	1.61591e-02
0.91960	2.04228e-02
0.91810	2.08312e-02
0.91514	2.04434e-02
0.92335	2.44362e-02
0.92566	1.60218e-02
0.92650	1.51237e-02
0.92857	1.45877e-02
0.92890	1.32317e-02
0.92986	1.40801e-02
0.92987	1.40838e-02
0.93131	1.54856e-02
0.92965	1.64192e-02
0.92644	2.16486e-02
0.92211	2.53441e-02
0.92228	2.55621e-02
0.92591	2.68103e-02
0.92915	2.83782e-02
0.92059	2.66972e-02
0.92633	2.85570e-02
0.93509	1.92984e-02
0.93014	1.54515e-02
0.92911	1.83367e-02
0.92911	1.83367e-02
0.93297	1.45281e-02
0.93009	1.47325e-02
0.92890	1.70744e-02
0.92930	1.72735e-02
0.93282	2.13058e-02
0.93458	2.10059e-02
0.93423	1.55244e-02
0.93223	1.11198e-02
0.93008	1.14201e-02
0.93011	1.14437e-02
0.92884	1.69783e-02
0.92755	1.56672e-02
0.92621	2.10746e-02
0.93187	1.34335e-02
0.93106	2.04692e-02
0.93511	1.81804e-02
0.93515	1.81117e-02
0.93611	1.80349e-02
0.93514	1.79494e-02
0.92684	1.70471e-02
0.92311	1.94124e-02
0.92035	1.62018e-02
0.92459	2.31774e-02
0.92719	2.06464e-02
0.92617	1.86786e-02
0.93563	1.72685e-02
0.93374	1.78674e-02
0.92924	1.46377e-02
0.93267	1.61721e-02
0.92983	1.89560e-02
0.93513	1.28449e-02
0.93161	1.83757e-02
0.93508	2.27526e-02
0.94071	2.45556e-02
0.94230	2.42376e-02
0.94037	2.30885e-02
0.93585	2.42771e-02
0.93705	1.18732e-02
0.93986	1.75052e-02
0.93390	2.54354e-02
0.93841	2.49086e-02
0.94306	1.91641e-02
0.93848	2.42646e-02
0.94468	9.15473e-03
0.94776	1.15841e-02
0.94963	1.12731e-02
0.94984	1.25374e-02
0.94928	1.25494e-02
0.94931	1.98282e-02
0.95284	2.01243e-02
0.95166	1.92924e-02
0.95166	1.92924e-02
0.95802	1.84749e-02
0.95822	1.87810e-02
0.95325	2.04371e-02
0.95547	2.26145e-02
0.95850	2.38333e-02
0.96405	1.79603e-02
0.96425	1.92273e-02
0.96609	2.02010e-02
0.96388	1.83103e-02
0.96277	1.93245e-02
0.96174	2.01063e-02
0.96313	1.92448e-02
0.96666	1.95768e-02
0.96874	2.05862e-02
0.96872	2.05662e-02
0.96871	2.05326e-02
0.96589	2.29519e-02
0.96871	1.61198e-02
0.96398	2.11159e-02
0.97176	1.48699e-02
0.96601	1.77378e-02
0.96620	1.76062e-02
0.96946	1.59680e-02
0.96963	1.60076e-02
0.96609	1.94376e-02
0.96295	1.84252e-02
0.96523	1.62940e-02
0.96545	1.65633e-02
0.96980	1.14259e-02
0.96983	1.14574e-02
0.96202	1.60162e-02
0.95995	1.68517e-02
0.96904	1.49268e-02
0.96904	1.49268e-02
0.96904	1.49268e-02
0.96904	1.49268e-02
0.96659	1.53695e-02
0.96796	1.61016e-02
0.97553	1.21233e-02
0.97585	1.23586e-02
0.96695	1.57463e-02
0.96198	2.10402e-02
0.96198	2.10402e-02
0.96198	2.10402e-02
0.96198	2.10402e-02
0.97014	1.41695e-02
0.97115	1.49228e-02
0.96648	1.25727e-02
0.98065	7.62228e-03
0.97745	1.33984e-02
0.97744	1.33862e-02
0.97449	1.42924e-02
0.97449	1.42924e-02
0.97451	1.43008e-02
0.97454	1.43308e-02
0.97454	1.43308e-02
0.98047	5.97001e-03
0.98047	5.96488e-03
0.98047	5.96488e-03
0.98047	5.96488e-03
0.97096	1.93681e-02
0.96369	2.01038e-02
0.96369	2.01038e-02
0.96369	2.01038e-02
0.96369	2.01038e-02
0.96369	2.01038e-02
0.96369	2.01038e-02
0.96369	2.01038e-02
0.97014	1.36802e-02
0.95646	0.00000e+00
0.95646	0.00000e+00
0.95646	0.00000e+00
0.95438	0.00000e+00
0.95438	0.00000e+00
0.95438	0.00000e+00
0.95438	0.00000e+00
0.95438	0.00000e+00
0.95438	0.00000e+00
0.95438	0.00000e+00
0.95438	0.00000e+00
0.95438	0.00000e+00
0.97646	0.00000e+00
0.95977	0.00000e+00
0.95977	0.00000e+00
0.95977	0.00000e+00
0.95977	0.00000e+00
0.95977	0.00000e+00
0.95977	0.00000e+00
0.95977	0.00000e+00
0.95977	0.00000e+00
0.95977	0.00000e+00
0.98156	0.00000e+00
0.96663	0.00000e+00
0.96663	0.00000e+00
0.96663	0.00000e+00
0.98984	0.00000e+00
0.98984	0.00000e+00
0.98984	0.00000e+00
0.98984	0.00000e+00
0.98984	0.00000e+00
0.98984	0.00000e+00
0.98984	0.00000e+00
0.98984	0.00000e+00
0.98984	0.00000e+00
0.97024	0.00000e+00
0.98999	0.00000e+00
0.98999	0.00000e+00
0.98973	0.00000e+00
0.98973	0.00000e+00
0.98973	0.00000e+00
0.98960	0.00000e+00
0.98960	0.00000e+00
0.98960	0.00000e+00
0.98960	0.00000e+00
0.98960	0.00000e+00
0.98960	0.00000e+00
0.98960	0.00000e+00
0.98956	0.00000e+00
