0.98871	2.38769e-03
0.97361	9.18639e-03
0.97399	1.12773e-02
0.96561	1.66721e-02
0.95898	1.60422e-02
0.95038	1.71754e-02
0.93492	1.85930e-02
0.94207	1.75684e-02
0.92186	1.16122e-02
0.92118	2.55557e-02
0.90856	1.43673e-02
0.89108	2.78422e-02
0.88459	2.48523e-02
0.87275	3.14716e-02
0.85885	2.20469e-02
0.85811	3.35543e-02
0.83881	3.53129e-02
0.83116	3.63511e-02
0.82725	3.93490e-02
0.80926	3.71664e-02
0.80132	4.52312e-02
0.79987	3.24034e-02
0.79059	3.26250e-02
0.77635	4.81734e-02
0.77278	5.15287e-02
0.75391	6.10402e-02
0.76351	5.04645e-02
0.76377	4.45815e-02
0.72965	8.88284e-02
0.73397	6.22536e-02
0.74619	7.61600e-02
0.72161	3.88053e-02
0.68135	6.53947e-02
0.69235	6.53653e-02
0.67752	7.62615e-02
0.65996	9.92578e-02
0.66725	8.02030e-02
0.66778	7.92720e-02
0.64320	9.88869e-02
0.65120	9.68415e-02
0.62637	9.38834e-02
0.60456	1.32495e-01
0.63413	8.10469e-02
0.60068	1.11237e-01
0.62221	1.32784e-01
0.59134	1.20504e-01
0.57459	1.25149e-01
0.57109	1.38008e-01
0.62343	8.34978e-02
0.61775	5.81944e-02
0.62728	6.48086e-02
0.61388	7.41506e-02
0.59722	5.22588e-02
0.59972	6.64287e-02
0.61367	6.01759e-02
0.60085	7.04226e-02
0.60489	8.01220e-02
0.60602	4.14756e-02
0.59298	6.25818e-02
0.57766	5.06047e-02
0.58968	3.47906e-02
0.60443	4.82420e-02
0.59424	4.57595e-02
0.54671	5.04951e-02
0.54803	3.62514e-02
0.54076	3.60821e-02
0.51697	3.30750e-02
0.53072	4.41806e-02
0.52470	8.15330e-02
0.52528	3.81524e-02
0.53679	7.55838e-02
0.56521	4.56579e-02
0.55930	7.16593e-02
0.56688	5.85698e-02
0.55382	3.96182e-02
0.55778	5.33135e-02
0.55864	5.39689e-02
0.53914	6.88883e-02
0.59231	5.30545e-02
0.56427	6.54714e-02
0.57669	4.45480e-02
0.55630	7.65321e-02
0.58130	4.72010e-02
0.51865	8.47909e-02
0.53738	7.67475e-02
0.54175	4.74561e-02
0.57511	6.17620e-02
0.56296	7.64094e-02
0.56853	7.92094e-02
0.53832	5.05116e-02
0.55273	3.74694e-02
0.51743	7.68658e-02
0.54738	4.61135e-02
0.53045	4.71931e-02
0.52361	4.01537e-02
0.53224	5.62177e-02
0.53482	5.90422e-02
0.54009	5.86783e-02
0.53237	5.29973e-02
0.57510	3.41010e-02
0.57075	2.76541e-02
0.56588	4.01513e-02
0.58635	4.89446e-02
0.58273	5.20950e-02
0.59167	4.62005e-02
0.61147	4.84406e-02
0.59680	7.08422e-02
0.61218	7.18552e-02
0.61470	7.54263e-02
0.63455	6.28108e-02
0.62633	6.58574e-02
0.65152	5.53775e-02
0.64293	4.95872e-02
0.63954	4.68401e-02
0.63730	4.84418e-02
0.63913	4.74424e-02
0.63913	4.74424e-02
0.64271	5.25645e-02
0.64271	5.25645e-02
0.64271	5.25645e-02
0.66521	5.58357e-02
0.66572	5.58415e-02
0.66234	5.53458e-02
0.67202	6.54269e-02
0.67237	6.55093e-02
0.66801	6.42793e-02
0.67017	5.62309e-02
0.67873	6.16434e-02
0.68688	6.50664e-02
0.69492	6.37524e-02
0.70042	5.54107e-02
0.70042	5.54107e-02
0.70007	5.62173e-02
0.71197	5.02717e-02
0.70603	5.23723e-02
0.70588	5.73209e-02
0.71305	5.14602e-02
0.71990	5.46339e-02
0.72040	6.38075e-02
0.73340	6.19634e-02
0.73855	6.71516e-02
0.74242	7.20081e-02
0.74523	7.35691e-02
0.73842	8.28426e-02
0.73717	8.84417e-02
0.73445	8.53161e-02
0.73281	8.33200e-02
0.73432	8.41498e-02
0.74090	8.17496e-02
0.76892	5.07944e-02
0.76271	4.72033e-02
0.76084	4.78412e-02
0.77632	4.20255e-02
0.77062	3.91824e-02
0.76720	4.24022e-02
0.78027	4.29055e-02
0.78600	4.01761e-02
0.79289	3.41177e-02
0.79289	3.41177e-02
0.79681	2.72298e-02
0.79904	3.20726e-02
0.80367	2.62145e-02
0.80092	3.28046e-02
0.79432	4.37994e-02
0.79863	4.76381e-02
0.80320	4.90946e-02
0.81554	3.70736e-02
0.81457	3.61141e-02
0.81014	4.49872e-02
0.79869	5.68004e-02
0.79564	5.42725e-02
0.83146	2.10715e-02
0.82302	3.06401e-02
0.82302	3.06401e-02
0.83856	1.95643e-02
0.84524	2.86485e-02
0.84462	2.94799e-02
0.83808	3.21471e-02
0.83400	3.40895e-02
0.83320	3.39841e-02
0.83320	3.39841e-02
0.83651	3.78497e-02
0.84440	3.24427e-02
0.83841	3.03541e-02
0.83658	2.80785e-02
0.83933	2.82724e-02
0.84341	4.02350e-02
0.84638	4.16028e-02
0.84179	4.03859e-02
0.84320	3.89077e-02
0.85134	3.20584e-02
0.85491	2.92709e-02
0.85914	2.94854e-02
0.85234	3.36597e-02
0.84894	3.11235e-02
0.85402	3.00381e-02
0.86117	3.27341e-02
0.86556	4.07747e-02
0.87795	4.45076e-02
0.87679	4.49343e-02
0.88064	4.09971e-02
0.88255	4.04828e-02
0.87310	3.38848e-02
0.88560	3.36299e-02
0.88826	4.10105e-02
0.89037	4.05863e-02
0.89008	4.05523e-02
0.88553	4.27062e-02
0.89312	3.86522e-02
0.88688	3.15654e-02
0.89477	2.51232e-02
0.90116	2.81319e-02
0.90333	2.95516e-02
0.90347	2.10282e-02
0.90318	2.79180e-02
0.90433	2.47708e-02
0.91092	1.98501e-02
0.91228	2.03625e-02
0.91136	2.01807e-02
0.90680	1.75827e-02
0.90108	2.57987e-02
0.89953	2.46979e-02
0.90266	2.86498e-02
0.90852	2.19372e-02
0.90636	2.27695e-02
0.91306	1.93591e-02
0.91069	2.01665e-02
0.91052	2.03879e-02
0.91384	2.47016e-02
0.91690	2.35515e-02
0.92810	2.46185e-02
0.92541	1.85804e-02
0.92322	2.01330e-02
0.92492	1.85922e-02
0.92411	1.56125e-02
0.92181	1.29146e-02
0.91990	1.33177e-02
0.92255	1.57414e-02
0.92088	1.75662e-02
0.92310	1.85703e-02
0.92302	2.12177e-02
0.91845	1.98201e-02
0.91845	1.98201e-02
0.91368	1.49502e-02
0.91584	2.51599e-02
0.91820	2.40698e-02
0.91890	2.49398e-02
0.92142	1.94625e-02
0.92359	2.02323e-02
0.93006	2.41715e-02
0.92571	2.28760e-02
0.92264	2.07048e-02
0.92137	2.14792e-02
0.92208	2.41871e-02
0.93036	1.90826e-02
0.92966	2.00329e-02
0.92959	2.00950e-02
0.93080	2.01667e-02
0.93049	2.38754e-02
0.93338	1.95954e-02
0.93065	2.16232e-02
0.93961	1.90625e-02
0.93483	1.32579e-02
0.93768	1.24254e-02
0.92697	1.34492e-02
0.93139	1.58984e-02
0.93178	1.77004e-02
0.93277	1.82875e-02
0.93053	1.81557e-02
0.93010	1.77409e-02
0.93010	1.77409e-02
0.93253	2.11492e-02
0.93253	2.11492e-02
0.93382	2.18068e-02
0.93862	2.04822e-02
0.93766	2.03299e-02
0.94179	1.94675e-02
0.94599	1.49485e-02
0.94430	1.25755e-02
0.93853	1.61989e-02
0.93772	1.55469e-02
0.93893	1.73377e-02
0.93942	1.53285e-02
0.93745	1.59675e-02
0.93709	1.61015e-02
0.93630	1.39769e-02
0.94197	1.48125e-02
0.94333	1.43381e-02
0.94786	8.99730e-03
0.94553	1.40869e-02
0.94561	1.41194e-02
0.94657	1.40103e-02
0.94734	1.10470e-02
0.94500	1.26948e-02
0.94540	1.60125e-02
0.94969	1.47549e-02
0.94492	1.49949e-02
0.94500	1.50360e-02
0.94336	1.62345e-02
0.94546	1.73147e-02
0.94686	1.87933e-02
0.94811	1.77593e-02
0.94475	1.67517e-02
0.94265	1.64178e-02
0.94569	1.69755e-02
0.94353	1.90149e-02
0.94314	2.08650e-02
0.94371	2.05346e-02
0.95099	2.10461e-02
0.95402	1.93526e-02
0.94604	1.94877e-02
0.94302	1.66114e-02
0.94977	1.75617e-02
0.95032	1.77683e-02
0.94649	2.04461e-02
0.94755	2.09447e-02
0.94517	2.13260e-02
0.94786	2.14067e-02
0.94316	1.96701e-02
0.94621	1.55941e-02
0.94850	1.65263e-02
0.94845	1.65398e-02
0.95136	1.58491e-02
0.95262	1.77380e-02
0.95639	1.57502e-02
0.95800	1.39029e-02
0.95808	1.93047e-02
0.95829	1.81741e-02
0.96009	1.92211e-02
0.96073	1.99815e-02
0.96073	1.99815e-02
0.96507	1.55634e-02
0.95973	2.31462e-02
0.95975	2.31466e-02
0.96122	2.48552e-02
0.96123	2.48552e-02
0.95801	2.39364e-02
0.95656	1.80249e-02
0.95511	1.60602e-02
0.95542	1.59790e-02
0.95950	1.60846e-02
0.95947	1.60833e-02
0.96065	1.64724e-02
0.96064	1.64702e-02
0.95612	1.35649e-02
0.96086	1.82284e-02
0.95944	1.93414e-02
0.96200	2.10586e-02
0.95807	1.77556e-02
0.96078	1.92392e-02
0.95828	1.90272e-02
0.95965	2.31107e-02
0.96018	2.41557e-02
0.95788	2.25451e-02
0.96004	2.33116e-02
0.96001	2.51739e-02
0.96293	2.69964e-02
0.96117	2.59926e-02
0.96229	2.32118e-02
0.96392	2.33844e-02
0.96392	2.33844e-02
0.96146	2.15772e-02
0.96666	1.41579e-02
0.96999	2.10360e-02
0.96999	2.10360e-02
0.96769	2.02114e-02
0.96528	2.25094e-02
0.95934	1.85636e-02
0.96632	1.57781e-02
0.96307	1.41352e-02
0.96307	1.41352e-02
0.96668	1.12401e-02
0.96594	1.10472e-02
0.96484	1.71901e-02
0.96484	1.71901e-02
0.96765	1.96026e-02
0.96450	1.94711e-02
0.96455	1.94302e-02
0.96504	1.90683e-02
0.96545	2.05185e-02
0.97104	1.44904e-02
0.96263	2.49531e-02
0.96927	1.57386e-02
0.96932	1.57179e-02
0.96472	1.18730e-02
0.96472	1.18730e-02
0.96476	1.19384e-02
0.96564	1.33228e-02
0.96638	1.28457e-02
0.96638	1.28457e-02
0.96189	1.81934e-02
0.96241	1.89222e-02
0.96241	1.89222e-02
0.97176	2.05860e-02
0.97176	2.05860e-02
0.97181	2.06243e-02
0.97395	2.17140e-02
0.98187	1.04729e-02
0.98225	1.05974e-02
0.98225	1.05974e-02
0.98234	1.06328e-02
0.98234	1.06328e-02
0.98237	1.06345e-02
0.98237	1.06345e-02
0.97949	1.52892e-02
0.97950	1.52912e-02
0.97842	1.75915e-02
0.97843	1.76034e-02
0.97843	1.76034e-02
0.97843	1.76034e-02
0.98658	6.09838e-03
0.98667	6.15337e-03
0.98418	6.17885e-03
0.98418	6.17885e-03
0.98418	6.17885e-03
0.98418	6.17885e-03
0.98418	6.17885e-03
0.98419	6.18666e-03
0.97541	1.49617e-02
0.96045	0.00000e+00
0.96045	0.00000e+00
0.96045	0.00000e+00
0.96045	0.00000e+00
0.98054	0.00000e+00
0.96403	0.00000e+00
0.96403	0.00000e+00
0.98482	0.00000e+00
0.98482	0.00000e+00
0.98482	0.00000e+00
0.98482	0.00000e+00
0.98482	0.00000e+00
0.96641	0.00000e+00
0.98645	0.00000e+00
0.98645	0.00000e+00
0.96774	0.00000e+00
0.96774	0.00000e+00
0.96774	0.00000e+00
0.96774	0.00000e+00
0.96774	0.00000e+00
0.96774	0.00000e+00
0.96774	0.00000e+00
0.96774	0.00000e+00
0.98792	0.00000e+00
0.98792	0.00000e+00
0.98792	0.00000e+00
0.98792	0.00000e+00
0.98792	0.00000e+00
0.98753	0.00000e+00
0.98753	0.00000e+00
0.98753	0.00000e+00
0.98753	0.00000e+00
0.98753	0.00000e+00
0.98753	0.00000e+00
0.98753	0.00000e+00
0.98733	0.00000e+00
