0.96113	8.11017e-03
0.94622	1.78424e-02
0.93403	2.01065e-02
0.91103	3.55268e-02
0.89970	4.61785e-02
0.87379	6.63350e-02
0.85899	4.81457e-02
0.82298	5.80910e-02
0.78364	8.31175e-02
0.76335	8.17117e-02
0.75873	9.99371e-02
0.69838	1.36054e-01
0.70420	1.36131e-01
0.72231	1.63017e-01
0.69095	1.71276e-01
0.70904	1.38071e-01
0.69432	1.82853e-01
0.69308	1.82019e-01
0.71383	1.60799e-01
0.71441	1.28443e-01
0.74041	8.71317e-02
0.73867	1.12227e-01
0.73136	9.27552e-02
0.72191	1.07174e-01
0.71015	1.12542e-01
0.72171	7.68843e-02
0.70090	8.30023e-02
0.71265	8.18950e-02
0.69430	8.99217e-02
0.67861	8.91797e-02
0.70223	9.05430e-02
0.71948	7.86335e-02
0.70211	8.85252e-02
0.73831	1.00183e-01
0.73984	9.28041e-02
0.72377	7.52247e-02
0.73701	6.25243e-02
0.69116	6.13199e-02
0.69668	6.30821e-02
0.68458	6.78199e-02
0.69728	5.73618e-02
0.68225	9.46565e-02
0.71111	5.56491e-02
0.70734	6.79525e-02
0.67138	4.47299e-02
0.68557	6.41434e-02
0.67868	5.52542e-02
0.67332	5.42779e-02
0.65871	6.36596e-02
0.68350	5.90745e-02
0.64001	4.20992e-02
0.65780	4.26881e-02
0.65578	4.66152e-02
0.63677	6.69979e-02
0.64026	6.87215e-02
0.62896	5.65487e-02
0.62197	4.90640e-02
0.63063	3.59439e-02
0.62716	6.54056e-02
0.58990	6.93507e-02
0.60810	4.23356e-02
0.58589	7.07319e-02
0.59219	6.62640e-02
0.59484	4.71372e-02
0.58935	3.83544e-02
0.55920	6.65248e-02
0.54987	6.09882e-02
0.55453	3.54164e-02
0.55494	3.08519e-02
0.53364	4.71550e-02
0.52735	5.95675e-02
0.54800	6.69273e-02
0.49735	5.87192e-02
0.50102	4.34144e-02
0.51247	6.52716e-02
0.49570	6.63720e-02
0.53097	7.31086e-02
0.50067	6.84525e-02
0.47765	5.65167e-02
0.45954	5.71638e-02
0.44931	5.46812e-02
0.47573	6.35947e-02
0.41385	7.68950e-02
0.44094	6.00582e-02
0.43424	7.64576e-02
0.41382	8.03971e-02
0.42294	4.99189e-02
0.41302	7.36174e-02
0.39375	5.85521e-02
0.39706	5.99655e-02
0.36171	7.93998e-02
0.36642	8.90265e-02
0.36527	4.28809e-02
0.38856	5.08099e-02
0.32228	8.21345e-02
0.33562	5.41979e-02
0.32352	7.91482e-02
0.30480	5.76336e-02
0.31247	6.59945e-02
0.33485	8.61311e-02
0.32047	8.88085e-02
0.34019	9.56086e-02
0.35915	1.12966e-01
0.35742	9.68555e-02
0.37158	1.05644e-01
0.33717	9.68823e-02
0.30049	8.02498e-02
0.29322	7.90889e-02
0.30251	8.44699e-02
0.30290	8.35152e-02
0.31271	8.46961e-02
0.30353	1.04968e-01
0.29095	1.00140e-01
0.34776	1.28531e-01
0.36346	1.02639e-01
0.34909	1.09076e-01
0.33122	1.11889e-01
0.33081	1.09577e-01
0.34743	9.92254e-02
0.33390	9.58491e-02
0.32887	9.12088e-02
0.34581	5.34585e-02
0.37223	6.83900e-02
0.39137	8.21244e-02
0.38837	8.31995e-02
0.37809	7.25421e-02
0.41652	7.67460e-02
0.41800	7.08671e-02
0.41547	6.77437e-02
0.42303	7.94137e-02
0.42788	8.00580e-02
0.42788	8.00580e-02
0.41215	9.02886e-02
0.41628	9.32472e-02
0.41803	9.24639e-02
0.42894	9.02179e-02
0.43409	9.69228e-02
0.41790	7.96947e-02
0.43758	9.54767e-02
0.42857	9.88844e-02
0.42857	9.88844e-02
0.40729	9.83912e-02
0.42105	9.04093e-02
0.43109	6.65451e-02
0.44313	7.59703e-02
0.44994	7.44186e-02
0.48046	6.26331e-02
0.46172	7.80098e-02
0.45814	7.39367e-02
0.45638	7.56130e-02
0.45475	5.96700e-02
0.47207	4.00550e-02
0.48871	4.65438e-02
0.49139	6.54540e-02
0.49939	6.36979e-02
0.48602	6.66054e-02
0.49766	6.89628e-02
0.48754	7.16589e-02
0.50344	7.23255e-02
0.51216	4.76419e-02
0.51555	4.95525e-02
0.51278	6.53518e-02
0.51926	7.51759e-02
0.51926	7.51759e-02
0.51787	6.86272e-02
0.51083	6.27497e-02
0.53416	7.19571e-02
0.54951	7.31004e-02
0.53245	7.35758e-02
0.53621	8.98672e-02
0.53214	8.32299e-02
0.53150	9.05604e-02
0.55614	8.85289e-02
0.54051	9.29077e-02
0.54360	9.59917e-02
0.53118	9.46822e-02
0.53844	8.99977e-02
0.55773	6.31552e-02
0.57993	6.02504e-02
0.57040	6.41001e-02
0.56517	6.74383e-02
0.55702	6.02216e-02
0.55457	8.65984e-02
0.55684	8.36564e-02
0.58656	5.49511e-02
0.59535	5.17402e-02
0.59884	5.07216e-02
0.60601	4.83243e-02
0.60667	5.27021e-02
0.59749	5.54324e-02
0.58428	5.76694e-02
0.59938	6.35490e-02
0.58575	7.56396e-02
0.58575	7.56396e-02
0.58342	7.10811e-02
0.57989	6.70748e-02
0.57882	6.93523e-02
0.58359	7.07808e-02
0.60031	7.18122e-02
0.60127	6.54635e-02
0.59922	6.37670e-02
0.60863	7.66679e-02
0.60617	8.28613e-02
0.59871	6.62444e-02
0.60170	6.77468e-02
0.61050	5.46802e-02
0.61050	5.46802e-02
0.61388	5.84555e-02
0.61388	5.84555e-02
0.62738	5.91604e-02
0.61220	8.42863e-02
0.62112	8.39044e-02
0.62951	5.48084e-02
0.62786	6.36736e-02
0.62472	5.90079e-02
0.62472	5.90079e-02
0.63592	6.40503e-02
0.62699	6.46143e-02
0.62613	5.80133e-02
0.63859	7.10091e-02
0.64401	7.05368e-02
0.64293	7.04449e-02
0.65760	6.17986e-02
0.66814	5.20109e-02
0.67145	5.79173e-02
0.67839	5.91153e-02
0.67357	5.60717e-02
0.67617	5.59949e-02
0.67679	5.76097e-02
0.69397	7.08683e-02
0.69825	7.58267e-02
0.69501	6.58625e-02
0.70179	7.13027e-02
0.69644	6.58813e-02
0.69468	8.43610e-02
0.69370	7.92343e-02
0.69139	7.83875e-02
0.69490	6.82242e-02
0.69898	6.83672e-02
0.69904	6.69000e-02
0.69244	7.13807e-02
0.68987	7.75210e-02
0.69585	6.96704e-02
0.69855	6.51854e-02
0.70536	6.47837e-02
0.71276	7.72162e-02
0.71260	8.06743e-02
0.71260	8.06743e-02
0.71266	8.06794e-02
0.71232	8.02904e-02
0.71288	7.29158e-02
0.70699	6.95412e-02
0.72272	5.83242e-02
0.72272	5.83242e-02
0.72916	6.12895e-02
0.72738	6.19921e-02
0.73259	7.07970e-02
0.73491	6.91999e-02
0.72878	7.27096e-02
0.73814	7.17670e-02
0.73762	6.31799e-02
0.73037	5.12770e-02
0.73156	5.30535e-02
0.73493	5.47916e-02
0.74647	6.58662e-02
0.74889	6.69967e-02
0.74986	6.79824e-02
0.74876	5.36083e-02
0.75063	5.77584e-02
0.74801	5.39611e-02
0.75220	5.41824e-02
0.73459	6.24210e-02
0.74143	6.04234e-02
0.74841	6.83646e-02
0.74839	6.72757e-02
0.74597	6.84841e-02
0.74666	6.55515e-02
0.76235	6.05413e-02
0.76673	5.63112e-02
0.77371	5.09959e-02
0.77699	5.18021e-02
0.77252	5.15161e-02
0.76860	5.40756e-02
0.76071	6.03822e-02
0.77702	5.84945e-02
0.78323	5.71510e-02
0.78323	5.71510e-02
0.78129	5.61620e-02
0.78074	5.58681e-02
0.78080	5.71683e-02
0.78113	5.64936e-02
0.78611	6.41197e-02
0.77927	6.34976e-02
0.78021	6.37441e-02
0.77264	4.67462e-02
0.77013	4.63703e-02
0.76392	5.09542e-02
0.77158	4.62808e-02
0.77693	4.70966e-02
0.77838	4.93085e-02
0.78389	4.93699e-02
0.78415	5.00291e-02
0.79093	5.17722e-02
0.78492	6.21875e-02
0.78464	6.56858e-02
0.79223	5.77817e-02
0.79813	5.92279e-02
0.80150	6.02754e-02
0.80150	6.02754e-02
0.80356	6.26908e-02
0.80675	6.50568e-02
0.80675	6.50568e-02
0.81739	6.71507e-02
0.81405	6.47031e-02
0.81262	6.68888e-02
0.81572	7.31247e-02
0.81572	7.31247e-02
0.81572	7.31247e-02
0.81927	7.69418e-02
0.81639	7.33586e-02
0.81899	7.22209e-02
0.81899	7.22209e-02
0.82688	7.53979e-02
0.82888	7.38364e-02
0.83394	7.35400e-02
0.83507	7.25179e-02
0.83651	7.35810e-02
0.83307	7.02770e-02
0.83769	7.05967e-02
0.84514	7.19236e-02
0.84890	6.93616e-02
0.84342	8.21745e-02
0.84362	8.18973e-02
0.85167	7.46549e-02
0.84486	7.96699e-02
0.85032	6.65369e-02
0.86262	6.43845e-02
0.86757	6.86144e-02
0.86472	7.08603e-02
0.86628	7.14191e-02
0.86777	7.73860e-02
0.86777	7.73860e-02
0.87081	7.51087e-02
0.87814	7.28019e-02
0.88551	6.99740e-02
0.87604	8.47175e-02
0.87502	8.40392e-02
0.86974	8.27107e-02
0.86907	8.24768e-02
0.86890	8.29825e-02
0.86273	8.44680e-02
0.86068	8.53027e-02
0.86709	9.03704e-02
0.86990	8.51936e-02
0.87177	8.48287e-02
0.85711	8.02608e-02
0.86084	7.91141e-02
0.87739	4.52880e-02
0.88708	5.40935e-02
0.88441	5.56547e-02
0.89312	5.13265e-02
0.89039	5.67430e-02
0.89129	5.63800e-02
0.89347	5.68760e-02
0.89581	6.78535e-02
0.88699	6.81095e-02
0.89036	7.05338e-02
0.89157	7.14874e-02
0.89717	7.07859e-02
0.90272	7.12205e-02
0.88262	7.53049e-02
0.87515	7.35282e-02
0.87931	7.37482e-02
0.87931	7.37482e-02
0.88479	7.64527e-02
0.89858	5.23712e-02
0.89858	5.23712e-02
0.89303	5.11483e-02
0.89303	5.11483e-02
0.89587	5.29076e-02
0.89857	5.30239e-02
0.90119	4.89306e-02
0.90119	4.89306e-02
0.90162	4.82735e-02
0.91498	4.75436e-02
0.91535	4.79643e-02
0.90174	4.41557e-02
0.90237	4.46887e-02
0.90237	4.46887e-02
0.89944	4.23743e-02
0.89944	4.23747e-02
0.89944	4.23747e-02
0.89944	4.23747e-02
0.89848	4.16214e-02
0.91384	5.41028e-02
0.91511	5.52521e-02
0.89851	5.39803e-02
0.90861	4.27867e-02
0.90861	4.27867e-02
0.90861	4.27867e-02
0.91276	4.34485e-02
0.91124	4.54720e-02
0.91308	4.62480e-02
0.89395	4.36029e-02
0.89686	4.65107e-02
0.90701	5.66585e-02
0.90701	5.66585e-02
0.90701	5.66585e-02
0.92884	3.48232e-02
0.92884	3.48232e-02
0.92884	3.48232e-02
0.92903	3.50110e-02
0.89402	0.00000e+00
0.89402	0.00000e+00
0.89402	0.00000e+00
0.85965	0.00000e+00
0.87200	0.00000e+00
0.87200	0.00000e+00
0.87200	0.00000e+00
0.87200	0.00000e+00
0.87200	0.00000e+00
0.86071	0.00000e+00
0.86071	0.00000e+00
0.86071	0.00000e+00
0.86071	0.00000e+00
0.86071	0.00000e+00
0.90433	0.00000e+00
0.90433	0.00000e+00
0.90433	0.00000e+00
0.90433	0.00000e+00
0.90433	0.00000e+00
0.90433	0.00000e+00
0.88942	0.00000e+00
0.88942	0.00000e+00
0.91683	0.00000e+00
0.91683	0.00000e+00
0.91058	0.00000e+00
0.91058	0.00000e+00
0.91058	0.00000e+00
0.91058	0.00000e+00
0.91058	0.00000e+00
0.91058	0.00000e+00
0.91058	0.00000e+00
0.91058	0.00000e+00
0.93170	0.00000e+00
0.93170	0.00000e+00
0.95139	0.00000e+00
0.95173	0.00000e+00
0.95173	0.00000e+00
0.95173	0.00000e+00
0.95173	0.00000e+00
0.95607	0.00000e+00
