0.30674	1.11723e-01
0.22125	1.28662e-01
0.22578	1.09738e-01
0.21592	1.17453e-01
0.20813	1.11183e-01
0.18669	1.13257e-01
0.17631	9.72553e-02
0.20118	5.67173e-02
0.17475	5.44527e-02
0.19611	6.99262e-02
0.18597	8.71324e-02
0.19991	1.16437e-01
0.21716	5.59143e-02
0.18335	7.75705e-02
0.21771	1.25360e-01
0.20557	9.41799e-02
0.13310	6.08851e-02
0.15024	7.08576e-02
0.20932	8.71264e-02
0.15020	1.07211e-01
0.16077	4.40900e-02
0.16542	7.63050e-02
0.16464	9.26282e-02
0.14863	4.53823e-02
0.18441	6.91345e-02
0.18798	6.41504e-02
0.18348	9.43983e-02
0.19786	1.02049e-01
0.14959	8.06213e-02
0.19202	7.45757e-02
0.15331	6.63992e-02
0.16669	6.49860e-02
0.08353	3.95923e-02
0.14676	8.47516e-02
0.12409	3.95056e-02
0.14470	5.16470e-02
0.15437	5.72928e-02
0.11544	6.79501e-02
0.14611	7.42539e-02
0.10589	4.50504e-02
0.16740	9.15051e-02
0.10692	6.00198e-02
0.09795	6.66751e-02
0.12157	5.56418e-02
0.14428	5.33961e-02
0.13453	5.41453e-02
0.11336	4.88099e-02
0.13392	8.84736e-02
0.10423	4.97073e-02
0.11900	5.99611e-02
0.10091	5.39317e-02
0.12644	2.58703e-02
0.13063	6.81607e-02
0.12702	6.91426e-02
0.13012	8.77065e-02
0.13864	9.97412e-02
0.11066	8.81877e-02
0.13295	8.15211e-02
0.16294	7.67211e-02
0.14643	5.80075e-02
0.17068	3.95948e-02
0.15085	6.14326e-02
0.15238	7.45840e-02
0.13164	4.94671e-02
0.14741	5.40272e-02
0.16755	5.78063e-02
0.14449	7.81591e-02
0.13238	7.70194e-02
0.08517	4.63790e-02
0.11570	3.59535e-02
0.11861	5.27935e-02
0.14622	9.76736e-02
0.13140	5.64013e-02
0.15171	9.03327e-02
0.12805	4.52798e-02
0.15481	5.50822e-02
0.11778	6.44599e-02
0.12744	5.84597e-02
0.08342	2.53794e-02
0.12166	5.39838e-02
0.13135	4.79506e-02
0.12004	5.67282e-02
0.10999	5.08213e-02
0.15383	5.94326e-02
0.14333	4.94362e-02
0.15162	4.77671e-02
0.12812	5.60050e-02
0.14180	6.93750e-02
0.16440	7.77207e-02
0.15771	9.08251e-02
0.10507	6.82878e-02
0.15214	5.28541e-02
0.15446	5.47889e-02
0.10768	4.97443e-02
0.14993	7.16635e-02
0.16119	5.95463e-02
0.15755	7.78409e-02
0.12636	8.60080e-02
0.15697	6.29833e-02
0.17938	7.60853e-02
0.17938	7.60853e-02
0.15300	7.49338e-02
0.11651	7.95225e-02
0.09615	3.76776e-02
0.10850	4.43841e-02
0.10718	4.58111e-02
0.10696	4.07816e-02
0.09908	6.04458e-02
0.11124	8.17544e-02
0.11667	8.02282e-02
0.11667	8.02282e-02
0.11864	7.98193e-02
0.15686	7.56240e-02
0.13270	7.23040e-02
0.16413	7.35979e-02
0.18019	6.56334e-02
0.17403	6.38059e-02
0.13320	6.35992e-02
0.14055	7.33466e-02
0.14677	7.08094e-02
0.15256	9.02178e-02
0.15408	8.63603e-02
0.11961	7.08894e-02
0.14139	9.78730e-02
0.18995	8.51547e-02
0.17131	9.70698e-02
0.17154	8.75249e-02
0.15148	6.74209e-02
0.16109	6.92897e-02
0.15235	7.85419e-02
0.17174	8.09436e-02
0.15894	7.84916e-02
0.13416	8.36448e-02
0.09998	5.11490e-02
0.13806	9.69465e-02
0.15739	8.57728e-02
0.16413	8.99468e-02
0.18709	1.04617e-01
0.17224	1.05048e-01
0.15668	8.50042e-02
0.16728	8.46742e-02
0.19137	8.10098e-02
0.21341	9.00089e-02
0.21341	9.00089e-02
0.19228	9.78097e-02
0.19982	9.67163e-02
0.18347	1.01199e-01
0.16445	1.12134e-01
0.13686	8.22767e-02
0.13133	9.02860e-02
0.14895	8.85566e-02
0.15818	7.82063e-02
0.15903	8.24516e-02
0.17698	7.91716e-02
0.18261	8.62873e-02
0.19027	1.24716e-01
0.19469	1.23456e-01
0.22124	1.22396e-01
0.19942	9.01128e-02
0.17154	8.41049e-02
0.19837	6.00225e-02
0.18231	6.83237e-02
0.17734	6.04642e-02
0.16267	5.56513e-02
0.16267	5.56513e-02
0.16403	5.37402e-02
0.15979	5.61117e-02
0.18109	6.27141e-02
0.16166	5.51282e-02
0.15932	5.60238e-02
0.16372	8.01836e-02
0.15634	7.48037e-02
0.15854	5.01164e-02
0.14451	4.13033e-02
0.16619	7.37477e-02
0.14660	5.13915e-02
0.14409	6.69685e-02
0.16535	8.11795e-02
0.15787	8.17715e-02
0.17389	7.94038e-02
0.15396	9.33862e-02
0.14353	8.02646e-02
0.13401	8.00059e-02
0.13401	8.00059e-02
0.13439	8.02303e-02
0.15629	9.10585e-02
0.14392	9.70253e-02
0.14392	9.70253e-02
0.16246	8.69384e-02
0.17799	8.70748e-02
0.22516	1.21355e-01
0.20310	1.00478e-01
0.20479	1.03603e-01
0.16800	8.45280e-02
0.15297	7.74097e-02
0.16258	9.58627e-02
0.18706	1.16058e-01
0.21190	1.04771e-01
0.19566	1.15136e-01
0.18501	1.25364e-01
0.19426	1.19240e-01
0.21590	1.13685e-01
0.25675	1.22335e-01
0.22934	1.19052e-01
0.22934	1.19052e-01
0.22934	1.19052e-01
0.25174	1.13927e-01
0.25514	1.10751e-01
0.22465	1.23753e-01
0.16138	5.82216e-02
0.15713	6.19787e-02
0.17868	7.28623e-02
0.17468	7.60468e-02
0.18431	9.39539e-02
0.16355	7.15342e-02
0.16355	7.15342e-02
0.16830	9.70236e-02
0.14806	8.38324e-02
0.15914	6.43569e-02
0.18444	6.72436e-02
0.16074	8.55599e-02
0.15054	7.56166e-02
0.12498	5.77223e-02
0.13413	7.94031e-02
0.13786	6.19365e-02
0.14680	7.31523e-02
0.13171	6.34986e-02
0.16015	7.87720e-02
0.18573	8.77558e-02
0.20501	1.20512e-01
0.22621	1.30178e-01
0.22894	9.29227e-02
0.24513	1.03322e-01
0.21837	1.21254e-01
0.21837	1.21254e-01
0.26146	1.21522e-01
0.25785	1.22144e-01
0.27865	9.90430e-02
0.27940	1.00107e-01
0.26204	9.41141e-02
0.27927	1.02462e-01
0.28714	1.18041e-01
0.27455	1.37487e-01
0.23410	1.34017e-01
0.21895	1.16255e-01
0.21650	9.25136e-02
0.19753	9.52046e-02
0.22567	1.09181e-01
0.22734	1.08994e-01
0.23595	1.08028e-01
0.28019	1.14614e-01
0.28360	9.76114e-02
0.26880	8.66400e-02
0.27864	1.02916e-01
0.28795	1.14031e-01
0.27856	1.16813e-01
0.25324	9.87154e-02
0.23942	1.06175e-01
0.28262	8.55780e-02
0.30339	7.17966e-02
0.27754	6.92056e-02
0.30032	7.67841e-02
0.28824	1.09639e-01
0.23175	1.11580e-01
0.25534	1.05996e-01
0.23366	1.12170e-01
0.19249	9.19943e-02
0.20869	7.33889e-02
0.21391	9.54265e-02
0.24245	9.60207e-02
0.27798	8.36574e-02
0.23242	1.14746e-01
0.23242	1.14746e-01
0.23242	1.14746e-01
0.24225	1.15992e-01
0.28274	1.09595e-01
0.28586	1.08331e-01
0.28096	1.00385e-01
0.23988	1.22075e-01
0.24533	1.24648e-01
0.24221	1.34335e-01
0.23495	1.30087e-01
0.24603	9.01515e-02
0.26249	1.18923e-01
0.26411	1.18932e-01
0.28041	1.07229e-01
0.29029	1.25209e-01
0.26116	1.21433e-01
0.26991	1.14836e-01
0.28068	1.18653e-01
0.29238	9.63737e-02
0.29144	9.61966e-02
0.26983	9.63842e-02
0.26914	1.22124e-01
0.26914	1.22124e-01
0.25776	1.24983e-01
0.24705	1.19863e-01
0.25904	1.27518e-01
0.25895	1.10076e-01
0.25781	1.33867e-01
0.24929	1.32711e-01
0.24681	1.29052e-01
0.25889	1.22407e-01
0.27508	1.46920e-01
0.24566	1.30402e-01
0.20975	1.13949e-01
0.20475	1.04935e-01
0.18974	1.10456e-01
0.19899	1.07985e-01
0.24968	1.67615e-01
0.30721	1.38764e-01
0.31088	1.36834e-01
0.30501	1.35942e-01
0.24969	1.12016e-01
0.23403	9.55519e-02
0.25037	1.16882e-01
0.23379	7.77059e-02
0.25154	1.01102e-01
0.25396	1.06791e-01
0.23998	9.93247e-02
0.26031	9.06419e-02
0.24421	9.15669e-02
0.24740	9.18318e-02
0.23390	1.08323e-01
0.25019	1.09727e-01
0.21112	1.09703e-01
0.18829	8.66240e-02
0.19626	9.85248e-02
0.20740	1.08829e-01
0.20740	1.08829e-01
0.19510	9.54974e-02
0.20654	1.00704e-01
0.21897	1.00048e-01
0.21696	1.05613e-01
0.22766	9.73221e-02
0.26362	8.75959e-02
0.26362	8.75959e-02
0.30198	1.00001e-01
0.30198	1.00001e-01
0.25588	1.16741e-01
0.25456	1.16270e-01
0.25456	1.16270e-01
0.29961	9.01142e-02
0.34841	6.96088e-02
0.34510	6.78078e-02
0.33689	7.70657e-02
0.32764	7.80165e-02
0.31357	1.14508e-01
0.24539	1.34788e-01
0.24275	1.27274e-01
0.21526	1.18942e-01
0.19533	8.99475e-02
0.18305	8.07022e-02
0.17654	8.08218e-02
0.17611	8.05776e-02
0.19365	9.67399e-02
0.25946	1.54925e-01
0.28481	1.42933e-01
0.29313	1.46865e-01
0.34458	1.39898e-01
0.38407	7.77953e-02
0.32813	9.59566e-02
0.32813	9.59566e-02
0.34975	8.84258e-02
0.33192	9.05230e-02
0.33192	9.05230e-02
0.33311	9.04455e-02
0.33311	9.04455e-02
0.30022	8.49351e-02
0.26774	9.43220e-02
0.28460	1.30177e-01
0.28007	1.33910e-01
0.24135	1.12648e-01
0.24135	1.12648e-01
0.20192	5.51730e-02
0.18690	5.89971e-02
0.19334	8.50685e-02
0.24882	1.19869e-01
0.24845	1.20798e-01
0.26533	1.18974e-01
0.23158	6.56939e-02
0.23158	6.56939e-02
0.24498	6.75082e-02
0.27875	1.16984e-01
0.27598	1.26145e-01
0.27598	1.26145e-01
0.27724	1.25450e-01
0.29629	1.52733e-01
0.30021	1.50699e-01
0.22174	1.05526e-01
0.26255	1.36284e-01
0.25123	1.20897e-01
0.24181	1.20244e-01
0.24269	1.20148e-01
0.20082	7.32363e-02
0.20593	8.08582e-02
0.24486	9.62445e-02
0.24486	9.62445e-02
0.26399	1.02932e-01
0.30014	1.02900e-01
0.26136	1.27467e-01
0.25293	9.08227e-02
0.19630	2.93229e-02
0.15033	6.21772e-02
0.15033	6.21772e-02
0.29183	1.05669e-01
0.26999	7.10494e-02
0.32889	7.05986e-02
0.31410	7.59650e-02
0.31410	7.59650e-02
0.31410	7.59650e-02
0.24156	1.02182e-01
0.28847	5.21610e-02
0.30505	4.47047e-02
0.34727	3.42724e-02
0.34727	3.42724e-02
0.34727	3.42724e-02
0.34727	3.42724e-02
0.34727	3.42724e-02
0.38271	1.80701e-02
0.38271	1.80701e-02
0.38271	1.80701e-02
0.30796	1.09295e-01
0.30796	1.09295e-01
0.29811	1.01017e-01
0.29811	1.01017e-01
0.24521	9.49709e-02
0.29098	9.69115e-02
0.29098	9.69115e-02
0.35120	1.80764e-02
0.31905	5.79755e-02
0.32860	4.50437e-02
0.32860	4.50437e-02
0.32860	4.50437e-02
0.28393	4.15772e-02
0.28393	4.15772e-02
0.28393	4.15772e-02
0.26180	1.08840e-01
0.26180	1.08840e-01
0.17923	6.34686e-02
0.26877	1.02042e-01
0.26877	1.02042e-01
0.19972	5.15732e-02
0.20618	6.21651e-02
0.28465	1.61699e-02
0.28465	1.61699e-02
0.28465	1.61699e-02
0.30704	6.21351e-03
0.30704	6.21351e-03
0.30704	6.21351e-03
0.30704	6.21351e-03
0.26306	3.77605e-02
0.30122	4.00187e-04
0.30082	0.00000e+00
0.30082	0.00000e+00
0.30082	0.00000e+00
0.30082	0.00000e+00
0.30082	0.00000e+00
0.30082	0.00000e+00
0.30082	0.00000e+00
0.17393	0.00000e+00
0.22797	0.00000e+00
0.22797	0.00000e+00
0.22797	0.00000e+00
0.22797	0.00000e+00
0.22797	0.00000e+00
0.22797	0.00000e+00
0.24970	0.00000e+00
0.24970	0.00000e+00
0.24970	0.00000e+00
0.24970	0.00000e+00
0.24970	0.00000e+00
0.37397	0.00000e+00
0.10230	0.00000e+00
0.10230	0.00000e+00
0.10230	0.00000e+00
0.34368	0.00000e+00
0.12104	0.00000e+00
0.12104	0.00000e+00
0.12104	0.00000e+00
0.12104	0.00000e+00
0.12104	0.00000e+00
0.12104	0.00000e+00
0.12104	0.00000e+00
0.32565	0.00000e+00
