0.59438	2.41794e-01
0.79886	1.05231e-01
0.82449	6.36692e-02
0.79056	6.14887e-02
0.77134	7.28564e-02
0.73790	1.21971e-01
0.71796	1.36502e-01
0.72306	7.02725e-02
0.69216	9.83959e-02
0.62130	1.78046e-01
0.63052	1.07094e-01
0.61895	1.11519e-01
0.58247	1.87362e-01
0.58362	1.24632e-01
0.62869	6.81627e-02
0.59950	9.54886e-02
0.51910	1.60728e-01
0.48915	1.60325e-01
0.54250	1.09417e-01
0.55961	8.80736e-02
0.47764	1.46972e-01
0.46045	1.72788e-01
0.51706	8.70597e-02
0.45815	1.18345e-01
0.45423	1.40439e-01
0.43538	9.74035e-02
0.40121	1.19548e-01
0.43192	8.48081e-02
0.36968	1.44165e-01
0.33657	1.40012e-01
0.33837	1.26493e-01
0.41171	9.78413e-02
0.35286	1.04490e-01
0.27839	9.98758e-02
0.32649	1.02612e-01
0.26794	1.13641e-01
0.28904	1.09282e-01
0.31587	1.49720e-01
0.28154	1.06618e-01
0.24194	1.25733e-01
0.27211	1.07132e-01
0.29018	1.25631e-01
0.22081	1.01633e-01
0.22774	1.41810e-01
0.27889	1.26408e-01
0.23420	1.22275e-01
0.27851	1.17589e-01
0.24572	1.61830e-01
0.29651	1.33871e-01
0.27339	7.57997e-02
0.21325	1.01076e-01
0.25243	7.17382e-02
0.26590	7.79274e-02
0.20153	9.61480e-02
0.23703	1.04686e-01
0.29534	9.86580e-02
0.27196	9.25576e-02
0.20953	8.61224e-02
0.23731	7.65651e-02
0.26134	9.88110e-02
0.22922	1.06830e-01
0.27183	6.25674e-02
0.22415	8.10489e-02
0.23343	1.10099e-01
0.23000	9.38611e-02
0.21236	7.58972e-02
0.24410	9.11343e-02
0.17138	9.52596e-02
0.16380	1.02787e-01
0.15461	9.38923e-02
0.25036	4.54041e-02
0.19454	8.21547e-02
0.21804	7.04972e-02
0.20045	9.17087e-02
0.19942	9.78015e-02
0.19782	8.34286e-02
0.21347	5.74323e-02
0.25376	1.04585e-01
0.16583	8.02845e-02
0.16779	9.81257e-02
0.20835	8.32732e-02
0.17644	1.17338e-01
0.24393	6.83570e-02
0.28031	1.06646e-01
0.21036	8.16513e-02
0.18104	6.77116e-02
0.18302	1.06969e-01
0.21371	9.11510e-02
0.18634	1.01778e-01
0.18113	1.11719e-01
0.17365	1.07711e-01
0.29355	1.15759e-01
0.24846	1.49726e-01
0.25893	1.15692e-01
0.21398	1.23133e-01
0.22553	9.75367e-02
0.24444	1.07565e-01
0.24218	1.25961e-01
0.24697	9.70693e-02
0.23263	9.87614e-02
0.23713	9.58530e-02
0.22605	1.31621e-01
0.26492	1.08428e-01
0.28316	1.06223e-01
0.29080	1.22434e-01
0.27058	1.14596e-01
0.29442	1.07148e-01
0.30777	1.05321e-01
0.26967	1.30703e-01
0.27228	1.28598e-01
0.28325	1.10853e-01
0.28325	1.10853e-01
0.28600	1.12421e-01
0.28687	1.19981e-01
0.30337	1.25687e-01
0.29521	1.30514e-01
0.29276	1.35075e-01
0.25874	1.52017e-01
0.26081	1.39168e-01
0.25662	1.38767e-01
0.26191	1.30033e-01
0.29127	1.27923e-01
0.30845	1.50347e-01
0.28723	1.56548e-01
0.28011	1.55818e-01
0.31242	1.32219e-01
0.32339	1.19360e-01
0.29176	1.12827e-01
0.29729	1.22882e-01
0.31114	1.22160e-01
0.31528	1.14647e-01
0.33699	1.08526e-01
0.31540	1.07739e-01
0.33278	1.05297e-01
0.34062	1.64021e-01
0.36151	1.56153e-01
0.36871	8.45721e-02
0.37520	1.03202e-01
0.38210	9.60712e-02
0.38500	9.51180e-02
0.37707	1.16329e-01
0.38929	1.23860e-01
0.37079	1.29493e-01
0.35279	1.17041e-01
0.35012	1.03561e-01
0.37023	1.18549e-01
0.37293	1.16317e-01
0.36804	1.09991e-01
0.38997	8.44351e-02
0.39315	7.24991e-02
0.37564	8.74739e-02
0.38082	8.09018e-02
0.39665	1.02473e-01
0.39665	1.02473e-01
0.39344	1.05282e-01
0.40691	9.29029e-02
0.41491	1.00896e-01
0.43206	1.13473e-01
0.44408	1.24343e-01
0.46697	1.16204e-01
0.45850	1.26686e-01
0.43615	1.28290e-01
0.42638	1.19089e-01
0.45579	1.23280e-01
0.45579	1.23280e-01
0.44984	1.25932e-01
0.47561	1.19442e-01
0.46052	1.19931e-01
0.46221	1.19965e-01
0.46478	1.22374e-01
0.49794	1.37861e-01
0.52203	1.27403e-01
0.51679	1.25836e-01
0.52487	1.25124e-01
0.53793	1.26071e-01
0.50884	1.24184e-01
0.48724	1.18222e-01
0.50150	1.22435e-01
0.51746	1.29095e-01
0.50835	1.20321e-01
0.51759	1.29233e-01
0.52050	1.32047e-01
0.52050	1.32047e-01
0.52135	1.26928e-01
0.53953	1.15339e-01
0.51995	1.07941e-01
0.52027	1.08203e-01
0.51986	1.08690e-01
0.51101	1.08060e-01
0.49554	1.30818e-01
0.51316	1.46877e-01
0.49048	1.40431e-01
0.51751	1.45449e-01
0.52991	1.08451e-01
0.52645	1.19180e-01
0.53793	9.94397e-02
0.54972	8.11950e-02
0.54818	8.65144e-02
0.56126	8.53896e-02
0.55146	9.56486e-02
0.55756	1.00930e-01
0.56173	1.02265e-01
0.57246	1.03152e-01
0.57246	1.03152e-01
0.55161	1.06921e-01
0.55930	1.11658e-01
0.56459	1.11842e-01
0.56994	1.10718e-01
0.57356	1.04205e-01
0.56163	1.37637e-01
0.56224	1.32818e-01
0.56742	1.34477e-01
0.56742	1.34477e-01
0.57368	1.33048e-01
0.57499	1.33580e-01
0.58602	1.42357e-01
0.57017	1.37060e-01
0.56576	1.37909e-01
0.56760	1.36482e-01
0.57761	1.44474e-01
0.60146	1.11193e-01
0.59804	1.02867e-01
0.58979	1.00637e-01
0.59635	1.08621e-01
0.58633	1.24270e-01
0.59097	1.25322e-01
0.60629	1.33484e-01
0.61041	1.34981e-01
0.62862	1.00194e-01
0.62497	1.10721e-01
0.62011	1.11402e-01
0.60296	1.12813e-01
0.61000	1.21364e-01
0.62304	1.05325e-01
0.62434	1.03638e-01
0.60474	1.22520e-01
0.60113	1.26061e-01
0.61185	1.33429e-01
0.62556	1.13318e-01
0.62239	1.01614e-01
0.62761	1.01180e-01
0.62855	9.27596e-02
0.63259	9.51560e-02
0.64327	1.05370e-01
0.65121	1.05061e-01
0.65121	1.05061e-01
0.64822	1.05793e-01
0.65072	1.06421e-01
0.65072	1.06421e-01
0.64842	1.03512e-01
0.65916	1.07211e-01
0.66251	1.07610e-01
0.65270	1.09891e-01
0.67222	7.81183e-02
0.66749	1.02602e-01
0.66515	9.83567e-02
0.66214	8.50406e-02
0.66181	8.46753e-02
0.66250	8.45634e-02
0.66123	9.46124e-02
0.65684	9.51804e-02
0.65981	9.93857e-02
0.64397	9.82259e-02
0.63980	1.03663e-01
0.64517	9.91086e-02
0.64517	9.91086e-02
0.64517	9.91086e-02
0.68102	8.74572e-02
0.68396	8.71413e-02
0.67697	8.97316e-02
0.68162	8.81241e-02
0.67332	1.16228e-01
0.67481	1.17619e-01
0.67913	1.19060e-01
0.69824	1.15855e-01
0.68768	9.38419e-02
0.69327	9.53364e-02
0.70929	8.07932e-02
0.71170	8.42981e-02
0.71046	8.27964e-02
0.70528	8.58640e-02
0.71747	7.29666e-02
0.71597	7.38074e-02
0.73438	5.07466e-02
0.73152	6.61905e-02
0.72769	6.71967e-02
0.71506	6.04886e-02
0.72648	5.53983e-02
0.72648	5.53983e-02
0.72604	6.20824e-02
0.73328	6.17276e-02
0.73745	6.07355e-02
0.73762	6.08054e-02
0.73071	6.79148e-02
0.72745	6.55733e-02
0.72499	6.43403e-02
0.73680	4.93859e-02
0.73574	5.07022e-02
0.73563	5.07443e-02
0.73989	5.04870e-02
0.74707	4.94240e-02
0.74626	4.86264e-02
0.74892	4.78110e-02
0.75020	4.58955e-02
0.75020	4.58955e-02
0.75020	4.58955e-02
0.74631	4.37014e-02
0.75564	4.55028e-02
0.75691	4.87359e-02
0.74683	7.01843e-02
0.74104	7.08350e-02
0.75674	5.05838e-02
0.74976	6.76736e-02
0.75416	5.66065e-02
0.76173	5.75774e-02
0.75743	5.36288e-02
0.74843	5.67360e-02
0.75937	6.03196e-02
0.77045	5.23779e-02
0.76645	4.79945e-02
0.76268	4.32340e-02
0.76268	4.32340e-02
0.75650	3.72183e-02
0.77208	5.38585e-02
0.77567	5.13917e-02
0.77567	5.13917e-02
0.76938	5.59533e-02
0.77267	4.32421e-02
0.75876	3.85817e-02
0.76649	4.90629e-02
0.77451	5.17728e-02
0.77472	5.19609e-02
0.76566	4.88971e-02
0.77189	5.89728e-02
0.78561	5.75780e-02
0.78548	5.76676e-02
0.78789	4.86506e-02
0.78635	4.57971e-02
0.78109	4.46505e-02
0.77599	4.33158e-02
0.78694	4.37327e-02
0.79573	4.36570e-02
0.79303	5.11512e-02
0.79174	4.95221e-02
0.78428	5.29242e-02
0.78974	4.96484e-02
0.78711	4.45866e-02
0.78729	4.39290e-02
0.78288	4.41577e-02
0.78593	4.51431e-02
0.77767	4.75549e-02
0.77391	4.47270e-02
0.78845	4.62580e-02
0.79732	5.73272e-02
0.79084	5.34229e-02
0.77471	3.96364e-02
0.77478	3.95955e-02
0.78370	4.01092e-02
0.78348	4.04638e-02
0.78537	4.18193e-02
0.79054	4.70552e-02
0.78682	4.36559e-02
0.78452	4.61385e-02
0.78452	4.61385e-02
0.77922	4.24937e-02
0.79209	3.88087e-02
0.79812	4.22582e-02
0.80430	5.12672e-02
0.80753	4.54187e-02
0.80650	4.69170e-02
0.78784	5.85623e-02
0.78367	5.18136e-02
0.80124	5.43828e-02
0.79431	5.41764e-02
0.80931	4.02159e-02
0.81438	4.54116e-02
0.80781	5.04649e-02
0.80789	5.04743e-02
0.81209	5.40458e-02
0.81715	5.18801e-02
0.82274	5.35211e-02
0.81803	5.59572e-02
0.81579	5.47327e-02
0.81302	5.47124e-02
0.80123	5.01139e-02
0.79831	5.73056e-02
0.77626	3.20160e-02
0.78617	1.76518e-02
0.78617	1.76518e-02
0.80050	2.98994e-02
0.80050	2.98994e-02
0.80070	2.99406e-02
0.78493	2.58271e-02
0.78074	2.34432e-02
0.78090	1.89264e-02
0.78109	1.92035e-02
0.77404	1.45686e-02
0.77404	1.45686e-02
0.78936	3.76861e-02
0.78936	3.76861e-02
0.78936	3.76861e-02
0.78521	2.89893e-02
0.79104	2.59597e-02
0.78976	3.03558e-02
0.78884	3.46445e-02
0.77106	2.24500e-02
0.78412	2.54138e-02
0.79268	3.30320e-02
0.79314	3.35157e-02
0.80238	2.15249e-02
0.81637	1.37574e-02
0.81637	1.37574e-02
0.81772	1.24091e-02
0.81772	1.24091e-02
0.81772	1.24091e-02
0.81371	1.64140e-02
0.82390	6.22345e-03
0.81003	7.65010e-03
0.81003	7.65010e-03
0.84809	3.04055e-02
0.84143	2.37495e-02
0.84143	2.37495e-02
0.84333	2.18501e-02
0.84333	2.18501e-02
0.84333	2.18501e-02
0.84333	2.18501e-02
0.84333	2.18501e-02
0.84333	2.18501e-02
0.84333	2.18501e-02
0.84333	2.18501e-02
0.84297	2.14928e-02
0.84297	2.14928e-02
0.84297	2.14928e-02
0.86275	1.71316e-03
0.86275	1.71316e-03
0.86275	1.71316e-03
0.86275	1.71316e-03
0.86275	1.71316e-03
0.83789	2.65744e-02
0.83789	2.65744e-02
0.85801	6.45187e-03
0.85801	6.45187e-03
0.86519	1.36333e-02
0.85565	2.31789e-02
0.85565	2.31789e-02
0.85617	2.36999e-02
0.85617	2.36999e-02
0.85850	2.60332e-02
0.85846	2.59914e-02
0.85915	2.66753e-02
0.83247	0.00000e+00
0.83247	0.00000e+00
0.83247	0.00000e+00
0.83247	0.00000e+00
0.83247	0.00000e+00
0.83247	0.00000e+00
0.83166	0.00000e+00
0.83014	0.00000e+00
0.83014	0.00000e+00
0.83014	0.00000e+00
0.83756	0.00000e+00
