0.98686	3.55813e-03
0.97482	1.14769e-02
0.96597	1.21244e-02
0.96302	1.76918e-02
0.96062	1.87848e-02
0.95359	1.14446e-02
0.93916	2.69967e-02
0.93408	2.36468e-02
0.92034	1.74280e-02
0.92604	1.55125e-02
0.90424	1.97613e-02
0.88525	3.45591e-02
0.89287	2.07451e-02
0.88204	2.53950e-02
0.86470	2.23220e-02
0.85600	2.29610e-02
0.83544	3.85634e-02
0.83919	2.36451e-02
0.82386	3.11639e-02
0.81982	3.63453e-02
0.82910	4.75332e-02
0.82126	3.17518e-02
0.80074	4.28105e-02
0.81095	3.65304e-02
0.79803	3.64090e-02
0.79126	4.69085e-02
0.78797	4.26454e-02
0.78765	4.45807e-02
0.76549	6.74599e-02
0.76982	4.71820e-02
0.76633	5.76512e-02
0.75140	4.72106e-02
0.73624	5.42194e-02
0.72455	5.66045e-02
0.74073	6.63305e-02
0.73033	5.71161e-02
0.69085	5.19114e-02
0.70619	8.09342e-02
0.69559	6.08212e-02
0.69684	6.48719e-02
0.68607	6.53879e-02
0.66276	8.04850e-02
0.67361	8.21094e-02
0.66921	9.69631e-02
0.65160	1.04900e-01
0.63401	8.33070e-02
0.64568	8.74404e-02
0.62360	9.12473e-02
0.60249	9.73258e-02
0.61569	8.36396e-02
0.60078	9.63901e-02
0.61145	9.06634e-02
0.60294	6.07949e-02
0.58662	6.62379e-02
0.58098	6.74485e-02
0.58798	6.34308e-02
0.60084	4.69179e-02
0.54401	8.66331e-02
0.55125	7.82828e-02
0.53979	6.75846e-02
0.54989	7.34192e-02
0.53356	6.74992e-02
0.54182	7.46088e-02
0.52409	8.02489e-02
0.51875	9.46073e-02
0.48606	7.50757e-02
0.49768	9.75126e-02
0.50696	1.04545e-01
0.48323	7.40869e-02
0.47902	1.01393e-01
0.51222	8.86027e-02
0.46755	8.39344e-02
0.51234	8.56277e-02
0.50934	9.18380e-02
0.52360	9.49979e-02
0.52687	8.78595e-02
0.48300	7.84513e-02
0.51256	7.87236e-02
0.50107	8.16917e-02
0.49828	9.03356e-02
0.52231	6.83756e-02
0.53734	5.96704e-02
0.50745	7.04771e-02
0.52528	6.25495e-02
0.55865	7.57994e-02
0.49462	8.82353e-02
0.53080	7.77460e-02
0.51033	7.78494e-02
0.52591	7.48703e-02
0.53331	7.32171e-02
0.51026	8.31621e-02
0.52844	9.07683e-02
0.49563	8.31041e-02
0.48921	6.55268e-02
0.49167	9.13425e-02
0.47016	6.73819e-02
0.48976	8.32659e-02
0.49276	8.02497e-02
0.46612	7.29404e-02
0.51751	7.87761e-02
0.53289	1.01169e-01
0.54819	9.91662e-02
0.53625	1.05335e-01
0.56256	7.31633e-02
0.56366	6.44270e-02
0.55944	6.47106e-02
0.57479	5.78649e-02
0.57479	5.78649e-02
0.57479	5.78649e-02
0.59048	4.88798e-02
0.60705	4.73190e-02
0.60984	4.82639e-02
0.61076	5.36896e-02
0.61076	5.36896e-02
0.61966	5.59992e-02
0.61539	5.08538e-02
0.62856	5.62016e-02
0.64244	6.36781e-02
0.63418	6.15641e-02
0.65733	6.13247e-02
0.64977	6.56568e-02
0.66977	8.01857e-02
0.65730	7.28737e-02
0.66265	7.06858e-02
0.67658	8.25231e-02
0.67658	8.25231e-02
0.69357	7.27952e-02
0.71498	5.48199e-02
0.71498	5.48199e-02
0.71727	5.43245e-02
0.71686	5.48113e-02
0.71791	5.45079e-02
0.70811	6.18485e-02
0.69794	5.04008e-02
0.69794	5.04008e-02
0.70599	6.34614e-02
0.70176	5.04657e-02
0.72288	4.16812e-02
0.71948	3.64854e-02
0.71948	3.64854e-02
0.72583	4.19182e-02
0.73145	4.05388e-02
0.73678	4.77267e-02
0.74027	4.73189e-02
0.74549	6.57916e-02
0.75644	6.02504e-02
0.76938	6.31025e-02
0.76160	3.55054e-02
0.76429	3.43255e-02
0.76359	3.47449e-02
0.76353	4.57852e-02
0.77923	3.89127e-02
0.76784	4.34511e-02
0.76517	4.54764e-02
0.77891	5.33258e-02
0.77963	4.41973e-02
0.78760	4.58164e-02
0.80128	2.86076e-02
0.78794	4.45399e-02
0.79995	2.69297e-02
0.80155	2.65883e-02
0.79641	3.00965e-02
0.79198	2.47568e-02
0.80804	2.72380e-02
0.80541	3.19640e-02
0.81374	3.18119e-02
0.81877	2.83216e-02
0.81878	2.92115e-02
0.81173	2.71455e-02
0.82015	3.13891e-02
0.81357	2.83344e-02
0.80959	2.88259e-02
0.81084	2.92076e-02
0.81859	3.18905e-02
0.82079	3.34759e-02
0.83474	3.61413e-02
0.84025	3.78853e-02
0.84009	3.75404e-02
0.83837	3.59947e-02
0.83977	3.60571e-02
0.84382	3.30867e-02
0.84754	3.72964e-02
0.84735	4.09460e-02
0.85543	3.51378e-02
0.85003	3.45621e-02
0.85222	3.45958e-02
0.85456	3.50039e-02
0.84997	2.59277e-02
0.84805	2.57644e-02
0.84752	2.85237e-02
0.85660	2.55141e-02
0.85580	2.32252e-02
0.85225	2.29225e-02
0.85299	2.20650e-02
0.85364	2.22283e-02
0.85557	2.25246e-02
0.86539	2.53692e-02
0.86289	3.06246e-02
0.87502	3.64103e-02
0.87502	3.64103e-02
0.87822	3.82548e-02
0.86915	3.10084e-02
0.87630	2.54856e-02
0.87648	2.38560e-02
0.88982	2.34729e-02
0.89418	1.97283e-02
0.89188	2.05377e-02
0.89721	2.26978e-02
0.88650	3.10076e-02
0.89852	2.69513e-02
0.89962	2.78522e-02
0.89670	2.81042e-02
0.89541	2.27304e-02
0.88762	1.94569e-02
0.89036	2.13938e-02
0.89315	3.51445e-02
0.89230	3.60795e-02
0.89761	2.86951e-02
0.89652	2.62516e-02
0.89451	1.70544e-02
0.89575	1.76213e-02
0.89659	1.77539e-02
0.90351	2.01744e-02
0.90351	2.01744e-02
0.90399	2.02580e-02
0.90443	2.02255e-02
0.90577	2.04751e-02
0.89864	1.07832e-02
0.90369	2.02689e-02
0.91249	2.50010e-02
0.90893	2.75569e-02
0.91313	3.04382e-02
0.91545	2.92821e-02
0.91473	2.93256e-02
0.91677	2.98861e-02
0.91924	2.83163e-02
0.92066	2.88701e-02
0.91279	2.19653e-02
0.91387	2.21534e-02
0.90496	2.02413e-02
0.90825	1.83177e-02
0.91857	1.67744e-02
0.91873	1.71787e-02
0.91713	2.21777e-02
0.91712	2.21765e-02
0.91829	1.19360e-02
0.92209	1.46135e-02
0.91902	1.69497e-02
0.92248	2.10681e-02
0.92209	1.66847e-02
0.92202	1.70411e-02
0.92808	1.61723e-02
0.92892	1.49718e-02
0.92654	1.90709e-02
0.92417	1.64395e-02
0.92940	1.81821e-02
0.92698	2.08727e-02
0.92489	2.08360e-02
0.92118	1.79811e-02
0.92474	1.91131e-02
0.92117	1.64691e-02
0.91739	3.08221e-02
0.92050	3.20984e-02
0.91990	3.05606e-02
0.91992	3.05772e-02
0.91989	3.05719e-02
0.92093	1.76263e-02
0.92273	1.89748e-02
0.92434	1.99103e-02
0.92365	1.35977e-02
0.92295	1.56881e-02
0.92550	1.43256e-02
0.92858	1.44784e-02
0.93094	1.79774e-02
0.93265	1.46909e-02
0.93353	2.33133e-02
0.93353	2.33133e-02
0.92944	2.15084e-02
0.92737	2.07272e-02
0.92307	1.95888e-02
0.92513	2.14933e-02
0.93542	1.21697e-02
0.93287	1.27718e-02
0.93157	1.29536e-02
0.92867	1.41942e-02
0.93294	1.76550e-02
0.93234	1.80954e-02
0.92895	1.39584e-02
0.93167	1.85996e-02
0.93252	2.03853e-02
0.93406	2.04480e-02
0.93074	1.78610e-02
0.93461	1.19185e-02
0.93420	1.25439e-02
0.93603	1.10414e-02
0.94030	1.58755e-02
0.94121	1.67585e-02
0.94121	1.67585e-02
0.94319	1.61072e-02
0.93788	1.10351e-02
0.94216	1.44731e-02
0.94511	1.79122e-02
0.94704	1.68437e-02
0.95543	1.60772e-02
0.95608	1.70462e-02
0.95612	1.70767e-02
0.95515	1.75142e-02
0.95140	1.86494e-02
0.95301	1.82805e-02
0.94570	1.80619e-02
0.94468	1.41576e-02
0.94611	1.75452e-02
0.94703	1.82942e-02
0.95044	1.66691e-02
0.95201	1.79198e-02
0.94707	1.56955e-02
0.95002	1.40796e-02
0.94676	1.47529e-02
0.94670	1.47985e-02
0.94765	1.53442e-02
0.94937	1.62524e-02
0.94641	1.26916e-02
0.94620	1.24441e-02
0.94850	9.86014e-03
0.95287	1.31397e-02
0.94726	2.00821e-02
0.94435	1.16526e-02
0.94614	1.86386e-02
0.94644	2.08743e-02
0.94623	2.25222e-02
0.94156	2.17765e-02
0.94180	1.89859e-02
0.94180	1.89859e-02
0.94405	2.27930e-02
0.94206	2.17941e-02
0.94384	2.28300e-02
0.94976	2.68694e-02
0.94914	2.51980e-02
0.95415	2.61624e-02
0.95251	2.43509e-02
0.96049	2.06585e-02
0.95844	1.82540e-02
0.95885	2.21224e-02
0.95913	2.18648e-02
0.96008	2.18857e-02
0.95355	2.56660e-02
0.95355	2.56660e-02
0.95567	2.71606e-02
0.95611	2.76417e-02
0.95950	2.59838e-02
0.96050	2.35183e-02
0.96160	2.01323e-02
0.95896	2.14175e-02
0.95896	2.14175e-02
0.95961	2.07919e-02
0.95035	2.46950e-02
0.95034	2.46813e-02
0.94701	2.09005e-02
0.95271	1.46853e-02
0.94980	1.58778e-02
0.95380	1.60952e-02
0.95380	1.60952e-02
0.95385	1.61822e-02
0.95389	1.62051e-02
0.95702	1.32332e-02
0.95702	1.32332e-02
0.95753	1.40799e-02
0.95502	1.67227e-02
0.95639	1.64120e-02
0.95763	1.70967e-02
0.95045	1.24027e-02
0.95045	1.24027e-02
0.94970	1.41266e-02
0.94756	1.58766e-02
0.94756	1.58766e-02
0.95230	1.78565e-02
0.95126	2.26125e-02
0.95949	1.98847e-02
0.95360	1.93307e-02
0.95650	1.50985e-02
0.95775	1.56051e-02
0.95530	1.66138e-02
0.95673	1.59925e-02
0.95673	1.59925e-02
0.96210	1.52268e-02
0.96210	1.52268e-02
0.96092	1.54126e-02
0.96268	1.29045e-02
0.96642	1.27877e-02
0.96701	1.36016e-02
0.96701	1.36046e-02
0.96752	1.38497e-02
0.96752	1.38497e-02
0.96752	1.38447e-02
0.96277	1.12602e-02
0.96338	1.19562e-02
0.96852	1.34456e-02
0.96673	9.16513e-03
0.96673	9.16513e-03
0.96645	8.05089e-03
0.97107	6.61244e-03
0.97659	9.23012e-03
0.97646	9.17688e-03
0.97646	9.17688e-03
0.98194	4.01192e-03
0.98194	4.01192e-03
0.98192	3.98492e-03
0.98192	3.98492e-03
0.98190	3.95918e-03
0.98189	3.96760e-03
0.97210	1.43584e-02
0.97218	1.43815e-02
0.97218	1.43815e-02
0.98170	1.12887e-02
0.98170	1.12887e-02
0.98170	1.12887e-02
0.98170	1.12887e-02
0.98169	1.12825e-02
0.97910	1.29919e-02
0.97914	1.30307e-02
0.97916	1.30450e-02
0.98605	0.00000e+00
0.98605	0.00000e+00
0.98605	0.00000e+00
0.98605	0.00000e+00
0.98605	0.00000e+00
0.98605	0.00000e+00
0.98605	0.00000e+00
0.98590	0.00000e+00
0.98586	0.00000e+00
