0.99120	2.33560e-03
0.98332	8.41371e-03
0.97257	1.20907e-02
0.96205	1.05706e-02
0.95863	2.03302e-02
0.95434	1.87850e-02
0.94138	2.75616e-02
0.94434	2.58414e-02
0.92345	2.32634e-02
0.92621	2.29614e-02
0.91153	2.24129e-02
0.89610	3.53289e-02
0.90202	3.54033e-02
0.90223	1.79456e-02
0.88665	1.38391e-02
0.86816	3.46605e-02
0.86968	3.72012e-02
0.85522	3.55184e-02
0.85636	3.62633e-02
0.85050	4.64981e-02
0.84402	5.10331e-02
0.83375	3.97271e-02
0.83108	5.09191e-02
0.85064	4.73994e-02
0.82042	3.92687e-02
0.80125	7.60447e-02
0.81178	8.19118e-02
0.81506	7.38252e-02
0.79916	7.24703e-02
0.79116	7.52689e-02
0.77532	6.95901e-02
0.77288	7.41856e-02
0.75489	7.25135e-02
0.74946	7.01485e-02
0.73238	7.04044e-02
0.71549	9.04480e-02
0.72573	8.77306e-02
0.70552	8.99246e-02
0.68113	1.05221e-01
0.68906	1.14981e-01
0.65202	1.12918e-01
0.67720	1.12254e-01
0.65882	1.29870e-01
0.67571	9.38083e-02
0.66490	8.56395e-02
0.65548	1.06938e-01
0.62738	1.01758e-01
0.63504	1.04434e-01
0.65143	8.01964e-02
0.61960	1.16069e-01
0.62617	9.71666e-02
0.61773	9.43676e-02
0.63796	9.27340e-02
0.61701	9.95716e-02
0.62235	1.11550e-01
0.60088	1.01108e-01
0.58077	1.17949e-01
0.61022	8.24744e-02
0.60447	9.77767e-02
0.58484	9.57087e-02
0.57362	1.01235e-01
0.57695	9.21590e-02
0.58323	8.63038e-02
0.58363	1.01686e-01
0.55479	9.64463e-02
0.56003	1.28934e-01
0.55116	1.48843e-01
0.54126	1.12774e-01
0.50716	1.43885e-01
0.51670	1.32712e-01
0.54323	1.12522e-01
0.55369	1.16395e-01
0.57190	8.98473e-02
0.59469	8.02793e-02
0.54138	7.87382e-02
0.56843	1.19835e-01
0.54470	1.22638e-01
0.54213	1.08782e-01
0.55205	1.21952e-01
0.54652	1.34442e-01
0.53420	7.78660e-02
0.55771	1.01863e-01
0.57330	1.10167e-01
0.50840	1.15615e-01
0.52801	1.12854e-01
0.55259	1.11160e-01
0.56725	5.61761e-02
0.56683	8.02540e-02
0.55000	9.50966e-02
0.56438	6.43741e-02
0.55528	8.72599e-02
0.53208	7.69157e-02
0.55702	7.95404e-02
0.54775	7.96290e-02
0.51621	6.73028e-02
0.51894	7.07714e-02
0.53413	5.44242e-02
0.52542	6.60420e-02
0.54791	4.90957e-02
0.51578	4.51491e-02
0.53755	6.10095e-02
0.57404	6.87435e-02
0.59503	8.04245e-02
0.58690	8.17906e-02
0.59735	6.39285e-02
0.59735	6.39285e-02
0.61666	5.85873e-02
0.61666	5.85873e-02
0.61221	5.78710e-02
0.60357	6.32733e-02
0.60357	6.32733e-02
0.61787	6.17663e-02
0.64827	6.15071e-02
0.64858	6.20634e-02
0.64377	5.92551e-02
0.63500	6.38341e-02
0.65208	6.03421e-02
0.66862	5.10953e-02
0.66874	4.92595e-02
0.67397	5.16772e-02
0.67935	5.57205e-02
0.67430	5.41646e-02
0.67430	5.41675e-02
0.67909	4.29024e-02
0.67456	5.56019e-02
0.67880	5.61284e-02
0.68686	4.81232e-02
0.69979	4.81651e-02
0.69242	5.46096e-02
0.69585	5.80911e-02
0.70916	6.01059e-02
0.70429	4.91727e-02
0.72057	3.48856e-02
0.72938	5.04334e-02
0.72699	5.04215e-02
0.72590	4.72465e-02
0.71843	5.52718e-02
0.72054	5.68077e-02
0.70955	5.58058e-02
0.72064	4.67936e-02
0.72064	4.67936e-02
0.72064	4.67936e-02
0.72064	4.67936e-02
0.72209	4.77638e-02
0.70951	5.08441e-02
0.70791	5.04417e-02
0.70947	4.84864e-02
0.73349	4.20029e-02
0.74948	5.67541e-02
0.75813	6.20905e-02
0.76663	5.68307e-02
0.76674	6.19792e-02
0.76713	6.21938e-02
0.77122	4.50056e-02
0.76832	4.38838e-02
0.77093	3.73569e-02
0.77206	3.93208e-02
0.78554	2.56722e-02
0.79964	4.96116e-02
0.80229	4.03973e-02
0.80858	4.74817e-02
0.79941	4.15001e-02
0.80614	4.79828e-02
0.80942	4.46270e-02
0.80942	4.46270e-02
0.80942	4.46270e-02
0.81352	4.59981e-02
0.81403	3.75271e-02
0.81928	3.32785e-02
0.81387	3.57499e-02
0.81179	2.96796e-02
0.81179	2.96796e-02
0.80243	3.88815e-02
0.82284	4.76826e-02
0.82969	4.96327e-02
0.82001	4.76190e-02
0.82638	5.12002e-02
0.82461	5.55707e-02
0.81706	5.01101e-02
0.81369	4.05813e-02
0.82450	4.83414e-02
0.82963	5.33045e-02
0.82825	5.23568e-02
0.83283	5.65036e-02
0.83664	5.02900e-02
0.83678	4.73675e-02
0.83395	4.83021e-02
0.84150	5.28821e-02
0.83520	4.87253e-02
0.83186	4.86968e-02
0.82858	4.59987e-02
0.82858	4.59987e-02
0.82719	4.51292e-02
0.83583	5.54013e-02
0.83987	5.81947e-02
0.84905	5.90628e-02
0.84120	5.41847e-02
0.84309	5.64596e-02
0.84697	5.76297e-02
0.84738	5.21821e-02
0.86349	3.06054e-02
0.86016	4.79223e-02
0.86401	4.33347e-02
0.86923	4.64913e-02
0.87641	4.39727e-02
0.87202	4.43439e-02
0.87731	4.56372e-02
0.88058	4.56075e-02
0.87953	4.58231e-02
0.87797	4.15207e-02
0.88105	4.72827e-02
0.87108	6.13108e-02
0.87358	6.53675e-02
0.86885	6.16717e-02
0.86815	6.16980e-02
0.87272	5.88451e-02
0.87671	4.64376e-02
0.88739	4.67678e-02
0.87337	4.16061e-02
0.87337	4.16061e-02
0.87149	4.85082e-02
0.87849	4.72177e-02
0.87994	4.91846e-02
0.88664	3.55808e-02
0.88664	3.55808e-02
0.89083	3.37706e-02
0.89467	3.76525e-02
0.90444	3.30451e-02
0.90155	3.01523e-02
0.89794	2.86464e-02
0.90350	3.07301e-02
0.89824	3.74026e-02
0.89606	3.83424e-02
0.90196	4.02750e-02
0.90330	4.00131e-02
0.90872	4.19699e-02
0.91330	4.53473e-02
0.91397	4.58194e-02
0.91113	4.37488e-02
0.91484	4.26231e-02
0.91186	4.10160e-02
0.91572	4.80002e-02
0.91715	4.82038e-02
0.91066	4.78152e-02
0.90467	4.44079e-02
0.90373	4.56786e-02
0.90369	4.56928e-02
0.90523	4.51958e-02
0.90318	4.40395e-02
0.91283	4.56255e-02
0.91675	4.62178e-02
0.91973	4.81236e-02
0.91698	4.75980e-02
0.91637	4.79941e-02
0.92306	3.44980e-02
0.92306	3.44980e-02
0.92161	3.92965e-02
0.92572	4.11110e-02
0.91616	3.56779e-02
0.91808	3.67318e-02
0.91917	3.67508e-02
0.91945	3.69399e-02
0.92261	2.59867e-02
0.92467	2.57561e-02
0.92101	2.67173e-02
0.91710	2.24759e-02
0.91840	3.07875e-02
0.92213	3.02622e-02
0.91729	3.30917e-02
0.91906	3.37228e-02
0.91722	3.39934e-02
0.92515	3.73513e-02
0.92880	3.76143e-02
0.92413	3.50754e-02
0.92609	3.55325e-02
0.92701	3.59470e-02
0.92969	3.79284e-02
0.92870	3.54261e-02
0.92821	3.57576e-02
0.93313	3.61450e-02
0.93570	3.63976e-02
0.94171	2.00515e-02
0.93767	2.04307e-02
0.93872	1.84913e-02
0.94382	1.09903e-02
0.93752	1.22630e-02
0.93973	1.10474e-02
0.94320	9.92341e-03
0.94318	9.91687e-03
0.93484	1.98535e-02
0.93398	1.96641e-02
0.93632	2.03247e-02
0.93584	2.01346e-02
0.93910	2.23290e-02
0.93985	2.23905e-02
0.93997	2.16395e-02
0.94015	2.17345e-02
0.94417	2.03764e-02
0.93546	2.46426e-02
0.93856	2.09663e-02
0.93845	2.28316e-02
0.94537	1.78589e-02
0.94599	1.85020e-02
0.94676	1.88911e-02
0.94556	2.09934e-02
0.94556	2.09934e-02
0.94353	2.04653e-02
0.94329	2.04110e-02
0.94565	1.72455e-02
0.95444	1.70402e-02
0.95059	2.40197e-02
0.94973	2.40823e-02
0.95147	2.61350e-02
0.94816	2.44973e-02
0.95023	2.47532e-02
0.94702	2.70012e-02
0.93699	2.36496e-02
0.93756	2.34451e-02
0.93937	2.31483e-02
0.93937	2.31483e-02
0.94317	2.26914e-02
0.94125	2.21910e-02
0.94380	2.30622e-02
0.94266	1.66652e-02
0.94221	1.61895e-02
0.93790	1.62675e-02
0.94304	2.08954e-02
0.94273	1.83788e-02
0.94384	2.23915e-02
0.94658	2.27819e-02
0.94640	1.98606e-02
0.94872	1.73668e-02
0.94696	1.84970e-02
0.94697	1.84868e-02
0.94166	2.10595e-02
0.93971	2.20968e-02
0.93971	2.20968e-02
0.94285	1.90681e-02
0.94250	1.51160e-02
0.94566	1.37349e-02
0.94639	2.15815e-02
0.94828	2.06306e-02
0.94800	1.93762e-02
0.95008	2.12474e-02
0.94893	2.15536e-02
0.94893	2.15536e-02
0.94853	2.26562e-02
0.95185	2.42750e-02
0.94920	1.68426e-02
0.95339	2.00778e-02
0.95023	2.13549e-02
0.95473	2.40470e-02
0.95492	2.38923e-02
0.95617	2.28505e-02
0.95929	2.09994e-02
0.95976	2.05342e-02
0.95713	1.81230e-02
0.96157	1.12137e-02
0.96364	1.26255e-02
0.96159	1.41740e-02
0.95933	1.95233e-02
0.96022	2.00175e-02
0.96469	2.10834e-02
0.96450	2.41541e-02
0.96380	2.44366e-02
0.96566	2.36246e-02
0.96566	2.36273e-02
0.96623	2.39447e-02
0.96623	2.39461e-02
0.96510	2.21055e-02
0.96511	2.21187e-02
0.96512	2.21217e-02
0.96436	1.65512e-02
0.95505	1.50296e-02
0.95800	2.05376e-02
0.96286	1.43924e-02
0.95974	1.71301e-02
0.95652	1.45305e-02
0.95683	1.49139e-02
0.95584	1.37614e-02
0.95871	1.06815e-02
0.96307	1.44639e-02
0.96693	9.54309e-03
0.96693	9.54309e-03
0.96820	9.21201e-03
0.96636	1.19440e-02
0.96674	1.20922e-02
0.96706	1.18659e-02
0.96706	1.18659e-02
0.97064	7.38618e-03
0.97064	7.38618e-03
0.97064	7.38618e-03
0.97359	1.10135e-02
0.97135	1.44913e-02
0.97120	1.43552e-02
0.97120	1.43552e-02
0.97117	1.43314e-02
0.97117	1.43233e-02
0.96457	9.65683e-03
0.96701	1.24379e-02
0.96701	1.24379e-02
0.97569	1.16222e-02
0.97569	1.16222e-02
0.97569	1.16222e-02
0.97585	1.14990e-02
0.97585	1.14990e-02
0.97586	1.15105e-02
0.97795	9.21710e-03
0.98066	8.68790e-03
0.98066	8.68790e-03
0.98066	8.68790e-03
0.97900	1.12847e-02
0.97478	9.85537e-03
0.97479	9.85363e-03
0.97986	1.17863e-02
0.97806	1.25485e-02
0.97836	1.28189e-02
0.97836	1.28189e-02
0.97845	1.29113e-02
0.97845	1.29113e-02
0.97845	1.29113e-02
0.97846	1.29173e-02
0.98444	8.34825e-03
0.98444	8.34825e-03
0.98444	8.34825e-03
0.98444	8.34825e-03
0.97982	1.29529e-02
0.97982	1.29529e-02
0.97982	1.29534e-02
0.97614	1.30205e-02
0.98272	1.45299e-02
0.97785	1.56699e-02
0.97786	1.56740e-02
0.97786	1.56740e-02
0.97786	1.56740e-02
0.97786	1.56740e-02
0.97786	1.56740e-02
0.97786	1.56740e-02
0.97786	1.56740e-02
0.97786	1.56740e-02
0.97785	1.56690e-02
0.96218	0.00000e+00
0.96218	0.00000e+00
0.96218	0.00000e+00
0.96218	0.00000e+00
0.96218	0.00000e+00
0.96218	0.00000e+00
0.96218	0.00000e+00
0.96218	0.00000e+00
0.96218	0.00000e+00
0.96218	0.00000e+00
0.96218	0.00000e+00
0.96218	0.00000e+00
0.96218	0.00000e+00
0.96218	0.00000e+00
0.96218	0.00000e+00
0.96218	0.00000e+00
0.96218	0.00000e+00
0.98213	0.00000e+00
0.98213	0.00000e+00
0.98213	0.00000e+00
0.98213	0.00000e+00
0.98213	0.00000e+00
0.98316	0.00000e+00
0.98316	0.00000e+00
0.98316	0.00000e+00
0.96727	0.00000e+00
0.96727	0.00000e+00
0.96727	0.00000e+00
0.96727	0.00000e+00
0.96727	0.00000e+00
0.96727	0.00000e+00
0.98861	0.00000e+00
0.98861	0.00000e+00
0.96877	0.00000e+00
0.96877	0.00000e+00
0.96877	0.00000e+00
0.96877	0.00000e+00
0.96877	0.00000e+00
0.96877	0.00000e+00
0.96877	0.00000e+00
0.96877	0.00000e+00
0.96877	0.00000e+00
0.96877	0.00000e+00
0.96877	0.00000e+00
0.96877	0.00000e+00
0.96877	0.00000e+00
0.96877	0.00000e+00
0.96877	0.00000e+00
0.98872	0.00000e+00
0.98872	0.00000e+00
0.98872	0.00000e+00
0.98872	0.00000e+00
0.98872	0.00000e+00
0.98847	0.00000e+00
0.98847	0.00000e+00
0.98837	0.00000e+00
