1.0000 2.0000
0.9900 1.9616
0.9800 1.9297
0.9700 1.8914
0.9600 1.8483
0.9500 1.8095
0.9400 1.7717
0.9300 1.7325
0.9200 1.6965
0.9100 1.6575
0.9000 1.6153
0.8900 1.5762
0.8800 1.5401
0.8700 1.5030
0.8600 1.4645
0.8500 1.4338
0.8400 1.3945
0.8300 1.3548
0.8200 1.3204
0.8100 1.2910
0.8000 1.2603
0.7900 1.2295
0.7800 1.2007
0.7700 1.1701
0.7600 1.1406
0.7500 1.1139
0.7400 1.0874
0.7300 1.0567
0.7200 1.0271
0.7100 1.0000
0.7000 0.9677
0.6900 0.9388
0.6800 0.9112
0.6700 0.8859
0.6600 0.8593
0.6500 0.8336
0.6400 0.8099
0.6300 0.7835
0.6200 0.7539
0.6100 0.7317
0.6000 0.7101
0.5900 0.6908
0.5790 0.6698
0.5690 0.6458
0.5590 0.6199
0.5490 0.5994
0.5390 0.5769
0.5290 0.5584
0.5190 0.5335
0.5090 0.5135
0.4990 0.4963
0.4890 0.4776
0.4790 0.4573
0.4680 0.4366
0.4580 0.4184
0.4450 0.3999
0.4360 0.3871
0.4260 0.3712
0.4150 0.3514
0.4050 0.3320
0.3950 0.3160
0.3850 0.2977
0.3750 0.2846
0.3640 0.2715
0.3530 0.2613
0.3430 0.2462
0.3310 0.2306
0.3190 0.2161
0.3080 0.2003
0.2970 0.1872
0.2860 0.1794
0.2740 0.1659
0.2630 0.1538
0.2530 0.1402
0.2420 0.1314
0.2320 0.1232
0.2220 0.1143
0.2110 0.1048
0.2020 0.0973
0.1920 0.0903
0.1840 0.0832
0.1710 0.0757
0.1620 0.0704
0.1460 0.0609
0.1350 0.0537
0.1170 0.0448
0.1070 0.0395
0.0930 0.0329
0.0800 0.0266
0.0690 0.0230
0.0590 0.0194
0.0450 0.0147
0.0410 0.0124
0.0320 0.0081
0.0240 0.0051
0.0200 0.0032
0.0150 0.0016
0.0110 0.0003
0.0110 0.0003
0.0000 0.0000
