1.0000 2.0000
0.9900 1.9605
0.9800 1.9218
0.9700 1.8821
0.9600 1.8414
0.9500 1.8027
0.9400 1.7672
0.9300 1.7321
0.9200 1.6929
0.9100 1.6563
0.9000 1.6231
0.8900 1.5891
0.8800 1.5536
0.8700 1.5166
0.8600 1.4790
0.8500 1.4474
0.8400 1.4184
0.8300 1.3890
0.8200 1.3573
0.8100 1.3203
0.8000 1.2875
0.7900 1.2555
0.7800 1.2246
0.7700 1.1933
0.7600 1.1578
0.7500 1.1257
0.7400 1.0971
0.7300 1.0693
0.7200 1.0396
0.7100 1.0067
0.7000 0.9762
0.6900 0.9470
0.6800 0.9197
0.6700 0.8965
0.6600 0.8724
0.6500 0.8529
0.6400 0.8262
0.6300 0.8003
0.6200 0.7741
0.6100 0.7427
0.5990 0.7155
0.5890 0.6912
0.5790 0.6693
0.5690 0.6430
0.5590 0.6251
0.5490 0.6027
0.5390 0.5801
0.5290 0.5590
0.5190 0.5351
0.5090 0.5206
0.4990 0.5022
0.4890 0.4823
0.4790 0.4599
0.4690 0.4450
0.4580 0.4270
0.4480 0.4058
0.4370 0.3871
0.4270 0.3690
0.4170 0.3496
0.4070 0.3358
0.3960 0.3204
0.3850 0.3021
0.3750 0.2858
0.3650 0.2712
0.3550 0.2558
0.3460 0.2433
0.3360 0.2302
0.3260 0.2171
0.3130 0.2039
0.3040 0.1924
0.2940 0.1817
0.2840 0.1688
0.2730 0.1561
0.2620 0.1468
0.2520 0.1364
0.2370 0.1246
0.2250 0.1136
0.2120 0.1008
0.1980 0.0920
0.1850 0.0838
0.1760 0.0754
0.1630 0.0674
0.1400 0.0582
0.1230 0.0516
0.1100 0.0466
0.0970 0.0388
0.0820 0.0325
0.0720 0.0284
0.0640 0.0246
0.0520 0.0207
0.0440 0.0170
0.0410 0.0137
0.0290 0.0093
0.0270 0.0072
0.0220 0.0044
0.0180 0.0027
0.0150 0.0017
0.0130 0.0010
0.0120 0.0007
0.0000 0.0000
