1.0000 2.0000
0.9800 1.9155
0.9600 1.8873
0.9400 1.7606
0.9200 1.6901
0.9000 1.6197
0.8800 1.4648
0.8600 1.3944
0.8400 1.3521
0.8200 1.2817
0.7800 1.1549
0.7600 1.1268
0.7400 1.0563
0.7200 1.0000
0.7000 0.9155
0.6800 0.9014
0.6600 0.8028
0.6200 0.7183
0.5800 0.6761
0.5600 0.6479
0.5400 0.6197
0.5000 0.5915
0.4800 0.5493
0.4600 0.5211
0.4400 0.4930
0.4400 0.4930
0.4200 0.4648
0.4000 0.4085
0.4000 0.4085
0.3800 0.3662
0.3600 0.3099
0.3400 0.2535
0.3200 0.2254
0.3000 0.2113
0.2600 0.1690
0.2600 0.1690
0.1600 0.1408
0.1400 0.1268
0.0800 0.0845
0.0800 0.0845
0.0800 0.0704
0.0800 0.0704
0.0800 0.0563
0.0600 0.0423
0.0400 0.0141
0.0200 0.0000
0.0200 0.0000
0.0200 0.0000
0.0200 0.0000
0.0000 0.0000
