1.0000 2.0000
0.9800 1.9623
0.9600 1.9245
0.9400 1.7987
0.9200 1.7107
0.9000 1.6730
0.8800 1.5723
0.8600 1.4969
0.8400 1.4214
0.8200 1.3585
0.8000 1.3082
0.7800 1.2327
0.7600 1.0692
0.7400 1.0189
0.7200 0.9560
0.7000 0.8931
0.6800 0.8553
0.6600 0.8176
0.6400 0.7421
0.6200 0.7296
0.6000 0.6667
0.5800 0.6289
0.5600 0.5786
0.5400 0.5535
0.5200 0.5157
0.5000 0.4654
0.4600 0.4151
0.4400 0.3774
0.4200 0.3270
0.4000 0.3145
0.3800 0.3019
0.3600 0.2893
0.1800 0.2264
0.1600 0.2013
0.1600 0.1761
0.1600 0.1509
0.1600 0.1384
0.1400 0.1258
0.1400 0.1132
0.1200 0.1006
0.1000 0.0755
0.1000 0.0755
0.0800 0.0629
0.0600 0.0377
0.0400 0.0126
0.0400 0.0126
0.0400 0.0126
0.0400 0.0126
0.0400 0.0126
0.0000 0.0000
