0.19998	8.89172e-02
0.14461	3.98023e-02
0.15411	4.98227e-02
0.14081	7.29659e-02
0.10578	5.56947e-02
0.14875	6.35235e-02
0.11362	5.70471e-02
0.13125	4.77948e-02
0.12558	7.15565e-02
0.16224	5.60649e-02
0.12144	5.96428e-02
0.16909	1.06114e-01
0.07638	3.17823e-02
0.14670	1.14217e-01
0.12103	6.20970e-02
0.13459	5.75982e-02
0.13039	6.19575e-02
0.11344	5.90823e-02
0.12449	4.29786e-02
0.13572	5.33092e-02
0.15756	8.48051e-02
0.11791	5.14167e-02
0.14511	6.21666e-02
0.15291	6.44116e-02
0.13813	5.34564e-02
0.09812	4.47332e-02
0.14040	4.95453e-02
0.11792	6.05223e-02
0.11938	5.92179e-02
0.13178	6.02877e-02
0.11463	6.26376e-02
0.16114	5.56577e-02
0.13580	7.11639e-02
0.13780	6.95283e-02
0.12331	7.03442e-02
0.17009	5.79894e-02
0.15857	4.43218e-02
0.16883	9.64833e-02
0.13415	3.90233e-02
0.12497	4.99455e-02
0.13997	6.44083e-02
0.13976	6.20495e-02
0.17270	7.09569e-02
0.09912	4.85910e-02
0.12344	6.32751e-02
0.15459	6.90188e-02
0.11677	5.05733e-02
0.15597	6.86440e-02
0.14542	8.67443e-02
0.14255	5.51697e-02
0.07766	4.15101e-02
0.18079	9.28477e-02
0.12745	5.02365e-02
0.11586	9.80671e-02
0.13337	6.31349e-02
0.12109	6.48467e-02
0.13349	8.50974e-02
0.15630	3.26007e-02
0.20179	8.00399e-02
0.14368	5.70116e-02
0.14642	5.95355e-02
0.10746	4.72331e-02
0.19592	6.73687e-02
0.13889	6.59996e-02
0.13848	5.54698e-02
0.12069	8.71187e-02
0.16705	5.57443e-02
0.12632	6.29085e-02
0.14739	8.23912e-02
0.09468	3.77803e-02
0.13791	6.53966e-02
0.12786	4.27114e-02
0.15979	5.48902e-02
0.11470	5.51481e-02
0.15976	6.84609e-02
0.12277	5.48801e-02
0.13123	4.98372e-02
0.15221	6.72049e-02
0.10350	4.63948e-02
0.12755	6.54581e-02
0.14843	3.96723e-02
0.10911	5.36489e-02
0.12117	6.46456e-02
0.15967	5.23537e-02
0.11838	7.02043e-02
0.12723	5.35481e-02
0.13769	4.98293e-02
0.08391	4.70169e-02
0.09749	3.07386e-02
0.08866	4.95419e-02
0.13421	4.68698e-02
0.08757	3.53423e-02
0.08416	4.43760e-02
0.12269	5.99569e-02
0.13864	9.38693e-02
0.10654	6.07029e-02
0.13274	4.37928e-02
0.13401	6.20334e-02
0.13012	7.50263e-02
0.10969	7.25519e-02
0.11165	7.02052e-02
0.11016	7.08491e-02
0.11021	7.08337e-02
0.14620	6.84826e-02
0.14866	6.13229e-02
0.14736	6.06885e-02
0.12924	6.96020e-02
0.12411	7.27459e-02
0.10024	4.49932e-02
0.10108	4.37660e-02
0.10274	4.17015e-02
0.10751	3.83939e-02
0.10953	3.37848e-02
0.10383	3.17638e-02
0.12597	5.50777e-02
0.10872	5.00714e-02
0.10458	4.35240e-02
0.12494	4.82478e-02
0.11411	4.45775e-02
0.13663	4.89324e-02
0.13791	5.12457e-02
0.14803	4.31811e-02
0.14803	4.31811e-02
0.15041	4.84308e-02
0.15041	4.84308e-02
0.13330	5.54631e-02
0.13695	5.65338e-02
0.13279	5.90974e-02
0.13968	5.38629e-02
0.14185	5.08270e-02
0.13539	5.35854e-02
0.12846	5.83968e-02
0.13251	5.67076e-02
0.12557	6.31009e-02
0.11802	4.94720e-02
0.11449	5.55604e-02
0.12441	5.80438e-02
0.11368	4.97463e-02
0.11615	5.13259e-02
0.11019	4.81063e-02
0.10284	4.27719e-02
0.11342	3.94895e-02
0.12325	6.61465e-02
0.12167	6.61562e-02
0.12072	6.65861e-02
0.11025	5.99756e-02
0.11132	5.76642e-02
0.09413	4.25096e-02
0.09494	5.47219e-02
0.10781	7.52843e-02
0.13147	7.71517e-02
0.11394	7.46915e-02
0.11744	7.38274e-02
0.09985	5.41913e-02
0.09994	5.19723e-02
0.10098	5.42877e-02
0.12227	5.03550e-02
0.12227	5.03550e-02
0.10835	6.62134e-02
0.10963	4.89963e-02
0.10983	5.61306e-02
0.16589	4.97123e-02
0.15957	6.56128e-02
0.15591	6.47104e-02
0.16292	7.63942e-02
0.15917	9.07370e-02
0.13575	8.90003e-02
0.14603	8.53332e-02
0.14625	8.54469e-02
0.15596	7.98878e-02
0.15688	5.23145e-02
0.14716	5.58857e-02
0.15767	7.12403e-02
0.16433	7.15812e-02
0.17125	6.13541e-02
0.16816	5.77369e-02
0.14675	7.15934e-02
0.13541	8.03776e-02
0.12519	8.28181e-02
0.12720	8.14121e-02
0.12720	8.14121e-02
0.11680	8.27050e-02
0.10683	7.68665e-02
0.11195	7.13172e-02
0.09727	7.36791e-02
0.11593	8.05870e-02
0.12247	7.69395e-02
0.12935	7.29008e-02
0.11015	7.05146e-02
0.12999	7.01469e-02
0.13670	6.91006e-02
0.15065	6.61541e-02
0.14830	4.70898e-02
0.15657	5.21599e-02
0.14203	5.98793e-02
0.15119	6.10985e-02
0.15144	6.06549e-02
0.15224	6.57063e-02
0.12811	6.58526e-02
0.11616	5.67272e-02
0.12763	5.13046e-02
0.12841	5.16133e-02
0.13310	4.91195e-02
0.14328	7.65013e-02
0.14328	7.65013e-02
0.13842	7.84240e-02
0.16665	9.17658e-02
0.16231	9.09647e-02
0.16987	8.90569e-02
0.13947	7.29204e-02
0.15020	6.76689e-02
0.15020	6.76689e-02
0.13883	7.55741e-02
0.16840	7.25938e-02
0.18097	7.19307e-02
0.18205	6.69907e-02
0.15046	6.46543e-02
0.15130	6.61623e-02
0.14580	5.98207e-02
0.13752	6.74163e-02
0.13289	6.48104e-02
0.13784	6.34018e-02
0.13986	6.23434e-02
0.14104	6.10300e-02
0.14196	5.02701e-02
0.15870	5.98748e-02
0.13397	5.39180e-02
0.13146	5.55775e-02
0.12481	5.87214e-02
0.12276	6.01064e-02
0.10920	6.24569e-02
0.12857	7.45439e-02
0.15766	7.30065e-02
0.12824	7.32385e-02
0.12246	6.44556e-02
0.12762	6.16514e-02
0.12068	5.13510e-02
0.11913	4.98165e-02
0.11680	4.99428e-02
0.11473	4.84196e-02
0.11474	4.46133e-02
0.10914	4.28332e-02
0.12608	4.25879e-02
0.13832	3.76100e-02
0.14922	3.74685e-02
0.14922	3.74685e-02
0.13513	3.95746e-02
0.13513	3.95746e-02
0.13957	4.52279e-02
0.14582	3.42206e-02
0.11764	5.92603e-02
0.11692	3.79289e-02
0.10241	4.48524e-02
0.10532	4.18200e-02
0.14555	6.51705e-02
0.13742	6.02565e-02
0.11400	5.34783e-02
0.13325	5.37818e-02
0.13628	5.53625e-02
0.10871	5.64947e-02
0.10871	5.64947e-02
0.14375	5.73464e-02
0.14210	6.27940e-02
0.14269	6.19541e-02
0.15120	7.03045e-02
0.15883	5.75502e-02
0.16102	6.08037e-02
0.15078	6.07723e-02
0.15720	7.05960e-02
0.17304	8.66897e-02
0.19506	8.03159e-02
0.20949	7.43166e-02
0.18041	7.00666e-02
0.17332	8.52033e-02
0.17800	8.49536e-02
0.17983	8.43769e-02
0.18075	8.54426e-02
0.21089	9.36536e-02
0.19529	7.64914e-02
0.19529	7.64914e-02
0.18862	6.19245e-02
0.17562	7.01298e-02
0.18368	6.12357e-02
0.16867	7.28597e-02
0.14192	8.51935e-02
0.13853	7.55246e-02
0.13830	7.50885e-02
0.14628	6.47128e-02
0.16874	8.35642e-02
0.14946	7.61551e-02
0.19074	5.98161e-02
0.15941	6.20706e-02
0.16176	7.46894e-02
0.14663	7.63206e-02
0.09968	5.90880e-02
0.10497	6.18081e-02
0.14976	7.57312e-02
0.14947	7.15599e-02
0.14134	4.98805e-02
0.15086	4.76623e-02
0.17956	8.41765e-02
0.16671	9.42966e-02
0.16387	7.58663e-02
0.16742	7.94147e-02
0.15275	7.98247e-02
0.15275	7.98247e-02
0.14193	8.67350e-02
0.15820	7.51671e-02
0.17231	7.26340e-02
0.19546	7.94995e-02
0.18109	7.94412e-02
0.18234	8.19083e-02
0.19221	7.86954e-02
0.18522	7.98504e-02
0.18165	9.00908e-02
0.16561	1.09513e-01
0.15421	1.00187e-01
0.17975	1.03457e-01
0.19929	1.13789e-01
0.17925	1.10590e-01
0.16601	1.01597e-01
0.14688	9.49472e-02
0.15121	9.24135e-02
0.16111	8.39019e-02
0.18173	8.82799e-02
0.18216	8.87902e-02
0.17567	8.44124e-02
0.15407	6.48568e-02
0.17959	5.04658e-02
0.14162	4.69901e-02
0.14042	5.03898e-02
0.15053	5.75062e-02
0.13322	6.57457e-02
0.13215	6.44634e-02
0.13215	6.44634e-02
0.14217	6.77960e-02
0.14223	7.01745e-02
0.13580	6.07019e-02
0.15365	7.45447e-02
0.15470	8.14310e-02
0.16718	5.51561e-02
0.19147	7.32932e-02
0.18432	5.41264e-02
0.16030	6.60147e-02
0.15552	6.46141e-02
0.16468	6.51084e-02
0.13791	6.43664e-02
0.14638	6.61459e-02
0.14638	6.61459e-02
0.15901	6.90549e-02
0.17100	6.48036e-02
0.15201	6.18456e-02
0.15343	7.12364e-02
0.15858	6.49511e-02
0.15858	6.49511e-02
0.14917	6.06175e-02
0.13159	8.24391e-02
0.12782	8.37048e-02
0.14922	7.97516e-02
0.18432	9.10980e-02
0.19650	1.05110e-01
0.19842	8.57355e-02
0.20562	9.17751e-02
0.19523	9.21155e-02
0.19055	8.36749e-02
0.19327	8.83735e-02
0.19276	9.18797e-02
0.19276	9.18797e-02
0.19334	8.78670e-02
0.19334	8.78670e-02
0.16447	8.08019e-02
0.18023	9.30250e-02
0.20550	1.21260e-01
0.19346	1.12005e-01
0.17788	1.03283e-01
0.18598	1.01054e-01
0.18152	1.02691e-01
0.18032	7.61517e-02
0.17011	7.06269e-02
0.16986	4.90785e-02
0.11225	5.37224e-02
0.12804	5.80475e-02
0.11506	4.49253e-02
0.12757	4.90072e-02
0.11284	4.37868e-02
0.21625	8.26143e-02
0.18797	1.17606e-01
0.17201	1.00841e-01
0.17201	1.00841e-01
0.18945	7.63998e-02
0.20483	8.37398e-02
0.24805	2.26380e-02
0.18213	8.52063e-02
0.22070	4.46012e-02
0.22070	4.46012e-02
0.27222	6.91721e-03
0.21938	0.00000e+00
