0.94760	8.08898e-03
0.92330	2.34647e-02
0.90094	2.88357e-02
0.86156	4.47435e-02
0.83857	4.53610e-02
0.83166	4.28120e-02
0.76955	5.87991e-02
0.74301	8.36158e-02
0.73230	5.36745e-02
0.68801	5.98958e-02
0.67856	6.89968e-02
0.68023	7.58415e-02
0.68095	1.03219e-01
0.64698	1.27112e-01
0.62227	1.27229e-01
0.60022	1.99139e-01
0.58779	1.26960e-01
0.64234	1.11664e-01
0.63313	1.28052e-01
0.63867	1.57335e-01
0.62427	1.51320e-01
0.63039	1.89653e-01
0.64549	1.25436e-01
0.65199	1.36809e-01
0.65772	1.42050e-01
0.65196	1.50655e-01
0.64620	1.37581e-01
0.65315	1.47651e-01
0.66949	1.38749e-01
0.64982	1.66868e-01
0.65364	1.92096e-01
0.68229	7.98199e-02
0.64429	1.09355e-01
0.65739	1.11105e-01
0.69251	6.67109e-02
0.68151	4.63898e-02
0.66712	4.96330e-02
0.69163	4.71815e-02
0.68068	6.42779e-02
0.69063	3.65177e-02
0.67484	5.16602e-02
0.66654	6.04464e-02
0.64600	6.84044e-02
0.66198	4.88057e-02
0.62810	6.09812e-02
0.63830	6.41521e-02
0.64227	5.96153e-02
0.64491	4.89809e-02
0.65234	3.69022e-02
0.63930	6.02417e-02
0.66113	4.21753e-02
0.62938	5.11383e-02
0.61695	5.26701e-02
0.63325	3.08316e-02
0.62996	6.82686e-02
0.57846	5.70693e-02
0.59033	5.06533e-02
0.61716	5.21810e-02
0.61455	5.97536e-02
0.60400	3.20245e-02
0.55952	6.12763e-02
0.58941	4.67646e-02
0.57429	4.34439e-02
0.54980	8.14714e-02
0.57944	6.89512e-02
0.54016	5.65352e-02
0.55581	5.38113e-02
0.55796	6.11291e-02
0.54606	5.79973e-02
0.52859	7.04917e-02
0.54647	7.17125e-02
0.50429	4.95747e-02
0.49319	5.62640e-02
0.51638	6.99411e-02
0.51538	6.42033e-02
0.51548	8.42997e-02
0.48097	9.35951e-02
0.47947	5.53600e-02
0.45498	7.42163e-02
0.49009	7.02755e-02
0.44574	7.71986e-02
0.46784	9.05674e-02
0.46946	8.04805e-02
0.44724	8.04059e-02
0.45779	7.02072e-02
0.42016	9.35572e-02
0.44481	8.35938e-02
0.41641	1.00905e-01
0.40968	8.27582e-02
0.38909	8.65029e-02
0.37279	8.80166e-02
0.39273	6.98319e-02
0.35007	7.50827e-02
0.39767	7.13529e-02
0.34283	1.06309e-01
0.33681	6.80192e-02
0.34209	1.18979e-01
0.35600	5.83733e-02
0.29003	7.38075e-02
0.32075	9.03468e-02
0.31282	8.72381e-02
0.32797	9.92297e-02
0.34943	1.01845e-01
0.37020	7.67116e-02
0.36096	8.13764e-02
0.35714	8.62876e-02
0.37533	8.11129e-02
0.36978	7.95048e-02
0.37392	7.69143e-02
0.37014	8.68808e-02
0.38424	7.88331e-02
0.37749	8.38357e-02
0.38941	7.30117e-02
0.38091	7.04908e-02
0.36099	6.29290e-02
0.40695	5.35811e-02
0.40030	6.26536e-02
0.38493	6.63792e-02
0.38170	6.13410e-02
0.35922	8.43690e-02
0.35787	6.49125e-02
0.35786	6.94880e-02
0.34788	6.29614e-02
0.37114	8.60999e-02
0.38711	8.86147e-02
0.37662	9.18201e-02
0.39988	7.06558e-02
0.40844	5.94492e-02
0.38351	6.38197e-02
0.40206	4.44480e-02
0.40127	4.49445e-02
0.40127	4.49445e-02
0.40967	6.86078e-02
0.39236	8.74521e-02
0.40001	8.60999e-02
0.40001	8.60999e-02
0.40476	8.47260e-02
0.39342	7.70783e-02
0.39368	7.69731e-02
0.40019	7.63616e-02
0.41488	7.59452e-02
0.41469	7.80734e-02
0.43947	5.35389e-02
0.44666	5.35474e-02
0.44666	5.35474e-02
0.43923	4.74988e-02
0.43016	4.76874e-02
0.44607	4.93742e-02
0.44480	5.66012e-02
0.44490	5.80452e-02
0.44688	5.71424e-02
0.45965	6.14727e-02
0.46177	6.10187e-02
0.47357	6.17899e-02
0.47114	5.57278e-02
0.46648	5.43731e-02
0.46758	6.50340e-02
0.47512	7.16178e-02
0.48150	7.27909e-02
0.49241	6.99294e-02
0.49797	7.55938e-02
0.49025	8.33486e-02
0.49742	8.93170e-02
0.48891	7.07897e-02
0.49970	8.58894e-02
0.50783	7.39705e-02
0.50125	6.80236e-02
0.48997	7.03123e-02
0.50931	8.93620e-02
0.51891	7.53653e-02
0.50625	9.20979e-02
0.50697	9.29105e-02
0.51624	9.57406e-02
0.50847	9.67707e-02
0.54023	8.87868e-02
0.55394	6.34090e-02
0.56483	5.41287e-02
0.55963	5.76326e-02
0.55963	5.76326e-02
0.55630	5.25226e-02
0.55630	5.25226e-02
0.51431	8.30621e-02
0.51573	8.25390e-02
0.52151	7.22152e-02
0.51947	7.82797e-02
0.53803	5.73660e-02
0.54530	4.98028e-02
0.55162	4.52553e-02
0.56172	6.26989e-02
0.54916	6.55462e-02
0.54916	6.55462e-02
0.54847	7.15621e-02
0.55722	6.45241e-02
0.57022	6.20598e-02
0.57022	6.20598e-02
0.55739	4.77020e-02
0.55644	4.72884e-02
0.55469	5.59244e-02
0.55097	5.05489e-02
0.57796	7.61072e-02
0.58746	7.21744e-02
0.58279	7.54555e-02
0.59579	6.03405e-02
0.59295	5.73575e-02
0.56379	6.80688e-02
0.56379	6.80688e-02
0.56533	6.92375e-02
0.56533	6.92375e-02
0.56919	6.94843e-02
0.58071	6.96695e-02
0.60219	6.48759e-02
0.59276	4.26720e-02
0.60186	3.17690e-02
0.61272	6.66116e-02
0.61949	7.59972e-02
0.61152	9.11563e-02
0.60445	7.39618e-02
0.60789	7.43007e-02
0.61166	7.63012e-02
0.61121	7.66753e-02
0.60426	7.67743e-02
0.60808	7.60261e-02
0.60884	7.58035e-02
0.61901	7.26391e-02
0.61608	7.62159e-02
0.62141	6.81632e-02
0.65112	5.63835e-02
0.63729	7.36274e-02
0.63081	5.76658e-02
0.62869	8.11146e-02
0.63664	7.34638e-02
0.65417	5.19104e-02
0.65432	5.19300e-02
0.66896	5.10558e-02
0.67065	5.41055e-02
0.66780	5.51941e-02
0.66486	5.49348e-02
0.66017	5.72904e-02
0.66130	5.61790e-02
0.66336	4.64007e-02
0.64513	5.07193e-02
0.65545	4.28111e-02
0.65555	4.27487e-02
0.65772	5.14520e-02
0.66371	5.01568e-02
0.67693	4.27856e-02
0.67536	4.20438e-02
0.67524	4.97221e-02
0.67349	4.55912e-02
0.68329	5.03181e-02
0.68513	4.98518e-02
0.70479	4.71306e-02
0.69932	4.53480e-02
0.70364	4.72410e-02
0.68488	4.54216e-02
0.69297	3.73575e-02
0.69586	3.58854e-02
0.70164	3.75087e-02
0.70811	3.95005e-02
0.70410	4.10130e-02
0.71653	6.21050e-02
0.71244	6.29988e-02
0.71157	6.52366e-02
0.71157	6.52366e-02
0.71731	5.48103e-02
0.71758	6.75877e-02
0.71731	5.34408e-02
0.72038	5.70641e-02
0.72026	6.82615e-02
0.73199	8.04102e-02
0.72400	8.50519e-02
0.73559	8.66061e-02
0.73559	8.66061e-02
0.72939	8.18354e-02
0.73836	7.99970e-02
0.74538	6.06687e-02
0.75432	5.64609e-02
0.74955	5.54423e-02
0.75063	5.50553e-02
0.75356	4.94676e-02
0.74548	5.90092e-02
0.73311	8.03812e-02
0.74526	7.51947e-02
0.73789	7.84481e-02
0.74444	7.49394e-02
0.75030	7.55794e-02
0.75429	7.59059e-02
0.75228	7.82894e-02
0.77496	6.07479e-02
0.77367	6.23116e-02
0.77367	6.23116e-02
0.77087	6.22403e-02
0.76690	6.12221e-02
0.76845	6.43450e-02
0.76341	6.58223e-02
0.77932	6.25361e-02
0.78076	7.75882e-02
0.77647	7.89592e-02
0.76427	5.96183e-02
0.76681	6.19252e-02
0.77471	7.12523e-02
0.76482	7.29043e-02
0.76301	6.88382e-02
0.76208	6.92160e-02
0.76645	7.10453e-02
0.76320	6.64795e-02
0.77318	6.69727e-02
0.77221	6.66081e-02
0.78037	6.85819e-02
0.78037	6.85819e-02
0.77497	6.19551e-02
0.76581	6.01519e-02
0.76057	5.99812e-02
0.76764	5.51779e-02
0.78646	5.72579e-02
0.79852	6.17777e-02
0.78962	6.37449e-02
0.79938	6.29318e-02
0.80429	6.12948e-02
0.81760	6.33015e-02
0.81461	6.33867e-02
0.81495	6.33656e-02
0.81367	6.12045e-02
0.80846	6.38856e-02
0.82049	6.90356e-02
0.81518	7.45405e-02
0.81567	7.02428e-02
0.80873	8.16289e-02
0.81252	8.11441e-02
0.81514	8.13187e-02
0.81885	6.71161e-02
0.81464	6.96944e-02
0.81473	6.97996e-02
0.81907	6.63490e-02
0.81907	6.63490e-02
0.82514	7.50691e-02
0.82245	7.76532e-02
0.82758	7.63867e-02
0.83716	6.53035e-02
0.83599	6.87604e-02
0.84654	6.09959e-02
0.84654	6.09959e-02
0.84654	6.09959e-02
0.85171	6.53509e-02
0.84092	6.08688e-02
0.83816	5.64473e-02
0.83146	6.66220e-02
0.84155	6.78580e-02
0.84697	7.45551e-02
0.85159	6.91896e-02
0.85649	6.88003e-02
0.84284	8.00577e-02
0.82177	6.62693e-02
0.83641	6.73282e-02
0.83641	6.73282e-02
0.83801	6.69849e-02
0.82658	6.51697e-02
0.83488	6.02992e-02
0.83488	6.02992e-02
0.83175	6.50717e-02
0.83175	6.50717e-02
0.83728	6.99935e-02
0.83489	6.95458e-02
0.83404	6.84154e-02
0.83747	6.61238e-02
0.84563	6.94710e-02
0.84892	7.23329e-02
0.83323	6.61896e-02
0.83323	6.61896e-02
0.82868	7.39104e-02
0.83709	7.75272e-02
0.81516	6.50325e-02
0.83035	2.99059e-02
0.83035	2.99059e-02
0.84810	4.30390e-02
0.86630	3.97188e-02
0.86723	4.03541e-02
0.86605	4.07261e-02
0.87190	3.91061e-02
0.86067	6.74638e-02
0.87584	6.94398e-02
0.87466	6.88751e-02
0.86982	5.71567e-02
0.87288	5.93479e-02
0.88083	6.53714e-02
0.88150	6.41733e-02
0.88279	6.20466e-02
0.88523	6.18256e-02
0.88458	6.12809e-02
0.88849	6.48713e-02
0.88692	4.40218e-02
0.88741	4.31968e-02
0.89132	2.49478e-02
0.89132	2.49478e-02
0.89661	4.17911e-02
0.89911	4.21504e-02
0.90164	4.48447e-02
0.90394	4.32077e-02
0.89303	4.40873e-02
0.89303	4.40873e-02
0.88451	5.79829e-02
0.89303	4.55960e-02
0.89303	4.55960e-02
0.90316	4.46040e-02
0.88687	3.98977e-02
0.88687	3.98977e-02
0.87519	3.52872e-02
0.88828	4.08707e-02
0.90502	1.72017e-02
0.89790	2.72733e-02
0.91163	7.84839e-03
0.90338	9.95893e-03
0.89950	5.05709e-03
0.89950	5.05709e-03
0.89950	5.05709e-03
0.89371	8.96975e-03
0.89371	8.96975e-03
0.89371	8.96975e-03
0.89371	8.96975e-03
0.90090	5.74728e-03
0.90096	5.78009e-03
0.90096	5.78009e-03
0.89968	4.90385e-03
0.90893	1.66819e-02
0.90893	1.66819e-02
0.91502	1.25159e-02
0.92519	9.96683e-03
0.92905	1.34496e-02
0.92118	1.00744e-02
0.91157	0.00000e+00
0.91157	0.00000e+00
0.94600	0.00000e+00
0.94600	0.00000e+00
0.94600	0.00000e+00
0.94600	0.00000e+00
0.94600	0.00000e+00
0.94600	0.00000e+00
0.94600	0.00000e+00
0.96268	0.00000e+00
0.96268	0.00000e+00
0.96268	0.00000e+00
0.96268	0.00000e+00
0.96268	0.00000e+00
0.94311	0.00000e+00
0.96279	0.00000e+00
