0.97192	3.74754e-03
0.95890	9.58677e-03
0.94018	2.61969e-02
0.90502	4.69526e-02
0.88965	5.34349e-02
0.87853	6.09149e-02
0.85837	5.11040e-02
0.84704	8.51899e-02
0.84778	7.84023e-02
0.79745	1.26961e-01
0.77273	1.44632e-01
0.78173	7.43116e-02
0.77590	8.06148e-02
0.75497	8.87357e-02
0.73606	1.18792e-01
0.71489	1.01066e-01
0.72435	7.88757e-02
0.73133	9.16640e-02
0.75687	9.64497e-02
0.72927	9.56371e-02
0.74101	8.32588e-02
0.75224	9.53488e-02
0.74618	7.14093e-02
0.74383	5.82244e-02
0.72551	7.85989e-02
0.75293	8.05939e-02
0.74629	5.37696e-02
0.72236	7.58973e-02
0.76103	4.10745e-02
0.75916	5.76757e-02
0.74587	5.93750e-02
0.73501	5.72758e-02
0.72719	6.92735e-02
0.71446	6.68983e-02
0.73455	7.20264e-02
0.73483	5.36449e-02
0.72239	7.25030e-02
0.71799	6.09702e-02
0.73936	5.23827e-02
0.73462	4.42801e-02
0.73453	5.91655e-02
0.72171	6.42205e-02
0.69928	7.20610e-02
0.70497	7.08672e-02
0.70456	6.50468e-02
0.70847	3.70382e-02
0.70526	4.32589e-02
0.69900	3.32079e-02
0.68981	3.88138e-02
0.69093	4.52825e-02
0.69332	6.72945e-02
0.66821	3.81661e-02
0.68424	5.01157e-02
0.66778	4.84888e-02
0.67704	4.00527e-02
0.65457	3.84007e-02
0.66685	6.41526e-02
0.65611	4.10084e-02
0.64463	4.98826e-02
0.66289	5.13140e-02
0.64351	4.90019e-02
0.62515	6.07292e-02
0.61898	6.69542e-02
0.63300	6.63200e-02
0.64286	4.88475e-02
0.61527	6.56389e-02
0.61378	6.44694e-02
0.60294	6.06807e-02
0.60738	7.35750e-02
0.59698	5.38101e-02
0.59684	7.98418e-02
0.54818	7.65140e-02
0.58111	8.79499e-02
0.55723	7.11937e-02
0.56126	6.19781e-02
0.52619	5.62432e-02
0.55873	4.34817e-02
0.52825	5.43002e-02
0.50310	9.03345e-02
0.53432	6.86672e-02
0.48946	8.02646e-02
0.50116	7.50551e-02
0.48213	5.16112e-02
0.48942	7.98260e-02
0.45645	7.75693e-02
0.48511	6.58894e-02
0.45673	8.63905e-02
0.45667	7.31488e-02
0.44814	6.01436e-02
0.40151	8.35565e-02
0.43621	6.99053e-02
0.43672	6.38418e-02
0.38829	5.25225e-02
0.39121	6.15223e-02
0.41241	8.66099e-02
0.38545	7.17129e-02
0.38828	7.44736e-02
0.37424	8.23687e-02
0.35781	6.81052e-02
0.37051	8.34263e-02
0.38008	8.92589e-02
0.38959	8.20929e-02
0.38629	7.77107e-02
0.39505	8.19061e-02
0.41312	5.83894e-02
0.39582	4.68234e-02
0.40668	6.94707e-02
0.42755	6.84268e-02
0.39979	9.49224e-02
0.39979	9.49224e-02
0.39331	8.03671e-02
0.40670	9.33934e-02
0.39230	7.89513e-02
0.39187	7.90759e-02
0.39764	8.12639e-02
0.40802	9.17528e-02
0.41218	9.87250e-02
0.43160	8.96249e-02
0.39142	9.43667e-02
0.39176	9.18454e-02
0.40955	8.86492e-02
0.41857	7.31163e-02
0.39913	7.72716e-02
0.42510	7.42876e-02
0.41851	8.07079e-02
0.43405	8.10834e-02
0.43853	8.14724e-02
0.43853	8.14724e-02
0.42999	8.48061e-02
0.44551	8.79811e-02
0.45058	9.11401e-02
0.45080	9.42224e-02
0.47009	7.70044e-02
0.44805	6.75720e-02
0.45266	6.73361e-02
0.46615	6.15886e-02
0.47736	5.23419e-02
0.46256	8.24454e-02
0.46850	8.68638e-02
0.47208	8.80736e-02
0.47520	9.10950e-02
0.48462	9.42609e-02
0.49779	6.68312e-02
0.49186	6.72128e-02
0.50334	7.06599e-02
0.49501	6.92798e-02
0.48650	5.97764e-02
0.49270	6.16739e-02
0.49272	6.16457e-02
0.48203	7.55947e-02
0.48612	8.24336e-02
0.48475	8.41996e-02
0.47516	7.99573e-02
0.46282	7.92944e-02
0.48396	8.18130e-02
0.49013	8.27811e-02
0.49449	7.55922e-02
0.50477	7.06435e-02
0.51288	7.90203e-02
0.52226	6.16546e-02
0.53067	6.07483e-02
0.53870	6.76553e-02
0.53046	6.54877e-02
0.55458	5.46023e-02
0.56136	6.26001e-02
0.55203	6.15526e-02
0.53232	3.65580e-02
0.53336	5.91077e-02
0.53950	6.34776e-02
0.52710	8.34500e-02
0.53974	5.10927e-02
0.53130	7.18024e-02
0.53780	8.20929e-02
0.55136	7.92371e-02
0.56980	1.01325e-01
0.57167	1.01452e-01
0.58115	7.64170e-02
0.58084	8.78541e-02
0.58467	1.02829e-01
0.58703	9.60311e-02
0.58526	9.90820e-02
0.56130	8.44437e-02
0.55051	1.01192e-01
0.55089	1.01272e-01
0.53732	8.00211e-02
0.55476	9.62257e-02
0.55476	9.62257e-02
0.55804	1.00509e-01
0.55804	1.00509e-01
0.58100	8.92069e-02
0.58471	8.94926e-02
0.58035	8.50920e-02
0.57944	8.51723e-02
0.60925	6.48811e-02
0.60807	6.57340e-02
0.61446	4.76588e-02
0.62028	5.56910e-02
0.61941	5.78931e-02
0.63195	6.27874e-02
0.65010	6.14988e-02
0.64702	7.73492e-02
0.65247	7.30977e-02
0.64834	6.71095e-02
0.65716	7.84989e-02
0.65173	7.36089e-02
0.65272	7.42288e-02
0.65017	7.52420e-02
0.64147	7.49721e-02
0.65285	5.91380e-02
0.65361	6.23915e-02
0.65579	5.98826e-02
0.66406	4.60443e-02
0.65372	4.04249e-02
0.65951	4.27585e-02
0.67959	5.49011e-02
0.67959	5.49011e-02
0.66918	5.31792e-02
0.66907	5.27066e-02
0.67627	5.71629e-02
0.68605	5.30972e-02
0.68795	5.42406e-02
0.68437	5.74702e-02
0.68633	5.87988e-02
0.69350	7.05287e-02
0.68002	7.66229e-02
0.69581	6.71766e-02
0.68766	7.01243e-02
0.68825	6.30474e-02
0.69145	6.03022e-02
0.70389	5.11040e-02
0.71452	4.05850e-02
0.71374	5.24015e-02
0.69395	7.07433e-02
0.69358	7.59494e-02
0.69737	7.35011e-02
0.69200	6.76385e-02
0.70524	6.50381e-02
0.70144	6.33244e-02
0.70232	6.25348e-02
0.71924	3.89273e-02
0.72675	5.70362e-02
0.72668	5.70478e-02
0.72393	5.77874e-02
0.72829	6.16082e-02
0.72312	5.81195e-02
0.73285	4.73242e-02
0.72747	4.53628e-02
0.72747	4.53628e-02
0.72848	4.91454e-02
0.73286	4.87927e-02
0.73718	5.02099e-02
0.73953	4.73679e-02
0.74086	4.94545e-02
0.75041	4.69154e-02
0.73751	5.78212e-02
0.74726	5.05737e-02
0.75981	3.49290e-02
0.75754	3.45575e-02
0.76228	5.31985e-02
0.75631	5.80654e-02
0.75136	4.46448e-02
0.75465	4.24655e-02
0.75363	4.18645e-02
0.75816	5.43902e-02
0.76424	5.26917e-02
0.76271	5.67558e-02
0.75474	5.44025e-02
0.76236	5.19895e-02
0.76772	5.53645e-02
0.77399	5.12356e-02
0.78163	4.18678e-02
0.79386	4.84398e-02
0.78265	5.50579e-02
0.77661	5.68878e-02
0.78390	4.93409e-02
0.78172	4.96591e-02
0.78669	5.75394e-02
0.79037	5.74358e-02
0.79088	5.71610e-02
0.79436	6.05297e-02
0.79846	5.94915e-02
0.79939	6.10170e-02
0.80818	5.56495e-02
0.80818	5.56495e-02
0.80887	5.53359e-02
0.81036	6.05909e-02
0.81847	4.95250e-02
0.81851	4.95507e-02
0.82304	4.58314e-02
0.81158	5.44963e-02
0.82727	5.80870e-02
0.83611	4.71665e-02
0.83682	4.95463e-02
0.83071	4.59161e-02
0.82398	5.44028e-02
0.83665	4.64192e-02
0.83665	4.64192e-02
0.83843	4.62216e-02
0.84850	5.62829e-02
0.84168	5.80000e-02
0.84720	5.32927e-02
0.85080	4.90299e-02
0.84519	4.19556e-02
0.84290	5.75668e-02
0.84414	5.22519e-02
0.84294	5.09244e-02
0.84476	5.97160e-02
0.84703	6.22623e-02
0.84780	6.27548e-02
0.85494	6.44665e-02
0.85940	6.42521e-02
0.85487	6.14660e-02
0.85625	6.12431e-02
0.85627	6.12572e-02
0.86471	5.41057e-02
0.86284	5.61516e-02
0.86883	5.12928e-02
0.86907	5.13627e-02
0.87155	5.36818e-02
0.87048	5.29466e-02
0.86682	5.18735e-02
0.87277	5.61683e-02
0.86630	5.14671e-02
0.86673	5.18113e-02
0.86997	5.43717e-02
0.86839	5.64988e-02
0.86153	6.06841e-02
0.86790	6.71749e-02
0.87758	5.70589e-02
0.88381	5.95938e-02
0.87768	6.36815e-02
0.87880	6.42598e-02
0.87036	7.33838e-02
0.87036	7.33838e-02
0.88137	6.87764e-02
0.88593	6.53458e-02
0.88911	6.87641e-02
0.88801	6.35526e-02
0.87665	6.04874e-02
0.87665	6.04874e-02
0.87810	5.98569e-02
0.87810	5.98569e-02
0.88170	6.28378e-02
0.86073	5.86917e-02
0.86073	5.86917e-02
0.86273	5.87660e-02
0.86845	6.57339e-02
0.87471	7.03303e-02
0.89674	4.32144e-02
0.89674	4.32144e-02
0.89855	4.23196e-02
0.90425	4.17327e-02
0.90266	4.34606e-02
0.91589	4.10381e-02
0.91367	4.00853e-02
0.91440	4.09927e-02
0.91488	4.06897e-02
0.91674	3.85994e-02
0.89219	6.25670e-02
0.89279	6.28759e-02
0.89338	6.28635e-02
0.89804	6.26923e-02
0.90921	4.09557e-02
0.90354	4.09197e-02
0.88532	3.79381e-02
0.88362	3.72826e-02
0.88487	3.51031e-02
0.88863	3.52828e-02
0.90172	1.61458e-02
0.89238	3.14543e-02
0.90003	3.50219e-02
0.90452	3.96219e-02
0.90452	3.96219e-02
0.90934	3.99998e-02
0.90708	3.78006e-02
0.90708	3.78006e-02
0.90948	3.91453e-02
0.91215	4.15480e-02
0.91215	4.15480e-02
0.91622	4.57307e-02
0.90191	3.98788e-02
0.90055	3.11102e-02
0.90055	3.11102e-02
0.90207	3.36417e-02
0.90532	3.61206e-02
0.91751	1.87677e-02
0.91027	2.73983e-02
0.91027	2.73983e-02
0.91027	2.73983e-02
0.92568	1.67453e-02
0.92894	1.94664e-02
0.92894	1.94664e-02
0.92002	1.60989e-02
0.91970	1.57619e-02
0.91970	1.57619e-02
0.91169	2.86016e-02
0.91169	2.86016e-02
0.91955	4.05433e-02
0.89996	2.70733e-02
0.91687	3.85606e-02
0.92000	3.98658e-02
0.92000	3.98658e-02
0.92000	3.98658e-02
0.92391	5.14533e-02
0.91404	4.21671e-02
0.93394	1.42340e-02
0.94547	2.46670e-02
0.94547	2.46670e-02
0.94547	2.46670e-02
0.94547	2.46670e-02
0.93822	3.41392e-02
0.94166	3.53988e-02
0.94166	3.53988e-02
0.94162	3.53652e-02
0.92519	3.26456e-02
0.92519	3.26456e-02
0.92519	3.26456e-02
0.92519	3.26456e-02
0.93487	4.23232e-02
0.91906	0.00000e+00
0.91906	0.00000e+00
0.91906	0.00000e+00
0.91906	0.00000e+00
0.90103	0.00000e+00
0.90103	0.00000e+00
0.94422	0.00000e+00
0.94422	0.00000e+00
0.94422	0.00000e+00
0.94422	0.00000e+00
0.93199	0.00000e+00
0.93761	0.00000e+00
0.93761	0.00000e+00
0.92662	0.00000e+00
0.92662	0.00000e+00
0.92662	0.00000e+00
0.92662	0.00000e+00
0.94394	0.00000e+00
0.94394	0.00000e+00
0.94394	0.00000e+00
0.94394	0.00000e+00
0.94394	0.00000e+00
0.94394	0.00000e+00
0.94394	0.00000e+00
0.94394	0.00000e+00
0.94394	0.00000e+00
0.94394	0.00000e+00
0.94394	0.00000e+00
0.94394	0.00000e+00
0.94394	0.00000e+00
0.94394	0.00000e+00
0.94394	0.00000e+00
0.94394	0.00000e+00
0.94394	0.00000e+00
0.94394	0.00000e+00
0.94394	0.00000e+00
0.94394	0.00000e+00
0.94394	0.00000e+00
0.94394	0.00000e+00
0.94394	0.00000e+00
0.94394	0.00000e+00
0.94394	0.00000e+00
0.94394	0.00000e+00
0.94394	0.00000e+00
0.95376	0.00000e+00
0.97303	0.00000e+00
0.97303	0.00000e+00
0.97303	0.00000e+00
0.97303	0.00000e+00
0.97503	0.00000e+00
0.97503	0.00000e+00
0.97500	0.00000e+00
