0.99311	6.73800e-04
0.98127	1.05515e-02
0.97786	1.17141e-02
0.96609	1.78528e-02
0.95903	1.90386e-02
0.94822	1.97672e-02
0.92969	3.24794e-02
0.92884	4.14768e-02
0.92583	3.75002e-02
0.90856	4.32609e-02
0.88446	5.39996e-02
0.87153	5.79815e-02
0.85446	9.29411e-02
0.82891	1.13564e-01
0.81922	1.01774e-01
0.82009	6.46300e-02
0.80964	6.85926e-02
0.80168	7.69652e-02
0.81247	5.03803e-02
0.81606	7.24327e-02
0.82583	5.78537e-02
0.81030	4.68897e-02
0.82299	3.49133e-02
0.82104	4.93416e-02
0.81122	4.90036e-02
0.82275	5.47650e-02
0.83371	4.90104e-02
0.80874	4.45819e-02
0.81840	4.63595e-02
0.81572	3.42717e-02
0.80591	3.97959e-02
0.77682	5.72280e-02
0.78171	4.50439e-02
0.79050	2.84974e-02
0.79908	4.42697e-02
0.79969	4.13682e-02
0.79771	4.64730e-02
0.79076	4.64764e-02
0.79870	5.21316e-02
0.78640	4.44368e-02
0.81066	2.53819e-02
0.80703	4.73143e-02
0.80828	3.34220e-02
0.79602	2.22358e-02
0.76913	3.94297e-02
0.76696	3.92304e-02
0.78218	3.53796e-02
0.78020	5.60212e-02
0.78056	3.67306e-02
0.75137	5.47775e-02
0.76599	6.60700e-02
0.75040	5.15478e-02
0.75497	5.75855e-02
0.75361	6.04950e-02
0.75367	6.08622e-02
0.73148	6.75136e-02
0.74129	5.56305e-02
0.74016	7.40939e-02
0.73194	6.86789e-02
0.74192	4.48037e-02
0.74020	6.44058e-02
0.71900	7.68842e-02
0.74074	5.11580e-02
0.71038	5.87351e-02
0.70548	3.55323e-02
0.72164	4.42309e-02
0.68582	6.31701e-02
0.70149	6.26929e-02
0.69633	5.61168e-02
0.66734	3.52993e-02
0.66544	7.38513e-02
0.67738	7.07014e-02
0.67545	5.25133e-02
0.65586	6.01058e-02
0.64881	4.57120e-02
0.65268	4.23778e-02
0.62249	4.34437e-02
0.60430	5.80790e-02
0.64260	4.07457e-02
0.60903	5.07147e-02
0.61444	6.08879e-02
0.61029	4.95309e-02
0.61137	6.61104e-02
0.61539	8.10206e-02
0.57948	8.45231e-02
0.56510	5.44825e-02
0.54920	7.81332e-02
0.55182	7.44519e-02
0.59501	1.01658e-01
0.52055	7.51016e-02
0.58283	7.38050e-02
0.53953	7.71349e-02
0.51855	6.10355e-02
0.52867	7.34556e-02
0.51263	7.94541e-02
0.52125	4.61120e-02
0.50318	6.56313e-02
0.46219	6.98423e-02
0.48630	5.89112e-02
0.50564	5.94626e-02
0.50280	7.08665e-02
0.51757	8.05677e-02
0.50801	7.48372e-02
0.51825	7.40375e-02
0.53389	8.59449e-02
0.52734	8.69310e-02
0.53480	8.37590e-02
0.54250	8.16357e-02
0.54892	8.52676e-02
0.53725	9.02248e-02
0.52388	8.57701e-02
0.54404	8.46820e-02
0.55685	8.67858e-02
0.55784	8.75841e-02
0.55689	8.64508e-02
0.55447	9.50566e-02
0.54977	9.37972e-02
0.54325	8.80327e-02
0.57096	8.13653e-02
0.57433	7.89741e-02
0.58088	9.84748e-02
0.59085	9.97814e-02
0.57956	8.81493e-02
0.59225	7.80377e-02
0.59398	7.94513e-02
0.58522	5.62994e-02
0.58925	5.82989e-02
0.58612	5.49812e-02
0.58717	5.47183e-02
0.61213	6.36305e-02
0.60280	6.07564e-02
0.61181	6.65582e-02
0.61242	6.42286e-02
0.61705	6.74603e-02
0.61592	6.47217e-02
0.61942	6.83352e-02
0.61492	7.02885e-02
0.61246	7.19173e-02
0.61299	7.20105e-02
0.61203	7.11284e-02
0.60952	8.41793e-02
0.61716	8.80454e-02
0.61524	8.99825e-02
0.61339	8.88342e-02
0.62000	8.96406e-02
0.63937	9.56283e-02
0.62939	9.48431e-02
0.63003	8.41699e-02
0.63509	8.57726e-02
0.63537	7.90873e-02
0.64424	8.12504e-02
0.63956	7.90583e-02
0.64195	8.28413e-02
0.65557	6.59680e-02
0.66732	6.93452e-02
0.66531	7.43793e-02
0.67539	5.20564e-02
0.65696	8.26165e-02
0.65068	8.21986e-02
0.66114	8.82956e-02
0.67276	9.27817e-02
0.67478	9.53330e-02
0.67486	8.20482e-02
0.67486	8.20482e-02
0.67841	6.64848e-02
0.68167	6.79928e-02
0.69017	7.09459e-02
0.68275	6.78762e-02
0.68417	7.26821e-02
0.69353	8.58595e-02
0.69939	7.90341e-02
0.70561	7.14448e-02
0.71665	7.07149e-02
0.70245	6.20631e-02
0.71601	6.06675e-02
0.73120	7.36648e-02
0.73389	6.79129e-02
0.72876	7.18894e-02
0.73569	6.24762e-02
0.73803	6.32355e-02
0.73220	6.26589e-02
0.74901	6.27442e-02
0.74198	6.09685e-02
0.74033	5.74056e-02
0.73522	5.05549e-02
0.73522	5.05549e-02
0.73522	5.05549e-02
0.73819	5.34266e-02
0.75304	4.85261e-02
0.74837	4.42190e-02
0.74957	4.44477e-02
0.74828	5.42922e-02
0.74828	5.42922e-02
0.75571	6.04822e-02
0.75870	6.42610e-02
0.76705	5.14672e-02
0.77323	5.05992e-02
0.76585	4.67010e-02
0.76859	4.69842e-02
0.77436	5.05510e-02
0.77607	4.79795e-02
0.78036	4.86349e-02
0.77294	4.32341e-02
0.77645	4.27529e-02
0.77047	4.87442e-02
0.77590	3.75582e-02
0.79224	4.84186e-02
0.80036	5.12145e-02
0.80054	4.98805e-02
0.79522	4.71881e-02
0.79549	4.74302e-02
0.80220	5.13240e-02
0.80198	5.18963e-02
0.81909	5.37296e-02
0.81940	5.39126e-02
0.81438	5.36673e-02
0.81237	5.36292e-02
0.81237	5.36292e-02
0.81230	5.46586e-02
0.80408	4.84521e-02
0.80794	5.40851e-02
0.81150	4.72558e-02
0.80510	4.96000e-02
0.80823	4.75056e-02
0.80772	4.79481e-02
0.81180	4.72106e-02
0.80673	5.03278e-02
0.81359	6.27801e-02
0.80859	5.41787e-02
0.81228	4.54007e-02
0.81503	4.55144e-02
0.81961	4.69934e-02
0.82179	4.78807e-02
0.81694	3.72043e-02
0.81694	3.72043e-02
0.81828	4.30317e-02
0.82841	4.77501e-02
0.83246	4.73755e-02
0.83988	4.46783e-02
0.84455	4.79660e-02
0.84806	3.44201e-02
0.84667	3.61617e-02
0.85627	3.81159e-02
0.85431	3.94868e-02
0.84956	3.58382e-02
0.84662	3.44247e-02
0.85302	3.58527e-02
0.84259	3.57005e-02
0.84266	3.44172e-02
0.84951	3.96863e-02
0.84615	2.97972e-02
0.84533	3.92678e-02
0.84857	4.20661e-02
0.85359	3.41746e-02
0.85732	3.51350e-02
0.85870	3.57598e-02
0.85749	3.45927e-02
0.85326	3.54395e-02
0.85346	3.73408e-02
0.84730	3.63230e-02
0.84492	3.58680e-02
0.85475	4.45593e-02
0.86133	4.51832e-02
0.85387	4.04461e-02
0.85211	3.84839e-02
0.85326	3.97559e-02
0.85479	4.01201e-02
0.85479	4.01201e-02
0.86378	2.82386e-02
0.87329	3.69089e-02
0.87365	3.86715e-02
0.88112	3.45710e-02
0.88370	3.28254e-02
0.87801	2.99957e-02
0.87610	3.39397e-02
0.88358	3.90395e-02
0.89225	3.20495e-02
0.89753	2.35105e-02
0.89332	2.67155e-02
0.89393	2.67471e-02
0.88799	2.90837e-02
0.88841	2.90583e-02
0.89559	2.69482e-02
0.89668	2.69316e-02
0.89668	2.69316e-02
0.89668	2.69316e-02
0.89149	3.12416e-02
0.89215	3.13727e-02
0.89561	2.27976e-02
0.89927	2.79714e-02
0.88015	3.95206e-02
0.88420	4.40773e-02
0.89141	3.30789e-02
0.89243	3.70701e-02
0.88931	3.71237e-02
0.88946	3.73031e-02
0.88728	3.84408e-02
0.89463	3.90708e-02
0.89754	4.00170e-02
0.90506	3.98413e-02
0.91436	3.06935e-02
0.91436	3.06935e-02
0.90769	2.92818e-02
0.90786	2.96531e-02
0.90131	4.78046e-02
0.90131	4.78046e-02
0.90039	4.57583e-02
0.90010	4.35678e-02
0.90283	4.68276e-02
0.91111	4.22001e-02
0.91055	4.21850e-02
0.91498	4.28413e-02
0.91220	4.29580e-02
0.91366	4.23047e-02
0.91632	4.61118e-02
0.90727	4.82201e-02
0.91717	3.27859e-02
0.91810	3.10769e-02
0.91327	4.00875e-02
0.91762	4.21373e-02
0.91787	4.16595e-02
0.91944	4.25879e-02
0.92357	3.88169e-02
0.91289	2.40181e-02
0.91053	2.55070e-02
0.91572	2.44419e-02
0.91670	2.40724e-02
0.91978	2.44504e-02
0.91488	2.12356e-02
0.91302	2.20974e-02
0.90693	1.96106e-02
0.90795	1.62544e-02
0.91328	2.11362e-02
0.91303	2.51433e-02
0.93037	2.92912e-02
0.93072	2.90429e-02
0.92903	2.77662e-02
0.92960	2.26701e-02
0.93448	2.45676e-02
0.92922	2.29703e-02
0.93530	1.72361e-02
0.93981	1.93702e-02
0.94733	1.27898e-02
0.94807	1.26276e-02
0.94568	2.88245e-02
0.94995	1.90629e-02
0.94995	1.90629e-02
0.94867	2.19493e-02
0.94755	2.12347e-02
0.94902	1.41357e-02
0.94710	1.57255e-02
0.94203	1.94139e-02
0.94401	2.13527e-02
0.93724	2.68427e-02
0.93250	3.10995e-02
0.93411	3.27960e-02
0.94278	2.94824e-02
0.94019	3.32023e-02
0.94023	3.32987e-02
0.94351	3.34401e-02
0.94351	3.34401e-02
0.94831	2.91641e-02
0.94333	3.42588e-02
0.94014	3.08977e-02
0.93969	3.09573e-02
0.94336	3.40502e-02
0.95799	2.24458e-02
0.95799	2.24458e-02
0.95636	2.63519e-02
0.95099	2.37350e-02
0.95015	2.38732e-02
0.95168	2.31148e-02
0.94474	1.69213e-02
0.94463	1.71312e-02
0.94488	1.03031e-02
0.94488	1.03031e-02
0.94101	1.20452e-02
0.94595	1.79121e-02
0.96132	1.35933e-02
0.95503	1.94175e-02
0.95063	2.40773e-02
0.95653	2.50868e-02
0.94721	2.76293e-02
0.95426	2.30337e-02
0.95426	2.30337e-02
0.95416	2.30447e-02
0.95484	2.18254e-02
0.95627	2.12011e-02
0.95295	1.98361e-02
0.96043	2.52453e-02
0.95670	2.14466e-02
0.96019	2.57364e-02
0.94622	1.93372e-02
0.95375	9.25249e-03
0.95825	9.57521e-03
0.95182	8.58750e-03
0.95182	8.58750e-03
0.95182	8.58750e-03
0.95182	8.58750e-03
0.94939	1.09621e-02
0.95628	1.20864e-02
0.95937	2.31109e-02
0.96986	2.19345e-02
0.96229	2.19941e-02
0.98006	1.33877e-02
0.98006	1.33877e-02
0.98006	1.33877e-02
0.98006	1.33877e-02
0.98021	1.35452e-02
0.97676	1.13923e-02
0.97859	9.82586e-03
0.97856	9.79146e-03
0.97236	3.65547e-04
0.95346	1.92655e-02
0.95346	1.92655e-02
0.96346	2.92676e-02
0.99288	0.00000e+00
0.99288	0.00000e+00
0.99288	0.00000e+00
0.99288	0.00000e+00
0.99288	0.00000e+00
0.97315	0.00000e+00
0.97315	0.00000e+00
0.97315	0.00000e+00
0.97315	0.00000e+00
0.97315	0.00000e+00
0.97315	0.00000e+00
0.97315	0.00000e+00
0.97315	0.00000e+00
0.97315	0.00000e+00
0.97315	0.00000e+00
0.97315	0.00000e+00
0.97315	0.00000e+00
0.99311	0.00000e+00
