0.99428	6.98900e-04
0.98839	7.80852e-03
0.98274	1.42945e-02
0.98031	1.33829e-02
0.96386	1.76074e-02
0.95569	2.67009e-02
0.95134	2.83956e-02
0.95396	2.14267e-02
0.94950	2.89778e-02
0.91697	3.48603e-02
0.92327	4.25403e-02
0.92451	3.87572e-02
0.90373	7.01506e-02
0.86296	8.04075e-02
0.86806	5.24932e-02
0.85180	6.58907e-02
0.86509	6.99049e-02
0.87334	7.74700e-02
0.86948	7.47371e-02
0.85340	6.89396e-02
0.84735	8.68293e-02
0.87845	4.64624e-02
0.84569	5.64086e-02
0.84496	5.17659e-02
0.84322	4.74362e-02
0.82886	3.69587e-02
0.84584	4.08073e-02
0.83924	3.23756e-02
0.83071	4.83826e-02
0.82007	3.94907e-02
0.80145	4.53751e-02
0.79164	2.97158e-02
0.80336	2.62126e-02
0.82214	3.32383e-02
0.82475	3.25158e-02
0.82866	4.56662e-02
0.83068	2.98950e-02
0.80365	5.28755e-02
0.81911	4.09755e-02
0.80794	5.54279e-02
0.80447	3.99420e-02
0.79647	4.02104e-02
0.79049	1.61872e-02
0.78085	5.16785e-02
0.78658	4.26717e-02
0.78774	4.15007e-02
0.79991	4.23232e-02
0.76627	6.22844e-02
0.76551	4.66625e-02
0.77129	5.02212e-02
0.75234	6.39602e-02
0.74858	6.37398e-02
0.75804	3.76727e-02
0.73116	5.45145e-02
0.74078	4.55708e-02
0.71475	6.82954e-02
0.70631	5.18957e-02
0.71956	4.77265e-02
0.69119	3.90301e-02
0.69234	7.04658e-02
0.71108	6.21645e-02
0.64006	4.91319e-02
0.69700	5.33184e-02
0.68195	5.59196e-02
0.65377	6.94304e-02
0.67054	4.44131e-02
0.64967	5.54510e-02
0.65403	4.06915e-02
0.64709	4.54065e-02
0.64434	4.02477e-02
0.65860	5.77252e-02
0.63413	4.10145e-02
0.60860	5.08174e-02
0.61528	5.30338e-02
0.60910	4.91452e-02
0.60772	3.56369e-02
0.58761	6.73385e-02
0.58906	8.61112e-02
0.59293	5.31701e-02
0.58582	6.24769e-02
0.55369	8.32243e-02
0.54912	6.31163e-02
0.59247	5.74638e-02
0.53605	6.90480e-02
0.52636	1.03639e-01
0.53058	7.33449e-02
0.53236	8.16548e-02
0.49950	8.84358e-02
0.50940	5.64988e-02
0.47652	9.11205e-02
0.47466	9.53549e-02
0.48343	9.12579e-02
0.46038	6.37021e-02
0.48254	8.33288e-02
0.44683	6.84936e-02
0.49182	5.86493e-02
0.47029	1.11705e-01
0.43118	8.29329e-02
0.44938	8.51589e-02
0.48996	7.09517e-02
0.50784	8.37041e-02
0.49726	7.67991e-02
0.50466	8.57686e-02
0.50178	8.35856e-02
0.47869	7.49892e-02
0.49708	7.33635e-02
0.48532	6.89021e-02
0.49390	7.09280e-02
0.52878	7.90163e-02
0.53231	8.00410e-02
0.51722	7.00032e-02
0.51970	7.37341e-02
0.51349	6.79481e-02
0.52001	6.85146e-02
0.53254	7.12173e-02
0.54693	7.69229e-02
0.55268	7.53835e-02
0.55512	7.28463e-02
0.54826	6.92552e-02
0.55691	6.57404e-02
0.56398	5.03721e-02
0.57432	4.74568e-02
0.58439	6.65326e-02
0.59170	7.10390e-02
0.58873	7.61185e-02
0.59325	7.49175e-02
0.59781	7.56737e-02
0.59781	7.56737e-02
0.60027	8.07733e-02
0.62192	8.70986e-02
0.62224	8.76565e-02
0.59985	8.76813e-02
0.61460	8.32539e-02
0.62109	8.33082e-02
0.62109	8.33082e-02
0.62355	9.62896e-02
0.62765	8.87600e-02
0.61907	8.52507e-02
0.61673	7.96836e-02
0.61005	7.91170e-02
0.61604	8.30516e-02
0.62501	8.33578e-02
0.64368	6.37974e-02
0.63393	8.90099e-02
0.63428	8.87757e-02
0.65179	9.00582e-02
0.67271	7.07337e-02
0.67271	7.07337e-02
0.64442	6.30448e-02
0.65129	6.45970e-02
0.64522	6.54316e-02
0.66435	5.45028e-02
0.67234	5.12863e-02
0.66685	5.14008e-02
0.67430	6.03685e-02
0.67430	6.03685e-02
0.66918	5.84422e-02
0.66504	5.91622e-02
0.67123	5.90576e-02
0.67227	6.23846e-02
0.69362	6.12051e-02
0.68514	7.55992e-02
0.68846	7.80618e-02
0.69009	7.97127e-02
0.69858	8.31330e-02
0.69923	8.22943e-02
0.71889	6.28092e-02
0.71295	6.68129e-02
0.70903	5.95979e-02
0.71998	5.69780e-02
0.72061	5.79316e-02
0.72061	5.79316e-02
0.71258	6.44323e-02
0.70734	5.04972e-02
0.71659	5.35303e-02
0.71182	5.62860e-02
0.71317	5.80000e-02
0.71003	4.93013e-02
0.73607	6.82358e-02
0.73514	6.81470e-02
0.73517	6.81343e-02
0.74331	5.83304e-02
0.74295	5.85477e-02
0.74185	5.00459e-02
0.73991	5.14994e-02
0.74485	5.48993e-02
0.75212	5.47891e-02
0.75013	5.21031e-02
0.74382	5.47313e-02
0.74144	5.88178e-02
0.74875	6.52592e-02
0.76556	6.97700e-02
0.76691	6.34623e-02
0.76302	6.09810e-02
0.76223	6.30392e-02
0.76383	6.85542e-02
0.77615	6.86926e-02
0.76913	7.18097e-02
0.78599	5.83434e-02
0.77912	5.43362e-02
0.78082	6.29312e-02
0.78765	6.12748e-02
0.78700	6.10530e-02
0.78908	5.82674e-02
0.80226	5.08399e-02
0.80561	5.11270e-02
0.80196	5.54454e-02
0.80188	5.93457e-02
0.79953	4.53685e-02
0.78929	3.46048e-02
0.80197	4.88320e-02
0.80197	4.88320e-02
0.80090	4.59453e-02
0.80090	4.59453e-02
0.81216	5.61712e-02
0.81459	5.42382e-02
0.81141	4.81663e-02
0.81845	5.21057e-02
0.81375	5.61773e-02
0.81823	4.90674e-02
0.80668	6.09245e-02
0.81759	4.10830e-02
0.81997	4.27332e-02
0.81764	4.01454e-02
0.82179	4.59982e-02
0.82160	4.63090e-02
0.82246	4.67271e-02
0.83431	4.61457e-02
0.83520	4.51479e-02
0.82644	5.53083e-02
0.83083	5.61313e-02
0.82670	6.13396e-02
0.82050	5.53863e-02
0.83263	4.54475e-02
0.83437	4.51383e-02
0.83967	3.52215e-02
0.83577	3.02311e-02
0.82423	4.35512e-02
0.82423	4.35512e-02
0.82385	4.38845e-02
0.82683	4.52051e-02
0.83516	3.80584e-02
0.83489	3.75768e-02
0.83639	3.87613e-02
0.84600	3.46254e-02
0.84600	3.46254e-02
0.84817	3.62454e-02
0.84908	3.73150e-02
0.84915	3.74072e-02
0.85207	3.38261e-02
0.85678	3.10678e-02
0.85381	3.02608e-02
0.85671	3.18750e-02
0.85671	3.18750e-02
0.85135	3.36427e-02
0.85585	3.58658e-02
0.84823	3.37441e-02
0.84988	3.20267e-02
0.85227	3.26030e-02
0.85211	3.38009e-02
0.84266	4.63874e-02
0.84294	4.65589e-02
0.84473	4.78362e-02
0.84881	4.83341e-02
0.86182	4.80151e-02
0.88346	1.62197e-02
0.88997	3.14802e-02
0.89179	3.09506e-02
0.88250	3.35894e-02
0.87573	4.71039e-02
0.87465	4.51942e-02
0.87227	3.99107e-02
0.86077	3.71874e-02
0.86609	3.61207e-02
0.87975	2.57355e-02
0.87960	2.50952e-02
0.87960	2.50952e-02
0.87341	3.23904e-02
0.88291	4.20087e-02
0.88077	3.63169e-02
0.88580	4.16702e-02
0.88412	3.99257e-02
0.88412	3.99257e-02
0.88189	3.68506e-02
0.89147	2.56220e-02
0.89666	2.23533e-02
0.89876	2.92051e-02
0.89290	2.77118e-02
0.89150	2.63963e-02
0.88820	2.82654e-02
0.88936	3.10772e-02
0.89216	3.52916e-02
0.89326	3.28722e-02
0.88786	3.28951e-02
0.89556	4.20177e-02
0.90237	4.46294e-02
0.88984	4.26119e-02
0.89160	3.76668e-02
0.89219	3.56140e-02
0.89797	2.15916e-02
0.89757	2.25488e-02
0.89832	2.37332e-02
0.90195	3.15225e-02
0.90638	2.92489e-02
0.90260	3.08710e-02
0.90241	3.07139e-02
0.90380	3.05354e-02
0.90710	3.44242e-02
0.90471	3.13504e-02
0.91278	3.12287e-02
0.91145	1.97083e-02
0.91323	2.06833e-02
0.90403	2.80280e-02
0.90279	2.81668e-02
0.91144	3.26077e-02
0.90847	3.17980e-02
0.90752	3.13113e-02
0.90562	2.62424e-02
0.90257	3.33304e-02
0.90871	3.52556e-02
0.91452	2.65890e-02
0.91690	2.75642e-02
0.92013	3.02461e-02
0.91906	2.92314e-02
0.91852	2.85684e-02
0.93045	2.02524e-02
0.93280	1.76862e-02
0.92678	3.01000e-02
0.92799	2.89536e-02
0.93092	2.25100e-02
0.93095	2.25362e-02
0.93327	2.78536e-02
0.93544	2.24259e-02
0.93353	2.27323e-02
0.92983	2.24464e-02
0.92547	2.12854e-02
0.92728	2.42326e-02
0.93049	2.45443e-02
0.93208	2.54170e-02
0.93208	2.54170e-02
0.93637	2.77785e-02
0.93418	2.82459e-02
0.93563	2.97393e-02
0.93703	3.14478e-02
0.93984	3.35768e-02
0.93986	3.35572e-02
0.94342	3.14967e-02
0.94875	3.39767e-02
0.95801	2.41513e-02
0.95893	2.69878e-02
0.95528	2.41459e-02
0.96056	2.46044e-02
0.94631	3.42934e-02
0.94040	3.04657e-02
0.94338	2.47450e-02
0.95113	1.99511e-02
0.94956	1.97998e-02
0.95202	2.02665e-02
0.95431	2.12212e-02
0.95198	2.17111e-02
0.95632	2.50853e-02
0.95188	2.92323e-02
0.94673	2.95181e-02
0.94481	2.90565e-02
0.95064	2.84026e-02
0.95136	2.94426e-02
0.95136	2.94426e-02
0.96028	3.17000e-02
0.95786	3.00349e-02
0.96537	1.90742e-02
0.96087	2.39218e-02
0.96096	2.05850e-02
0.95810	2.32865e-02
0.94753	2.14713e-02
0.95464	2.60495e-02
0.95206	2.65653e-02
0.93624	2.96205e-02
0.94464	1.41204e-02
0.94513	1.39749e-02
0.94513	1.39749e-02
0.94513	1.39749e-02
0.94513	1.39749e-02
0.94886	1.74059e-02
0.94500	2.03949e-02
0.94019	1.66569e-02
0.94898	1.13636e-02
0.94972	2.56539e-02
0.96051	2.51979e-02
0.95898	2.63336e-02
0.95659	1.78243e-02
0.95053	1.50572e-02
0.95053	1.50572e-02
0.95053	1.50572e-02
0.95399	1.58656e-02
0.95264	1.34216e-02
0.95756	2.17861e-02
0.93394	1.20140e-02
0.94970	1.27166e-02
0.94970	1.27166e-02
0.94982	1.28924e-02
0.95867	2.53345e-02
0.95867	2.53345e-02
0.95867	2.53345e-02
0.95867	2.53345e-02
0.95867	2.53345e-02
0.96785	2.09783e-02
0.95839	2.54123e-02
0.95053	7.42246e-03
0.95075	7.64568e-03
0.95075	7.64568e-03
0.95075	7.64568e-03
0.95075	7.64568e-03
0.96116	2.88864e-03
0.96116	2.88864e-03
0.95943	4.61704e-03
0.94673	8.08171e-03
0.95653	1.78784e-02
0.95719	1.85392e-02
0.96686	2.82118e-02
0.93865	0.00000e+00
0.93865	0.00000e+00
0.93865	0.00000e+00
0.93865	0.00000e+00
0.95550	0.00000e+00
0.95550	0.00000e+00
0.95550	0.00000e+00
0.95550	0.00000e+00
0.95550	0.00000e+00
0.95550	0.00000e+00
0.95550	0.00000e+00
0.95550	0.00000e+00
0.95550	0.00000e+00
0.95550	0.00000e+00
0.95550	0.00000e+00
0.95550	0.00000e+00
0.95550	0.00000e+00
0.97498	0.00000e+00
0.97498	0.00000e+00
0.97498	0.00000e+00
0.97498	0.00000e+00
0.97498	0.00000e+00
0.97498	0.00000e+00
0.97498	0.00000e+00
0.97498	0.00000e+00
0.97650	0.00000e+00
0.99355	0.00000e+00
