0.95748	5.61462e-03
0.92925	1.22400e-02
0.90008	2.24613e-02
0.84947	3.19652e-02
0.76977	3.16246e-02
0.74976	3.67996e-02
0.66269	4.29109e-02
0.62953	5.81894e-02
0.59934	7.72012e-02
0.55502	6.54927e-02
0.59825	6.34487e-02
0.56910	9.38143e-02
0.54129	6.50978e-02
0.52864	7.49710e-02
0.50786	7.34136e-02
0.47167	4.94934e-02
0.47236	9.88408e-02
0.45146	8.60961e-02
0.34423	1.09945e-01
0.35432	7.93713e-02
0.31695	1.21594e-01
0.31003	8.42568e-02
0.29401	9.47589e-02
0.30976	5.91809e-02
0.28414	8.36255e-02
0.24814	3.96540e-02
0.21633	5.98948e-02
0.22221	1.00282e-01
0.19521	9.70322e-02
0.21681	7.78605e-02
0.17810	7.18430e-02
0.16865	9.38240e-02
0.16777	9.16117e-02
0.14946	6.89989e-02
0.14062	7.35853e-02
0.13317	8.79560e-02
0.15490	6.91180e-02
0.14685	5.75248e-02
0.12497	6.42270e-02
0.11784	6.14291e-02
0.15536	6.44495e-02
0.11412	6.14697e-02
0.13234	4.69254e-02
0.13741	5.77216e-02
0.16332	6.37074e-02
0.12484	6.37006e-02
0.12349	9.70279e-02
0.11724	5.03835e-02
0.11211	7.13103e-02
0.09940	4.92335e-02
0.09575	3.68299e-02
0.09296	2.21685e-02
0.11731	7.62762e-02
0.08349	4.18927e-02
0.11503	4.13855e-02
0.10766	4.67651e-02
0.08646	4.83708e-02
0.10770	4.70462e-02
0.11325	6.11121e-02
0.10743	4.28748e-02
0.10446	4.45919e-02
0.08665	5.13251e-02
0.07246	3.00683e-02
0.08961	4.56727e-02
0.07494	3.86399e-02
0.10030	4.83139e-02
0.10181	3.91284e-02
0.10785	4.95997e-02
0.09089	5.04864e-02
0.09670	3.57102e-02
0.11630	3.37554e-02
0.08978	5.09433e-02
0.09841	3.53901e-02
0.07589	4.25849e-02
0.07865	3.21590e-02
0.09141	4.24400e-02
0.10307	4.48223e-02
0.07477	4.22156e-02
0.08115	3.71195e-02
0.09946	5.86500e-02
0.07133	4.65318e-02
0.08935	3.44720e-02
0.06740	4.23896e-02
0.07921	2.54009e-02
0.08952	4.66675e-02
0.08165	2.62470e-02
0.10081	3.82122e-02
0.08080	3.96885e-02
0.08752	3.72721e-02
0.09487	3.98221e-02
0.11803	6.06617e-02
0.11339	5.97296e-02
0.09839	4.83063e-02
0.08557	4.84464e-02
0.07912	4.43193e-02
0.09679	4.00278e-02
0.08766	3.58458e-02
0.08666	3.22082e-02
0.07284	4.29249e-02
