0.83320	1.20236e-01
0.89118	2.01449e-02
0.86962	2.48880e-02
0.84543	3.32008e-02
0.83083	3.09904e-02
0.81646	1.89553e-02
0.77333	4.51300e-02
0.74530	3.09885e-02
0.74198	2.77140e-02
0.71976	3.61288e-02
0.67118	6.48100e-02
0.66426	6.19024e-02
0.62173	7.37479e-02
0.62099	8.30107e-02
0.55768	1.03481e-01
0.54596	1.18376e-01
0.56294	8.16928e-02
0.46608	8.53539e-02
0.45252	7.02944e-02
0.40478	1.29296e-01
0.36439	1.17838e-01
0.29985	8.35479e-02
0.28221	1.23261e-01
0.30092	1.28955e-01
0.24814	9.36938e-02
0.30260	3.77914e-02
0.25101	7.09615e-02
0.23524	1.19667e-01
0.25731	1.10384e-01
0.28854	1.08786e-01
0.15060	6.91806e-02
0.21554	1.01933e-01
0.16843	8.13408e-02
0.18142	5.68461e-02
0.13164	5.74550e-02
0.16886	8.05896e-02
0.15184	5.45579e-02
0.16444	9.22337e-02
0.12536	6.48687e-02
0.12586	5.36051e-02
0.12347	6.44253e-02
0.11318	5.90069e-02
0.12023	6.36665e-02
0.07649	4.25547e-02
0.08067	4.93725e-02
0.10427	6.08710e-02
0.09054	4.06821e-02
0.14036	6.16922e-02
0.09206	3.21689e-02
0.08161	3.82146e-02
0.09770	5.17696e-02
0.09685	6.05262e-02
0.11504	5.18798e-02
0.11376	5.10327e-02
0.09168	3.61242e-02
0.10364	6.56777e-02
0.12237	5.18118e-02
0.12217	6.19967e-02
0.10301	5.19012e-02
0.09601	4.69363e-02
0.07561	2.81875e-02
0.07721	4.60794e-02
0.07838	4.25464e-02
0.08728	5.04826e-02
0.08572	4.06250e-02
0.10028	4.32505e-02
0.08351	4.48480e-02
0.07484	2.39497e-02
0.08902	4.56181e-02
0.08034	3.57416e-02
0.07899	3.77030e-02
0.10595	4.62805e-02
0.07638	2.95092e-02
0.08124	3.04987e-02
0.08972	4.56526e-02
0.09110	4.24937e-02
0.10828	5.30725e-02
0.07570	4.80398e-02
0.09441	2.47498e-02
0.07868	2.64850e-02
0.07466	3.21147e-02
0.06321	2.97667e-02
0.07752	4.70352e-02
0.08529	5.45883e-02
0.08864	2.73630e-02
0.06419	2.34964e-02
0.10546	4.80546e-02
0.12254	6.23405e-02
0.07897	3.75792e-02
0.10423	4.57881e-02
0.10448	5.36499e-02
0.07128	4.60995e-02
0.08429	2.99174e-02
0.05668	2.90844e-02
0.09307	5.48280e-02
0.10343	3.87253e-02
0.09050	3.17334e-02
0.11854	4.26847e-02
0.07551	3.32198e-02
