1.0000 2.0000
0.9800 1.8182
0.9600 1.7424
0.9400 1.6894
0.9200 1.5606
0.9000 1.4773
0.8800 1.3333
0.8600 1.2803
0.8400 1.1515
0.8200 1.0530
0.8000 1.0076
0.7800 0.8864
0.7600 0.8030
0.7400 0.7273
0.7200 0.6742
0.6800 0.6288
0.6600 0.5833
0.6400 0.5455
0.6200 0.4848
0.6000 0.4394
0.5600 0.3712
0.5400 0.3333
0.5000 0.3182
0.4800 0.2879
0.4600 0.2652
0.4400 0.2273
0.4200 0.2197
0.4000 0.1818
0.3600 0.1591
0.3600 0.1591
0.3400 0.1364
0.1800 0.1136
0.1600 0.1061
0.1200 0.0909
0.1200 0.0758
0.1200 0.0606
0.1200 0.0530
0.0800 0.0379
0.0800 0.0303
0.0800 0.0303
0.0800 0.0303
0.0800 0.0303
0.0400 0.0076
0.0400 0.0076
0.0200 0.0000
0.0200 0.0000
0.0200 0.0000
0.0200 0.0000
0.0200 0.0000
0.0000 0.0000
