0.99161	7.08697e-04
0.98056	1.06799e-02
0.96802	9.65975e-03
0.96579	1.92930e-02
0.95836	2.47463e-02
0.95418	1.81788e-02
0.93983	2.05927e-02
0.94062	2.71905e-02
0.93098	2.06807e-02
0.91484	2.26064e-02
0.90220	2.96935e-02
0.90436	2.50524e-02
0.89560	2.38530e-02
0.88036	3.36944e-02
0.88264	3.16831e-02
0.86735	3.50823e-02
0.85655	3.19327e-02
0.84796	5.27238e-02
0.84153	4.40898e-02
0.83032	4.57024e-02
0.81841	4.32984e-02
0.78479	4.33147e-02
0.81338	3.98739e-02
0.81004	4.64884e-02
0.79083	4.08472e-02
0.76959	4.77299e-02
0.77231	5.26181e-02
0.77192	3.98809e-02
0.76019	4.24326e-02
0.74815	4.93284e-02
0.74512	2.93196e-02
0.76548	3.62775e-02
0.72659	5.49912e-02
0.74290	5.88279e-02
0.71914	7.82215e-02
0.71739	6.42317e-02
0.73239	5.78037e-02
0.70369	6.96923e-02
0.69543	5.17983e-02
0.71187	7.02161e-02
0.68957	7.40218e-02
0.68294	7.19183e-02
0.68174	8.26957e-02
0.64915	6.74472e-02
0.68231	6.88521e-02
0.64839	6.95759e-02
0.64535	8.66717e-02
0.67152	5.78566e-02
0.67272	7.03806e-02
0.67465	5.79029e-02
0.67638	7.97918e-02
0.63974	1.09039e-01
0.68540	7.68390e-02
0.62880	7.94867e-02
0.62843	9.07852e-02
0.63726	9.48393e-02
0.62195	5.98768e-02
0.62664	7.99781e-02
0.64678	6.93484e-02
0.61628	9.22033e-02
0.61360	7.83948e-02
0.61361	8.11965e-02
0.61361	8.01365e-02
0.60024	7.06529e-02
0.60743	9.08606e-02
0.61552	6.75723e-02
0.59796	7.99718e-02
0.61926	6.57806e-02
0.59411	7.56818e-02
0.58251	6.71543e-02
0.60882	7.40999e-02
0.57818	8.69726e-02
0.58614	6.50683e-02
0.57885	6.69292e-02
0.56651	6.64235e-02
0.55305	7.16243e-02
0.56025	7.47108e-02
0.56520	6.87846e-02
0.52490	4.59121e-02
0.53894	4.89219e-02
0.53193	4.13242e-02
0.54546	5.46521e-02
0.54729	4.60264e-02
0.53148	5.67409e-02
0.53659	5.96816e-02
0.52396	6.83025e-02
0.53423	8.11702e-02
0.50778	5.59838e-02
0.51097	7.53882e-02
0.52989	1.05330e-01
0.47548	9.44538e-02
0.49020	9.09597e-02
0.47625	9.05821e-02
0.47356	7.42451e-02
0.48075	7.67747e-02
0.47973	9.69596e-02
0.42591	6.36130e-02
0.42605	1.32856e-01
0.35164	1.47724e-01
0.38731	1.56627e-01
0.40121	1.57909e-01
0.40965	1.51428e-01
0.41612	1.56144e-01
0.43532	1.56385e-01
0.43744	1.55775e-01
0.48243	1.59072e-01
0.49831	1.28467e-01
0.49898	1.31464e-01
0.52396	1.26410e-01
0.52085	1.27708e-01
0.50901	1.30398e-01
0.50768	1.57096e-01
0.51079	1.56277e-01
0.50208	1.21789e-01
0.53725	1.24410e-01
0.53749	1.24140e-01
0.54765	1.27252e-01
0.56743	1.38739e-01
0.58475	1.42199e-01
0.57291	1.58520e-01
0.54799	1.52716e-01
0.56915	1.38826e-01
0.57270	1.40687e-01
0.58814	1.58328e-01
0.57105	1.65079e-01
0.56655	1.62635e-01
0.59365	1.58685e-01
0.62564	1.82949e-01
0.63610	1.77303e-01
0.63930	1.78705e-01
0.63261	1.78086e-01
0.63530	1.74503e-01
0.64228	1.57330e-01
0.68441	8.61174e-02
0.69085	8.79931e-02
0.68210	9.32428e-02
0.68598	9.00151e-02
0.68461	8.79658e-02
0.68760	8.33768e-02
0.67340	7.58380e-02
0.68047	8.49579e-02
0.70344	8.49718e-02
0.71323	7.70299e-02
0.71671	7.03441e-02
0.71322	5.38341e-02
0.71730	4.79172e-02
0.73342	4.93223e-02
0.74350	5.63604e-02
0.75919	5.38629e-02
0.75998	5.44916e-02
0.75766	5.85206e-02
0.75572	5.61180e-02
0.74523	6.87743e-02
0.75009	6.14763e-02
0.75289	6.24436e-02
0.75854	6.72755e-02
0.75133	6.81313e-02
0.75124	6.79797e-02
0.75371	6.88128e-02
0.75808	5.73822e-02
0.75437	5.65266e-02
0.76036	4.75088e-02
0.76275	5.01072e-02
0.76335	4.67189e-02
0.77832	3.64714e-02
0.77531	3.72754e-02
0.77590	3.70986e-02
0.77590	3.70986e-02
0.77084	4.46405e-02
0.76557	4.43105e-02
0.78382	5.21939e-02
0.78568	5.13084e-02
0.78568	5.13084e-02
0.78627	5.37086e-02
0.78628	5.37143e-02
0.78578	5.43321e-02
0.79522	5.78988e-02
0.79348	5.62555e-02
0.79697	4.90520e-02
0.80739	4.58741e-02
0.80251	4.34668e-02
0.80412	4.45519e-02
0.80011	4.50619e-02
0.80113	4.28072e-02
0.80879	4.93994e-02
0.81322	4.16075e-02
0.82341	3.79577e-02
0.82439	4.69417e-02
0.82252	4.70950e-02
0.82205	4.33113e-02
0.81788	3.60763e-02
0.82261	2.79058e-02
0.82354	3.86968e-02
0.82738	3.82849e-02
0.82216	3.76015e-02
0.83614	4.09022e-02
0.83096	3.81335e-02
0.82166	2.99557e-02
0.82433	3.36090e-02
0.82155	3.43642e-02
0.83758	4.63863e-02
0.83993	5.22965e-02
0.83646	5.29265e-02
0.83790	3.13651e-02
0.84316	3.22934e-02
0.84989	3.27927e-02
0.85130	3.23528e-02
0.85016	3.11296e-02
0.84835	3.28334e-02
0.84992	3.37989e-02
0.85011	3.18147e-02
0.85011	3.18147e-02
0.85118	2.91838e-02
0.85545	3.16733e-02
0.85080	3.13502e-02
0.84964	3.26691e-02
0.85055	2.63633e-02
0.85516	2.34492e-02
0.86032	2.99781e-02
0.85237	2.50496e-02
0.84757	2.63953e-02
0.84793	2.71198e-02
0.85398	2.27821e-02
0.85893	2.58496e-02
0.86889	2.00794e-02
0.86927	2.02774e-02
0.87735	2.25135e-02
0.87822	2.76025e-02
0.87776	2.70145e-02
0.88324	2.45334e-02
0.88325	2.61612e-02
0.87084	3.88173e-02
0.87565	3.34170e-02
0.87108	3.17884e-02
0.87318	3.02539e-02
0.87197	2.93899e-02
0.87887	2.72700e-02
0.88119	2.97129e-02
0.88692	3.08036e-02
0.88600	3.02502e-02
0.88155	2.82638e-02
0.88510	3.74008e-02
0.88795	3.76758e-02
0.88743	3.62835e-02
0.89764	2.64850e-02
0.89940	2.43454e-02
0.90393	2.81033e-02
0.90582	2.58297e-02
0.90914	3.17067e-02
0.90914	3.17067e-02
0.91182	3.09987e-02
0.90786	3.60885e-02
0.90575	3.52025e-02
0.90929	3.27326e-02
0.90923	3.28182e-02
0.91428	2.94733e-02
0.91568	2.66063e-02
0.91027	2.46842e-02
0.90441	2.95918e-02
0.90404	2.61203e-02
0.90404	2.61203e-02
0.90492	1.99115e-02
0.90416	2.12622e-02
0.90427	2.31148e-02
0.90598	2.43151e-02
0.90598	2.43151e-02
0.90523	1.76277e-02
0.90097	1.43621e-02
0.91096	1.30802e-02
0.91108	1.80653e-02
0.90773	2.17352e-02
0.90582	2.07413e-02
0.91000	1.78825e-02
0.91061	1.98032e-02
0.90588	2.57642e-02
0.90591	2.57484e-02
0.90590	2.64407e-02
0.90541	2.56947e-02
0.91354	2.91033e-02
0.91507	1.79358e-02
0.91909	1.66571e-02
0.91588	2.12952e-02
0.91588	2.12952e-02
0.91575	2.11337e-02
0.91793	2.64549e-02
0.92159	2.23424e-02
0.92532	2.68391e-02
0.92584	2.56382e-02
0.92731	2.60920e-02
0.92426	2.36903e-02
0.92444	2.18547e-02
0.92960	2.17859e-02
0.92522	2.32915e-02
0.92349	2.10338e-02
0.92344	2.04544e-02
0.92008	2.00839e-02
0.92171	1.98840e-02
0.92490	1.87299e-02
0.93266	2.64646e-02
0.93068	2.61917e-02
0.92980	2.63581e-02
0.92980	2.63581e-02
0.92980	2.63581e-02
0.93371	2.71883e-02
0.93703	1.96681e-02
0.93271	2.27548e-02
0.93566	2.91384e-02
0.93566	2.91384e-02
0.93566	2.91384e-02
0.93883	2.21597e-02
0.93791	2.28757e-02
0.93595	1.89521e-02
0.94009	2.12369e-02
0.94379	2.47702e-02
0.94756	2.06799e-02
0.94572	1.83802e-02
0.94572	1.83802e-02
0.94369	1.97260e-02
0.94106	2.13880e-02
0.94308	2.02031e-02
0.94361	2.36132e-02
0.94383	2.39763e-02
0.94705	2.35199e-02
0.95072	2.08262e-02
0.94877	1.86297e-02
0.95163	1.92170e-02
0.94772	2.04063e-02
0.94777	2.04534e-02
0.94056	1.45252e-02
0.94296	1.90280e-02
0.94174	2.11056e-02
0.94308	2.10441e-02
0.94973	2.13574e-02
0.94548	2.08788e-02
0.94732	2.09011e-02
0.95000	2.37448e-02
0.95011	2.37360e-02
0.95693	1.82736e-02
0.95908	1.92747e-02
0.95970	2.21300e-02
0.95971	2.21293e-02
0.96174	1.35656e-02
0.96077	1.42809e-02
0.96398	1.61672e-02
0.96085	1.56043e-02
0.96721	1.37873e-02
0.96093	2.00356e-02
0.96557	1.49223e-02
0.96778	1.48903e-02
0.96844	1.36493e-02
0.96873	1.36947e-02
0.96901	1.37536e-02
0.96774	1.25644e-02
0.96591	1.43358e-02
0.96268	1.37383e-02
0.96525	1.36382e-02
0.96525	1.36382e-02
0.96990	1.31452e-02
0.97100	1.14919e-02
0.96725	1.39790e-02
0.96739	1.43143e-02
0.96499	1.31883e-02
0.96777	1.48659e-02
0.97042	1.59940e-02
0.97042	1.59940e-02
0.97049	1.60737e-02
0.97451	1.51658e-02
0.97483	1.53459e-02
0.97547	1.55974e-02
0.97547	1.55974e-02
0.97589	1.56872e-02
0.98103	7.97475e-03
0.98138	8.20698e-03
0.98011	7.99849e-03
0.97417	1.41863e-02
0.97435	1.41855e-02
0.97435	1.41855e-02
0.97598	1.14100e-02
0.97598	1.14100e-02
0.97644	1.14067e-02
0.98032	6.41651e-03
0.98075	6.93145e-03
0.98422	5.42040e-03
0.98295	5.05545e-03
0.98339	4.80769e-03
0.98345	4.84923e-03
0.98345	4.84923e-03
0.98383	5.27808e-03
0.98434	5.08366e-03
0.98521	4.30501e-03
0.98543	4.00476e-03
0.98565	4.25871e-03
0.98435	2.69383e-03
0.98526	3.48879e-03
0.98538	3.40686e-03
0.98578	3.82275e-03
0.98622	4.12975e-03
0.98445	3.18806e-03
0.98445	3.18806e-03
0.98445	3.18806e-03
0.98504	3.36009e-03
0.98545	3.89956e-03
0.98310	1.66783e-03
0.98310	1.66783e-03
0.98464	3.20300e-03
0.98464	3.20300e-03
0.98473	3.11385e-03
0.98620	4.58758e-03
0.98652	4.26629e-03
0.98652	4.26629e-03
0.98652	4.26629e-03
0.98758	4.49303e-03
0.98782	4.72561e-03
0.98309	0.00000e+00
0.98309	0.00000e+00
0.98309	0.00000e+00
0.98309	0.00000e+00
0.98309	0.00000e+00
0.98309	0.00000e+00
0.98309	0.00000e+00
0.98309	0.00000e+00
0.98309	0.00000e+00
0.98309	0.00000e+00
0.98309	0.00000e+00
0.98674	0.00000e+00
0.98792	0.00000e+00
0.98792	0.00000e+00
0.98792	0.00000e+00
0.98792	0.00000e+00
0.98792	0.00000e+00
0.98792	0.00000e+00
0.99180	0.00000e+00
