0.51267	1.09588e-01
0.66359	1.11933e-01
0.61893	1.54283e-01
0.61137	1.65916e-01
0.58401	1.46538e-01
0.52253	1.85908e-01
0.49861	1.22009e-01
0.52825	7.49614e-02
0.45281	1.49038e-01
0.40310	1.06167e-01
0.44142	1.30398e-01
0.42830	1.21914e-01
0.40547	1.49058e-01
0.42429	1.48750e-01
0.42242	1.25319e-01
0.38661	1.27708e-01
0.42564	1.33873e-01
0.35682	1.14663e-01
0.34570	1.43958e-01
0.25498	1.23066e-01
0.31505	1.34081e-01
0.24805	9.07762e-02
0.27631	1.59992e-01
0.23435	1.25483e-01
0.31632	1.14885e-01
0.24908	1.21692e-01
0.28888	1.35665e-01
0.30425	1.31885e-01
0.26690	1.10999e-01
0.30222	1.19472e-01
0.25110	1.04645e-01
0.23987	1.19274e-01
0.27735	1.04919e-01
0.27540	1.02514e-01
0.23419	6.93781e-02
0.22433	6.99925e-02
0.23923	7.99590e-02
0.20080	1.14571e-01
0.15207	5.61491e-02
0.24373	9.54730e-02
0.18740	1.09324e-01
0.17503	6.02099e-02
0.20833	7.92818e-02
0.21799	9.74384e-02
0.16680	1.02236e-01
0.19306	7.78414e-02
0.18477	5.18285e-02
0.13297	8.61872e-02
0.16913	6.54038e-02
0.22378	9.46076e-02
0.12022	3.61508e-02
0.17666	5.94134e-02
0.19265	7.61001e-02
0.20667	7.73778e-02
0.18203	7.47616e-02
0.10817	6.17182e-02
0.13027	5.66839e-02
0.14881	9.42598e-02
0.16741	7.71314e-02
0.16750	6.72450e-02
0.14180	8.21314e-02
0.17709	1.03512e-01
0.14045	5.97289e-02
0.16192	4.54022e-02
0.17419	1.23230e-01
0.12995	4.89410e-02
0.15398	8.43280e-02
0.16749	4.51011e-02
0.14518	6.55198e-02
0.15049	9.33750e-02
0.14306	8.90204e-02
0.19263	6.55483e-02
0.15941	6.44641e-02
0.12545	7.86686e-02
0.20087	8.13691e-02
0.15709	9.44560e-02
0.15140	5.86216e-02
0.16781	8.78667e-02
0.15126	7.51839e-02
0.19492	1.00260e-01
0.15170	7.95943e-02
0.15725	6.52620e-02
0.17368	9.14601e-02
0.16018	7.56200e-02
0.17268	6.37162e-02
0.13223	4.84005e-02
0.14191	8.78601e-02
0.19909	1.04186e-01
0.19467	6.46436e-02
0.14720	5.84203e-02
0.15611	7.33358e-02
0.16909	6.15410e-02
0.12028	8.69118e-02
0.17178	5.10718e-02
0.11517	5.00774e-02
0.16335	9.23387e-02
0.16601	6.02172e-02
0.13281	5.57074e-02
0.12566	6.99569e-02
0.16624	6.75773e-02
0.15905	8.69016e-02
0.15510	8.85222e-02
0.15063	7.14933e-02
0.17937	9.10221e-02
0.16311	7.77365e-02
0.16808	8.11584e-02
0.16958	1.02289e-01
0.16958	1.02289e-01
0.17836	9.50150e-02
0.15640	1.04009e-01
0.18706	9.11879e-02
0.18523	8.93327e-02
0.20577	9.44648e-02
0.18694	1.03535e-01
0.14741	9.69454e-02
0.14346	7.48873e-02
0.16797	8.76634e-02
0.17409	9.26646e-02
0.19833	1.07430e-01
0.19386	9.55892e-02
0.23530	1.12407e-01
0.21973	1.21951e-01
0.21266	1.30170e-01
0.17002	1.05783e-01
0.17708	8.97812e-02
0.20936	9.90123e-02
0.19459	9.99989e-02
0.19459	9.99989e-02
0.23261	1.10509e-01
0.23056	1.22657e-01
0.22832	1.23472e-01
0.20994	1.01590e-01
0.22184	8.97259e-02
0.24416	9.69559e-02
0.21003	9.24271e-02
0.21561	1.28939e-01
0.20285	1.18417e-01
0.24039	1.16732e-01
0.24592	1.07447e-01
0.24228	9.75964e-02
0.27103	1.00376e-01
0.25607	1.07531e-01
0.25525	1.07442e-01
0.23045	1.05846e-01
0.19644	7.92544e-02
0.22172	7.52678e-02
0.24862	9.46766e-02
0.24651	8.98796e-02
0.25392	8.82295e-02
0.24315	7.43987e-02
0.26015	7.76655e-02
0.26906	5.36721e-02
0.27432	8.04875e-02
0.24699	9.20083e-02
0.22133	8.10976e-02
0.23894	7.60981e-02
0.23678	7.63735e-02
0.24499	1.00919e-01
0.23236	7.11037e-02
0.22273	7.75809e-02
0.22629	8.15750e-02
0.22078	8.38592e-02
0.22915	8.42358e-02
0.21032	6.81119e-02
0.20837	6.97353e-02
0.21962	8.72808e-02
0.23498	9.29999e-02
0.26051	1.06375e-01
0.27919	9.63778e-02
0.24925	1.18319e-01
0.21888	9.47182e-02
0.24539	1.33756e-01
0.25183	1.24848e-01
0.25824	1.30880e-01
0.27611	1.42561e-01
0.29879	1.25326e-01
0.31560	1.07248e-01
0.27402	7.58459e-02
0.29992	7.60294e-02
0.29192	8.47361e-02
0.29192	8.47361e-02
0.25863	1.08024e-01
0.28702	9.83200e-02
0.32430	7.88708e-02
0.33606	9.16464e-02
0.34414	8.00181e-02
0.30459	8.80592e-02
0.32061	7.86899e-02
0.30280	7.80733e-02
0.31834	9.66237e-02
0.33038	1.21944e-01
0.30845	1.30475e-01
0.27077	1.39365e-01
0.28653	1.40556e-01
0.29012	1.35035e-01
0.28342	1.33711e-01
0.31462	1.47960e-01
0.31741	1.45881e-01
0.35833	1.17416e-01
0.29526	1.48368e-01
0.31291	1.41391e-01
0.35644	9.96410e-02
0.35646	9.89986e-02
0.36309	9.46719e-02
0.37008	1.02829e-01
0.40735	7.49420e-02
0.38719	1.02815e-01
0.37686	1.02058e-01
0.35038	1.00552e-01
0.33209	8.14616e-02
0.35012	8.65798e-02
0.35594	9.84793e-02
0.30845	8.93945e-02
0.33325	1.30370e-01
0.32356	1.11889e-01
0.31999	1.02921e-01
0.31112	1.01827e-01
0.30838	1.35802e-01
0.31578	1.47379e-01
0.31719	1.47876e-01
0.32331	1.21386e-01
0.35235	1.26072e-01
0.35754	1.29145e-01
0.36385	1.30388e-01
0.35058	1.18907e-01
0.34548	1.16454e-01
0.32804	1.13760e-01
0.37012	1.26050e-01
0.36186	1.24896e-01
0.38642	1.27198e-01
0.35244	1.56858e-01
0.36470	1.40254e-01
0.38942	1.29731e-01
0.38519	9.88357e-02
0.41655	1.06760e-01
0.44362	1.21416e-01
0.45110	1.03951e-01
0.47490	1.03001e-01
0.42942	1.33807e-01
0.42336	1.36039e-01
0.41023	1.62128e-01
0.37999	1.66706e-01
0.37999	1.66706e-01
0.35284	1.50512e-01
0.35284	1.50512e-01
0.39596	1.69691e-01
0.40536	1.59355e-01
0.39189	1.59221e-01
0.39360	1.61921e-01
0.38635	1.64593e-01
0.39735	1.15341e-01
0.45167	1.35932e-01
0.43875	1.28275e-01
0.43188	1.24836e-01
0.42239	1.31499e-01
0.43648	1.16550e-01
0.43972	1.15306e-01
0.44751	1.31114e-01
0.43649	1.30507e-01
0.43743	1.31466e-01
0.44277	1.35194e-01
0.46755	1.18494e-01
0.46690	9.08755e-02
0.46690	9.08755e-02
0.46516	9.43162e-02
0.46516	9.43162e-02
0.48693	1.07511e-01
0.47378	9.51493e-02
0.47016	9.36710e-02
0.44079	1.04092e-01
0.42692	9.52544e-02
0.44380	1.03566e-01
0.45493	1.04294e-01
0.45493	1.04294e-01
0.46371	1.13477e-01
0.46935	1.15227e-01
0.46996	1.31311e-01
0.47632	1.34329e-01
0.48958	1.11221e-01
0.49387	1.10687e-01
0.51212	8.92430e-02
0.52562	8.07618e-02
0.51743	1.00246e-01
0.49772	1.34644e-01
0.50290	1.20315e-01
0.50814	1.22743e-01
0.53619	7.16300e-02
0.53704	7.27876e-02
0.54925	7.82601e-02
0.54420	7.72912e-02
0.50058	1.21920e-01
0.50357	1.21703e-01
0.50258	1.23384e-01
0.50258	1.23384e-01
0.49457	1.13600e-01
0.50701	1.27905e-01
0.52319	1.37929e-01
0.53627	1.13237e-01
0.53781	1.15193e-01
0.54868	1.16408e-01
0.52701	1.68809e-01
0.52300	1.68461e-01
0.52047	1.67676e-01
0.53184	1.68613e-01
0.53490	1.70395e-01
0.53556	1.70572e-01
0.52071	1.65371e-01
0.52122	1.20809e-01
0.55726	1.01354e-01
0.53719	1.20064e-01
0.53209	1.25057e-01
0.52545	1.34333e-01
0.53191	1.41399e-01
0.53621	1.41852e-01
0.54616	1.52434e-01
0.56773	1.27353e-01
0.55291	1.16245e-01
0.54754	1.30689e-01
0.55039	1.25784e-01
0.54339	1.36848e-01
0.56336	1.35978e-01
0.56719	1.40833e-01
0.58389	1.47174e-01
0.59012	1.45509e-01
0.58809	1.46061e-01
0.59887	1.37014e-01
0.59887	1.37014e-01
0.56925	1.36779e-01
0.58371	1.41458e-01
0.57986	1.38866e-01
0.60630	1.62304e-01
0.62956	9.72478e-02
0.63980	1.05015e-01
0.61790	1.29020e-01
0.62477	1.24496e-01
0.63298	1.28082e-01
0.62782	1.51910e-01
0.63646	1.41730e-01
0.60452	1.51520e-01
0.60452	1.51520e-01
0.60117	1.49055e-01
0.57728	1.48059e-01
0.58225	1.53354e-01
0.58570	1.57581e-01
0.59421	1.58405e-01
0.58658	1.58385e-01
0.58861	1.57995e-01
0.60358	1.51514e-01
0.59540	1.53833e-01
0.59152	1.53900e-01
0.62026	1.11386e-01
0.64332	1.07406e-01
0.64875	1.10974e-01
0.65612	1.02922e-01
0.65077	1.06922e-01
0.68124	9.82523e-02
0.67770	9.99712e-02
0.67770	9.99712e-02
0.67903	9.44012e-02
0.67731	9.37928e-02
0.66960	1.01630e-01
0.65372	1.36157e-01
0.65006	1.41409e-01
0.67514	1.41662e-01
0.67514	1.41662e-01
0.66235	1.71538e-01
0.66392	1.72740e-01
0.67297	1.74946e-01
0.66633	1.78738e-01
0.65625	1.83929e-01
0.64880	1.82444e-01
0.65843	1.78269e-01
0.69626	9.63880e-02
0.70766	9.96474e-02
0.69957	9.57386e-02
0.71085	9.33874e-02
0.71981	9.93849e-02
0.70137	9.90591e-02
0.70137	9.90591e-02
0.70137	9.90591e-02
0.70137	9.90591e-02
0.70137	9.90591e-02
0.70355	1.03905e-01
0.67766	1.00724e-01
0.67766	1.00724e-01
0.67752	1.00702e-01
0.67048	1.00380e-01
0.66171	1.12736e-01
0.64832	9.88960e-02
0.65770	1.08250e-01
0.64877	9.93034e-02
0.62993	1.03555e-01
0.59735	1.13582e-01
0.59735	1.13582e-01
0.58983	1.06065e-01
0.53227	1.63625e-01
0.53227	1.63625e-01
0.54264	1.53261e-01
0.54362	1.54241e-01
0.54362	1.54241e-01
0.53642	1.61441e-01
0.53643	1.61446e-01
0.63019	6.76821e-02
0.63019	6.76821e-02
0.63019	6.76821e-02
0.59679	1.40369e-01
0.59679	1.40369e-01
0.59679	1.40369e-01
0.59679	1.40369e-01
0.59679	1.40369e-01
0.59655	1.40132e-01
0.45642	0.00000e+00
0.45642	0.00000e+00
0.45642	0.00000e+00
0.31643	0.00000e+00
0.31643	0.00000e+00
0.31643	0.00000e+00
0.31643	0.00000e+00
0.35127	0.00000e+00
0.35127	0.00000e+00
0.35127	0.00000e+00
0.35127	0.00000e+00
0.35127	0.00000e+00
0.35127	0.00000e+00
0.35127	0.00000e+00
0.35127	0.00000e+00
0.35127	0.00000e+00
0.35127	0.00000e+00
0.35127	0.00000e+00
0.35288	0.00000e+00
