0.97855	6.74373e-03
0.96944	8.41405e-03
0.95077	1.04253e-02
0.94802	8.24416e-03
0.93759	1.96237e-02
0.92181	2.08314e-02
0.90666	2.54841e-02
0.90956	2.33241e-02
0.90613	2.19112e-02
0.89332	3.38692e-02
0.89967	2.79366e-02
0.89388	2.24086e-02
0.88161	3.50539e-02
0.87784	4.03534e-02
0.86601	3.96204e-02
0.85354	2.67192e-02
0.83943	2.43552e-02
0.81920	5.45436e-02
0.81649	5.36109e-02
0.82030	5.76193e-02
0.80884	4.40953e-02
0.80730	5.28541e-02
0.78305	5.54116e-02
0.78634	4.04322e-02
0.76466	6.31988e-02
0.73165	6.63078e-02
0.71635	7.11669e-02
0.72748	8.85395e-02
0.69045	6.84856e-02
0.71021	1.22691e-01
0.63621	8.62231e-02
0.71315	6.60301e-02
0.67434	9.43072e-02
0.66292	7.23427e-02
0.65002	7.77292e-02
0.65869	7.34383e-02
0.66379	8.23310e-02
0.63789	6.97686e-02
0.62920	8.70395e-02
0.65530	8.97572e-02
0.64596	1.03094e-01
0.63316	8.24739e-02
0.64380	7.57137e-02
0.63052	7.07176e-02
0.65010	5.45812e-02
0.63422	6.85046e-02
0.62836	7.28505e-02
0.61450	9.09258e-02
0.60346	8.78035e-02
0.60543	6.59642e-02
0.60050	5.66440e-02
0.59195	6.70314e-02
0.59296	4.35687e-02
0.60830	6.33912e-02
0.59750	4.80585e-02
0.59406	7.04310e-02
0.59388	4.96509e-02
0.58064	7.84104e-02
0.59297	5.68676e-02
0.56909	5.22295e-02
0.58702	5.37429e-02
0.57646	5.31495e-02
0.58476	5.54881e-02
0.56444	4.96920e-02
0.54803	6.13025e-02
0.55720	5.98244e-02
0.55451	6.84062e-02
0.58358	5.06359e-02
0.53359	4.24264e-02
0.52144	5.98847e-02
0.57473	5.54833e-02
0.54377	5.60231e-02
0.54381	5.37299e-02
0.52840	5.63927e-02
0.56055	5.89144e-02
0.55886	8.52333e-02
0.54051	7.79331e-02
0.53082	7.26833e-02
0.53044	9.45147e-02
0.53104	7.48237e-02
0.52429	8.58835e-02
0.53156	7.58188e-02
0.52397	7.30010e-02
0.51345	8.21721e-02
0.51310	1.01576e-01
0.50071	1.07217e-01
0.49558	1.05536e-01
0.49784	7.65527e-02
0.48134	7.47510e-02
0.46302	6.85165e-02
0.44969	8.64272e-02
0.43839	1.42035e-01
0.47253	1.46027e-01
0.42200	1.12237e-01
0.44744	1.02115e-01
0.41186	1.26236e-01
0.42404	1.34462e-01
0.42215	1.16439e-01
0.42461	1.20273e-01
0.45675	9.94767e-02
0.48617	1.05426e-01
0.50249	1.10310e-01
0.52261	1.27133e-01
0.52723	1.23949e-01
0.51997	1.17790e-01
0.52900	1.24469e-01
0.55170	1.24334e-01
0.55989	1.27908e-01
0.55544	1.28227e-01
0.55621	1.34685e-01
0.55849	1.33250e-01
0.57390	1.07778e-01
0.58567	1.14485e-01
0.60688	9.28654e-02
0.61422	1.01560e-01
0.62592	1.02445e-01
0.61992	9.93846e-02
0.61113	9.29229e-02
0.61507	9.78089e-02
0.62247	8.95476e-02
0.62712	8.45444e-02
0.62410	8.50740e-02
0.62524	9.50423e-02
0.62690	9.64011e-02
0.62674	1.04120e-01
0.64950	8.99401e-02
0.65538	9.21096e-02
0.66023	7.84597e-02
0.65920	8.09460e-02
0.66065	7.84644e-02
0.66526	7.79745e-02
0.67262	8.20017e-02
0.67105	8.05788e-02
0.67105	8.05788e-02
0.67196	8.12102e-02
0.66710	8.39474e-02
0.67440	8.50750e-02
0.68784	1.04094e-01
0.71761	1.04804e-01
0.71669	1.04067e-01
0.70840	1.02651e-01
0.72348	1.00267e-01
0.73955	8.67537e-02
0.72984	8.40459e-02
0.72834	8.91335e-02
0.73187	8.85511e-02
0.72733	8.76185e-02
0.73163	8.93382e-02
0.73287	8.99294e-02
0.73312	8.96143e-02
0.74163	9.69205e-02
0.74163	9.69205e-02
0.74163	9.69205e-02
0.75141	7.14657e-02
0.75262	7.14440e-02
0.74193	8.89130e-02
0.74193	8.89130e-02
0.75452	6.35239e-02
0.75216	7.12877e-02
0.75530	6.05991e-02
0.75957	6.01613e-02
0.75794	5.65335e-02
0.75825	5.69812e-02
0.76209	6.04524e-02
0.77783	6.68656e-02
0.77822	6.69378e-02
0.77421	6.28244e-02
0.78197	6.74137e-02
0.77791	6.55573e-02
0.77943	6.58844e-02
0.78111	6.46143e-02
0.78941	6.85640e-02
0.79373	5.28871e-02
0.79039	5.21338e-02
0.79147	5.21858e-02
0.79670	5.25410e-02
0.79595	5.33102e-02
0.80177	5.63682e-02
0.80056	7.24182e-02
0.80148	7.32646e-02
0.81260	7.41847e-02
0.82856	3.59586e-02
0.82051	5.39841e-02
0.82122	5.44313e-02
0.82101	5.46276e-02
0.82579	5.64431e-02
0.83289	5.53836e-02
0.82139	5.45059e-02
0.83366	3.82677e-02
0.83543	4.21835e-02
0.83106	3.93309e-02
0.84252	3.49606e-02
0.83809	4.33236e-02
0.83858	4.35982e-02
0.83692	4.19936e-02
0.83466	4.01131e-02
0.83466	4.01131e-02
0.84085	2.89016e-02
0.84067	2.92010e-02
0.84001	3.20851e-02
0.84497	2.77626e-02
0.84904	2.75221e-02
0.84175	3.27466e-02
0.84264	3.37981e-02
0.84634	3.28753e-02
0.85311	3.67860e-02
0.84635	3.06139e-02
0.84801	3.01736e-02
0.84621	2.74993e-02
0.84996	3.29519e-02
0.84675	3.49593e-02
0.84794	1.93190e-02
0.84202	2.23005e-02
0.84483	2.54589e-02
0.84788	2.31270e-02
0.85112	2.77758e-02
0.85819	2.74950e-02
0.85405	3.27128e-02
0.86172	2.74315e-02
0.86095	3.08539e-02
0.85983	3.12745e-02
0.86984	1.82244e-02
0.87087	1.96231e-02
0.87188	2.25574e-02
0.87138	2.45616e-02
0.86823	2.19856e-02
0.87078	2.25587e-02
0.87000	2.13400e-02
0.87030	1.93412e-02
0.88026	2.27287e-02
0.87642	2.19688e-02
0.87208	2.10363e-02
0.88190	1.92870e-02
0.88236	1.58668e-02
0.88362	1.78486e-02
0.87278	3.15398e-02
0.87636	2.78983e-02
0.88279	3.23785e-02
0.87902	2.60941e-02
0.87230	2.04160e-02
0.87351	2.09942e-02
0.87124	2.16614e-02
0.87484	2.17658e-02
0.87334	1.96813e-02
0.87377	1.96863e-02
0.87449	2.03636e-02
0.87449	2.03636e-02
0.87895	1.48613e-02
0.88290	1.91628e-02
0.88164	1.67515e-02
0.88398	2.03842e-02
0.88202	2.42575e-02
0.87651	2.64319e-02
0.86747	2.77373e-02
0.88105	3.17440e-02
0.87747	3.34819e-02
0.88301	3.14707e-02
0.88177	3.13337e-02
0.88184	3.13542e-02
0.87421	2.38283e-02
0.87209	2.46269e-02
0.87347	2.84329e-02
0.87168	2.52196e-02
0.87168	2.52196e-02
0.87737	1.82433e-02
0.88519	2.32197e-02
0.87999	2.38906e-02
0.88184	1.87600e-02
0.88608	1.56841e-02
0.88792	1.74024e-02
0.88219	1.69367e-02
0.88459	1.82006e-02
0.89481	1.95677e-02
0.89459	1.95607e-02
0.89448	1.91003e-02
0.89506	1.83329e-02
0.89545	1.87036e-02
0.89605	1.42612e-02
0.89219	1.89301e-02
0.88999	2.04273e-02
0.88999	2.04273e-02
0.89485	2.67418e-02
0.89562	2.76172e-02
0.88992	3.04574e-02
0.89130	2.78733e-02
0.88947	2.61722e-02
0.88632	2.35268e-02
0.88510	2.20438e-02
0.88295	2.08770e-02
0.88407	2.37875e-02
0.88771	2.57993e-02
0.88297	1.79257e-02
0.88826	2.14006e-02
0.88918	2.08427e-02
0.89154	1.63530e-02
0.89167	2.36562e-02
0.89807	2.40016e-02
0.89363	1.80745e-02
0.89486	1.95373e-02
0.89829	1.31396e-02
0.89933	1.41435e-02
0.89856	2.32989e-02
0.89650	2.33263e-02
0.89406	2.41480e-02
0.90531	1.96025e-02
0.90100	1.89881e-02
0.89430	2.87640e-02
0.89419	2.84358e-02
0.89750	3.33226e-02
0.89847	3.28473e-02
0.89847	3.28473e-02
0.89401	3.47319e-02
0.89439	3.50002e-02
0.89840	2.54417e-02
0.91016	2.11589e-02
0.90666	1.61465e-02
0.90802	1.93241e-02
0.90412	1.36425e-02
0.91070	2.37832e-02
0.91453	2.53468e-02
0.91605	2.31850e-02
0.91167	2.86367e-02
0.91351	3.26526e-02
0.91215	3.11915e-02
0.91379	3.36338e-02
0.91601	3.36551e-02
0.91873	3.39047e-02
0.91837	3.43505e-02
0.91837	3.43505e-02
0.91654	3.63636e-02
0.92436	2.95843e-02
0.92651	3.00514e-02
0.92669	3.00691e-02
0.92997	3.29620e-02
0.92849	3.22169e-02
0.92712	3.27568e-02
0.91894	3.94325e-02
0.91875	3.73951e-02
0.92357	3.18022e-02
0.92403	3.38775e-02
0.92794	3.66487e-02
0.91746	3.36220e-02
0.92094	3.76072e-02
0.92116	3.74181e-02
0.92392	3.77680e-02
0.92566	3.82875e-02
0.93326	3.60159e-02
0.93335	3.59954e-02
0.93603	3.86857e-02
0.92957	4.25694e-02
0.92964	4.26366e-02
0.92889	4.21192e-02
0.93232	4.04226e-02
0.93236	4.04107e-02
0.93416	4.26674e-02
0.92824	3.62449e-02
0.92744	3.65806e-02
0.93976	3.11486e-02
0.93447	3.50353e-02
0.93767	3.22216e-02
0.93446	2.46439e-02
0.94027	2.25551e-02
0.94029	2.25512e-02
0.94029	2.25512e-02
0.93945	2.36247e-02
0.93307	1.78719e-02
0.93361	1.81768e-02
0.93361	1.81768e-02
0.93361	1.81768e-02
0.93290	2.50799e-02
0.93290	2.50799e-02
0.93301	2.50200e-02
0.93826	2.54972e-02
0.94275	1.98834e-02
0.94275	1.98834e-02
0.95616	1.25628e-02
0.95616	1.25628e-02
0.95364	1.58805e-02
0.95442	1.63925e-02
0.95663	1.86778e-02
0.95989	1.48129e-02
0.96218	1.18665e-02
0.96218	1.18665e-02
0.96613	9.11682e-03
0.96434	8.91388e-03
0.95575	2.10323e-02
0.96001	2.26066e-02
0.96497	2.05184e-02
0.96483	2.04784e-02
0.96534	1.93900e-02
0.97228	7.78298e-03
0.95308	3.04757e-02
0.96677	6.02186e-03
0.96894	5.45296e-03
0.96800	6.68148e-03
0.96800	6.68148e-03
0.96821	6.73913e-03
0.96821	6.73913e-03
0.96821	6.73913e-03
0.97143	9.04212e-03
0.97143	9.04212e-03
0.97143	9.04212e-03
0.97816	2.08755e-03
0.97767	2.41207e-03
0.97767	2.41207e-03
0.97774	2.34226e-03
0.98008	0.00000e+00
0.98008	0.00000e+00
0.98008	0.00000e+00
0.96433	0.00000e+00
0.98192	0.00000e+00
0.98192	0.00000e+00
0.98192	0.00000e+00
0.98192	0.00000e+00
0.98432	0.00000e+00
0.98398	0.00000e+00
