0.99364	2.10902e-03
0.98584	8.98914e-03
0.96970	1.83976e-02
0.96909	1.53054e-02
0.95522	2.30807e-02
0.94887	1.73875e-02
0.95244	2.20975e-02
0.94951	1.76469e-02
0.92993	2.04760e-02
0.92047	2.90224e-02
0.93753	1.81554e-02
0.90398	2.55662e-02
0.89785	2.20148e-02
0.88826	2.75401e-02
0.89648	3.68583e-02
0.88664	3.01554e-02
0.88296	2.38153e-02
0.86909	3.25636e-02
0.86522	2.71884e-02
0.85851	2.65494e-02
0.86273	4.59849e-02
0.83414	3.09048e-02
0.83575	3.35467e-02
0.83756	3.36343e-02
0.80602	3.22761e-02
0.81623	3.41747e-02
0.79703	4.95102e-02
0.76395	5.47185e-02
0.75597	7.49084e-02
0.76931	6.76636e-02
0.73096	5.25263e-02
0.71657	6.23770e-02
0.73143	4.24318e-02
0.70494	6.03052e-02
0.69931	6.66005e-02
0.69837	6.75360e-02
0.73261	4.52917e-02
0.70754	6.56051e-02
0.67430	7.18518e-02
0.69634	7.28624e-02
0.66993	7.11277e-02
0.69227	4.86872e-02
0.69764	5.63661e-02
0.64512	5.94098e-02
0.66539	7.78401e-02
0.64073	6.88901e-02
0.64216	6.60584e-02
0.66535	5.21119e-02
0.63700	8.78018e-02
0.64509	6.73616e-02
0.62345	9.69181e-02
0.65118	6.72191e-02
0.65791	8.70050e-02
0.65428	9.40166e-02
0.65560	5.53398e-02
0.63240	7.51521e-02
0.63118	7.93917e-02
0.62584	8.51051e-02
0.62844	1.24718e-01
0.64232	9.80071e-02
0.61978	1.04593e-01
0.63343	7.74521e-02
0.60531	8.71351e-02
0.61695	8.80494e-02
0.60054	9.21192e-02
0.62060	9.52712e-02
0.62696	1.01049e-01
0.60637	1.02616e-01
0.58459	8.64755e-02
0.58245	7.29590e-02
0.56062	9.84314e-02
0.56923	8.69472e-02
0.56959	7.98604e-02
0.57561	9.00807e-02
0.58931	1.17878e-01
0.56125	1.07305e-01
0.56408	9.22480e-02
0.57323	8.91995e-02
0.57604	6.14122e-02
0.60607	8.93964e-02
0.57385	1.08282e-01
0.54567	8.84094e-02
0.56274	8.79744e-02
0.56270	9.08514e-02
0.55753	9.39740e-02
0.54453	1.12328e-01
0.54281	1.02255e-01
0.56776	1.03890e-01
0.57770	7.87254e-02
0.57147	8.48902e-02
0.56087	7.02051e-02
0.52696	9.71234e-02
0.50836	1.09168e-01
0.50914	1.02952e-01
0.52656	1.04773e-01
0.52426	8.36934e-02
0.55103	9.48742e-02
0.55379	7.39831e-02
0.56390	5.52220e-02
0.58088	6.18759e-02
0.58868	6.44202e-02
0.59985	7.74954e-02
0.59581	8.09839e-02
0.61169	8.72834e-02
0.61078	8.61302e-02
0.60785	8.29097e-02
0.60590	8.11910e-02
0.61099	8.51394e-02
0.62018	9.97431e-02
0.63901	1.07320e-01
0.64484	1.14419e-01
0.67174	1.18574e-01
0.67174	1.18574e-01
0.67520	9.17523e-02
0.68376	9.28803e-02
0.68259	9.01346e-02
0.68240	8.98642e-02
0.67922	9.29545e-02
0.68244	8.78487e-02
0.69659	7.25080e-02
0.70244	7.20941e-02
0.70371	7.82545e-02
0.70528	7.71012e-02
0.69917	7.00283e-02
0.70249	6.56351e-02
0.71645	6.71518e-02
0.72193	7.03313e-02
0.73887	6.33665e-02
0.73246	6.19212e-02
0.73610	6.52206e-02
0.74002	6.05179e-02
0.74982	6.87300e-02
0.74982	6.87300e-02
0.74684	6.41565e-02
0.75171	6.75951e-02
0.75698	3.97061e-02
0.75937	3.96602e-02
0.77018	5.17313e-02
0.76744	4.79335e-02
0.77991	4.26298e-02
0.78158	5.65038e-02
0.78297	5.67421e-02
0.78860	4.40348e-02
0.79506	4.37906e-02
0.79871	4.90367e-02
0.80889	3.81004e-02
0.80665	3.61570e-02
0.80754	3.76100e-02
0.81867	4.40006e-02
0.82752	4.40652e-02
0.83744	4.21560e-02
0.83102	4.53369e-02
0.81682	4.94687e-02
0.82217	4.92479e-02
0.81956	4.57125e-02
0.81819	4.44480e-02
0.81819	4.44480e-02
0.83383	4.13719e-02
0.83271	4.01992e-02
0.83581	4.35194e-02
0.83861	4.06004e-02
0.84753	2.69892e-02
0.85258	2.93159e-02
0.83490	4.60799e-02
0.83556	4.66958e-02
0.84032	4.47134e-02
0.84355	4.21601e-02
0.84681	4.17695e-02
0.84867	4.25959e-02
0.86071	3.72094e-02
0.85940	3.89869e-02
0.84987	3.63268e-02
0.85047	3.56334e-02
0.85388	3.52615e-02
0.85964	3.00760e-02
0.85660	2.94866e-02
0.85699	2.94351e-02
0.85538	3.47650e-02
0.85538	3.47650e-02
0.86124	3.74224e-02
0.86614	4.15838e-02
0.86614	4.15838e-02
0.86246	4.18904e-02
0.86393	3.86869e-02
0.86762	4.25406e-02
0.87485	3.97109e-02
0.87597	3.30710e-02
0.87806	3.31654e-02
0.87386	3.51923e-02
0.87385	3.44727e-02
0.87942	3.56066e-02
0.88046	3.95681e-02
0.88046	3.95681e-02
0.87529	3.82634e-02
0.87799	4.01836e-02
0.89236	4.12719e-02
0.88572	3.96195e-02
0.89439	2.71650e-02
0.88729	3.22564e-02
0.88729	3.22625e-02
0.89894	2.72211e-02
0.89752	2.60534e-02
0.89204	2.24177e-02
0.89602	2.42257e-02
0.89705	2.50834e-02
0.88508	3.70374e-02
0.88914	3.80177e-02
0.89288	4.12509e-02
0.89634	3.21820e-02
0.90102	2.47891e-02
0.90608	2.27964e-02
0.90509	2.23305e-02
0.90674	1.80884e-02
0.90519	1.57600e-02
0.90738	3.17662e-02
0.90976	3.36645e-02
0.90981	3.57225e-02
0.91072	3.28515e-02
0.91718	2.97998e-02
0.90823	2.04834e-02
0.90648	2.11817e-02
0.90454	1.94069e-02
0.91066	2.35476e-02
0.91282	1.92615e-02
0.91565	1.60719e-02
0.91594	1.61948e-02
0.91503	1.55993e-02
0.92055	2.49724e-02
0.92059	3.00576e-02
0.91339	2.28033e-02
0.90782	2.47020e-02
0.91561	3.00032e-02
0.91640	2.46746e-02
0.91585	2.15980e-02
0.92446	2.94681e-02
0.92149	2.65743e-02
0.92149	2.65743e-02
0.92149	2.65743e-02
0.92149	2.65743e-02
0.92165	2.17806e-02
0.92053	2.14493e-02
0.92153	2.35447e-02
0.92722	2.34348e-02
0.92118	2.26846e-02
0.91314	3.03404e-02
0.92385	2.11200e-02
0.92385	2.11200e-02
0.92299	1.89872e-02
0.92278	1.91508e-02
0.92367	2.30015e-02
0.92505	2.08844e-02
0.92054	2.10580e-02
0.91971	2.00251e-02
0.92115	1.75469e-02
0.92452	1.79384e-02
0.92610	1.87764e-02
0.93041	1.73277e-02
0.92991	1.70390e-02
0.91248	3.29985e-02
0.92066	2.86773e-02
0.92192	3.10165e-02
0.91912	2.65374e-02
0.92559	2.05494e-02
0.91959	2.58520e-02
0.92173	2.09887e-02
0.92110	2.08406e-02
0.92824	2.29700e-02
0.92531	2.32232e-02
0.92124	2.27105e-02
0.92352	2.44453e-02
0.92574	2.46406e-02
0.92765	1.78803e-02
0.92725	1.81873e-02
0.93318	1.90872e-02
0.93565	1.85460e-02
0.93714	1.60841e-02
0.92428	2.74742e-02
0.92310	2.72635e-02
0.92320	2.65373e-02
0.92436	2.72406e-02
0.92126	2.68372e-02
0.91838	2.96218e-02
0.91790	2.93405e-02
0.92368	2.81356e-02
0.92886	2.35750e-02
0.92464	2.17707e-02
0.92918	1.83085e-02
0.93456	2.15170e-02
0.93090	3.13494e-02
0.93140	2.98364e-02
0.92831	3.21868e-02
0.92468	3.05073e-02
0.93697	2.15322e-02
0.93697	2.15322e-02
0.94069	2.19706e-02
0.94209	2.44347e-02
0.93681	2.90596e-02
0.94191	2.47431e-02
0.93644	2.19194e-02
0.94199	1.73499e-02
0.94354	1.69741e-02
0.94410	1.83578e-02
0.94642	2.08469e-02
0.94407	2.03548e-02
0.94299	1.93959e-02
0.94485	2.12356e-02
0.94940	1.23193e-02
0.95406	1.89795e-02
0.94739	2.01655e-02
0.95032	2.19837e-02
0.94956	2.16899e-02
0.94903	2.17846e-02
0.95224	2.12465e-02
0.95475	2.06823e-02
0.95950	1.65167e-02
0.95310	2.45027e-02
0.95230	1.50365e-02
0.94922	1.48241e-02
0.95216	1.52679e-02
0.95670	1.10338e-02
0.95927	1.01832e-02
0.95718	9.73075e-03
0.95718	9.73075e-03
0.96311	1.24024e-02
0.96311	1.24024e-02
0.96021	1.73222e-02
0.96276	1.28107e-02
0.95961	9.75896e-03
0.96064	1.37069e-02
0.96084	1.61970e-02
0.96328	1.71453e-02
0.95516	1.42479e-02
0.96128	1.63693e-02
0.96128	1.63693e-02
0.96024	1.67405e-02
0.96105	2.05709e-02
0.96333	2.12158e-02
0.95985	1.94846e-02
0.95985	1.94846e-02
0.95749	2.00614e-02
0.96139	2.05765e-02
0.96232	1.91548e-02
0.95743	1.48669e-02
0.95750	1.49099e-02
0.95355	1.61218e-02
0.95788	2.06274e-02
0.96308	2.57920e-02
0.95907	2.45715e-02
0.96246	2.40126e-02
0.96022	2.18264e-02
0.96288	2.34705e-02
0.96519	2.49514e-02
0.96116	2.54032e-02
0.95785	2.47343e-02
0.95785	2.47343e-02
0.96432	2.04809e-02
0.95938	1.87226e-02
0.96824	1.51964e-02
0.96270	1.39933e-02
0.96270	1.39933e-02
0.96979	1.19751e-02
0.97128	1.52663e-02
0.97381	1.61348e-02
0.97667	1.61731e-02
0.97573	2.13528e-02
0.97289	2.00163e-02
0.97122	2.00761e-02
0.97093	2.18329e-02
0.97093	2.18329e-02
0.97094	2.18289e-02
0.97028	2.27102e-02
0.97189	2.06815e-02
0.97189	2.06815e-02
0.97516	1.71650e-02
0.97185	1.67711e-02
0.97196	1.49999e-02
0.97196	1.49999e-02
0.97196	1.49999e-02
0.97414	1.04827e-02
0.96854	8.69967e-03
0.96854	8.69967e-03
0.97255	1.36242e-02
0.97247	1.34955e-02
0.96708	9.08189e-03
0.97255	1.27052e-02
0.97936	7.40436e-03
0.97983	7.05876e-03
0.97112	1.15739e-02
0.97189	1.62499e-02
0.97268	1.13243e-02
0.97149	1.14687e-02
0.97149	1.14687e-02
0.97149	1.14687e-02
0.97942	8.92609e-03
0.98569	9.26536e-03
0.98570	9.28442e-03
0.99068	3.41860e-03
0.99068	3.41860e-03
0.98589	1.02015e-02
0.98589	1.02015e-02
0.99085	3.37464e-03
0.98587	1.01499e-02
0.98587	1.01499e-02
0.98598	1.01673e-02
0.98787	2.54819e-03
0.98683	2.15599e-03
0.98580	1.93931e-03
0.98580	1.93931e-03
0.99207	4.33083e-03
0.99194	4.45984e-03
0.99194	4.45984e-03
0.99496	1.44310e-03
0.99496	1.43711e-03
0.99640	0.00000e+00
0.99647	0.00000e+00
