0.41196	1.15530e-01
0.34136	1.11311e-01
0.34965	1.24103e-01
0.28262	1.25724e-01
0.25440	9.95903e-02
0.17978	1.11749e-01
0.23895	8.00857e-02
0.20303	9.78584e-02
0.19414	9.79340e-02
0.19156	8.57476e-02
0.13874	7.94295e-02
0.14910	9.72910e-02
0.17641	7.03104e-02
0.16806	5.96210e-02
0.21858	7.20426e-02
0.22798	8.84725e-02
0.16343	7.11055e-02
0.20875	5.75811e-02
0.14619	7.83987e-02
0.19012	9.35703e-02
0.13631	8.25137e-02
0.22162	4.65414e-02
0.21356	3.93405e-02
0.23193	1.18593e-01
0.23054	9.12731e-02
0.22952	7.01256e-02
0.20239	4.47026e-02
0.18639	8.79172e-02
0.17844	8.09679e-02
0.21434	6.25390e-02
0.21443	8.43210e-02
0.20963	9.73610e-02
0.20567	4.44621e-02
0.25717	1.08231e-01
0.22667	8.91547e-02
0.25509	8.86292e-02
0.21966	7.42377e-02
0.26214	9.54547e-02
0.28652	8.68635e-02
0.26991	8.56427e-02
0.18457	7.15741e-02
0.26964	6.11184e-02
0.22995	6.16637e-02
0.24165	8.06672e-02
0.23159	7.41044e-02
0.25627	8.47564e-02
0.21935	7.08767e-02
0.25849	7.17155e-02
0.23110	8.09127e-02
0.24413	6.49210e-02
0.24324	7.61002e-02
0.28566	5.52024e-02
0.23827	3.04996e-02
0.22255	7.16819e-02
0.27009	7.36965e-02
0.24757	4.62886e-02
0.27834	8.24437e-02
0.23357	6.94919e-02
0.23509	5.71830e-02
0.24543	5.05547e-02
0.21069	5.72834e-02
0.24138	1.00930e-01
0.25851	6.36871e-02
0.26178	6.24444e-02
0.22055	5.59916e-02
0.21801	1.03130e-01
0.23184	6.02122e-02
0.22753	6.67709e-02
0.22490	6.28437e-02
0.25166	7.86743e-02
0.20935	7.32644e-02
0.22708	7.96339e-02
0.20245	7.32017e-02
0.20706	7.96812e-02
0.19863	5.92348e-02
0.19892	3.86633e-02
0.20408	8.01513e-02
0.19286	8.43824e-02
0.22473	4.81783e-02
0.19968	8.36840e-02
0.20070	7.89369e-02
0.21919	7.14827e-02
0.21934	7.20460e-02
0.18645	4.82906e-02
0.21232	8.63178e-02
0.17507	5.88724e-02
0.20365	6.93533e-02
0.19023	7.57964e-02
0.14505	5.30566e-02
0.13489	4.33178e-02
0.17770	6.24799e-02
0.16871	8.09374e-02
0.18862	8.77739e-02
0.12445	4.73248e-02
0.18347	7.77114e-02
0.16332	6.17911e-02
0.16616	6.78173e-02
0.16994	8.36678e-02
0.15574	7.11633e-02
0.16822	5.02775e-02
0.15847	5.61999e-02
0.15448	5.35922e-02
0.17533	4.08506e-02
0.16249	8.04553e-02
0.14306	7.53951e-02
0.15383	7.19735e-02
0.15383	7.19735e-02
0.16228	5.95381e-02
0.14676	6.24753e-02
0.13997	3.20784e-02
0.13644	4.13696e-02
0.12852	4.94030e-02
0.13832	6.23978e-02
0.15662	7.21257e-02
0.16783	7.21366e-02
0.17285	7.53572e-02
0.17228	5.84917e-02
0.17214	3.43272e-02
0.17568	2.54895e-02
0.17877	2.61444e-02
0.17013	4.53405e-02
0.15438	4.83070e-02
0.13623	5.03657e-02
0.17492	7.43114e-02
0.19808	7.25354e-02
0.19516	7.39546e-02
0.17572	7.72343e-02
0.17763	7.53719e-02
0.18521	6.83464e-02
0.19288	7.91503e-02
0.19411	7.79880e-02
0.19823	7.78413e-02
0.17966	7.19205e-02
0.17522	7.46674e-02
0.18498	5.94909e-02
0.20709	7.41783e-02
0.17027	5.34782e-02
0.19905	5.46781e-02
0.18895	5.52464e-02
0.16483	7.09131e-02
0.17875	8.17586e-02
0.16621	8.79946e-02
0.16398	8.60756e-02
0.14548	7.62694e-02
0.19520	8.95437e-02
0.20469	6.85333e-02
0.21710	4.57043e-02
0.20019	5.39059e-02
0.19316	6.80852e-02
0.18291	3.91296e-02
0.20505	5.33544e-02
0.19320	6.29401e-02
0.18621	6.71703e-02
0.14677	6.79070e-02
0.16908	6.02243e-02
0.18228	5.84561e-02
0.18232	5.84671e-02
0.20492	7.22385e-02
0.20401	6.87576e-02
0.22887	6.55810e-02
0.22279	7.08008e-02
0.21664	6.79824e-02
0.19956	7.19663e-02
0.18692	6.30339e-02
0.18364	7.11280e-02
0.23120	7.91026e-02
0.18838	8.62187e-02
0.24515	1.25831e-01
0.26487	1.19222e-01
0.22596	8.73706e-02
0.22303	8.78974e-02
0.25388	5.01941e-02
0.25388	5.01941e-02
0.26991	6.02640e-02
0.20652	7.59901e-02
0.20815	5.77260e-02
0.21021	6.21411e-02
0.19913	6.21946e-02
0.19558	6.42458e-02
0.20018	7.36518e-02
0.20261	9.55137e-02
0.18970	7.97300e-02
0.22906	7.96134e-02
0.22650	6.71730e-02
0.20937	7.15132e-02
0.23640	7.83692e-02
0.23274	7.68060e-02
0.21714	7.00557e-02
0.22664	8.37525e-02
0.19884	6.55040e-02
0.22024	7.42704e-02
0.21451	7.58957e-02
0.19775	9.67127e-02
0.19775	9.67127e-02
0.18117	8.25250e-02
0.18427	3.61805e-02
0.20350	6.05132e-02
0.20494	5.94959e-02
0.17857	8.06313e-02
0.19430	1.02241e-01
0.19329	8.97056e-02
0.18959	9.78446e-02
0.21240	5.95232e-02
0.21627	6.51198e-02
0.22227	6.54710e-02
0.21195	7.39517e-02
0.20373	8.14430e-02
0.20838	7.65787e-02
0.21304	7.44250e-02
0.21890	7.81429e-02
0.22146	7.96170e-02
0.22146	7.96170e-02
0.22146	7.96170e-02
0.22189	7.77977e-02
0.22799	9.26724e-02
0.26245	1.03737e-01
0.27320	1.31683e-01
0.26890	1.16746e-01
0.27645	1.35877e-01
0.23603	1.32455e-01
0.24045	1.30030e-01
0.23509	1.22818e-01
0.26346	1.29179e-01
0.31569	1.32673e-01
0.27422	1.40151e-01
0.27422	1.40151e-01
0.23607	1.14579e-01
0.26163	1.13945e-01
0.26278	1.14122e-01
0.24972	8.93271e-02
0.26219	8.30708e-02
0.25439	7.40138e-02
0.25200	6.05235e-02
0.27274	7.29064e-02
0.26305	7.89680e-02
0.28212	7.31259e-02
0.29771	5.81131e-02
0.31959	6.50939e-02
0.28723	6.33453e-02
0.29760	6.54910e-02
0.29760	6.54910e-02
0.29760	6.54910e-02
0.29246	1.02446e-01
0.27095	1.13085e-01
0.24147	9.48906e-02
0.27730	1.18058e-01
0.27730	1.18058e-01
0.27625	9.99397e-02
0.27625	9.99397e-02
0.26259	1.09805e-01
0.27878	9.79475e-02
0.27162	1.00488e-01
0.29261	9.33065e-02
0.30983	9.72642e-02
0.30825	7.44052e-02
0.30712	7.58478e-02
0.32100	1.00512e-01
0.28178	1.15941e-01
0.28036	1.00426e-01
0.28745	9.49052e-02
0.28186	9.74008e-02
0.28925	1.12622e-01
0.29906	9.64788e-02
0.32013	6.05607e-02
0.32901	7.41347e-02
0.31179	1.15269e-01
0.29053	1.30277e-01
0.29053	1.30277e-01
0.29053	1.30277e-01
0.30712	1.15755e-01
0.31772	1.17711e-01
0.31772	1.17711e-01
0.31772	1.17711e-01
0.30636	1.20522e-01
0.29317	1.19929e-01
0.28001	1.28817e-01
0.26789	1.30096e-01
0.27633	1.33216e-01
0.26422	1.40266e-01
0.27918	1.40391e-01
0.26288	1.30212e-01
0.25721	1.30045e-01
0.26581	1.32939e-01
0.23251	1.19051e-01
0.25532	1.13375e-01
0.25620	1.14794e-01
0.25170	1.00528e-01
0.25404	1.01590e-01
0.28268	1.10945e-01
0.29782	9.01618e-02
0.30677	9.03203e-02
0.32392	8.20399e-02
0.32325	6.90452e-02
0.30850	7.04705e-02
0.28727	6.94969e-02
0.30185	8.86316e-02
0.30636	1.07614e-01
0.30287	1.02243e-01
0.30824	9.79712e-02
0.28658	1.05803e-01
0.28486	1.08415e-01
0.28975	1.13219e-01
0.30681	1.04587e-01
0.33194	1.35275e-01
0.33017	1.38688e-01
0.33017	1.38688e-01
0.28996	1.11079e-01
0.30059	1.14219e-01
0.31548	1.00759e-01
0.32949	9.18900e-02
0.34218	7.89397e-02
0.32858	9.11997e-02
0.34680	7.33854e-02
0.34168	7.03469e-02
0.32704	9.61986e-02
0.32023	9.47736e-02
0.34935	1.02338e-01
0.35127	1.03696e-01
0.36256	1.08201e-01
0.33431	1.11716e-01
0.33431	1.11716e-01
0.31879	1.29411e-01
0.33928	1.09702e-01
0.36417	1.13508e-01
0.34096	1.16658e-01
0.35707	1.09064e-01
0.33939	1.08333e-01
0.32092	8.91360e-02
0.33748	9.76263e-02
0.32266	1.25949e-01
0.32629	1.39274e-01
0.35061	1.08137e-01
0.37538	7.98123e-02
0.37888	8.44173e-02
0.37841	8.36785e-02
0.35691	7.33070e-02
0.31970	9.48659e-02
0.35753	1.07971e-01
0.34848	1.08666e-01
0.34005	1.02979e-01
0.35296	9.86942e-02
0.33859	1.30538e-01
0.35380	1.12425e-01
0.37516	1.05759e-01
0.37275	6.11351e-02
0.37388	6.07602e-02
0.41186	7.67570e-02
0.41186	7.67570e-02
0.39323	1.09874e-01
0.37581	1.16939e-01
0.36471	1.04894e-01
0.34287	9.37946e-02
0.37856	1.04549e-01
0.36052	1.12656e-01
0.36223	1.00607e-01
0.37985	8.20613e-02
0.36730	8.87686e-02
0.35719	7.89349e-02
0.35397	7.80801e-02
0.35050	6.74394e-02
0.30629	1.21348e-01
0.30444	1.20653e-01
0.39004	1.39366e-01
0.42839	8.68129e-02
0.41366	6.80106e-02
0.39591	1.27402e-01
0.45086	7.54335e-02
0.39620	1.13119e-01
0.46361	1.00214e-01
0.44480	1.04057e-01
0.44480	1.04057e-01
0.42208	8.60972e-02
0.42518	8.53047e-02
0.39429	1.00928e-01
0.38512	1.59032e-01
0.38512	1.59032e-01
0.36156	1.46449e-01
0.36261	1.47949e-01
0.30979	1.15799e-01
0.31607	1.21514e-01
0.39016	1.62177e-01
0.39016	1.62177e-01
0.37065	1.60483e-01
0.31709	1.09670e-01
0.31709	1.09670e-01
0.31709	1.09670e-01
0.33983	1.31498e-01
0.32095	1.37669e-01
0.34948	9.90086e-02
0.37003	1.42552e-01
0.37003	1.42552e-01
0.38144	1.50021e-01
0.38144	1.50021e-01
0.45640	3.12938e-02
0.48266	5.51613e-02
0.43181	1.23266e-01
0.38895	1.19671e-01
0.38895	1.19671e-01
0.38895	1.19671e-01
0.38895	1.19671e-01
0.32500	4.49226e-02
0.32500	4.49226e-02
0.32500	4.49226e-02
0.32500	4.49226e-02
0.34947	1.03256e-02
0.34947	1.03256e-02
0.34947	1.03256e-02
0.34947	1.03256e-02
0.39564	7.07005e-02
0.35361	7.95871e-02
0.43741	0.00000e+00
