0.90763	2.27095e-02
0.88667	2.24064e-02
0.85174	3.53920e-02
0.82212	5.92463e-02
0.77925	8.71188e-02
0.74919	8.28107e-02
0.73310	8.06449e-02
0.70575	7.27398e-02
0.63295	8.71858e-02
0.60540	9.64236e-02
0.57003	8.62293e-02
0.54596	1.40938e-01
0.57165	1.33312e-01
0.53479	1.66082e-01
0.53369	1.21916e-01
0.54397	1.24580e-01
0.51196	1.57505e-01
0.51706	1.43510e-01
0.51028	1.37723e-01
0.54684	9.63013e-02
0.50464	1.02677e-01
0.54048	8.52102e-02
0.54150	1.04793e-01
0.52817	1.22948e-01
0.53494	1.11620e-01
0.56409	9.10490e-02
0.56004	9.81110e-02
0.55913	9.62224e-02
0.52643	1.20803e-01
0.54464	1.53527e-01
0.55578	7.73620e-02
0.57463	1.05826e-01
0.54365	7.26477e-02
0.57544	7.01949e-02
0.56390	7.62431e-02
0.57291	8.04196e-02
0.53712	8.33153e-02
0.57213	7.72782e-02
0.56776	8.41866e-02
0.56113	8.80903e-02
0.55397	7.47015e-02
0.57395	9.54851e-02
0.56344	5.99047e-02
0.54005	8.43485e-02
0.56769	6.91479e-02
0.56598	1.06392e-01
0.57964	6.18182e-02
0.54574	5.86107e-02
0.54643	6.21117e-02
0.54983	8.49500e-02
0.54116	7.21618e-02
0.57189	4.58345e-02
0.58782	4.90641e-02
0.57821	5.03650e-02
0.56305	6.36329e-02
0.56203	4.08770e-02
0.58460	6.47669e-02
0.56556	4.19634e-02
0.55473	5.44283e-02
0.55632	3.62481e-02
0.54933	3.87763e-02
0.56924	5.97254e-02
0.54163	4.94479e-02
0.57809	4.47118e-02
0.52505	3.89421e-02
0.51920	3.11701e-02
0.54770	5.34173e-02
0.51494	5.20863e-02
0.51075	2.33416e-02
0.48916	5.31642e-02
0.52552	3.67819e-02
0.52713	7.36170e-02
0.47994	5.74758e-02
0.48906	4.15696e-02
0.47238	5.81454e-02
0.46341	8.08067e-02
0.46961	5.96559e-02
0.44102	3.26501e-02
0.43748	6.95554e-02
0.41392	5.77857e-02
0.43170	7.98230e-02
0.41125	5.70737e-02
0.39398	5.50595e-02
0.41169	8.67726e-02
0.40856	8.74383e-02
0.38502	5.09027e-02
0.37352	5.81757e-02
0.39276	8.10913e-02
0.37473	5.47702e-02
0.36154	2.02632e-02
0.36642	6.75851e-02
0.38422	5.96410e-02
0.35407	4.79634e-02
0.34902	9.08027e-02
0.34630	5.71802e-02
0.34935	5.54989e-02
0.33411	7.89312e-02
0.35643	4.16260e-02
0.32435	4.14879e-02
0.30321	7.36230e-02
0.31081	7.26120e-02
0.31900	5.64863e-02
0.33051	4.73175e-02
0.33779	6.86173e-02
0.33337	7.08803e-02
0.34588	7.18390e-02
0.36027	6.30600e-02
0.36355	5.41753e-02
0.37138	6.40517e-02
0.37485	6.50516e-02
0.36521	6.49920e-02
0.35646	8.27707e-02
0.31827	6.65395e-02
0.32411	6.01966e-02
0.33571	6.28933e-02
0.34715	6.02020e-02
0.35594	3.83415e-02
0.36781	3.28423e-02
0.35752	6.87972e-02
0.35061	7.27886e-02
0.35061	7.27886e-02
0.35459	7.20441e-02
0.34911	6.09840e-02
0.32996	6.83675e-02
0.32996	6.83675e-02
0.34271	7.99191e-02
0.35748	7.01335e-02
0.37767	7.11774e-02
0.38103	5.36238e-02
0.38590	5.76947e-02
0.37540	6.72777e-02
0.37161	6.45882e-02
0.36169	6.99701e-02
0.42170	4.91702e-02
0.41003	3.91995e-02
0.43469	6.43739e-02
0.43480	7.20126e-02
0.42183	7.56689e-02
0.42183	7.56689e-02
0.42814	7.69931e-02
0.43784	7.09686e-02
0.44049	8.79726e-02
0.44019	8.21235e-02
0.44930	7.13192e-02
0.46192	8.90970e-02
0.46192	8.90970e-02
0.45938	7.56195e-02
0.47797	7.63386e-02
0.46530	7.66433e-02
0.41424	4.56177e-02
0.41699	4.62305e-02
0.42823	5.08441e-02
0.44444	8.00904e-02
0.44262	9.06311e-02
0.45533	8.58804e-02
0.45835	8.36664e-02
0.44022	6.61036e-02
0.43932	7.35089e-02
0.44123	7.43928e-02
0.44123	7.43928e-02
0.43695	7.42462e-02
0.44189	7.78837e-02
0.45094	9.20184e-02
0.45516	9.22062e-02
0.46594	9.70695e-02
0.44613	9.03690e-02
0.45406	1.02333e-01
0.46471	1.00429e-01
0.48524	8.83994e-02
0.47672	9.29416e-02
0.47672	9.29416e-02
0.46464	1.02742e-01
0.47328	7.94465e-02
0.48334	5.89048e-02
0.46489	7.26381e-02
0.46958	6.52599e-02
0.48373	7.84930e-02
0.47986	7.44051e-02
0.46650	7.06217e-02
0.46781	7.52241e-02
0.46558	5.90725e-02
0.46012	5.19441e-02
0.47620	6.59386e-02
0.47813	6.43751e-02
0.49517	5.77329e-02
0.51186	5.13632e-02
0.51207	5.10616e-02
0.52355	6.76179e-02
0.52128	6.73131e-02
0.51210	7.53827e-02
0.51621	6.98181e-02
0.50656	6.69771e-02
0.51148	6.37736e-02
0.50893	7.27415e-02
0.51821	6.82980e-02
0.53309	6.40233e-02
0.53537	6.43154e-02
0.51765	5.88622e-02
0.52732	4.88418e-02
0.53038	4.95860e-02
0.51511	3.29634e-02
0.50877	4.54887e-02
0.52887	6.61433e-02
0.53600	6.66914e-02
0.54766	7.33593e-02
0.56295	5.51088e-02
0.55226	7.47738e-02
0.56279	7.31287e-02
0.56015	7.52853e-02
0.54908	7.79382e-02
0.55267	7.33765e-02
0.55022	7.16558e-02
0.55063	7.14781e-02
0.54946	7.13103e-02
0.53586	5.08252e-02
0.53586	5.08252e-02
0.53285	4.56236e-02
0.53977	5.89762e-02
0.54768	5.41984e-02
0.54543	5.39377e-02
0.53306	7.51936e-02
0.54273	9.44737e-02
0.55184	9.48223e-02
0.54484	8.21635e-02
0.56016	8.50353e-02
0.55814	9.32089e-02
0.60492	7.62525e-02
0.59230	7.67314e-02
0.61526	8.41003e-02
0.59907	8.10938e-02
0.58985	7.64051e-02
0.58676	7.80713e-02
0.61658	7.57805e-02
0.60178	6.82130e-02
0.62087	4.70157e-02
0.62087	4.70157e-02
0.63079	6.56944e-02
0.63085	6.57089e-02
0.62528	7.68150e-02
0.60426	8.41300e-02
0.59390	6.46253e-02
0.59761	6.12194e-02
0.59714	6.38726e-02
0.60758	6.67383e-02
0.61638	6.98036e-02
0.59278	9.45578e-02
0.58083	7.34388e-02
0.59114	6.79333e-02
0.59204	6.46812e-02
0.60329	5.90457e-02
0.61252	5.88942e-02
0.61515	6.22095e-02
0.62555	4.71636e-02
0.62070	5.83620e-02
0.62047	5.61036e-02
0.62925	4.92123e-02
0.64721	6.46278e-02
0.63954	6.22133e-02
0.64231	5.98605e-02
0.65153	5.86046e-02
0.65129	5.85163e-02
0.64479	5.34988e-02
0.65348	5.70586e-02
0.66001	5.98929e-02
0.66560	6.34336e-02
0.68169	5.65662e-02
0.68286	5.81837e-02
0.67940	6.36869e-02
0.67405	6.42169e-02
0.67098	6.11311e-02
0.65355	6.55979e-02
0.66912	6.78089e-02
0.66622	6.23367e-02
0.68006	7.77409e-02
0.67652	7.50145e-02
0.67788	6.81126e-02
0.66805	8.67827e-02
0.67660	9.22479e-02
0.68951	8.57514e-02
0.68138	7.05670e-02
0.69781	5.83223e-02
0.69788	5.79994e-02
0.69734	5.40949e-02
0.70304	6.23675e-02
0.70304	6.23675e-02
0.70275	5.01458e-02
0.71392	4.27094e-02
0.70281	5.64813e-02
0.70743	6.23349e-02
0.70155	6.43106e-02
0.69941	5.88551e-02
0.71100	6.86252e-02
0.71100	6.86252e-02
0.72739	6.19490e-02
0.72739	6.19490e-02
0.73124	6.40818e-02
0.73445	6.55299e-02
0.73647	6.68697e-02
0.72655	6.93070e-02
0.72655	6.93070e-02
0.73067	6.74494e-02
0.72919	6.80519e-02
0.71973	7.54172e-02
0.72068	7.40184e-02
0.72717	7.70071e-02
0.75429	6.21740e-02
0.75639	6.17187e-02
0.76266	5.62789e-02
0.76979	5.94098e-02
0.76908	6.56943e-02
0.77505	5.48668e-02
0.77524	6.28693e-02
0.77343	6.52454e-02
0.77936	6.11782e-02
0.78145	6.32488e-02
0.76351	7.60623e-02
0.76800	8.12683e-02
0.77223	7.82454e-02
0.78349	7.53397e-02
0.78834	7.66844e-02
0.78990	7.46884e-02
0.78913	8.03310e-02
0.78365	7.96152e-02
0.77714	7.61921e-02
0.78765	7.14557e-02
0.78905	6.48631e-02
0.78467	6.54619e-02
0.78510	6.58971e-02
0.79641	7.33427e-02
0.79600	6.55097e-02
0.78468	6.06218e-02
0.78998	6.13465e-02
0.79053	6.47517e-02
0.79053	6.47517e-02
0.79235	7.12205e-02
0.80088	7.54381e-02
0.80020	6.55208e-02
0.79482	6.29688e-02
0.79154	6.87312e-02
0.78713	6.64112e-02
0.78845	6.39971e-02
0.78845	6.39971e-02
0.82090	5.28023e-02
0.81617	5.29997e-02
0.81996	4.81623e-02
0.82302	4.36724e-02
0.82645	4.49457e-02
0.82645	4.49457e-02
0.80780	7.03362e-02
0.80832	7.06506e-02
0.81035	7.39994e-02
0.81522	5.97231e-02
0.81567	6.04954e-02
0.80236	5.12868e-02
0.81567	4.97874e-02
0.81698	5.46589e-02
0.82389	5.09225e-02
0.82627	4.71082e-02
0.83316	3.81580e-02
0.83316	3.81580e-02
0.83422	3.77325e-02
0.83513	3.82362e-02
0.84868	3.61301e-02
0.85008	3.70793e-02
0.85347	3.35559e-02
0.84856	4.40749e-02
0.84532	4.58346e-02
0.83770	4.52210e-02
0.83770	4.52210e-02
0.84659	4.56892e-02
0.84659	4.56892e-02
0.84262	4.51980e-02
0.86041	3.52445e-02
0.87109	2.99834e-02
0.87109	2.99834e-02
0.86741	4.92788e-02
0.85047	4.70356e-02
0.85047	4.70356e-02
0.86095	4.99656e-02
0.87429	2.53760e-02
0.86696	3.85499e-02
0.86696	3.85499e-02
0.86884	4.01086e-02
0.86965	4.08695e-02
0.85976	3.99861e-02
0.85976	3.99861e-02
0.86240	1.68447e-02
0.86344	1.50694e-02
0.86344	1.50694e-02
0.86333	1.49834e-02
0.86333	1.49834e-02
0.86731	1.74058e-02
0.87486	2.43471e-02
0.87486	2.43471e-02
0.87486	2.43471e-02
0.87486	2.43471e-02
0.86290	4.36658e-02
0.86290	4.36658e-02
0.85784	4.21748e-02
0.85784	4.21748e-02
0.86039	4.27079e-02
0.86039	4.27079e-02
0.86481	4.77539e-02
0.84332	3.77626e-02
0.84332	3.77626e-02
0.84332	3.77626e-02
0.84332	3.77626e-02
0.85714	4.95843e-02
0.84717	4.89091e-02
0.84838	6.39239e-03
0.84838	6.39239e-03
0.85663	1.85824e-03
0.85663	1.85824e-03
0.85769	2.91342e-03
0.85769	2.91342e-03
0.85769	2.91342e-03
0.88098	2.62120e-02
0.88098	2.62120e-02
0.88098	2.62120e-02
0.88710	2.00993e-02
0.88710	2.00993e-02
0.88710	2.00993e-02
0.88710	2.00993e-02
0.88710	2.00993e-02
0.88710	2.00993e-02
0.87560	3.15989e-02
0.87560	3.15989e-02
0.87560	3.15989e-02
0.87560	3.15989e-02
0.86457	2.05739e-02
0.86457	2.05739e-02
0.86457	2.05739e-02
0.86740	2.34055e-02
0.86740	2.34055e-02
0.86740	2.34055e-02
0.86740	2.34055e-02
0.86740	2.34055e-02
0.86740	2.34055e-02
0.86740	2.34055e-02
0.88315	7.65866e-03
0.88284	7.96555e-03
0.88284	7.96555e-03
0.88876	2.04558e-03
0.89538	8.66109e-03
0.89538	8.66109e-03
0.89538	8.66109e-03
0.90052	1.38024e-02
0.88672	0.00000e+00
0.91533	0.00000e+00
0.91533	0.00000e+00
0.91533	0.00000e+00
0.91533	0.00000e+00
0.92479	0.00000e+00
0.92479	0.00000e+00
0.92479	0.00000e+00
0.92479	0.00000e+00
0.92479	0.00000e+00
0.92479	0.00000e+00
0.88824	0.00000e+00
0.88824	0.00000e+00
0.88824	0.00000e+00
0.93305	0.00000e+00
0.93305	0.00000e+00
0.93305	0.00000e+00
0.93305	0.00000e+00
0.93305	0.00000e+00
0.93305	0.00000e+00
0.92515	0.00000e+00
0.92515	0.00000e+00
0.92515	0.00000e+00
0.92515	0.00000e+00
0.92515	0.00000e+00
0.92515	0.00000e+00
0.94527	0.00000e+00
0.94330	0.00000e+00
