0.95700	5.69953e-03
0.93843	1.43315e-02
0.91195	2.20077e-02
0.85822	3.89717e-02
0.83855	6.16334e-02
0.79020	1.02196e-01
0.79327	6.38539e-02
0.72574	8.83933e-02
0.64777	9.95080e-02
0.66335	1.06698e-01
0.61921	1.50177e-01
0.59463	1.43848e-01
0.64043	1.39965e-01
0.61454	1.37572e-01
0.61800	9.87249e-02
0.60802	1.31821e-01
0.59710	9.95968e-02
0.61802	1.14478e-01
0.58403	1.39692e-01
0.57355	1.43842e-01
0.62470	1.00373e-01
0.61595	1.28540e-01
0.66206	8.57904e-02
0.66046	7.38181e-02
0.66356	8.98115e-02
0.66667	6.27434e-02
0.68425	9.65599e-02
0.68499	7.81172e-02
0.67308	1.01641e-01
0.66936	1.05741e-01
0.68940	7.98807e-02
0.67116	5.93977e-02
0.68046	6.27829e-02
0.69001	5.26260e-02
0.68860	6.58883e-02
0.67733	5.36817e-02
0.67868	6.50478e-02
0.67866	5.13463e-02
0.66558	7.34317e-02
0.68573	5.98970e-02
0.66157	7.89273e-02
0.67194	3.91202e-02
0.67209	4.43697e-02
0.70389	2.93237e-02
0.66220	6.51464e-02
0.67978	4.65245e-02
0.68169	3.62749e-02
0.64906	5.13119e-02
0.68163	4.76822e-02
0.65977	4.49397e-02
0.65246	4.13993e-02
0.66677	4.59314e-02
0.64573	4.12088e-02
0.65278	4.70985e-02
0.62843	3.75128e-02
0.63549	5.86103e-02
0.61024	3.19782e-02
0.60325	4.19022e-02
0.62688	6.67588e-02
0.61494	6.15986e-02
0.60066	4.56791e-02
0.60195	7.33133e-02
0.59886	2.50146e-02
0.60353	5.91305e-02
0.58809	5.58371e-02
0.60527	7.38083e-02
0.57479	4.24305e-02
0.58861	4.95761e-02
0.56273	5.73682e-02
0.58526	6.07694e-02
0.55305	6.41984e-02
0.54309	5.92846e-02
0.55540	6.55703e-02
0.52592	6.83507e-02
0.53166	7.19787e-02
0.55068	6.80409e-02
0.52059	6.98772e-02
0.52471	5.10811e-02
0.49622	8.39098e-02
0.50955	5.69850e-02
0.49672	6.39474e-02
0.51405	9.01722e-02
0.47665	6.25603e-02
0.51118	7.14460e-02
0.47558	8.23389e-02
0.44227	9.60834e-02
0.46650	7.06246e-02
0.46227	6.15915e-02
0.42148	8.07015e-02
0.40364	7.59753e-02
0.40311	9.07344e-02
0.41466	7.57122e-02
0.42827	4.58199e-02
0.37909	8.82553e-02
0.39886	1.05270e-01
0.38894	9.56303e-02
0.33774	6.98697e-02
0.39197	1.19247e-01
0.35560	7.26999e-02
0.39890	9.20057e-02
0.40582	7.70786e-02
0.39308	8.86185e-02
0.37668	9.84743e-02
0.38814	8.74634e-02
0.40888	8.56764e-02
0.39794	8.10859e-02
0.39928	8.00285e-02
0.41728	9.45812e-02
0.41957	9.93899e-02
0.43340	1.03596e-01
0.42210	8.98850e-02
0.42210	8.98850e-02
0.42973	8.47607e-02
0.41966	6.96869e-02
0.41275	7.39572e-02
0.41275	7.39572e-02
0.41632	8.06547e-02
0.43295	9.25370e-02
0.42387	9.31921e-02
0.42150	8.88692e-02
0.41263	7.90213e-02
0.43513	7.99961e-02
0.44296	7.78068e-02
0.45147	9.25490e-02
0.46379	1.02390e-01
0.48539	9.89474e-02
0.48084	1.05299e-01
0.48328	1.08059e-01
0.47476	9.53527e-02
0.47883	8.99743e-02
0.47883	8.99743e-02
0.45250	8.23021e-02
0.47221	8.15958e-02
0.47155	1.09011e-01
0.45589	8.41659e-02
0.46374	8.79942e-02
0.45852	8.17071e-02
0.45257	8.61625e-02
0.47904	8.65717e-02
0.48563	7.66707e-02
0.50604	9.28345e-02
0.48788	9.70013e-02
0.48659	1.01010e-01
0.49623	1.13309e-01
0.50808	1.01927e-01
0.51135	1.00757e-01
0.51566	8.97881e-02
0.51566	8.97881e-02
0.50997	7.91894e-02
0.50007	9.13632e-02
0.49881	9.19973e-02
0.49881	9.19973e-02
0.49881	9.19973e-02
0.51008	1.02294e-01
0.52083	8.44908e-02
0.52502	7.67254e-02
0.51825	7.71823e-02
0.52344	8.13952e-02
0.51498	7.82624e-02
0.51097	7.48399e-02
0.52330	6.64634e-02
0.52276	8.28862e-02
0.51401	8.79863e-02
0.51581	8.90959e-02
0.52744	7.71251e-02
0.52331	7.99359e-02
0.54037	8.85149e-02
0.54516	9.48220e-02
0.55949	8.65830e-02
0.54830	9.53978e-02
0.53419	9.76854e-02
0.51374	8.38419e-02
0.53688	7.77025e-02
0.53285	6.15151e-02
0.52961	5.87097e-02
0.53980	6.04073e-02
0.54550	5.72929e-02
0.54606	5.83365e-02
0.54631	5.79990e-02
0.53926	6.17362e-02
0.54399	6.47236e-02
0.57721	7.36781e-02
0.56022	5.81843e-02
0.57442	5.23910e-02
0.56673	5.00046e-02
0.56063	4.46759e-02
0.55717	5.59077e-02
0.58723	6.96455e-02
0.58491	7.06750e-02
0.58491	7.06750e-02
0.57707	6.72455e-02
0.58002	6.29761e-02
0.57349	6.20900e-02
0.58781	5.79946e-02
0.58781	5.79946e-02
0.59258	5.90171e-02
0.61147	5.61166e-02
0.60687	6.18153e-02
0.60515	6.29179e-02
0.60284	6.37386e-02
0.60111	6.39355e-02
0.59750	6.80031e-02
0.60462	6.78795e-02
0.60829	6.18505e-02
0.61062	6.48157e-02
0.60366	5.73504e-02
0.60531	6.00262e-02
0.61222	5.80766e-02
0.63217	6.12321e-02
0.62213	7.38322e-02
0.61410	7.14925e-02
0.63209	5.99611e-02
0.62754	6.33637e-02
0.62994	6.29452e-02
0.63893	5.61718e-02
0.63691	4.94650e-02
0.63585	5.09868e-02
0.63148	5.97131e-02
0.63600	5.13404e-02
0.65876	5.40997e-02
0.65526	5.82223e-02
0.66105	5.53533e-02
0.66061	5.49850e-02
0.65913	5.39540e-02
0.66718	5.65863e-02
0.66959	3.62765e-02
0.65923	4.35262e-02
0.66508	4.81174e-02
0.66862	4.88375e-02
0.66791	4.90640e-02
0.66306	4.09371e-02
0.66459	5.87075e-02
0.66940	5.11967e-02
0.66940	5.11967e-02
0.66940	5.11967e-02
0.67604	5.24221e-02
0.67340	5.29139e-02
0.67035	5.86111e-02
0.66168	5.72058e-02
0.66890	5.37591e-02
0.66631	5.51661e-02
0.66311	5.08494e-02
0.66460	5.58868e-02
0.66292	5.43321e-02
0.66977	5.54608e-02
0.67952	5.16641e-02
0.68349	5.03045e-02
0.67815	5.88873e-02
0.66619	6.16528e-02
0.67461	4.26524e-02
0.67987	3.72244e-02
0.67140	4.75860e-02
0.67255	6.26708e-02
0.68154	7.31775e-02
0.69378	6.52107e-02
0.68929	6.80803e-02
0.70877	4.80953e-02
0.70791	5.50969e-02
0.69812	5.66670e-02
0.71001	4.93101e-02
0.71038	4.92115e-02
0.70608	4.79627e-02
0.70608	4.79627e-02
0.70619	4.80730e-02
0.70990	4.73415e-02
0.70218	4.25047e-02
0.70143	4.26338e-02
0.71121	3.35405e-02
0.69988	4.60907e-02
0.71100	3.84110e-02
0.71793	4.85931e-02
0.71718	4.84858e-02
0.73025	2.80663e-02
0.72057	4.58175e-02
0.72062	4.81290e-02
0.72428	4.31097e-02
0.73360	4.12995e-02
0.72673	4.84591e-02
0.71947	4.73111e-02
0.71934	4.84980e-02
0.71592	5.03521e-02
0.71398	4.94742e-02
0.70411	4.36987e-02
0.73468	5.58817e-02
0.74175	5.77513e-02
0.75735	4.45119e-02
0.76519	5.04163e-02
0.75801	5.56434e-02
0.75646	5.69420e-02
0.75083	5.44459e-02
0.74245	5.82258e-02
0.73934	6.11239e-02
0.72734	5.01244e-02
0.73364	4.58655e-02
0.73955	5.72325e-02
0.73512	5.08430e-02
0.74433	5.36546e-02
0.74740	5.35987e-02
0.74686	5.30560e-02
0.74483	5.14228e-02
0.75540	4.91059e-02
0.76443	5.21180e-02
0.76956	5.72098e-02
0.79482	4.50874e-02
0.78309	3.21081e-02
0.77441	4.72074e-02
0.77940	3.77255e-02
0.78117	3.78008e-02
0.78117	3.78008e-02
0.78729	3.57367e-02
0.78842	3.24628e-02
0.77901	4.61527e-02
0.78327	4.57331e-02
0.78859	5.01971e-02
0.79179	5.26395e-02
0.79757	5.40609e-02
0.80686	5.25053e-02
0.79643	5.59725e-02
0.79186	5.71742e-02
0.79201	5.73767e-02
0.79817	5.74061e-02
0.79929	5.71746e-02
0.79453	5.25055e-02
0.79605	5.37679e-02
0.80299	6.04041e-02
0.80971	5.59614e-02
0.80992	5.58401e-02
0.81495	5.67650e-02
0.80848	5.65455e-02
0.81805	4.32159e-02
0.81111	5.63828e-02
0.81944	6.10538e-02
0.81740	5.85462e-02
0.81708	6.03608e-02
0.82044	5.36339e-02
0.82499	5.43450e-02
0.82423	5.38529e-02
0.82840	5.77311e-02
0.82229	5.24633e-02
0.82342	5.32797e-02
0.83268	5.25010e-02
0.84043	4.06017e-02
0.84925	5.02699e-02
0.84176	5.23881e-02
0.83606	5.93643e-02
0.83392	6.20400e-02
0.84227	5.96151e-02
0.85194	5.91216e-02
0.84885	5.49233e-02
0.86259	4.34076e-02
0.86059	4.53424e-02
0.86015	4.55772e-02
0.86469	4.11091e-02
0.85882	3.96703e-02
0.86178	3.90500e-02
0.86598	4.07343e-02
0.86870	4.23130e-02
0.86801	4.91697e-02
0.86935	4.73007e-02
0.87188	4.77737e-02
0.87066	4.77422e-02
0.86960	4.77275e-02
0.87425	4.22171e-02
0.87699	3.48272e-02
0.87937	3.13486e-02
0.86840	4.27398e-02
0.86986	4.31210e-02
0.87340	4.78379e-02
0.87593	4.93171e-02
0.88315	5.10887e-02
0.88733	5.04361e-02
0.88777	4.09397e-02
0.88535	3.72895e-02
0.88053	5.08181e-02
0.88524	4.21201e-02
0.88970	3.80534e-02
0.88958	3.82121e-02
0.88958	3.82121e-02
0.89298	4.26411e-02
0.90366	2.72173e-02
0.90964	3.06137e-02
0.90768	3.82517e-02
0.90242	4.56684e-02
0.90242	4.56684e-02
0.90439	4.72791e-02
0.89682	5.32500e-02
0.89744	4.88448e-02
0.90564	4.74560e-02
0.90555	3.67742e-02
0.90459	3.60937e-02
0.90848	3.90866e-02
0.90600	2.88806e-02
0.91170	3.52506e-02
0.91239	3.46672e-02
0.91239	3.46672e-02
0.91193	3.45729e-02
0.91193	3.45729e-02
0.91308	3.37440e-02
0.91404	3.38321e-02
0.90596	3.13311e-02
0.90596	3.13311e-02
0.90597	3.19349e-02
0.90597	3.19349e-02
0.90959	2.92099e-02
0.92081	2.65928e-02
0.91512	4.45314e-02
0.91512	4.45314e-02
0.91512	4.45314e-02
0.91779	4.66633e-02
0.92788	3.16624e-02
0.92294	3.84179e-02
0.91632	3.80811e-02
0.93700	2.52588e-02
0.93155	2.54705e-02
0.93155	2.54705e-02
0.90884	3.60829e-02
0.90884	3.60829e-02
0.93188	2.16068e-02
0.93188	2.16068e-02
0.93485	1.81875e-02
0.93626	1.68641e-02
0.93428	1.87797e-02
0.93859	1.53043e-02
0.93859	1.53043e-02
0.94009	1.36651e-02
0.94333	1.14295e-02
0.94336	1.14789e-02
0.93705	4.09566e-03
0.94136	8.10023e-03
0.93648	5.20149e-03
0.93706	5.77484e-03
0.93706	5.77484e-03
0.93706	5.77484e-03
0.93706	5.77484e-03
0.92467	6.60995e-03
0.94989	1.38348e-02
0.94989	1.38348e-02
0.94989	1.38348e-02
0.95022	1.41621e-02
0.95022	1.41621e-02
0.95435	1.00300e-02
0.95435	1.00300e-02
0.95435	1.00300e-02
0.95435	1.00300e-02
0.95421	9.89027e-03
0.95421	9.89027e-03
0.95641	1.20915e-02
0.94432	0.00000e+00
0.96004	0.00000e+00
