0.99405	7.88995e-04
0.98596	9.75359e-03
0.97436	1.11094e-02
0.96368	1.78013e-02
0.94900	2.01345e-02
0.94103	3.21139e-02
0.91748	3.54683e-02
0.93463	3.97955e-02
0.91444	4.30961e-02
0.90402	7.03436e-02
0.89983	4.80249e-02
0.87534	7.64118e-02
0.86972	7.75196e-02
0.85754	7.48090e-02
0.85670	7.63458e-02
0.83239	1.00840e-01
0.79863	1.15390e-01
0.81075	1.40867e-01
0.80712	1.41039e-01
0.84390	1.01327e-01
0.80580	1.19681e-01
0.84930	6.71318e-02
0.84463	5.68779e-02
0.82461	7.10876e-02
0.80935	9.00110e-02
0.82823	6.66369e-02
0.82419	6.75194e-02
0.78850	9.02690e-02
0.81659	7.43085e-02
0.80245	7.87841e-02
0.80660	5.95368e-02
0.80031	8.03163e-02
0.80709	7.12755e-02
0.79468	5.24313e-02
0.82102	4.08830e-02
0.79049	2.62057e-02
0.81813	4.21058e-02
0.79510	4.81104e-02
0.80338	4.56964e-02
0.78781	5.63287e-02
0.78222	5.04568e-02
0.78312	4.56071e-02
0.78346	4.52721e-02
0.77227	5.57512e-02
0.77171	3.75079e-02
0.77219	4.68415e-02
0.77698	3.26305e-02
0.75681	5.44686e-02
0.75097	5.23073e-02
0.76443	5.55541e-02
0.76417	3.48344e-02
0.76120	5.17587e-02
0.74877	5.28044e-02
0.76785	4.00556e-02
0.76659	5.27110e-02
0.75273	2.93556e-02
0.75324	3.01968e-02
0.75488	5.71101e-02
0.73766	5.92619e-02
0.73908	5.60688e-02
0.75225	5.52887e-02
0.72996	4.12245e-02
0.74256	5.02076e-02
0.72291	4.44889e-02
0.70542	7.65097e-02
0.70755	6.24115e-02
0.70819	6.44622e-02
0.70759	8.03663e-02
0.69810	5.51459e-02
0.70432	6.79343e-02
0.66960	7.23102e-02
0.69834	5.72130e-02
0.64216	6.05703e-02
0.66094	5.40769e-02
0.67480	7.40314e-02
0.65501	4.54083e-02
0.63889	7.79167e-02
0.63175	6.16476e-02
0.64600	5.66550e-02
0.61306	6.21736e-02
0.63502	7.78013e-02
0.59747	6.23179e-02
0.61571	4.10971e-02
0.60018	6.01177e-02
0.60489	4.45854e-02
0.59614	8.81873e-02
0.60941	6.31587e-02
0.59526	4.82582e-02
0.56541	7.86062e-02
0.58916	5.64820e-02
0.57177	4.39387e-02
0.56607	4.40727e-02
0.53874	7.20372e-02
0.55152	6.35594e-02
0.53207	5.23871e-02
0.53713	5.24233e-02
0.54087	4.56053e-02
0.50973	5.75350e-02
0.52390	5.69100e-02
0.54614	4.36354e-02
0.54458	2.86060e-02
0.53690	3.74148e-02
0.53362	3.68551e-02
0.55594	3.84275e-02
0.54361	2.67545e-02
0.54244	2.86684e-02
0.53635	2.28387e-02
0.53844	2.22702e-02
0.52668	6.33597e-02
0.55566	6.28517e-02
0.59768	6.26830e-02
0.58520	4.97953e-02
0.59196	5.37215e-02
0.58925	5.34024e-02
0.59075	5.39329e-02
0.60073	6.30298e-02
0.60421	4.73114e-02
0.61683	3.97692e-02
0.62584	7.53540e-02
0.60341	6.15513e-02
0.60751	6.31322e-02
0.61448	7.15074e-02
0.60806	7.32549e-02
0.61757	5.14294e-02
0.60701	4.40040e-02
0.61196	4.14533e-02
0.60679	4.09376e-02
0.62015	3.31377e-02
0.62445	5.23954e-02
0.64877	4.46959e-02
0.65548	4.27295e-02
0.65112	2.62966e-02
0.65162	4.59760e-02
0.65993	3.88198e-02
0.66594	4.41671e-02
0.66134	5.70742e-02
0.65041	5.39079e-02
0.64144	5.82173e-02
0.63902	6.13195e-02
0.65140	5.63265e-02
0.65384	5.63598e-02
0.66468	5.92088e-02
0.67613	5.78408e-02
0.67207	6.56994e-02
0.65890	6.54573e-02
0.66686	5.08231e-02
0.67258	4.29382e-02
0.68796	4.38686e-02
0.67109	4.32395e-02
0.67764	4.18134e-02
0.68698	4.15759e-02
0.67953	4.16190e-02
0.67890	5.23323e-02
0.68605	4.30780e-02
0.68057	4.56119e-02
0.68992	4.50734e-02
0.70931	5.61391e-02
0.70349	5.50914e-02
0.70787	5.40978e-02
0.70374	5.28216e-02
0.70899	4.47454e-02
0.70544	4.34705e-02
0.70818	3.30551e-02
0.70037	2.94061e-02
0.70037	2.94061e-02
0.70170	3.42542e-02
0.71424	2.90082e-02
0.70860	2.07355e-02
0.71971	2.61144e-02
0.72593	3.35821e-02
0.72593	3.35821e-02
0.72593	3.35821e-02
0.71865	3.14282e-02
0.73093	3.49431e-02
0.72578	3.11328e-02
0.71549	2.25299e-02
0.71599	2.58548e-02
0.71244	2.58048e-02
0.72480	3.37268e-02
0.71803	4.87601e-02
0.72485	5.40151e-02
0.73885	4.55971e-02
0.73101	4.12428e-02
0.73627	4.46482e-02
0.73209	4.96692e-02
0.73601	5.35713e-02
0.74667	4.18636e-02
0.76002	4.37503e-02
0.74853	4.80686e-02
0.75324	4.89523e-02
0.75324	4.89523e-02
0.75313	4.91686e-02
0.75313	4.91686e-02
0.75309	4.91342e-02
0.75636	5.00643e-02
0.75624	5.29398e-02
0.76161	5.66017e-02
0.74977	5.15110e-02
0.75567	5.55191e-02
0.76227	4.27697e-02
0.76452	3.99118e-02
0.74280	4.32321e-02
0.74590	4.37499e-02
0.76085	4.19145e-02
0.76102	4.07390e-02
0.77101	4.48261e-02
0.77516	4.38524e-02
0.76813	4.10131e-02
0.76290	4.36381e-02
0.76714	4.67998e-02
0.77859	3.98617e-02
0.77353	3.80049e-02
0.77515	4.02185e-02
0.77590	4.08348e-02
0.77614	3.83964e-02
0.77667	3.86105e-02
0.78215	3.46909e-02
0.78215	3.46909e-02
0.78894	3.26128e-02
0.78297	3.61808e-02
0.78524	3.20278e-02
0.77998	2.75899e-02
0.77880	3.51065e-02
0.78017	3.14195e-02
0.78079	3.19797e-02
0.78184	3.28398e-02
0.78184	3.28398e-02
0.78521	2.37923e-02
0.76172	4.08427e-02
0.76221	4.14818e-02
0.76797	4.35666e-02
0.77777	3.37948e-02
0.77886	3.41286e-02
0.78365	3.75888e-02
0.78823	3.85237e-02
0.80543	2.57434e-02
0.80397	3.80777e-02
0.80193	3.81336e-02
0.80693	3.92618e-02
0.80484	3.93909e-02
0.80484	3.93909e-02
0.82785	3.57584e-02
0.83092	3.18009e-02
0.82385	3.57736e-02
0.82766	3.55839e-02
0.82773	3.55652e-02
0.82085	3.90436e-02
0.82711	3.51301e-02
0.82989	3.45933e-02
0.82654	2.66311e-02
0.82398	3.38524e-02
0.82203	3.10597e-02
0.82203	3.10597e-02
0.82249	3.18475e-02
0.82174	3.12836e-02
0.82598	3.68115e-02
0.83353	3.65079e-02
0.83460	3.87004e-02
0.83043	3.78043e-02
0.83311	4.08564e-02
0.83164	3.59846e-02
0.82952	3.96872e-02
0.84230	3.79219e-02
0.83953	3.38577e-02
0.84231	3.02503e-02
0.85727	2.97379e-02
0.85953	3.69111e-02
0.84705	4.31889e-02
0.85074	5.38326e-02
0.84984	4.77042e-02
0.85205	3.77294e-02
0.85036	2.96117e-02
0.85820	3.63971e-02
0.85569	3.34699e-02
0.85899	3.10117e-02
0.85169	3.15314e-02
0.85211	3.92475e-02
0.85378	3.71399e-02
0.84915	4.30865e-02
0.85140	4.63659e-02
0.85217	4.96628e-02
0.84545	4.05708e-02
0.84402	3.24080e-02
0.84912	3.79865e-02
0.85717	4.05579e-02
0.86278	3.52520e-02
0.85482	3.37579e-02
0.85482	3.37579e-02
0.85267	3.48348e-02
0.87433	3.31668e-02
0.86828	3.73003e-02
0.87479	3.49032e-02
0.87556	3.32220e-02
0.88579	3.44251e-02
0.88446	3.23864e-02
0.88250	3.38848e-02
0.88878	2.73282e-02
0.88532	3.26319e-02
0.88134	4.38922e-02
0.88934	2.90861e-02
0.89204	2.77376e-02
0.88897	3.18820e-02
0.89893	2.64779e-02
0.88784	2.91889e-02
0.89373	3.30304e-02
0.89598	3.95829e-02
0.89879	3.70116e-02
0.90770	3.01976e-02
0.91168	2.71857e-02
0.91168	2.71857e-02
0.91551	3.27438e-02
0.91566	2.76933e-02
0.91894	2.62413e-02
0.91750	2.55010e-02
0.91950	2.60511e-02
0.91975	2.49190e-02
0.91721	2.33970e-02
0.91727	2.35126e-02
0.91643	2.86516e-02
0.91891	2.88518e-02
0.92380	2.80346e-02
0.91970	3.07184e-02
0.93058	3.35793e-02
0.92160	2.93125e-02
0.92764	2.43036e-02
0.92661	2.42689e-02
0.92499	2.16557e-02
0.92499	2.16557e-02
0.92016	2.64981e-02
0.92125	2.80001e-02
0.92600	2.56619e-02
0.93189	2.20725e-02
0.92970	2.33053e-02
0.92970	2.33053e-02
0.93027	2.30295e-02
0.93377	1.90967e-02
0.93133	2.18118e-02
0.93317	1.93492e-02
0.93727	1.78391e-02
0.93365	2.08801e-02
0.93408	2.04009e-02
0.93827	2.29521e-02
0.94234	2.82659e-02
0.93759	2.13368e-02
0.94621	1.82881e-02
0.94683	2.11410e-02
0.94522	2.39163e-02
0.93169	1.25966e-02
0.93367	1.13609e-02
0.93777	6.84321e-03
0.94524	1.43801e-02
0.94524	1.43801e-02
0.95562	1.53248e-02
0.95466	1.29598e-02
0.95367	9.83613e-03
0.95467	8.47193e-03
0.95467	8.47193e-03
0.95467	8.47193e-03
0.95859	1.44117e-02
0.95780	1.54281e-02
0.96350	1.77921e-02
0.96458	1.68633e-02
0.96931	1.89344e-02
0.95274	2.63883e-02
0.96711	1.26473e-02
0.96725	1.27240e-02
0.96308	1.68292e-02
0.95927	1.97559e-02
0.95529	2.20291e-02
0.95535	1.21969e-02
0.95916	1.87549e-02
0.96343	1.95392e-02
0.95581	1.36703e-02
0.95581	1.36703e-02
0.95042	8.46961e-03
0.95042	8.46961e-03
0.95042	8.46961e-03
0.95041	8.48056e-03
0.95219	1.16669e-02
0.95157	1.07931e-02
0.95186	1.10684e-02
0.96093	6.24714e-03
0.96093	6.24714e-03
0.95256	9.92394e-03
0.95256	9.92394e-03
0.96277	1.98189e-02
0.96277	1.98189e-02
0.96277	1.98189e-02
0.97084	2.26045e-02
0.97531	2.23378e-02
0.97531	2.23378e-02
0.97531	2.23378e-02
0.97531	2.23378e-02
0.97531	2.23378e-02
0.98343	9.02932e-03
0.98121	1.04169e-02
0.98700	9.89272e-03
0.99268	8.64867e-04
0.98678	7.64979e-03
0.98769	8.29916e-03
0.97599	0.00000e+00
0.97599	0.00000e+00
0.97599	0.00000e+00
0.97599	0.00000e+00
0.99374	0.00000e+00
0.99374	0.00000e+00
0.99374	0.00000e+00
0.99449	0.00000e+00
