1.186500000000000055e-01
7.100000000000000755e-02
1.169000000000000039e-01
1.188500000000000112e-01
7.374999999999999611e-02
1.151500000000000024e-01
9.110000000000000042e-02
1.250999999999999890e-01
1.197999999999999898e-01
1.370500000000000052e-01
1.156500000000000028e-01
1.111499999999999988e-01
1.088500000000000023e-01
9.285000000000000198e-02
9.065000000000000835e-02
1.178499999999999964e-01
8.254999999999999838e-02
9.259999999999998788e-02
8.530000000000000082e-02
1.156999999999999973e-01
1.175000000000000072e-01
1.152999999999999997e-01
1.464999999999999913e-01
7.450000000000001066e-02
1.063999999999999946e-01
7.234999999999999765e-02
1.219999999999999973e-01
1.179999999999999938e-01
1.003000000000000003e-01
1.166000000000000092e-01
1.252999999999999947e-01
9.904999999999999916e-02
7.910000000000000364e-02
1.576000000000000179e-01
1.204000000000000070e-01
1.437499999999999889e-01
7.359999999999999876e-02
7.905000000000000915e-02
6.370000000000000662e-02
1.214999999999999969e-01
1.007500000000000062e-01
1.158500000000000085e-01
8.510000000000000897e-02
7.570000000000000340e-02
9.295000000000000484e-02
1.270000000000000018e-01
1.101499999999999979e-01
8.955000000000000460e-02
8.580000000000000127e-02
1.252500000000000002e-01
1.238999999999999962e-01
1.032000000000000001e-01
8.419999999999999707e-02
6.345000000000000639e-02
6.840000000000000246e-02
1.040500000000000036e-01
1.036499999999999921e-01
1.033499999999999974e-01
8.924999999999999600e-02
1.125500000000000111e-01
1.010000000000000064e-01
1.121499999999999997e-01
7.030000000000000138e-02
1.025000000000000078e-01
9.004999999999999116e-02
1.375500000000000056e-01
6.155000000000000054e-02
7.699999999999999900e-02
1.396000000000000019e-01
1.208000000000000046e-01
8.510000000000000897e-02
9.765000000000000069e-02
1.129000000000000004e-01
9.140000000000000902e-02
1.221500000000000086e-01
7.050000000000000711e-02
8.955000000000000460e-02
9.620000000000000773e-02
1.044499999999999873e-01
1.194000000000000061e-01
6.815000000000000224e-02
1.400500000000000078e-01
1.145000000000000046e-01
1.023000000000000020e-01
1.199999999999999956e-01
8.349999999999999090e-02
8.899999999999999578e-02
9.775000000000000355e-02
9.514999999999999847e-02
7.439999999999999392e-02
1.055999999999999994e-01
7.885000000000000342e-02
1.036499999999999921e-01
7.655000000000000693e-02
9.314999999999999669e-02
8.394999999999999685e-02
9.650000000000000244e-02
1.043000000000000038e-01
8.999999999999999667e-02
1.301999999999999824e-01
1.169499999999999984e-01
1.537000000000000033e-01
9.384999999999998899e-02
9.729999999999999760e-02
1.175999999999999962e-01
1.104499999999999926e-01
1.140499999999999847e-01
1.130000000000000032e-01
9.189999999999999558e-02
7.969999999999999307e-02
1.201500000000000068e-01
1.014499999999999985e-01
9.625000000000000222e-02
1.025999999999999968e-01
1.252500000000000002e-01
1.461500000000000021e-01
7.069999999999999896e-02
7.955000000000000959e-02
9.725000000000000311e-02
1.446999999999999953e-01
1.135000000000000037e-01
8.619999999999999885e-02
1.045500000000000040e-01
1.003499999999999948e-01
9.770000000000000906e-02
1.047500000000000098e-01
7.134999999999999676e-02
1.010500000000000009e-01
8.980000000000000482e-02
1.413999999999999979e-01
9.210000000000000131e-02
6.994999999999999829e-02
7.749999999999999944e-02
9.320000000000000506e-02
8.094999999999999418e-02
8.604999999999998761e-02
9.564999999999999891e-02
9.990000000000000269e-02
8.515000000000000346e-02
8.815000000000000613e-02
1.157999999999999863e-01
1.074500000000000038e-01
1.141000000000000070e-01
7.814999999999999725e-02
1.177999999999999881e-01
6.079999999999999988e-02
8.335000000000000742e-02
1.124499999999999944e-01
9.625000000000000222e-02
1.006999999999999978e-01
1.041999999999999871e-01
1.269500000000000073e-01
1.033499999999999974e-01
1.334500000000000131e-01
9.045000000000000262e-02
8.140000000000000013e-02
1.101000000000000034e-01
1.052000000000000018e-01
1.142500000000000043e-01
1.132500000000000034e-01
7.394999999999998797e-02
1.026999999999999996e-01
1.036499999999999921e-01
1.159999999999999920e-01
1.101999999999999924e-01
8.265000000000000124e-02
1.249500000000000055e-01
1.018499999999999961e-01
6.489999999999999936e-02
1.276499999999999857e-01
1.397500000000000131e-01
8.379999999999999949e-02
9.650000000000000244e-02
8.390000000000000235e-02
1.144000000000000017e-01
8.694999999999999951e-02
7.384999999999999898e-02
1.280499999999999972e-01
9.695000000000000839e-02
7.109999999999999654e-02
1.099499999999999922e-01
9.199999999999999845e-02
1.052500000000000102e-01
1.378500000000000003e-01
1.329500000000000126e-01
9.270000000000000462e-02
8.904999999999999027e-02
7.939999999999999836e-02
1.226000000000000145e-01
1.244999999999999996e-01
9.009999999999999953e-02
8.995000000000000218e-02
6.709999999999999298e-02
6.415000000000001257e-02
7.689999999999999614e-02
8.640000000000000457e-02
1.123999999999999999e-01
8.755000000000000282e-02
1.274000000000000132e-01
1.349000000000000199e-01
9.950000000000000511e-02
1.047500000000000098e-01
1.149499999999999966e-01
1.212999999999999912e-01
1.239500000000000046e-01
1.393500000000000016e-01
9.829999999999999849e-02
1.033999999999999919e-01
1.124999999999999889e-01
8.219999999999999529e-02
7.869999999999999218e-02
1.648499999999999965e-01
9.639999999999999958e-02
7.724999999999999922e-02
1.507999999999999896e-01
1.003000000000000003e-01
8.619999999999999885e-02
1.338000000000000023e-01
1.099499999999999922e-01
1.010500000000000009e-01
9.420000000000000595e-02
1.033000000000000029e-01
9.579999999999999627e-02
1.131500000000000006e-01
1.082000000000000045e-01
1.184000000000000052e-01
1.103500000000000036e-01
1.140999999999999931e-01
8.494999999999999774e-02
9.440000000000001168e-02
6.829999999999999960e-02
1.000000000000000056e-01
1.479000000000000037e-01
1.248000000000000081e-01
9.779999999999999805e-02
8.179999999999999771e-02
6.460000000000000464e-02
5.964999999999999469e-02
7.570000000000000340e-02
7.114999999999999103e-02
1.064500000000000030e-01
9.875000000000000444e-02
1.121999999999999942e-01
1.134999999999999898e-01
1.141999999999999960e-01
9.120000000000000329e-02
9.809999999999999276e-02
9.745000000000000884e-02
8.419999999999999707e-02
1.073000000000000065e-01
1.190500000000000030e-01
1.166500000000000037e-01
8.965000000000000746e-02
9.179999999999999272e-02
9.559999999999999054e-02
6.905000000000000027e-02
1.434499999999999942e-01
6.250000000000000000e-02
1.021999999999999992e-01
9.170000000000000373e-02
7.950000000000000122e-02
1.077500000000000124e-01
9.024999999999999689e-02
9.695000000000000839e-02
7.830000000000000848e-02
9.285000000000000198e-02
1.107499999999999873e-01
8.940000000000000724e-02
1.272000000000000075e-01
8.874999999999999556e-02
1.368000000000000049e-01
1.336499999999999910e-01
6.394999999999999296e-02
8.365000000000000213e-02
8.035000000000000475e-02
8.754999999999998894e-02
1.123000000000000109e-01
1.384500000000000175e-01
9.370000000000000551e-02
1.311499999999999888e-01
1.137500000000000039e-01
1.341499999999999915e-01
5.870000000000000218e-02
8.125000000000000278e-02
8.490000000000000324e-02
1.388999999999999957e-01
5.359999999999999487e-02
7.985000000000000431e-02
1.071000000000000008e-01
6.504999999999999671e-02
1.034000000000000058e-01
9.895000000000001017e-02
9.260000000000000175e-02
1.171999999999999986e-01
6.679999999999999827e-02
8.820000000000000062e-02
9.504999999999999560e-02
1.244500000000000051e-01
9.479999999999999538e-02
7.159999999999999698e-02
1.105500000000000094e-01
1.040000000000000091e-01
9.264999999999999625e-02
1.119499999999999940e-01
9.500000000000000111e-02
1.008999999999999897e-01
7.894999999999999241e-02
1.059500000000000025e-01
8.374999999999999112e-02
1.406499999999999972e-01
7.100000000000000755e-02
9.929999999999999938e-02
9.919999999999999651e-02
5.845000000000000195e-02
1.381000000000000005e-01
1.089999999999999997e-01
9.315000000000001057e-02
9.279999999999999361e-02
9.654999999999999694e-02
9.629999999999999671e-02
8.759999999999999731e-02
1.149000000000000021e-01
1.207000000000000017e-01
1.381000000000000005e-01
8.830000000000000349e-02
1.091499999999999970e-01
7.764999999999999680e-02
8.904999999999999027e-02
9.045000000000000262e-02
8.365000000000000213e-02
1.364499999999999880e-01
1.086999999999999911e-01
1.230499999999999927e-01
1.052000000000000018e-01
8.829999999999998961e-02
1.024499999999999994e-01
1.447999999999999843e-01
1.290999999999999925e-01
8.820000000000000062e-02
1.194999999999999951e-01
9.179999999999999272e-02
1.066000000000000003e-01
1.077500000000000124e-01
8.035000000000000475e-02
1.139499999999999957e-01
1.376999999999999891e-01
9.324999999999999956e-02
8.025000000000000189e-02
1.339000000000000190e-01
1.238500000000000018e-01
1.146500000000000019e-01
1.096499999999999975e-01
9.850000000000000422e-02
9.079999999999999183e-02
1.094499999999999917e-01
6.464999999999999913e-02
8.630000000000000171e-02
8.100000000000000255e-02
9.410000000000000309e-02
1.320500000000000007e-01
9.734999999999999210e-02
6.940000000000000335e-02
7.635000000000000120e-02
9.815000000000000113e-02
1.070000000000000118e-01
9.224999999999999867e-02
9.149999999999999800e-02
8.700000000000000788e-02
9.790000000000000091e-02
1.413999999999999979e-01
7.355000000000000426e-02
8.524999999999999245e-02
1.279500000000000082e-01
8.490000000000000324e-02
1.268500000000000183e-01
1.041499999999999926e-01
1.072500000000000120e-01
1.222000000000000031e-01
1.252000000000000057e-01
8.624999999999999334e-02
5.355000000000000038e-02
1.232999999999999929e-01
9.915000000000000202e-02
1.141000000000000070e-01
9.199999999999999845e-02
8.274999999999999023e-02
8.949999999999999623e-02
1.125500000000000111e-01
8.759999999999999731e-02
9.454999999999999516e-02
8.690000000000000502e-02
1.252000000000000057e-01
1.179000000000000048e-01
1.233499999999999874e-01
1.136000000000000065e-01
1.328000000000000014e-01
1.093999999999999972e-01
1.048999999999999932e-01
1.031499999999999917e-01
6.829999999999999960e-02
9.934999999999999387e-02
8.500000000000000611e-02
1.123499999999999915e-01
1.405500000000000083e-01
9.189999999999999558e-02
9.309999999999998832e-02
1.171000000000000096e-01
8.659999999999999643e-02
8.855000000000000371e-02
1.188000000000000028e-01
1.014999999999999930e-01
9.129999999999999227e-02
1.062000000000000027e-01
1.045500000000000040e-01
9.485000000000000375e-02
1.066000000000000003e-01
8.235000000000000653e-02
9.984999999999999432e-02
1.253500000000000170e-01
1.038000000000000034e-01
1.065500000000000058e-01
9.870000000000000995e-02
8.940000000000000724e-02
1.113500000000000045e-01
8.974999999999999645e-02
9.529999999999999583e-02
1.166500000000000037e-01
8.530000000000000082e-02
7.355000000000000426e-02
1.083500000000000019e-01
1.237499999999999989e-01
9.059999999999999998e-02
1.287500000000000033e-01
1.000500000000000000e-01
1.191000000000000114e-01
8.515000000000000346e-02
8.500000000000000611e-02
1.377499999999999836e-01
6.565000000000000002e-02
7.825000000000000011e-02
1.151999999999999968e-01
1.106000000000000039e-01
1.142000000000000098e-01
1.035999999999999976e-01
8.060000000000000497e-02
9.875000000000000444e-02
8.385000000000000786e-02
7.180000000000000271e-02
9.014999999999999403e-02
1.117999999999999966e-01
1.491000000000000103e-01
1.038000000000000034e-01
9.014999999999999403e-02
7.925000000000000100e-02
1.323000000000000009e-01
8.310000000000000719e-02
1.201499999999999929e-01
8.965000000000000746e-02
7.994999999999999329e-02
9.560000000000000442e-02
1.048499999999999988e-01
8.354999999999999927e-02
8.410000000000000808e-02
8.555000000000000104e-02
7.644999999999999019e-02
9.659999999999999143e-02
1.065500000000000058e-01
9.804999999999999827e-02
9.725000000000000311e-02
1.290999999999999925e-01
8.490000000000000324e-02
1.011999999999999983e-01
8.150000000000000300e-02
1.262000000000000066e-01
1.281999999999999806e-01
1.115499999999999964e-01
8.450000000000000566e-02
1.010500000000000009e-01
6.500000000000000222e-02
9.500000000000000111e-02
1.146000000000000074e-01
9.865000000000000158e-02
1.131500000000000006e-01
8.615000000000000435e-02
8.565000000000000391e-02
9.854999999999999871e-02
1.105499999999999955e-01
9.975000000000000533e-02
9.395000000000000573e-02
9.865000000000000158e-02
9.484999999999998987e-02
1.068999999999999950e-01
8.144999999999999463e-02
6.779999999999999916e-02
8.835000000000001186e-02
8.169999999999999485e-02
1.066999999999999893e-01
1.003000000000000003e-01
1.153500000000000081e-01
1.268499999999999905e-01
1.105499999999999955e-01
1.013499999999999956e-01
1.756500000000000006e-01
1.018499999999999961e-01
1.212000000000000022e-01
1.067499999999999977e-01
4.664999999999999702e-02
1.441000000000000059e-01
1.305999999999999939e-01
1.056499999999999939e-01
7.764999999999999680e-02
9.484999999999998987e-02
7.624999999999999833e-02
7.855000000000000870e-02
6.219999999999999835e-02
1.045999999999999985e-01
1.188500000000000112e-01
9.199999999999999845e-02
8.144999999999999463e-02
1.003999999999999893e-01
1.201000000000000123e-01
1.260999999999999899e-01
9.324999999999999956e-02
6.610000000000000597e-02
8.879999999999999005e-02
1.391999999999999904e-01
1.026500000000000051e-01
1.126000000000000056e-01
1.147499999999999909e-01
9.290000000000001035e-02
1.005000000000000060e-01
1.152499999999999913e-01
1.048999999999999932e-01
1.310499999999999998e-01
8.429999999999999993e-02
9.779999999999999805e-02
8.895000000000000129e-02
1.239999999999999991e-01
1.111000000000000043e-01
1.330000000000000071e-01
7.660000000000000142e-02
1.155499999999999999e-01
8.635000000000001008e-02
7.730000000000000759e-02
1.121999999999999942e-01
1.281999999999999806e-01
8.240000000000000102e-02
7.255000000000000338e-02
1.363999999999999935e-01
8.200000000000000344e-02
8.709999999999999687e-02
9.745000000000000884e-02
7.400000000000001021e-02
1.135000000000000037e-01
9.320000000000000506e-02
1.123500000000000054e-01
1.136000000000000065e-01
5.144999999999999574e-02
1.310499999999999998e-01
1.197499999999999953e-01
1.085500000000000076e-01
9.124999999999999778e-02
1.140499999999999986e-01
1.016999999999999987e-01
6.450000000000000178e-02
1.196500000000000064e-01
9.950000000000000511e-02
1.333999999999999908e-01
8.534999999999999531e-02
9.629999999999999671e-02
7.555000000000000604e-02
1.106999999999999929e-01
8.849999999999999534e-02
9.690000000000000002e-02
9.959999999999999409e-02
1.195499999999999896e-01
1.004000000000000031e-01
1.054500000000000021e-01
8.654999999999998805e-02
1.138499999999999929e-01
7.994999999999999329e-02
9.950000000000000511e-02
9.934999999999999387e-02
1.514999999999999958e-01
9.994999999999999718e-02
9.415000000000001146e-02
1.023499999999999965e-01
1.015500000000000014e-01
1.300999999999999934e-01
8.224999999999998979e-02
1.180500000000000022e-01
9.120000000000000329e-02
1.191499999999999920e-01
7.805000000000000826e-02
1.331499999999999906e-01
1.314500000000000113e-01
8.724999999999999423e-02
8.554999999999998717e-02
8.450000000000000566e-02
8.824999999999999512e-02
1.350500000000000034e-01
9.190000000000000946e-02
8.644999999999999907e-02
1.211000000000000132e-01
1.116499999999999992e-01
1.375500000000000056e-01
8.774999999999999467e-02
8.274999999999999023e-02
1.126000000000000056e-01
9.174999999999999822e-02
7.835000000000000298e-02
9.024999999999999689e-02
1.044999999999999957e-01
1.508999999999999786e-01
1.074500000000000038e-01
8.785000000000001141e-02
1.117500000000000021e-01
1.023999999999999910e-01
7.705000000000000737e-02
1.489999999999999936e-01
9.345000000000000528e-02
9.149999999999999800e-02
6.865000000000000269e-02
1.001999999999999974e-01
1.025999999999999968e-01
1.219500000000000028e-01
8.884999999999999842e-02
9.450000000000000067e-02
1.176999999999999991e-01
7.125000000000000777e-02
1.198499999999999982e-01
1.648000000000000020e-01
1.234500000000000042e-01
7.905000000000000915e-02
1.019000000000000045e-01
8.324999999999999067e-02
8.809999999999999776e-02
9.270000000000000462e-02
1.313999999999999890e-01
9.820000000000000950e-02
1.136500000000000010e-01
1.047000000000000014e-01
1.041499999999999926e-01
1.298999999999999877e-01
5.784999999999999865e-02
1.255999999999999894e-01
1.114499999999999935e-01
7.314999999999999281e-02
1.540500000000000203e-01
1.066999999999999893e-01
9.700000000000000289e-02
7.710000000000000187e-02
1.467999999999999861e-01
7.570000000000000340e-02
9.015000000000000790e-02
6.890000000000000291e-02
1.221000000000000002e-01
8.555000000000000104e-02
9.670000000000000817e-02
7.955000000000000959e-02
1.016999999999999987e-01
8.810000000000001164e-02
9.370000000000000551e-02
1.123999999999999999e-01
8.400000000000000522e-02
9.110000000000000042e-02
9.945000000000001061e-02
9.004999999999999116e-02
8.999999999999999667e-02
1.044500000000000012e-01
1.155000000000000054e-01
9.550000000000000155e-02
1.431499999999999995e-01
9.700000000000000289e-02
1.388499999999999734e-01
9.054999999999999161e-02
9.604999999999999649e-02
1.151999999999999968e-01
1.203499999999999848e-01
8.705000000000000238e-02
1.209000000000000075e-01
1.196500000000000064e-01
1.400500000000000078e-01
8.724999999999999423e-02
1.085500000000000076e-01
8.490000000000000324e-02
1.058000000000000052e-01
7.295000000000000095e-02
1.117499999999999882e-01
9.079999999999999183e-02
1.019000000000000045e-01
7.885000000000000342e-02
1.042000000000000010e-01
8.460000000000000853e-02
8.169999999999999485e-02
1.091999999999999915e-01
9.694999999999999452e-02
8.379999999999999949e-02
1.008499999999999952e-01
1.007000000000000117e-01
1.151999999999999968e-01
1.114499999999999935e-01
6.659999999999999254e-02
8.455000000000000016e-02
1.076499999999999957e-01
1.181499999999999911e-01
8.424999999999999156e-02
1.453500000000000070e-01
1.048999999999999932e-01
9.495000000000000662e-02
7.080000000000000182e-02
1.021500000000000047e-01
1.178500000000000103e-01
1.185500000000000026e-01
1.144499999999999962e-01
1.071999999999999897e-01
9.940000000000000224e-02
1.020000000000000073e-01
1.204500000000000015e-01
8.455000000000000016e-02
9.354999999999999427e-02
1.069499999999999895e-01
7.034999999999999587e-02
9.784999999999999254e-02
9.315000000000001057e-02
8.524999999999999245e-02
9.135000000000000064e-02
8.310000000000000719e-02
6.750000000000000444e-02
8.895000000000000129e-02
9.600000000000000200e-02
9.489999999999999825e-02
1.048499999999999988e-01
7.914999999999999813e-02
1.239000000000000101e-01
7.034999999999999587e-02
4.895000000000000046e-02
9.264999999999999625e-02
1.297500000000000042e-01
1.059499999999999886e-01
1.081499999999999961e-01
7.089999999999999081e-02
1.043000000000000038e-01
1.151999999999999968e-01
8.724999999999999423e-02
1.522000000000000020e-01
8.535000000000000919e-02
1.047500000000000098e-01
1.004500000000000115e-01
7.464999999999999414e-02
9.504999999999999560e-02
1.130500000000000116e-01
9.090000000000000857e-02
6.545000000000000817e-02
1.166500000000000037e-01
8.755000000000000282e-02
1.197499999999999953e-01
8.429999999999999993e-02
8.780000000000000304e-02
1.015500000000000014e-01
9.279999999999999361e-02
1.598999999999999866e-01
7.134999999999999676e-02
1.381499999999999950e-01
9.995000000000001106e-02
8.469999999999999751e-02
1.054500000000000021e-01
1.293499999999999928e-01
9.185000000000000109e-02
1.416000000000000036e-01
8.505000000000000060e-02
1.139000000000000012e-01
1.236000000000000154e-01
9.234999999999998765e-02
9.754999999999999782e-02
7.025000000000000688e-02
1.058999999999999941e-01
1.086000000000000021e-01
5.350000000000000588e-02
8.194999999999999507e-02
1.086999999999999911e-01
1.490500000000000158e-01
9.545000000000000706e-02
7.544999999999998930e-02
1.294000000000000150e-01
8.719999999999999973e-02
1.093999999999999972e-01
1.042500000000000093e-01
1.180499999999999883e-01
1.011500000000000038e-01
9.420000000000000595e-02
1.041499999999999926e-01
9.045000000000000262e-02
9.049999999999999711e-02
8.949999999999999623e-02
9.965000000000000246e-02
9.445000000000000617e-02
1.240499999999999936e-01
1.633499999999999952e-01
1.302999999999999992e-01
7.195000000000000007e-02
1.081000000000000016e-01
1.369999999999999829e-01
9.510000000000000397e-02
8.884999999999999842e-02
1.180500000000000022e-01
9.349999999999999978e-02
8.719999999999999973e-02
8.805000000000000326e-02
7.975000000000000144e-02
1.159000000000000030e-01
7.240000000000000602e-02
8.834999999999999798e-02
7.760000000000000231e-02
8.085000000000000520e-02
1.254000000000000115e-01
8.275000000000000411e-02
1.171500000000000041e-01
9.160000000000000087e-02
9.220000000000000417e-02
1.137500000000000039e-01
1.129999999999999893e-01
1.294500000000000095e-01
1.073500000000000010e-01
1.219999999999999973e-01
1.082500000000000129e-01
1.146999999999999964e-01
8.235000000000000653e-02
1.408500000000000030e-01
9.670000000000000817e-02
1.305000000000000049e-01
9.145000000000000351e-02
5.519999999999999907e-02
9.659999999999999143e-02
8.970000000000000195e-02
1.274000000000000132e-01
4.904999999999999638e-02
8.970000000000000195e-02
9.500000000000000111e-02
1.164000000000000035e-01
1.197000000000000008e-01
9.804999999999999827e-02
9.195000000000000395e-02
1.198499999999999982e-01
9.934999999999999387e-02
9.679999999999999716e-02
9.450000000000000067e-02
9.675000000000000266e-02
1.108000000000000096e-01
9.215000000000000968e-02
7.735000000000000209e-02
1.421999999999999931e-01
8.050000000000000211e-02
1.403499999999999748e-01
6.600000000000000311e-02
6.219999999999999835e-02
1.116999999999999937e-01
7.630000000000000671e-02
1.291499999999999870e-01
8.349999999999999090e-02
9.875000000000000444e-02
1.019499999999999990e-01
8.010000000000000453e-02
1.038499999999999979e-01
9.229999999999999316e-02
1.255499999999999949e-01
1.063999999999999946e-01
7.670000000000000429e-02
8.025000000000000189e-02
1.197999999999999898e-01
6.414999999999999869e-02
1.434499999999999942e-01
1.039999999999999952e-01
8.770000000000000018e-02
1.124499999999999944e-01
1.564500000000000057e-01
9.579999999999999627e-02
1.415500000000000091e-01
1.074499999999999900e-01
9.579999999999999627e-02
1.006999999999999978e-01
1.212000000000000022e-01
1.325500000000000012e-01
9.179999999999999272e-02
7.764999999999999680e-02
1.300999999999999934e-01
1.067499999999999977e-01
5.455000000000000127e-02
1.000500000000000000e-01
1.168500000000000094e-01
1.458500000000000074e-01
1.095000000000000001e-01
8.974999999999999645e-02
8.740000000000000546e-02
1.366999999999999882e-01
8.284999999999999309e-02
1.328999999999999904e-01
1.472999999999999865e-01
7.334999999999999853e-02
8.104999999999999705e-02
1.083000000000000074e-01
1.236000000000000015e-01
7.929999999999999549e-02
1.422500000000000153e-01
8.634999999999999620e-02
1.038000000000000034e-01
6.170000000000000484e-02
9.964999999999998859e-02
8.215000000000000080e-02
9.070000000000000284e-02
1.212499999999999967e-01
1.251499999999999835e-01
5.625000000000000139e-02
1.115000000000000019e-01
1.105000000000000010e-01
1.561500000000000110e-01
1.110000000000000014e-01
1.074499999999999900e-01
1.076499999999999957e-01
8.820000000000000062e-02
1.306499999999999884e-01
1.219000000000000083e-01
1.496000000000000107e-01
1.361999999999999877e-01
1.173499999999999960e-01
1.283500000000000196e-01
7.189999999999999170e-02
8.114999999999999991e-02
1.011999999999999983e-01
1.006999999999999978e-01
1.126999999999999946e-01
5.880000000000000504e-02
8.254999999999999838e-02
1.428999999999999992e-01
1.078999999999999959e-01
1.010000000000000064e-01
1.208499999999999991e-01
1.046499999999999930e-01
1.020999999999999963e-01
1.118999999999999995e-01
9.725000000000000311e-02
7.560000000000000053e-02
1.009499999999999981e-01
1.045999999999999985e-01
1.143500000000000072e-01
1.165500000000000008e-01
7.339999999999999303e-02
6.590000000000000024e-02
1.002500000000000058e-01
1.132499999999999896e-01
1.246500000000000108e-01
1.229000000000000092e-01
7.280000000000000360e-02
8.494999999999999774e-02
1.135499999999999982e-01
9.719999999999999474e-02
1.018499999999999961e-01
7.034999999999999587e-02
1.028000000000000025e-01
8.830000000000000349e-02
1.095000000000000001e-01
8.225000000000000366e-02
1.393500000000000016e-01
1.034500000000000003e-01
9.479999999999999538e-02
8.485000000000000875e-02
5.645000000000000018e-02
1.005500000000000005e-01
1.398000000000000076e-01
1.190999999999999975e-01
1.058499999999999996e-01
8.360000000000000764e-02
1.055500000000000049e-01
1.144000000000000017e-01
9.199999999999999845e-02
9.369999999999999163e-02
1.483500000000000096e-01
9.984999999999999432e-02
6.659999999999999254e-02
9.039999999999999425e-02
1.242000000000000048e-01
1.481000000000000094e-01
1.082499999999999990e-01
1.051500000000000073e-01
8.035000000000000475e-02
7.040000000000000424e-02
8.555000000000000104e-02
1.046499999999999930e-01
1.171500000000000041e-01
9.779999999999999805e-02
9.239999999999999603e-02
7.649999999999999856e-02
6.300000000000000044e-02
6.060000000000000109e-02
9.754999999999999782e-02
1.275000000000000022e-01
1.041500000000000065e-01
7.825000000000000011e-02
8.694999999999999951e-02
7.005000000000000115e-02
