0.94397	1.41502e-02
0.91913	1.22711e-02
0.87268	1.77122e-02
0.81828	2.95757e-02
0.77001	2.95688e-02
0.70203	3.68619e-02
0.60068	6.83939e-02
0.50300	8.21883e-02
0.43112	6.59161e-02
0.34784	9.55209e-02
0.29481	1.11097e-01
0.28386	9.65219e-02
0.22779	1.27892e-01
0.17566	8.68535e-02
0.16146	4.70939e-02
0.10703	6.07191e-02
0.12077	4.76204e-02
0.13099	6.97109e-02
0.14989	7.12254e-02
0.15727	8.90276e-02
0.12875	5.12750e-02
0.17012	7.96369e-02
0.11968	4.79271e-02
0.11539	7.94217e-02
0.07250	3.37028e-02
0.09993	6.71319e-02
0.16179	5.57419e-02
0.12480	5.49840e-02
0.12304	3.89218e-02
0.13645	6.84621e-02
0.10081	4.39320e-02
0.07749	3.84828e-02
0.09092	5.09877e-02
0.07620	4.20080e-02
0.10327	3.89552e-02
0.11585	4.11244e-02
0.08996	4.90262e-02
0.09910	4.24583e-02
0.10085	3.55249e-02
0.09396	3.80014e-02
0.08890	4.06738e-02
0.11273	3.80443e-02
0.07624	5.50245e-02
0.09108	3.03930e-02
0.08436	4.80663e-02
0.11554	5.02588e-02
0.09617	4.54427e-02
0.12400	6.85720e-02
0.07482	4.52223e-02
0.11130	4.43131e-02
0.08049	4.65662e-02
0.07039	2.98885e-02
0.08782	2.87931e-02
0.08706	3.78182e-02
0.06934	3.40232e-02
0.11399	4.41011e-02
0.09242	4.53373e-02
0.08772	4.07834e-02
0.09310	5.52477e-02
0.11486	4.32028e-02
0.09285	3.47537e-02
0.10666	5.07559e-02
0.08395	2.37484e-02
0.07219	3.53443e-02
0.11044	5.34698e-02
0.08629	2.83705e-02
0.10202	4.36612e-02
0.08643	2.72062e-02
0.08835	3.92808e-02
0.06858	4.21446e-02
0.08624	2.30057e-02
0.09518	3.32770e-02
0.06881	3.60832e-02
0.07863	3.72764e-02
0.07382	4.58237e-02
0.10698	4.41895e-02
0.09996	4.95151e-02
0.07838	3.50411e-02
0.07077	6.23745e-02
0.09554	5.98742e-02
0.07567	4.27845e-02
0.10374	4.62119e-02
0.08206	4.32181e-02
0.09096	4.69726e-02
0.08151	3.92447e-02
0.09351	5.76674e-02
0.06883	3.20810e-02
0.09410	6.75249e-02
0.08627	5.03935e-02
0.07848	2.86933e-02
0.10515	3.41815e-02
0.09657	4.90538e-02
0.11621	5.16964e-02
0.09413	4.14535e-02
0.09190	4.11273e-02
0.10727	4.29299e-02
0.11062	5.44383e-02
0.10461	5.04230e-02
0.10480	6.22065e-02
