0.75775	1.29130e-01
0.83982	2.72993e-02
0.81582	2.91571e-02
0.78037	4.90798e-02
0.80333	5.13625e-02
0.75962	4.40236e-02
0.75510	4.51178e-02
0.73405	5.46084e-02
0.72404	3.92046e-02
0.71287	7.10451e-02
0.68344	7.28323e-02
0.66900	8.49877e-02
0.66287	5.55186e-02
0.64150	5.23085e-02
0.61230	1.26799e-01
0.59631	8.60262e-02
0.60102	1.12335e-01
0.60891	8.09965e-02
0.58415	7.09475e-02
0.59371	5.36257e-02
0.55140	8.34634e-02
0.46943	1.23192e-01
0.48631	1.46738e-01
0.50181	1.14240e-01
0.45923	1.53906e-01
0.45011	6.72623e-02
0.38218	1.42088e-01
0.37930	1.22820e-01
0.38126	1.29510e-01
0.33635	1.23649e-01
0.33395	1.57447e-01
0.35140	1.03392e-01
0.37300	1.15420e-01
0.35497	1.00664e-01
0.38689	8.57560e-02
0.33127	8.62696e-02
0.29204	9.83766e-02
0.34098	7.69465e-02
0.27999	6.53601e-02
0.25967	1.06944e-01
0.23386	9.48424e-02
0.23698	7.68919e-02
0.18800	8.34195e-02
0.22591	5.79320e-02
0.25416	5.47296e-02
0.23431	1.26215e-01
0.22325	7.61445e-02
0.22203	6.95529e-02
0.23898	9.04246e-02
0.24062	1.09251e-01
0.23380	5.77260e-02
0.22273	1.11128e-01
0.21943	9.01341e-02
0.26113	6.17405e-02
0.26177	1.00870e-01
0.22295	9.53695e-02
0.26794	5.49432e-02
0.23363	9.46033e-02
0.22277	7.12218e-02
0.25606	6.89007e-02
0.21471	7.73124e-02
0.23483	8.24712e-02
0.18499	7.38549e-02
0.23391	4.21845e-02
0.22947	5.04870e-02
0.18742	7.75680e-02
0.19727	8.47605e-02
0.20529	1.05731e-01
0.20338	9.17293e-02
0.18466	9.72583e-02
0.22833	6.27071e-02
0.16100	7.65903e-02
0.16816	8.25175e-02
0.17616	7.07786e-02
0.21497	1.01176e-01
0.20513	9.48047e-02
0.19264	1.03652e-01
0.18071	6.44788e-02
0.18232	9.11279e-02
0.18281	5.94818e-02
0.21697	7.71873e-02
0.25071	7.78610e-02
0.22886	6.76947e-02
0.19349	7.07791e-02
0.19350	7.02508e-02
0.22926	8.43058e-02
0.21045	6.31742e-02
0.22330	9.41373e-02
0.23191	7.53220e-02
0.17247	7.17964e-02
0.20217	8.62061e-02
0.20196	7.35744e-02
0.19706	1.17515e-01
0.20722	1.09801e-01
0.21300	9.98224e-02
0.22148	9.17912e-02
0.22569	1.05971e-01
0.22029	5.38502e-02
0.20565	9.91970e-02
0.23046	8.45596e-02
0.25031	9.19151e-02
0.25871	9.16070e-02
0.25783	9.61408e-02
0.25803	9.86293e-02
0.25033	9.07197e-02
0.25194	9.67604e-02
0.27174	6.07604e-02
0.26415	9.16870e-02
0.26234	8.97091e-02
0.26234	8.97091e-02
0.26365	8.64560e-02
0.28195	8.40587e-02
0.29047	1.00283e-01
0.32387	1.10623e-01
0.32912	1.37244e-01
0.35123	1.24406e-01
0.33505	1.22167e-01
0.29772	1.18675e-01
0.33262	1.05167e-01
0.33379	1.07782e-01
0.33275	1.19052e-01
0.31988	1.06822e-01
0.33357	9.95062e-02
0.30781	9.39803e-02
0.30603	9.68878e-02
0.30934	8.20639e-02
0.31187	8.07458e-02
0.32649	8.88940e-02
0.35152	1.10009e-01
0.33507	1.27636e-01
0.35198	1.13815e-01
0.36747	1.15864e-01
0.39059	1.25092e-01
0.39675	7.02890e-02
0.39295	9.03380e-02
0.41483	1.03857e-01
0.41741	6.76390e-02
0.41741	6.76390e-02
0.39472	7.11855e-02
0.38421	9.35145e-02
0.38533	8.69253e-02
0.36930	8.76741e-02
0.38653	1.01206e-01
0.41285	1.34625e-01
0.42094	1.41038e-01
0.45745	1.17938e-01
0.46002	1.20136e-01
0.45995	1.35804e-01
0.44957	1.25957e-01
0.44328	1.37715e-01
0.46941	1.12349e-01
0.47432	1.04384e-01
0.47650	8.70849e-02
0.48107	8.67494e-02
0.45525	1.28836e-01
0.47893	1.00366e-01
0.49878	1.06494e-01
0.47589	1.32349e-01
0.47558	1.31943e-01
0.48608	1.39093e-01
0.48608	1.39093e-01
0.48609	1.41774e-01
0.47685	1.33630e-01
0.46756	1.26508e-01
0.47879	1.30594e-01
0.47879	1.30594e-01
0.46252	1.22372e-01
0.48711	9.57376e-02
0.51914	1.13352e-01
0.53644	8.41204e-02
0.54434	8.34313e-02
0.53093	4.92837e-02
0.52348	5.89138e-02
0.52573	1.10527e-01
0.53572	1.06473e-01
0.53483	1.06576e-01
0.51090	1.34205e-01
0.51451	1.31706e-01
0.51145	1.34954e-01
0.50517	1.26662e-01
0.50517	1.26662e-01
0.50290	1.25396e-01
0.51139	1.26161e-01
0.50267	1.21805e-01
0.50591	1.23110e-01
0.51294	1.22516e-01
0.54051	7.35534e-02
0.54051	7.35534e-02
0.53976	7.67818e-02
0.53646	7.40610e-02
0.55107	7.15251e-02
0.54926	7.78903e-02
0.54728	7.70826e-02
0.54844	9.39734e-02
0.55110	9.53576e-02
0.56779	8.41152e-02
0.56335	8.26664e-02
0.55726	8.02708e-02
0.56287	7.56583e-02
0.52791	1.51059e-01
0.53131	1.74478e-01
0.54636	1.83865e-01
0.52212	1.76899e-01
0.51644	1.73726e-01
0.57078	6.86149e-02
0.57217	6.71973e-02
0.59340	6.76170e-02
0.61068	6.38463e-02
0.60602	6.18793e-02
0.60756	6.62422e-02
0.62701	7.48929e-02
0.61449	7.18928e-02
0.62099	6.86411e-02
0.62818	7.33298e-02
0.62523	7.34720e-02
0.63379	7.07133e-02
0.63746	7.65896e-02
0.62474	6.65321e-02
0.62984	5.91632e-02
0.61694	5.26457e-02
0.62860	4.52283e-02
0.61896	5.90327e-02
0.63812	7.09896e-02
0.63432	5.79444e-02
0.64283	7.04470e-02
0.65522	7.58421e-02
0.65885	7.36807e-02
0.65966	5.47953e-02
0.65978	5.41895e-02
0.67080	6.91656e-02
0.67545	6.92509e-02
0.67135	6.20990e-02
0.67324	6.20431e-02
0.68440	5.42665e-02
0.67942	6.70318e-02
0.68153	6.26936e-02
0.68034	6.31596e-02
0.68097	5.98982e-02
0.68205	6.02006e-02
0.68210	6.02506e-02
0.68450	6.43129e-02
0.68644	6.32772e-02
0.69298	4.77169e-02
0.69503	4.98318e-02
0.70509	5.84122e-02
0.71344	4.88898e-02
0.72315	3.89670e-02
0.72524	3.87538e-02
0.72620	3.64315e-02
0.73121	3.82668e-02
0.72859	3.99265e-02
0.72114	3.22979e-02
0.72653	3.16999e-02
0.72345	5.18602e-02
0.73475	3.16339e-02
0.73263	3.78748e-02
0.72958	3.80296e-02
0.72842	3.67990e-02
0.72954	3.77391e-02
0.74644	2.43723e-02
0.75059	2.51207e-02
0.75195	2.67053e-02
0.74425	2.80898e-02
0.75897	1.85615e-02
0.75895	1.85832e-02
0.76231	3.04059e-02
0.76268	3.04491e-02
0.76628	3.42605e-02
0.76631	3.43180e-02
0.75343	3.93805e-02
0.75435	3.93341e-02
0.73687	4.32002e-02
0.75290	4.36086e-02
0.76463	3.11432e-02
0.76019	3.93761e-02
0.75955	3.86031e-02
0.77017	3.19207e-02
0.76200	2.74941e-02
0.76862	2.28389e-02
0.76852	2.43445e-02
0.76745	2.47275e-02
0.76478	2.25468e-02
0.76083	3.31130e-02
0.76464	3.83613e-02
0.76730	3.89267e-02
0.76964	3.74904e-02
0.76964	3.74904e-02
0.75853	4.00336e-02
0.76147	4.19635e-02
0.75975	3.90766e-02
0.76223	4.23183e-02
0.76563	4.20061e-02
0.76281	4.26447e-02
0.76879	4.41215e-02
0.76664	4.81122e-02
0.77238	4.70715e-02
0.78626	3.17227e-02
0.78626	3.17227e-02
0.78604	3.17116e-02
0.78619	3.18998e-02
0.77280	4.96201e-02
0.77579	6.07579e-02
0.77931	6.08279e-02
0.77032	5.34436e-02
0.78111	3.16494e-02
0.78333	2.31929e-02
0.77830	2.90178e-02
0.79067	3.23925e-02
0.79728	3.94517e-02
0.79225	4.11584e-02
0.78797	4.66308e-02
0.78697	4.66596e-02
0.78464	4.59426e-02
0.79655	3.78929e-02
0.79655	3.78929e-02
0.80156	4.06635e-02
0.79411	3.58006e-02
0.78616	4.03356e-02
0.77563	4.37032e-02
0.77440	3.64323e-02
0.78477	4.07785e-02
0.77543	3.70568e-02
0.78930	3.78459e-02
0.79360	4.05429e-02
0.79346	4.04414e-02
0.80873	3.47067e-02
0.81657	3.22753e-02
0.80708	3.30293e-02
0.80994	3.15549e-02
0.81029	3.16949e-02
0.80440	3.08799e-02
0.80503	3.24044e-02
0.80912	2.56137e-02
0.80813	2.83967e-02
0.80911	2.63247e-02
0.81425	2.87030e-02
0.81026	2.57389e-02
0.81294	2.72209e-02
0.80997	2.74013e-02
0.80927	2.82977e-02
0.80816	2.46555e-02
0.80997	2.52664e-02
0.80997	2.52663e-02
0.80994	2.52393e-02
0.81524	2.22967e-02
0.80661	2.97406e-02
0.81600	2.23455e-02
0.82098	2.86029e-02
0.81985	2.92163e-02
0.81999	2.93220e-02
0.81448	3.29665e-02
0.81150	2.85513e-02
0.81547	3.51567e-02
0.82845	4.44025e-02
0.82812	3.94613e-02
0.83817	3.22386e-02
0.83607	2.97345e-02
0.82317	2.65000e-02
0.82281	2.67949e-02
0.82281	2.67949e-02
0.82281	2.67949e-02
0.82355	2.76534e-02
0.82837	2.46741e-02
0.82948	2.46787e-02
0.83226	2.31563e-02
0.83226	2.31563e-02
0.82804	2.44784e-02
0.84236	2.99139e-02
0.84236	2.99139e-02
0.83650	2.92620e-02
0.83645	1.87967e-02
0.82951	1.16035e-02
0.82951	1.16035e-02
0.82774	1.27533e-02
0.83040	1.25847e-02
0.84130	2.18412e-02
0.83758	1.78491e-02
0.84175	2.02630e-02
0.84188	2.00823e-02
0.84364	1.75892e-02
0.84364	1.75892e-02
0.83935	2.36611e-02
0.82576	2.31892e-02
0.85400	2.47379e-02
0.86944	1.42561e-02
0.86944	1.42561e-02
0.86944	1.42561e-02
0.86944	1.42561e-02
0.86944	1.42561e-02
0.86944	1.42561e-02
0.86944	1.42561e-02
0.82875	2.64343e-02
0.83990	3.75878e-02
0.83990	3.75878e-02
0.83990	3.75878e-02
0.86706	1.36161e-02
0.86726	1.38177e-02
0.86079	2.02910e-02
0.86096	2.04681e-02
0.86096	2.04681e-02
0.86551	1.59188e-02
0.86551	1.59188e-02
0.84016	4.12746e-02
0.83677	3.78817e-02
0.83677	3.78817e-02
0.83677	3.78817e-02
0.83677	3.78817e-02
0.83613	3.72431e-02
0.79888	0.00000e+00
0.79888	0.00000e+00
0.79888	0.00000e+00
0.79888	0.00000e+00
0.89044	0.00000e+00
0.89044	0.00000e+00
0.89044	0.00000e+00
0.87205	0.00000e+00
0.87205	0.00000e+00
0.87205	0.00000e+00
0.87474	0.00000e+00
0.85403	0.00000e+00
0.85403	0.00000e+00
0.85403	0.00000e+00
0.85403	0.00000e+00
0.85403	0.00000e+00
0.85403	0.00000e+00
0.85403	0.00000e+00
0.85403	0.00000e+00
0.85403	0.00000e+00
0.85403	0.00000e+00
0.85403	0.00000e+00
0.87902	0.00000e+00
0.88843	0.00000e+00
0.88843	0.00000e+00
0.88843	0.00000e+00
0.88843	0.00000e+00
0.88843	0.00000e+00
0.88843	0.00000e+00
0.88843	0.00000e+00
0.88843	0.00000e+00
0.88843	0.00000e+00
0.88843	0.00000e+00
0.88843	0.00000e+00
0.88843	0.00000e+00
0.88843	0.00000e+00
0.85584	0.00000e+00
0.85584	0.00000e+00
0.85584	0.00000e+00
0.85584	0.00000e+00
0.88786	0.00000e+00
