0.99026	1.48862e-03
0.98535	7.26950e-03
0.97568	1.17531e-02
0.96906	1.67049e-02
0.95657	1.72200e-02
0.95720	1.59396e-02
0.94810	1.94174e-02
0.94312	1.66277e-02
0.91382	2.71163e-02
0.92711	1.68402e-02
0.90106	2.72636e-02
0.89789	3.03269e-02
0.88933	2.70267e-02
0.88540	2.34663e-02
0.87987	2.46278e-02
0.87679	3.59991e-02
0.86723	3.82123e-02
0.86189	4.31377e-02
0.85352	3.00185e-02
0.86760	2.71322e-02
0.86480	4.30260e-02
0.83759	4.31147e-02
0.83156	4.41146e-02
0.84026	4.28171e-02
0.83838	5.02893e-02
0.83314	4.58265e-02
0.82821	4.96319e-02
0.82298	5.89400e-02
0.82637	6.34973e-02
0.82676	3.63896e-02
0.81048	5.80154e-02
0.80328	4.45049e-02
0.80078	4.00631e-02
0.78305	4.95713e-02
0.79961	5.10676e-02
0.76900	4.56175e-02
0.76505	4.45701e-02
0.77962	4.41908e-02
0.76117	5.12607e-02
0.75894	5.08487e-02
0.75267	5.86200e-02
0.73773	3.46961e-02
0.73846	4.48790e-02
0.73475	3.07291e-02
0.71780	3.23948e-02
0.71558	4.67786e-02
0.71840	4.47653e-02
0.70263	6.00850e-02
0.67946	5.25694e-02
0.67814	4.69533e-02
0.66474	6.42018e-02
0.65285	5.37900e-02
0.68131	4.77388e-02
0.63793	6.84062e-02
0.63247	2.65665e-02
0.63030	5.29842e-02
0.64037	7.42024e-02
0.64008	4.52132e-02
0.61022	5.72716e-02
0.62790	6.52753e-02
0.60886	4.05173e-02
0.57305	8.43908e-02
0.57956	6.67684e-02
0.55841	5.90437e-02
0.55117	7.64766e-02
0.53097	4.96439e-02
0.56412	7.36720e-02
0.54145	1.06276e-01
0.52426	8.77929e-02
0.54850	7.98735e-02
0.54251	5.53448e-02
0.51837	8.54528e-02
0.53211	5.86967e-02
0.57675	7.76258e-02
0.54351	7.29605e-02
0.52703	6.71699e-02
0.55159	6.48487e-02
0.53608	6.72514e-02
0.53542	5.94559e-02
0.55896	5.04062e-02
0.56258	4.10210e-02
0.54252	7.84917e-02
0.56847	6.29770e-02
0.53294	7.58722e-02
0.56964	7.08286e-02
0.54129	8.06044e-02
0.54112	6.81119e-02
0.55922	4.80910e-02
0.53968	3.90165e-02
0.55126	7.03462e-02
0.50962	6.71828e-02
0.52888	6.70855e-02
0.55428	7.48204e-02
0.54065	1.01472e-01
0.51943	6.55465e-02
0.54776	6.80297e-02
0.53564	5.85605e-02
0.54673	6.35767e-02
0.54233	6.63867e-02
0.57574	6.26645e-02
0.57018	6.62169e-02
0.58263	7.08751e-02
0.59116	7.07414e-02
0.59116	7.07414e-02
0.59089	7.08475e-02
0.58947	7.19335e-02
0.60856	5.68299e-02
0.60779	4.65944e-02
0.61954	5.79629e-02
0.62621	3.52530e-02
0.63537	4.67328e-02
0.64815	4.81738e-02
0.64062	5.76447e-02
0.65781	7.02142e-02
0.67659	6.41755e-02
0.65874	6.47379e-02
0.65391	6.27984e-02
0.65391	6.27984e-02
0.65444	6.38631e-02
0.66652	6.73261e-02
0.66298	6.39607e-02
0.66809	7.17234e-02
0.66807	7.17169e-02
0.66960	6.25141e-02
0.66283	5.40182e-02
0.67305	5.24222e-02
0.68269	6.42814e-02
0.69843	6.51113e-02
0.70459	5.71318e-02
0.71163	5.51241e-02
0.71839	5.56798e-02
0.72322	6.25751e-02
0.73067	6.30156e-02
0.72619	6.01600e-02
0.72089	5.85125e-02
0.71249	7.43891e-02
0.71830	5.67644e-02
0.72624	4.29064e-02
0.74074	4.25329e-02
0.74405	5.80715e-02
0.75130	5.05702e-02
0.76082	5.51761e-02
0.76800	5.45086e-02
0.77688	5.11994e-02
0.77097	6.03321e-02
0.76043	5.11522e-02
0.76006	5.08741e-02
0.75616	5.23788e-02
0.75646	5.26460e-02
0.76417	4.40245e-02
0.76537	4.58468e-02
0.76536	4.58571e-02
0.76515	4.62568e-02
0.77964	3.94162e-02
0.78452	4.02380e-02
0.78163	4.00505e-02
0.78534	4.17104e-02
0.78245	3.94707e-02
0.79521	5.12126e-02
0.79566	5.06283e-02
0.80131	5.06659e-02
0.79208	4.39857e-02
0.78818	4.30047e-02
0.78622	4.27137e-02
0.80114	4.51786e-02
0.80083	3.77942e-02
0.79737	3.57934e-02
0.80704	2.78051e-02
0.81482	3.70236e-02
0.80685	3.45972e-02
0.80753	3.76979e-02
0.81029	3.72899e-02
0.81106	4.16279e-02
0.81758	3.93828e-02
0.82574	3.52424e-02
0.83260	3.06509e-02
0.83045	2.97364e-02
0.83743	3.65008e-02
0.84643	3.47387e-02
0.84562	3.45858e-02
0.84392	3.61725e-02
0.83810	2.95003e-02
0.83779	2.72161e-02
0.84648	3.20937e-02
0.85100	3.44625e-02
0.85020	3.57706e-02
0.85097	3.57470e-02
0.85078	3.32648e-02
0.85242	3.95390e-02
0.85204	4.00214e-02
0.85261	3.99529e-02
0.86026	4.74823e-02
0.86216	4.74472e-02
0.86307	3.08414e-02
0.85661	4.02754e-02
0.85347	3.83233e-02
0.85374	3.44370e-02
0.85990	3.56573e-02
0.87197	2.54152e-02
0.87388	2.64499e-02
0.87497	2.65390e-02
0.87247	2.70402e-02
0.87528	2.78085e-02
0.87520	3.00397e-02
0.88399	3.07265e-02
0.88529	3.16770e-02
0.88384	3.06515e-02
0.88319	3.02369e-02
0.87521	3.21111e-02
0.88074	2.98984e-02
0.87895	3.00667e-02
0.88007	3.40386e-02
0.87990	2.37894e-02
0.88150	2.16605e-02
0.89043	1.97325e-02
0.88810	2.14039e-02
0.89017	2.01814e-02
0.88971	2.56344e-02
0.89358	2.30216e-02
0.89699	2.67077e-02
0.90377	2.11591e-02
0.90965	2.00406e-02
0.90526	1.53824e-02
0.90620	1.52002e-02
0.90620	1.52002e-02
0.91129	1.71639e-02
0.90502	2.06112e-02
0.90048	2.84792e-02
0.90597	1.94769e-02
0.90968	2.28653e-02
0.90524	2.83597e-02
0.90335	2.59595e-02
0.91211	2.02910e-02
0.91015	1.85702e-02
0.91145	1.85261e-02
0.91314	1.77097e-02
0.91151	1.68887e-02
0.91274	1.50200e-02
0.91696	1.88817e-02
0.91703	1.87670e-02
0.91690	2.05820e-02
0.92324	1.98891e-02
0.92372	1.83974e-02
0.92576	1.90465e-02
0.92575	1.90568e-02
0.92476	1.91513e-02
0.92139	1.95280e-02
0.91486	1.51405e-02
0.91650	1.64878e-02
0.91377	1.50902e-02
0.91088	2.53878e-02
0.90903	2.24515e-02
0.91272	2.43487e-02
0.91506	2.84283e-02
0.91292	2.86316e-02
0.91964	3.05755e-02
0.91574	2.55197e-02
0.92526	2.33417e-02
0.93332	1.86566e-02
0.93251	2.10922e-02
0.92742	2.21156e-02
0.92557	2.03761e-02
0.92864	1.76317e-02
0.92373	1.83879e-02
0.93154	2.05641e-02
0.92571	2.05127e-02
0.93047	1.93090e-02
0.92797	2.07013e-02
0.93026	2.31664e-02
0.92551	2.31159e-02
0.92064	1.92668e-02
0.92684	2.30869e-02
0.92706	2.57984e-02
0.92706	2.57984e-02
0.93127	2.17326e-02
0.93134	2.16757e-02
0.93424	2.22993e-02
0.92889	1.98927e-02
0.92877	1.92678e-02
0.92740	2.06437e-02
0.92677	1.94013e-02
0.94007	1.57553e-02
0.94426	1.79039e-02
0.94913	1.89076e-02
0.94622	1.89022e-02
0.94582	2.02565e-02
0.94360	2.19027e-02
0.94229	1.98821e-02
0.93427	2.23431e-02
0.93717	2.23084e-02
0.93229	2.05322e-02
0.93031	1.99124e-02
0.93439	2.03129e-02
0.93161	1.95575e-02
0.92972	1.94459e-02
0.93214	1.96793e-02
0.92954	1.95822e-02
0.93480	2.01336e-02
0.94224	2.35899e-02
0.93962	2.14227e-02
0.93961	2.14086e-02
0.94167	1.89178e-02
0.94494	1.65716e-02
0.93848	2.82236e-02
0.94061	2.88986e-02
0.93485	2.56496e-02
0.93070	2.96243e-02
0.93180	2.71151e-02
0.93180	2.71151e-02
0.93723	2.69930e-02
0.93550	2.81269e-02
0.93070	2.93032e-02
0.93224	3.06174e-02
0.93606	2.90137e-02
0.93634	2.90323e-02
0.93224	2.73578e-02
0.92706	2.52732e-02
0.92837	2.55091e-02
0.93101	2.58824e-02
0.93074	2.58185e-02
0.93825	2.96417e-02
0.93505	3.03508e-02
0.93101	2.91136e-02
0.93298	2.90883e-02
0.92965	2.80290e-02
0.93184	2.95878e-02
0.92602	2.48889e-02
0.93148	3.14018e-02
0.93121	3.13187e-02
0.94070	1.91627e-02
0.94411	1.70858e-02
0.94474	1.68461e-02
0.94886	2.07259e-02
0.94204	1.62894e-02
0.94705	1.43132e-02
0.95143	1.47223e-02
0.95005	1.61585e-02
0.95147	1.79913e-02
0.95357	1.87269e-02
0.95696	2.04834e-02
0.95759	1.49061e-02
0.94871	1.81310e-02
0.94908	1.87972e-02
0.94816	1.67550e-02
0.94607	1.75522e-02
0.95233	1.54940e-02
0.95410	1.60044e-02
0.95605	1.66463e-02
0.95924	1.86268e-02
0.96321	9.16369e-03
0.95894	1.41674e-02
0.95978	1.19017e-02
0.95952	1.17197e-02
0.96323	1.53936e-02
0.96209	1.54620e-02
0.96017	1.77732e-02
0.96254	1.69678e-02
0.96253	1.69430e-02
0.96082	1.33027e-02
0.96253	1.75839e-02
0.96642	1.55291e-02
0.96229	1.54210e-02
0.96348	1.39212e-02
0.96794	1.19626e-02
0.96587	1.06796e-02
0.97222	1.28806e-02
0.97584	1.50804e-02
0.97585	1.50622e-02
0.97765	1.13569e-02
0.97765	1.13569e-02
0.97768	1.14004e-02
0.97293	1.23541e-02
0.97880	1.06585e-02
0.97880	1.06585e-02
0.97709	1.15434e-02
0.97429	1.07179e-02
0.97530	9.97001e-03
0.97688	1.05398e-02
0.97174	7.93446e-03
0.97174	7.93446e-03
0.97463	1.01824e-02
0.97202	7.76626e-03
0.97484	9.58417e-03
0.97556	1.04661e-02
0.97479	1.09247e-02
0.98183	1.11062e-02
0.98184	1.10962e-02
0.98561	1.00810e-02
0.98563	1.00142e-02
0.98563	1.00142e-02
0.98594	9.31884e-03
0.98494	9.91185e-03
0.98455	9.93833e-03
0.98455	9.93833e-03
0.98456	9.94129e-03
0.98315	1.10270e-02
0.98315	1.10270e-02
0.98320	1.10703e-02
0.98317	1.11371e-02
0.98317	1.11371e-02
0.98317	1.11371e-02
0.98988	1.94971e-03
0.99100	1.39603e-03
0.99100	1.39603e-03
0.98138	1.10229e-02
0.98138	1.10278e-02
0.97035	0.00000e+00
0.97035	0.00000e+00
0.99041	0.00000e+00
0.99041	0.00000e+00
0.99041	0.00000e+00
0.99004	0.00000e+00
0.99004	0.00000e+00
0.99004	0.00000e+00
0.99004	0.00000e+00
0.99004	0.00000e+00
0.99004	0.00000e+00
0.99004	0.00000e+00
0.98992	0.00000e+00
0.98992	0.00000e+00
0.98989	0.00000e+00
