0.99396	9.09137e-04
0.98399	8.35697e-03
0.98131	1.14268e-02
0.97062	1.62371e-02
0.96166	1.73856e-02
0.95011	1.52953e-02
0.95198	2.41310e-02
0.95197	2.48436e-02
0.92398	2.33624e-02
0.92371	1.67718e-02
0.91733	2.79091e-02
0.89015	2.88492e-02
0.88786	2.84442e-02
0.88850	3.68167e-02
0.85353	3.87892e-02
0.86219	4.78400e-02
0.85108	2.89893e-02
0.84178	4.54069e-02
0.85543	3.81161e-02
0.82339	4.37480e-02
0.84502	3.20252e-02
0.82427	3.18281e-02
0.82777	4.59897e-02
0.79931	4.55591e-02
0.79450	3.64437e-02
0.79789	3.20897e-02
0.79671	4.71667e-02
0.78959	5.95799e-02
0.78735	5.17511e-02
0.78565	5.02301e-02
0.76821	7.36328e-02
0.75680	7.61566e-02
0.77053	5.38824e-02
0.74403	6.79880e-02
0.75230	5.13812e-02
0.73711	9.02000e-02
0.75624	6.32290e-02
0.72871	7.80902e-02
0.73125	6.20274e-02
0.69343	8.03711e-02
0.66784	8.79880e-02
0.67191	8.00825e-02
0.69161	4.34409e-02
0.65601	1.06227e-01
0.65909	1.04347e-01
0.65337	6.29458e-02
0.62701	1.20186e-01
0.65671	1.00117e-01
0.64218	1.01384e-01
0.64881	1.18937e-01
0.63824	1.35399e-01
0.63337	1.15551e-01
0.62023	1.10555e-01
0.64131	9.79729e-02
0.63691	1.00384e-01
0.63816	7.84547e-02
0.62646	8.18998e-02
0.64008	7.49316e-02
0.64281	6.96034e-02
0.62111	6.51801e-02
0.65415	5.50866e-02
0.61441	7.73046e-02
0.62153	4.90759e-02
0.61449	6.07078e-02
0.59980	9.81052e-02
0.58331	4.91412e-02
0.60282	6.02457e-02
0.59359	6.72192e-02
0.57124	7.80550e-02
0.56823	5.31156e-02
0.57788	6.79706e-02
0.58032	8.11273e-02
0.58894	7.67460e-02
0.59693	8.58177e-02
0.57989	4.78043e-02
0.57107	6.82570e-02
0.58458	6.19195e-02
0.57193	6.46361e-02
0.60942	5.86420e-02
0.57563	7.79358e-02
0.61359	4.80321e-02
0.54841	5.78075e-02
0.55582	7.56618e-02
0.58161	6.29675e-02
0.56502	9.67799e-02
0.58509	9.87919e-02
0.59265	9.16584e-02
0.56977	9.20609e-02
0.55389	9.83085e-02
0.57599	5.94501e-02
0.58976	7.81513e-02
0.57477	8.39738e-02
0.55274	8.98768e-02
0.55543	1.09190e-01
0.57279	7.98758e-02
0.55158	1.14599e-01
0.53023	9.88269e-02
0.53265	1.21457e-01
0.51909	1.13464e-01
0.56677	7.46381e-02
0.56492	9.28984e-02
0.56492	9.28984e-02
0.58186	1.11045e-01
0.58329	1.10185e-01
0.58198	1.09128e-01
0.58537	1.10690e-01
0.58682	1.09719e-01
0.60702	1.13856e-01
0.60224	1.03666e-01
0.60075	1.04022e-01
0.60040	9.62027e-02
0.60111	9.61919e-02
0.61224	1.07132e-01
0.64043	9.97840e-02
0.63980	9.87580e-02
0.63950	9.70802e-02
0.64276	9.40971e-02
0.65268	9.52320e-02
0.66004	9.25602e-02
0.66856	9.49338e-02
0.66856	9.49338e-02
0.68316	8.47992e-02
0.68209	9.12669e-02
0.69159	9.05830e-02
0.69428	9.14835e-02
0.69619	6.78715e-02
0.69038	6.25153e-02
0.70312	6.48319e-02
0.68590	7.47081e-02
0.69301	8.24663e-02
0.69645	8.17247e-02
0.71754	7.61013e-02
0.72155	8.49486e-02
0.72880	8.42896e-02
0.73813	8.95991e-02
0.72865	8.74170e-02
0.72856	8.74859e-02
0.74089	9.05281e-02
0.73373	8.45022e-02
0.73805	8.86367e-02
0.74353	8.81946e-02
0.74882	8.86970e-02
0.74928	8.90892e-02
0.74730	8.75256e-02
0.75099	9.32643e-02
0.77804	5.38272e-02
0.79141	4.91904e-02
0.79239	4.93219e-02
0.79239	4.93219e-02
0.78625	7.51269e-02
0.76985	6.65180e-02
0.78107	7.06757e-02
0.79541	4.87592e-02
0.79454	5.30004e-02
0.80680	5.54298e-02
0.80233	5.38122e-02
0.79592	5.11244e-02
0.80329	5.57104e-02
0.80736	5.43045e-02
0.81963	5.88945e-02
0.81382	5.63459e-02
0.80564	5.25164e-02
0.80682	5.64803e-02
0.81456	5.62256e-02
0.81456	5.62256e-02
0.81659	5.62304e-02
0.81471	5.52694e-02
0.81471	5.52694e-02
0.82183	3.91377e-02
0.81472	4.66856e-02
0.82613	5.38420e-02
0.82818	5.41439e-02
0.81806	5.45181e-02
0.82856	6.06400e-02
0.83119	6.10881e-02
0.83873	6.50784e-02
0.83873	6.50784e-02
0.84285	6.26511e-02
0.84029	5.87371e-02
0.84775	3.75709e-02
0.84883	2.92431e-02
0.85366	3.09511e-02
0.85860	3.66201e-02
0.86462	3.57746e-02
0.85368	3.41887e-02
0.85924	3.38535e-02
0.85840	3.44505e-02
0.86084	3.62164e-02
0.86049	3.63569e-02
0.86287	3.60013e-02
0.86610	4.15316e-02
0.86608	4.15162e-02
0.86608	4.15162e-02
0.88677	4.50225e-02
0.88187	5.07906e-02
0.88013	4.94783e-02
0.87247	5.03772e-02
0.87246	4.55685e-02
0.87061	4.63501e-02
0.87669	4.93777e-02
0.87878	4.93502e-02
0.88332	4.69204e-02
0.88555	4.80557e-02
0.88570	4.80044e-02
0.88957	4.82975e-02
0.88801	4.96821e-02
0.88803	4.97082e-02
0.90212	2.90997e-02
0.90502	2.87818e-02
0.90751	2.98959e-02
0.90751	2.98959e-02
0.90219	3.00612e-02
0.90219	3.00612e-02
0.90243	3.05389e-02
0.90923	3.39524e-02
0.90850	3.35123e-02
0.90850	3.35123e-02
0.91097	3.66370e-02
0.90673	3.25658e-02
0.91278	3.49274e-02
0.90936	3.43968e-02
0.90499	3.30280e-02
0.90562	3.33726e-02
0.91086	3.32445e-02
0.91290	3.80158e-02
0.91622	3.77563e-02
0.91665	3.67796e-02
0.91568	3.54726e-02
0.91757	3.57650e-02
0.91756	4.11678e-02
0.92169	4.19885e-02
0.92005	4.18897e-02
0.91954	4.17299e-02
0.92217	4.27234e-02
0.92908	2.49890e-02
0.92441	3.73518e-02
0.91961	3.89572e-02
0.92157	3.41469e-02
0.92937	3.21516e-02
0.92804	3.57798e-02
0.92804	3.57798e-02
0.92807	3.57869e-02
0.92942	3.06972e-02
0.92783	3.12749e-02
0.92348	3.53908e-02
0.92128	3.68621e-02
0.92022	3.63588e-02
0.91185	3.19922e-02
0.91724	3.22269e-02
0.92320	3.52672e-02
0.92981	3.19289e-02
0.92633	2.92212e-02
0.93302	2.97606e-02
0.92797	2.79192e-02
0.92871	2.59958e-02
0.92927	2.61462e-02
0.92700	2.80492e-02
0.91549	2.26730e-02
0.91855	2.29663e-02
0.91820	2.38266e-02
0.91820	2.38266e-02
0.92865	3.12394e-02
0.92576	3.02581e-02
0.93230	3.04725e-02
0.93810	3.06530e-02
0.92912	2.94472e-02
0.93915	2.19083e-02
0.94145	2.06260e-02
0.94164	2.02007e-02
0.94140	2.01559e-02
0.93879	2.06206e-02
0.93709	2.54438e-02
0.93377	2.32203e-02
0.93585	2.80435e-02
0.93702	2.36146e-02
0.93134	2.49707e-02
0.93393	2.75445e-02
0.93562	2.91159e-02
0.93458	2.79692e-02
0.93602	2.83641e-02
0.93892	2.90090e-02
0.94173	2.86430e-02
0.94035	2.38307e-02
0.94344	2.07940e-02
0.94344	2.07940e-02
0.93762	1.74326e-02
0.93748	2.57230e-02
0.94029	2.46093e-02
0.94202	2.40723e-02
0.94245	2.45282e-02
0.94385	2.61410e-02
0.94410	2.19023e-02
0.94319	2.70902e-02
0.94005	2.45740e-02
0.93309	2.23602e-02
0.93033	1.95751e-02
0.94327	2.14386e-02
0.94327	2.14386e-02
0.94346	1.97283e-02
0.94512	2.08431e-02
0.93961	1.80712e-02
0.94378	1.68383e-02
0.94807	1.28608e-02
0.94805	1.28614e-02
0.94534	1.70136e-02
0.94774	1.87639e-02
0.95099	1.83610e-02
0.95365	1.38043e-02
0.94709	1.38152e-02
0.95017	1.52110e-02
0.94615	1.43509e-02
0.94205	1.21009e-02
0.94583	1.57349e-02
0.94597	1.69010e-02
0.95187	1.80159e-02
0.95682	9.53906e-03
0.95595	9.17258e-03
0.95396	1.47844e-02
0.95597	1.37884e-02
0.95362	1.44961e-02
0.95014	1.53573e-02
0.95321	1.73608e-02
0.95447	1.79275e-02
0.95274	2.10679e-02
0.95297	2.08359e-02
0.95651	1.99567e-02
0.95588	2.01012e-02
0.95460	2.03165e-02
0.95486	2.07153e-02
0.95750	2.18027e-02
0.95506	2.14464e-02
0.95487	1.98024e-02
0.95332	1.93082e-02
0.95808	2.09744e-02
0.95703	1.84219e-02
0.95591	2.13114e-02
0.95786	2.21618e-02
0.96388	2.19464e-02
0.96183	2.07662e-02
0.96237	2.08148e-02
0.96713	2.02209e-02
0.97170	2.02217e-02
0.96752	2.07630e-02
0.96733	1.47729e-02
0.97114	1.51514e-02
0.96914	1.71858e-02
0.96501	1.82367e-02
0.96588	1.60239e-02
0.96550	1.59112e-02
0.96619	1.74781e-02
0.96894	1.63021e-02
0.97283	1.17072e-02
0.97121	1.24141e-02
0.97051	1.32784e-02
0.97275	1.29199e-02
0.97253	1.31514e-02
0.97699	1.36838e-02
0.97713	1.35876e-02
0.97353	1.48296e-02
0.97434	1.57034e-02
0.97434	1.57034e-02
0.97657	1.47115e-02
0.97370	1.91366e-02
0.97351	1.95278e-02
0.97025	2.03928e-02
0.97455	1.67291e-02
0.97547	1.95665e-02
0.97547	1.95665e-02
0.97857	1.76006e-02
0.97893	1.80860e-02
0.98221	1.53295e-02
0.97951	1.73285e-02
0.97702	1.64129e-02
0.97578	1.64741e-02
0.98040	1.85422e-02
0.97607	1.90984e-02
0.97603	1.90559e-02
0.97679	2.05942e-02
0.97685	2.04760e-02
0.97253	2.07493e-02
0.97587	1.70306e-02
0.97587	1.70306e-02
0.98080	1.40258e-02
0.98091	1.41182e-02
0.97639	1.35689e-02
0.97641	1.35439e-02
0.97009	7.26679e-03
0.96941	1.72532e-02
0.97737	1.64015e-02
0.97739	1.64174e-02
0.97739	1.64174e-02
0.97082	1.65886e-02
0.97051	1.55901e-02
0.97051	1.55901e-02
0.97051	1.55901e-02
0.98012	5.98299e-03
0.98012	5.98299e-03
0.98012	5.98299e-03
0.98012	5.98299e-03
0.97028	3.86291e-03
0.97389	7.47701e-03
0.97389	7.47701e-03
0.97389	7.47701e-03
0.97990	1.16218e-02
0.97990	1.16218e-02
0.98208	8.86460e-03
0.98208	8.86460e-03
0.99203	1.08449e-03
0.99195	1.00849e-03
0.99195	1.00849e-03
0.99195	1.00849e-03
0.99192	9.81864e-04
0.97109	0.00000e+00
0.99130	0.00000e+00
0.99130	0.00000e+00
0.97295	0.00000e+00
0.97295	0.00000e+00
0.99287	0.00000e+00
0.99287	0.00000e+00
0.99287	0.00000e+00
0.99287	0.00000e+00
0.97320	0.00000e+00
0.97320	0.00000e+00
0.99313	0.00000e+00
0.99313	0.00000e+00
0.99313	0.00000e+00
0.99313	0.00000e+00
0.99313	0.00000e+00
0.99313	0.00000e+00
0.99313	0.00000e+00
0.99313	0.00000e+00
0.99313	0.00000e+00
0.99313	0.00000e+00
0.99312	0.00000e+00
0.99311	0.00000e+00
