0.99429	1.51131e-03
0.97788	8.64000e-03
0.98084	1.08087e-02
0.96906	1.24772e-02
0.96710	1.17733e-02
0.96231	2.32707e-02
0.95930	1.81973e-02
0.95721	1.59884e-02
0.91479	1.76886e-02
0.92205	2.50923e-02
0.90168	2.28923e-02
0.88412	2.71632e-02
0.87922	2.77554e-02
0.89385	3.19105e-02
0.87051	2.92674e-02
0.87124	3.84012e-02
0.84947	4.31168e-02
0.85074	4.90829e-02
0.83949	3.92454e-02
0.82163	5.19940e-02
0.82979	4.34629e-02
0.80788	5.40085e-02
0.82466	6.73338e-02
0.80084	7.24136e-02
0.79671	6.24438e-02
0.78304	5.47011e-02
0.80873	5.62404e-02
0.79292	6.38144e-02
0.79957	6.90312e-02
0.78366	5.19164e-02
0.78977	7.07529e-02
0.76935	5.73689e-02
0.76157	4.66520e-02
0.74385	3.24795e-02
0.72799	3.56086e-02
0.73439	6.25968e-02
0.72134	8.53226e-02
0.72913	9.01903e-02
0.74976	8.41603e-02
0.73133	8.66984e-02
0.72224	1.14764e-01
0.68032	1.09502e-01
0.71973	6.67537e-02
0.72027	8.67697e-02
0.69572	6.69024e-02
0.68525	5.34880e-02
0.67724	5.06911e-02
0.67140	5.57229e-02
0.68476	6.99301e-02
0.65061	7.71360e-02
0.64669	7.72120e-02
0.64662	7.01806e-02
0.66227	5.73390e-02
0.67318	3.51220e-02
0.65037	4.34956e-02
0.64615	6.43586e-02
0.64267	5.75043e-02
0.63368	5.39176e-02
0.62938	8.02720e-02
0.60359	4.54909e-02
0.62936	7.05575e-02
0.57545	7.13631e-02
0.59449	6.99680e-02
0.56945	6.32550e-02
0.56057	8.03989e-02
0.57481	7.99121e-02
0.54715	9.77474e-02
0.54826	8.73909e-02
0.55797	8.20256e-02
0.54566	7.91338e-02
0.61591	4.88732e-02
0.63560	4.00817e-02
0.59880	6.09043e-02
0.62190	5.63502e-02
0.62428	6.01160e-02
0.60491	5.47730e-02
0.62934	3.80328e-02
0.63308	7.21276e-02
0.60823	4.31082e-02
0.61754	5.33513e-02
0.63545	4.08935e-02
0.64086	3.89249e-02
0.60314	7.17838e-02
0.62951	4.28776e-02
0.62785	4.58896e-02
0.63451	7.83484e-02
0.62105	6.52056e-02
0.62598	4.32503e-02
0.63779	4.68764e-02
0.59795	6.66805e-02
0.62731	4.98307e-02
0.60275	5.83241e-02
0.59438	5.67647e-02
0.60220	8.94337e-02
0.58872	5.91468e-02
0.56867	4.95977e-02
0.56453	5.89443e-02
0.59811	5.12576e-02
0.59082	6.08146e-02
0.62351	4.74126e-02
0.62954	5.18405e-02
0.65582	3.17981e-02
0.65026	2.49280e-02
0.65655	2.95960e-02
0.66838	2.80085e-02
0.66227	4.39747e-02
0.67321	4.76533e-02
0.67478	4.57864e-02
0.67884	4.92504e-02
0.67237	4.68038e-02
0.66480	3.87442e-02
0.68374	4.06947e-02
0.68374	4.06947e-02
0.69894	4.92116e-02
0.69894	4.92116e-02
0.69894	4.92116e-02
0.69888	4.24126e-02
0.69671	4.01438e-02
0.69819	3.96048e-02
0.71329	3.70821e-02
0.71784	2.93530e-02
0.71195	3.42353e-02
0.71429	3.01991e-02
0.71541	3.15053e-02
0.72919	3.14810e-02
0.72266	2.81101e-02
0.72266	2.81101e-02
0.73146	3.80997e-02
0.73456	3.87041e-02
0.74139	3.56717e-02
0.75597	3.79088e-02
0.75337	4.17203e-02
0.74722	3.38730e-02
0.74727	3.38851e-02
0.74828	3.60146e-02
0.75196	3.68126e-02
0.76045	4.30419e-02
0.76604	4.19731e-02
0.76911	4.16481e-02
0.77315	4.13043e-02
0.76386	3.36867e-02
0.76263	4.71449e-02
0.78211	5.81650e-02
0.78813	5.08534e-02
0.80068	2.62089e-02
0.79779	2.61703e-02
0.79582	2.53956e-02
0.79882	2.62836e-02
0.80551	2.02275e-02
0.81134	2.92360e-02
0.81663	3.06956e-02
0.82040	3.07655e-02
0.82290	3.98841e-02
0.81252	4.10788e-02
0.80566	4.51047e-02
0.81074	3.98227e-02
0.81925	3.97183e-02
0.81910	3.76787e-02
0.81047	3.13542e-02
0.82101	3.74754e-02
0.81810	3.49388e-02
0.82706	2.73876e-02
0.84922	2.36349e-02
0.85115	1.79948e-02
0.84858	1.69285e-02
0.85305	2.07748e-02
0.85053	3.13823e-02
0.84126	3.35912e-02
0.84050	3.24139e-02
0.83949	2.29388e-02
0.84709	1.69309e-02
0.84541	2.51410e-02
0.84811	2.17364e-02
0.84811	2.17364e-02
0.84828	2.51603e-02
0.84811	2.70350e-02
0.85754	2.55944e-02
0.86320	2.45729e-02
0.86737	1.80453e-02
0.86482	1.94974e-02
0.86903	2.86552e-02
0.86972	2.22245e-02
0.86675	2.52423e-02
0.86643	2.45635e-02
0.87410	2.21613e-02
0.88193	2.54599e-02
0.88177	2.77968e-02
0.88180	3.62621e-02
0.88132	3.39501e-02
0.87902	4.15087e-02
0.89083	3.93939e-02
0.89298	2.85889e-02
0.88458	3.15934e-02
0.88413	2.74554e-02
0.90131	2.27386e-02
0.89854	2.52683e-02
0.89563	2.75700e-02
0.89197	2.39517e-02
0.88841	1.91168e-02
0.89707	2.44088e-02
0.88939	2.64782e-02
0.89108	2.72120e-02
0.89855	2.85806e-02
0.89978	3.24542e-02
0.89543	2.63603e-02
0.89861	3.49396e-02
0.90637	2.74477e-02
0.90905	2.86633e-02
0.90905	2.86633e-02
0.91643	3.30622e-02
0.90680	3.11767e-02
0.91011	2.25668e-02
0.91455	2.49190e-02
0.91454	2.27858e-02
0.91448	2.27800e-02
0.91748	2.08225e-02
0.91663	2.26751e-02
0.91829	2.41250e-02
0.92582	2.07865e-02
0.93815	2.43008e-02
0.93794	2.60119e-02
0.92964	2.47442e-02
0.93086	2.34286e-02
0.92756	2.21665e-02
0.92627	2.34627e-02
0.92465	2.37947e-02
0.92913	2.18868e-02
0.93196	1.92951e-02
0.93474	1.95683e-02
0.93633	1.89701e-02
0.93690	2.31842e-02
0.93217	2.39174e-02
0.93776	2.22328e-02
0.93521	1.96325e-02
0.93616	1.92652e-02
0.92979	1.61946e-02
0.93755	2.15935e-02
0.94002	2.28781e-02
0.94573	2.12743e-02
0.94338	2.06460e-02
0.94195	1.84586e-02
0.93851	2.11583e-02
0.93361	2.11631e-02
0.93361	2.11691e-02
0.93809	2.17998e-02
0.94322	2.25673e-02
0.94506	2.20030e-02
0.94116	2.00778e-02
0.93885	1.71873e-02
0.94431	1.91465e-02
0.94095	1.65521e-02
0.93758	1.61913e-02
0.93485	1.40035e-02
0.93880	1.27514e-02
0.93624	1.50325e-02
0.93868	1.67109e-02
0.94186	1.70304e-02
0.94832	1.24548e-02
0.95154	1.34863e-02
0.94925	1.96530e-02
0.94421	1.99719e-02
0.94763	2.11819e-02
0.95008	1.77812e-02
0.94911	1.74076e-02
0.95440	1.05069e-02
0.94994	1.65618e-02
0.95096	1.64850e-02
0.95096	1.64850e-02
0.94917	1.51352e-02
0.94622	1.76297e-02
0.95301	9.77243e-03
0.95260	1.01572e-02
0.95323	1.05868e-02
0.94884	1.48737e-02
0.94983	1.65656e-02
0.94893	1.31176e-02
0.94817	1.46081e-02
0.95223	9.92382e-03
0.94597	1.44250e-02
0.94596	1.44223e-02
0.94923	1.40348e-02
0.94923	1.40348e-02
0.95163	1.68989e-02
0.95101	1.72166e-02
0.95485	1.87097e-02
0.94507	1.36117e-02
0.94634	1.36568e-02
0.94736	1.43923e-02
0.94556	1.35376e-02
0.94553	1.35251e-02
0.94108	1.13303e-02
0.94084	1.46247e-02
0.94086	1.53621e-02
0.94428	1.41356e-02
0.95045	1.58212e-02
0.95018	1.45039e-02
0.95705	9.23247e-03
0.95385	1.65016e-02
0.95079	1.47557e-02
0.94685	1.49944e-02
0.94826	1.59889e-02
0.95141	1.75893e-02
0.94817	1.79344e-02
0.95206	1.76456e-02
0.95209	1.04537e-02
0.95183	1.18128e-02
0.95666	1.33105e-02
0.95434	1.49534e-02
0.95006	1.44323e-02
0.94918	8.87545e-03
0.95182	1.09140e-02
0.95206	1.52600e-02
0.95571	1.40106e-02
0.95244	1.64138e-02
0.95239	1.78439e-02
0.95335	1.36654e-02
0.94793	1.60043e-02
0.94914	1.93468e-02
0.95398	1.87734e-02
0.95398	1.87734e-02
0.95143	1.96597e-02
0.95779	1.81052e-02
0.95991	1.70052e-02
0.96045	1.70735e-02
0.96266	1.79736e-02
0.96524	1.78190e-02
0.96214	1.93245e-02
0.96214	1.93245e-02
0.96442	1.72918e-02
0.95725	2.10451e-02
0.96217	1.99740e-02
0.96451	1.58147e-02
0.96992	1.11370e-02
0.96996	1.24420e-02
0.96919	1.24111e-02
0.97104	1.29296e-02
0.96956	1.49888e-02
0.96622	1.52668e-02
0.96640	1.43878e-02
0.96554	1.75045e-02
0.96808	1.66697e-02
0.97573	1.51805e-02
0.97890	1.52118e-02
0.97523	1.26063e-02
0.97164	2.10682e-02
0.97700	1.38573e-02
0.97639	1.87368e-02
0.97768	1.86199e-02
0.97633	1.91576e-02
0.97979	1.41914e-02
0.97894	1.63213e-02
0.97806	1.76329e-02
0.97806	1.76258e-02
0.96995	1.60626e-02
0.97625	1.54924e-02
0.98241	1.10034e-02
0.97815	1.31813e-02
0.97861	1.28082e-02
0.97696	1.19470e-02
0.97473	1.11158e-02
0.97473	1.11158e-02
0.97563	1.09646e-02
0.97849	1.26066e-02
0.98118	9.32858e-03
0.98218	9.48379e-03
0.97737	1.44589e-02
0.97737	1.44589e-02
0.98308	1.09318e-02
0.98645	9.90366e-03
0.98661	9.65205e-03
0.98502	9.45741e-03
0.97927	1.36205e-02
0.98465	8.83247e-03
0.98303	1.15226e-02
0.98416	1.22242e-02
0.98724	1.14308e-02
0.98725	1.14344e-02
0.98725	1.14344e-02
0.98725	1.14329e-02
0.98660	1.24934e-02
0.99292	2.39745e-03
0.99292	2.39745e-03
0.99292	2.39745e-03
0.99299	2.42566e-03
0.99266	2.61100e-03
0.99264	2.58844e-03
0.99263	2.58426e-03
0.99189	2.58121e-03
0.99189	2.58121e-03
0.99189	2.58121e-03
0.99251	1.70508e-03
0.99269	1.37163e-03
0.96789	1.02081e-02
0.96789	1.02081e-02
0.96789	1.02081e-02
0.98674	8.64969e-03
0.98674	8.64969e-03
0.97684	1.25838e-03
0.98677	8.67874e-03
0.98677	8.67874e-03
0.98675	8.65296e-03
0.98518	1.02216e-02
0.98518	1.02216e-02
0.98518	1.02216e-02
0.98518	1.02194e-02
0.98518	1.02185e-02
0.97496	0.00000e+00
0.97496	0.00000e+00
0.97496	0.00000e+00
0.97496	0.00000e+00
0.97530	0.00000e+00
0.97530	0.00000e+00
0.97530	0.00000e+00
0.97530	0.00000e+00
0.97530	0.00000e+00
0.97530	0.00000e+00
0.97530	0.00000e+00
0.98878	0.00000e+00
0.98878	0.00000e+00
0.98878	0.00000e+00
0.98878	0.00000e+00
0.98878	0.00000e+00
0.99528	0.00000e+00
0.99525	0.00000e+00
0.99525	0.00000e+00
0.99525	0.00000e+00
0.99524	0.00000e+00
