0.99261	1.84876e-03
0.97599	6.02894e-03
0.97569	9.97732e-03
0.96456	1.05345e-02
0.92939	1.36571e-02
0.92223	1.32188e-02
0.91779	1.66870e-02
0.90045	1.80086e-02
0.89947	1.15498e-02
0.89259	2.20876e-02
0.88197	2.46077e-02
0.86026	3.98403e-02
0.84450	2.25428e-02
0.83768	3.46457e-02
0.82682	2.54575e-02
0.80680	4.04666e-02
0.79291	2.47881e-02
0.77824	2.92093e-02
0.76284	2.46090e-02
0.74771	2.91415e-02
0.71981	4.92733e-02
0.72683	3.81691e-02
0.69142	2.14994e-02
0.65601	5.66337e-02
0.65109	3.70499e-02
0.60602	4.09957e-02
0.59648	4.74069e-02
0.57460	4.53608e-02
0.57208	5.23928e-02
0.50895	4.84961e-02
0.46145	4.63357e-02
0.44316	6.98183e-02
0.38351	5.48730e-02
0.35861	6.40580e-02
0.28994	4.08924e-02
0.29769	8.08231e-02
0.24291	9.48963e-02
0.27288	8.97911e-02
0.23920	9.24509e-02
0.18689	8.42379e-02
0.20169	1.06841e-01
0.19348	8.56471e-02
0.24300	1.19446e-01
0.25160	5.47790e-02
0.16834	7.45965e-02
0.13484	6.71784e-02
0.12553	4.68858e-02
0.15618	7.06469e-02
0.12350	5.96786e-02
0.12157	4.41216e-02
0.13338	7.25933e-02
0.11126	5.17770e-02
0.14807	6.88201e-02
0.10501	5.98926e-02
0.09542	5.38417e-02
0.12737	7.30398e-02
0.12946	5.69399e-02
0.11038	3.61268e-02
0.10901	8.58580e-02
0.11019	2.55777e-02
0.10901	4.31862e-02
0.06362	1.82948e-02
0.11551	4.06387e-02
0.10723	6.06918e-02
0.08685	5.49660e-02
0.06654	2.76149e-02
0.09273	4.40170e-02
0.11553	3.24400e-02
0.10174	4.08554e-02
0.10768	3.66098e-02
0.08002	3.20089e-02
0.08824	4.74945e-02
0.08918	3.38713e-02
0.06022	2.90735e-02
0.09188	5.20639e-02
0.10019	4.33724e-02
0.06701	3.80137e-02
0.09436	4.88078e-02
0.06382	3.18743e-02
0.07326	1.98320e-02
0.08991	3.74590e-02
0.06017	2.81074e-02
0.06960	2.71177e-02
0.07685	4.22700e-02
0.08002	3.37381e-02
0.07081	4.76446e-02
0.07925	6.64969e-02
0.07624	5.83766e-02
0.09906	4.65267e-02
0.09362	2.95600e-02
0.07261	3.79878e-02
0.10195	4.29383e-02
0.08037	2.61950e-02
0.06974	3.59654e-02
0.10609	4.49769e-02
0.08234	3.95753e-02
0.06820	2.67988e-02
0.09769	4.61727e-02
0.08628	3.86539e-02
