0.61388	2.16313e-01
0.81376	7.30022e-02
0.81738	3.51945e-02
0.79740	2.98060e-02
0.78881	2.18104e-02
0.73979	3.71041e-02
0.72802	4.01391e-02
0.70487	5.40759e-02
0.66726	6.46564e-02
0.62289	4.56622e-02
0.61190	7.52857e-02
0.58268	8.21063e-02
0.55528	1.05975e-01
0.51923	1.38348e-01
0.47159	1.57144e-01
0.44078	1.19453e-01
0.40713	9.81863e-02
0.35963	1.55231e-01
0.31852	1.66377e-01
0.34281	9.60810e-02
0.29221	1.33139e-01
0.25032	9.87761e-02
0.25411	1.11378e-01
0.26492	1.08885e-01
0.21809	7.71353e-02
0.19427	8.55346e-02
0.17887	9.55160e-02
0.18616	7.71137e-02
0.18376	7.24097e-02
0.15373	9.38471e-02
0.15723	7.76974e-02
0.10112	4.55442e-02
0.15122	6.84170e-02
0.16257	6.92413e-02
0.13119	8.23328e-02
0.09439	4.39756e-02
0.13211	5.36040e-02
0.16436	7.28406e-02
0.13654	4.76126e-02
0.13443	4.97319e-02
0.13573	5.55035e-02
0.12450	7.16177e-02
0.12168	7.31324e-02
0.12144	5.49178e-02
0.09558	3.17311e-02
0.10373	2.96574e-02
0.11606	5.65678e-02
0.12130	4.32966e-02
0.10151	4.40244e-02
0.06856	3.19811e-02
0.07284	4.22509e-02
0.09559	5.51532e-02
0.07881	5.63234e-02
0.10223	4.25800e-02
0.10464	4.64702e-02
0.09511	5.10663e-02
0.09662	4.79805e-02
0.10407	6.72753e-02
0.11020	4.76077e-02
0.07898	3.79011e-02
0.07953	5.27317e-02
0.05364	3.44674e-02
0.12112	4.69644e-02
0.06868	3.89678e-02
0.08457	4.38816e-02
0.09546	5.44631e-02
0.11938	7.09025e-02
0.09230	5.79180e-02
0.06837	4.20591e-02
0.08263	3.61758e-02
0.07662	5.45169e-02
0.11140	3.81102e-02
0.08930	3.91994e-02
0.09275	4.39284e-02
0.07013	2.63949e-02
0.10635	2.74335e-02
0.11862	4.16627e-02
0.08490	5.57503e-02
0.06643	3.21208e-02
0.08709	3.86390e-02
0.09622	5.19711e-02
0.09340	3.60045e-02
0.10951	4.41166e-02
0.10984	5.16073e-02
0.09074	4.56234e-02
0.10369	5.51428e-02
0.08975	3.64526e-02
0.11357	5.64730e-02
0.08491	4.34381e-02
0.10452	2.49237e-02
0.09425	4.50481e-02
0.08434	3.65995e-02
0.06556	3.10222e-02
0.10276	6.00824e-02
0.09329	2.70517e-02
0.08063	3.18606e-02
0.09804	5.26992e-02
0.10718	5.35485e-02
0.09281	5.08771e-02
