0.0648
0.0997
0.2495
0.1753
0.0896
0.2749
0.2511
0.1871
0.2167
0.1904
0.1862
0.3338
0.3290
0.3301
0.3812
0.2032
0.2441
0.2596
0.1952
0.2042
0.3266
0.3300
0.3248
0.3570
0.2449
0.1359
0.1280
0.2700
0.2785
0.2632
0.1866
0.1477
0.1307
0.2684
0.3500
0.3213
0.3383
0.3737
0.1838
0.1629
0.1425
0.3109
0.3537
0.4004
0.2505
0.2081
0.2282
0.1273
0.1454
0.2619
0.4021
0.2555
0.3541
0.2402
0.1471
0.2668
0.2657
0.2318
0.3425
0.2894
0.1818
0.2949
0.2267
0.1541
0.2332
0.3924
0.2561
0.3657
0.2017
0.1514
0.1648
0.2826
0.3267
0.2596
0.2180
0.2372
0.1701
0.2113
0.3089
0.3081
0.2047
0.2620
0.2517
0.2747
0.3662
0.2286
0.1663
0.2445
0.1360
0.2402
0.2597
0.3817
0.3832
0.2239
0.2560
0.1737
0.2540
0.3712
0.3143
0.3094
0.2331
0.2280
0.1483
0.2929
0.2988
0.2229
0.2837
0.2622
0.1929
0.2309
0.2343
0.2636
0.3175
0.3290
0.2259
0.2267
0.2420
0.1503
0.1667
0.2537
0.3521
0.2043
0.2160
0.1874
0.0647
0.2903
0.3025
0.4038
0.3270
0.2900
0.2412
0.1414
0.2124
0.1637
0.2566
0.4339
0.2576
0.2078
0.1626
0.1552
0.2000
0.2770
0.2570
0.2922
0.1093
0.2076
0.1762
0.2040
0.3483
0.2603
0.2484
0.3479
0.2587
0.2150
0.1977
0.3038
0.2737
0.3926
0.2710
0.1480
0.1512
0.2600
0.2227
0.3024
0.3344
0.3369
0.1878
0.1394
0.1447
0.2094
0.4424
0.4062
0.1852
0.2401
0.2061
0.1838
0.1069
0.3837
0.3156
0.2304
0.1933
0.1559
0.0903
0.2250
0.4276
0.3392
0.2852
0.3302
0.1799
0.0543
0.2237
0.4058
0.2460
0.2908
0.1752
0.1757
0.1802
0.1889
0.3731
0.3047
0.2981
0.3063
0.2614
0.2760
0.1848
0.1246
0.4214
0.3699
0.2285
0.2121
0.2109
0.1697
0.2567
0.2331
0.2128
0.3941
0.2718
0.2380
0.2571
0.3323
0.2260
0.1021
0.1905
0.2098
0.1832
0.2592
0.3994
0.2528
0.2488
0.2274
0.1956
0.1963
0.2461
0.2259
0.3317
0.2276
0.1799
0.1711
0.1989
0.2404
0.2473
0.4226
0.3069
0.1397
0.2769
0.3918
0.2446
0.4678
0.4642
0.2236
0.1649
0.0876
0.1435
0.1713
0.2687
0.2882
0.2882
0.2791
0.2331
0.2626
0.1843
0.3341
0.3076
0.2255
0.1724
0.2276
0.2112
0.3049
0.2166
0.1969
0.3375
0.2114
0.1769
0.2256
0.2854
0.2742
0.3639
0.2656
0.2911
0.2760
0.3414
0.3011
0.2400
0.2236
0.1867
0.1669
0.3196
0.3132
0.2546
0.3276
0.2964
0.0897
0.3281
0.3317
0.3105
0.2731
0.4246
0.3431
0.1417
0.2129
0.2520
0.2734
0.3540
0.3065
0.2813
0.1874
0.2534
0.2953
0.2839
0.3517
0.3245
0.3196
0.3342
0.2238
0.1707
0.2094
0.4478
0.3783
0.3210
0.3310
0.1787
0.2371
0.1943
0.3032
0.2332
0.3553
0.3878
0.1935
0.2398
0.2263
0.1627
0.3327
0.3794
0.2113
0.1654
0.1768
0.1760
0.2606
0.4625
0.4209
0.3257
0.2364
0.2581
0.2263
0.1077
0.3387
0.3921
0.2656
0.4083
0.3151
0.1892
0.2068
0.2267
0.2515
0.3243
0.4070
0.1341
0.2805
0.2186
0.1322
0.2767
0.3551
0.2846
0.1358
0.2901
0.1912
0.2328
0.3610
0.3329
0.2924
0.3373
0.3167
0.1808
0.0808
0.1936
0.3355
0.3688
0.4027
0.3027
0.2699
0.2320
0.0669
0.1431
0.2730
0.3859
0.3322
0.1733
0.2837
0.2337
0.1834
0.2796
0.3820
0.2038
0.2951
0.0945
0.2127
0.2625
0.2891
0.3063
0.3690
0.1351
0.1035
0.1353
0.1539
0.2455
0.4122
0.2929
0.3526
0.2244
0.1533
0.2212
0.2288
0.3967
0.2863
0.2573
0.3164
0.2190
0.1893
0.3672
0.3320
0.2706
0.2971
0.2080
0.2954
0.3496
0.2272
0.1262
0.1901
0.1004
0.2057
0.2740
0.3552
0.2386
0.1129
0.1288
0.1551
0.1403
0.2491
0.3579
0.3907
0.2502
0.2114
0.0680
0.1788
0.2992
0.2848
0.2686
0.3002
0.2031
0.2334
0.1579
0.2240
0.3933
0.3380
0.2955
0.3316
0.1928
0.1563
0.2814
0.3901
0.2692
0.4061
0.2787
0.1261
0.1708
0.1591
0.2396
0.2459
0.3409
0.3176
0.1935
0.2216
0.2043
0.1131
0.3273
0.3717
0.2925
0.2403
0.1992
0.1715
0.2842
0.2722
0.2815
0.2446
0.3346
0.2586
0.2755
0.2325
0.1384
0.2747
0.3239
0.2934
0.2222
0.2472
0.3329
0.2030
0.1386
0.3135
0.3477
0.2139
0.2959
0.2660
0.0872
0.3046
0.3244
0.2459
0.2120
0.2783
0.2092
0.2500
0.2809
0.1434
0.2866
0.2852
0.3198
0.3505
0.2657
0.1557
0.0769
0.1853
0.2864
0.3145
0.3170
0.3799
0.3530
0.2536
0.1405
0.1613
0.3195
0.3348
0.2808
0.2568
0.2674
0.2147
0.2291
0.4015
0.1742
0.2290
0.1671
0.1813
0.3643
0.2698
0.3655
0.4124
0.2920
0.2178
0.1262
0.1676
0.3284
0.4192
0.1930
0.2109
0.1999
0.1751
0.1611
0.3862
0.3734
0.2344
0.2114
0.2558
0.1048
0.1284
0.3534
0.4274
0.2806
0.3478
0.2115
0.2461
0.2914
0.2482
0.3367
0.3352
0.1973
0.1904
0.1270
0.1294
0.1923
0.3309
0.2968
0.2501
0.3308
0.2255
0.1001
0.1980
0.2462
0.2446
0.3839
0.3125
0.1931
0.1809
0.3121
0.2518
0.1932
0.1866
0.0638
0.1315
0.2776
0.3064
0.3592
0.3535
0.4084
0.1624
0.1638
0.1533
0.2761
0.2773
0.2905
0.3283
0.2608
0.2337
0.2366
0.1810
0.2837
0.2341
0.2051
0.3142
0.3479
0.2198
0.1923
0.2529
0.1236
0.2893
0.4287
0.3146
0.1501
0.2281
0.2555
0.1245
0.2405
0.2632
0.3334
0.3239
0.2126
0.2710
0.2456
0.3286
0.2150
0.1841
0.4348
0.3163
0.2897
0.3180
0.1674
0.0813
0.2975
0.3614
0.2431
0.3274
0.3056
0.1803
0.3314
0.4040
0.3302
0.1970
0.2499
0.1252
0.1562
0.2263
0.3079
0.2386
0.2593
0.2651
0.1800
0.1768
0.2786
0.3240
0.2258
0.3055
0.1582
0.1604
0.3023
0.3214
0.2051
0.3007
0.3363
0.2112
0.0805
0.1712
0.2978
0.2019
0.3881
0.2951
0.2474
0.2162
0.1734
0.1496
0.2924
0.3683
0.3057
0.2348
0.1822
0.1943
0.2146
0.3077
0.3404
0.2176
0.2215
0.2043
0.1268
0.1506
0.3323
0.3019
0.3139
0.3772
0.2321
0.3084
0.3663
0.2121
0.2979
0.2275
0.1566
0.1824
0.3462
0.2374
0.2822
0.2816
0.1707
0.2554
0.2088
0.1958
0.2636
0.3287
0.2781
0.1147
0.0954
0.3618
0.2398
0.3198
0.2571
0.2495
0.2873
0.3291
0.2963
0.1785
0.2942
0.2494
0.2258
0.3000
0.2695
0.1483
0.1322
0.2297
0.2722
0.2493
0.2859
0.2396
0.1392
0.2035
0.1676
0.3216
0.3311
0.3221
0.1493
0.2422
0.1606
0.2035
0.2550
0.3119
0.2344
0.1894
0.2313
0.2240
0.2854
0.3818
0.2147
0.2227
0.1277
0.2158
0.2062
0.3270
0.2857
0.1468
0.2829
0.3093
0.2424
0.2556
0.3363
0.2456
0.2138
0.2578
0.1852
0.1983
0.2284
0.2519
0.3680
0.3454
0.2982
0.1325
0.2850
0.2193
0.2708
0.4125
0.3331
0.2889
0.2544
0.2134
0.1318
0.1434
0.3711
0.3193
0.1362
0.2657
0.3405
0.1619
0.1641
0.3228
0.2767
0.2696
0.3394
0.2088
0.2512
0.1291
0.1757
0.2763
0.3208
0.2641
0.2132
0.2531
0.2965
0.2236
0.1990
0.2485
0.3501
0.2593
0.2629
0.2850
0.1390
0.2379
0.3372
0.3735
0.2889
0.2875
0.2624
0.3063
0.2204
0.1596
0.2593
0.2987
0.2540
0.3204
0.3563
0.2716
0.1690
0.2329
0.3730
0.1727
0.4157
0.4152
0.2624
0.1420
0.2383
0.1556
0.2192
0.2526
0.3583
0.2682
0.3204
0.2711
0.0966
0.1478
0.3340
0.3043
0.1940
0.2106
0.3017
0.1095
0.3406
0.2630
0.2193
0.3497
0.3287
0.1343
0.1096
0.2144
0.2350
0.3420
0.3585
0.2170
0.2418
0.2305
0.2001
0.1755
0.2386
0.3428
0.2389
0.2481
0.3345
0.2158
0.2730
0.3754
0.2263
0.2838
0.1953
0.1481
0.1222
0.3855
0.3414
0.2228
0.3464
0.1917
0.1874
0.1801
0.3764
0.2889
0.2920
0.2204
0.2083
0.1954
0.2754
0.3184
0.2647
0.3458
0.3044
0.2070
0.3781
0.2261
0.0964
0.2815
0.2557
0.2213
0.3610
0.2588
0.2270
0.2284
0.3367
0.3314
0.3593
0.3378
0.2442
0.2150
0.2511
0.2056
0.2542
0.2330
0.2639
0.1915
0.2828
0.3371
0.2314
0.3255
0.4633
0.2811
0.3088
0.3888
0.1966
0.1898
0.2919
0.2299
0.3185
0.4057
0.1992
0.1696
0.2008
0.2082
0.3317
0.3617
0.2543
0.2048
0.2316
0.2594
0.2285
0.3017
0.2857
0.2970
0.1777
0.2808
0.3458
0.1750
0.3380
0.3199
0.2663
0.3406
0.2834
0.2034
0.1941
0.1305
0.1616
0.2716
0.3138
0.3607
0.2045
0.2291
0.2159
0.1508
0.3126
0.3649
0.2714
0.3364
0.3243
0.2225
0.1975
0.3000
0.3321
0.2884
0.2656
0.1935
0.1803
0.1683
0.4282
0.3933
