0.49584	1.88200e-01
0.61918	8.86693e-02
0.65376	6.30310e-02
0.63717	9.98332e-02
0.58392	1.45545e-01
0.55434	8.35146e-02
0.56364	9.17861e-02
0.56720	7.53703e-02
0.51496	8.17670e-02
0.44972	1.32208e-01
0.36071	1.61903e-01
0.39413	1.11368e-01
0.37163	1.40318e-01
0.41144	9.66256e-02
0.34085	1.55735e-01
0.43299	8.83316e-02
0.29851	1.19555e-01
0.31466	9.04928e-02
0.33113	1.20805e-01
0.28905	1.13339e-01
0.32885	1.13739e-01
0.33717	7.58926e-02
0.31825	1.31940e-01
0.33995	8.41781e-02
0.27341	1.39799e-01
0.30446	7.10134e-02
0.26564	1.26964e-01
0.26123	1.21565e-01
0.25373	9.57920e-02
0.18963	6.65444e-02
0.22821	1.10651e-01
0.17235	8.99225e-02
0.19774	9.18724e-02
0.22263	1.04832e-01
0.22196	8.61105e-02
0.22062	1.10664e-01
0.15549	1.00960e-01
0.19594	1.13870e-01
0.21919	7.90450e-02
0.16769	8.43141e-02
0.22005	1.38695e-01
0.13779	5.82664e-02
0.16773	6.45226e-02
0.22691	7.11551e-02
0.18135	7.82318e-02
0.15485	6.73139e-02
0.13780	7.32813e-02
0.15408	7.05146e-02
0.20378	1.08264e-01
0.18789	8.29608e-02
0.17389	6.23997e-02
0.17572	7.65286e-02
0.15839	6.13064e-02
0.15580	1.02395e-01
0.17702	9.09496e-02
0.13749	8.06217e-02
0.13696	5.63037e-02
0.14480	5.49079e-02
0.09868	4.43217e-02
0.19778	8.77709e-02
0.20437	7.96145e-02
0.18004	7.13446e-02
0.17773	9.93087e-02
0.19932	9.63423e-02
0.18695	5.47872e-02
0.14841	3.57182e-02
0.15168	6.62713e-02
0.18442	6.94478e-02
0.16435	7.19695e-02
0.12314	7.20387e-02
0.11106	6.87127e-02
0.15081	9.38589e-02
0.14811	5.46683e-02
0.14952	9.20375e-02
0.14060	5.40948e-02
0.19304	6.65943e-02
0.17013	7.41230e-02
0.17224	5.45002e-02
0.16558	7.31001e-02
0.14374	7.06728e-02
0.16244	8.14110e-02
0.15078	8.51011e-02
0.21105	8.62799e-02
0.20048	8.51769e-02
0.14408	7.24566e-02
0.16505	7.60627e-02
0.17783	1.18916e-01
0.18404	7.46328e-02
0.15704	5.13855e-02
0.18123	8.95958e-02
0.18028	8.72874e-02
0.19906	5.69549e-02
0.16641	8.99280e-02
0.14710	6.68415e-02
0.15220	7.13022e-02
0.19359	7.72050e-02
0.12847	6.87613e-02
0.17899	8.32014e-02
0.13231	1.01869e-01
0.19702	7.20583e-02
0.19702	7.20583e-02
0.19410	8.24036e-02
0.19523	7.48620e-02
0.20062	8.13379e-02
0.20062	8.13379e-02
0.19719	8.66325e-02
0.20703	7.00522e-02
0.19184	6.60218e-02
0.20687	7.32349e-02
0.21529	6.26600e-02
0.22999	6.67043e-02
0.18299	8.37979e-02
0.16957	7.60784e-02
0.21582	1.13482e-01
0.22368	1.13214e-01
0.22999	1.09278e-01
0.22999	1.09278e-01
0.22315	1.18631e-01
0.21025	1.22035e-01
0.23800	1.11848e-01
0.21175	1.08384e-01
0.15643	1.11702e-01
0.20081	9.74869e-02
0.22097	1.13968e-01
0.22905	1.07364e-01
0.18301	8.00058e-02
0.20714	8.16246e-02
0.21562	8.84674e-02
0.22647	8.67818e-02
0.23323	9.48220e-02
0.23323	9.48220e-02
0.26265	9.73926e-02
0.26501	8.84605e-02
0.27507	8.53345e-02
0.29117	7.47650e-02
0.24008	1.00768e-01
0.26580	1.10634e-01
0.22354	8.25973e-02
0.21150	7.96991e-02
0.21084	8.04442e-02
0.18112	5.41696e-02
0.19935	9.47877e-02
0.20941	1.07035e-01
0.24468	1.26200e-01
0.24468	1.26200e-01
0.28739	9.08306e-02
0.31885	1.06237e-01
0.33142	9.03652e-02
0.28556	9.48872e-02
0.31218	9.96042e-02
0.31118	1.00963e-01
0.33814	7.93601e-02
0.34033	7.89981e-02
0.34033	7.89981e-02
0.30562	8.15337e-02
0.29355	9.46000e-02
0.31075	1.03947e-01
0.30191	9.34266e-02
0.28715	8.97316e-02
0.28731	9.00110e-02
0.29332	8.63731e-02
0.30815	8.75666e-02
0.33142	1.19965e-01
0.31753	1.32528e-01
0.32036	1.11348e-01
0.30832	1.01909e-01
0.29641	7.77065e-02
0.29261	7.05201e-02
0.27307	7.26059e-02
0.26413	9.74113e-02
0.27638	8.73425e-02
0.26933	7.91492e-02
0.26260	7.29125e-02
0.27612	8.39320e-02
0.24791	7.29503e-02
0.28748	1.15157e-01
0.27986	1.07477e-01
0.27986	1.07477e-01
0.29154	1.30399e-01
0.27116	1.42184e-01
0.28281	1.37757e-01
0.32712	1.57725e-01
0.32906	1.81259e-01
0.33599	1.67621e-01
0.36148	1.51060e-01
0.36163	1.51286e-01
0.34679	1.46660e-01
0.32767	1.33474e-01
0.32967	1.45716e-01
0.31909	1.49083e-01
0.36384	1.38565e-01
0.36620	1.37175e-01
0.36540	1.36135e-01
0.36540	1.36135e-01
0.37679	1.27244e-01
0.36923	1.44501e-01
0.37127	1.40371e-01
0.37395	1.79275e-01
0.36145	1.74784e-01
0.35946	1.54472e-01
0.38072	1.14648e-01
0.38616	1.40392e-01
0.41119	1.31097e-01
0.38354	1.34233e-01
0.37689	1.46255e-01
0.36878	1.60872e-01
0.38159	1.60542e-01
0.38193	1.59610e-01
0.37875	1.58794e-01
0.39150	1.65401e-01
0.39150	1.65401e-01
0.39189	1.62206e-01
0.38573	1.55648e-01
0.38202	1.52506e-01
0.38200	1.52329e-01
0.37140	1.53142e-01
0.36168	1.62074e-01
0.35634	1.70738e-01
0.35676	1.71381e-01
0.39939	1.86839e-01
0.41968	1.71484e-01
0.43816	1.47267e-01
0.44152	1.51045e-01
0.46541	1.25434e-01
0.43446	1.26453e-01
0.40961	1.22299e-01
0.41032	1.30506e-01
0.41468	1.20574e-01
0.40018	1.34122e-01
0.42259	1.37009e-01
0.45050	1.25508e-01
0.44850	1.16767e-01
0.44850	1.16767e-01
0.44850	1.16767e-01
0.46527	7.25119e-02
0.48172	7.99422e-02
0.46488	7.20371e-02
0.43986	1.42527e-01
0.44199	1.48097e-01
0.43413	1.46038e-01
0.45640	1.59748e-01
0.43884	2.00897e-01
0.43884	2.00897e-01
0.42725	1.97505e-01
0.44709	1.75671e-01
0.47153	1.32851e-01
0.46273	1.45500e-01
0.47072	1.41337e-01
0.46583	1.35782e-01
0.46309	1.34148e-01
0.49613	1.25602e-01
0.49753	1.26432e-01
0.49925	1.25450e-01
0.50457	1.26972e-01
0.50457	1.26972e-01
0.51556	1.35664e-01
0.52637	1.30514e-01
0.51315	1.32778e-01
0.51935	1.36509e-01
0.54136	9.18597e-02
0.53175	8.62617e-02
0.54288	9.91179e-02
0.54934	1.00693e-01
0.54966	9.14827e-02
0.57170	1.03670e-01
0.57954	1.10674e-01
0.58646	1.01611e-01
0.58032	9.17825e-02
0.58032	9.17825e-02
0.57964	7.62369e-02
0.59702	6.27925e-02
0.59436	6.56067e-02
0.60069	7.69935e-02
0.60237	6.95205e-02
0.61201	5.69688e-02
0.60727	6.38136e-02
0.60531	6.52318e-02
0.59966	7.93999e-02
0.58964	7.98925e-02
0.60660	7.14361e-02
0.61036	7.05512e-02
0.60989	7.06098e-02
0.59529	7.53492e-02
0.59740	6.76283e-02
0.60021	8.17806e-02
0.61084	8.87317e-02
0.63156	7.52463e-02
0.63156	7.52463e-02
0.63598	6.85525e-02
0.63598	6.85525e-02
0.62669	7.16837e-02
0.60989	8.88598e-02
0.62077	8.00775e-02
0.62526	8.25424e-02
0.62151	7.83756e-02
0.61637	7.53436e-02
0.62553	6.45882e-02
0.61367	6.98476e-02
0.61013	5.55525e-02
0.62211	5.50595e-02
0.61699	5.41052e-02
0.62880	6.17686e-02
0.63844	6.38822e-02
0.63844	6.38822e-02
0.64570	6.98625e-02
0.64567	6.98630e-02
0.63499	8.31518e-02
0.63818	8.68254e-02
0.62762	8.70110e-02
0.62172	9.75520e-02
0.62936	1.04321e-01
0.62632	1.00657e-01
0.63422	9.01617e-02
0.63242	8.92405e-02
0.63671	8.84449e-02
0.62725	8.89501e-02
0.63835	1.04684e-01
0.62874	1.07251e-01
0.63693	1.10297e-01
0.63020	1.03827e-01
0.63046	1.04079e-01
0.60907	9.62836e-02
0.61808	9.71751e-02
0.62272	8.28427e-02
0.63735	8.11248e-02
0.64624	8.49879e-02
0.64779	8.76270e-02
0.66713	8.71156e-02
0.66713	8.71156e-02
0.67584	8.75332e-02
0.65637	9.55292e-02
0.64415	7.48322e-02
0.63914	7.74086e-02
0.65495	8.32089e-02
0.65055	8.02047e-02
0.65739	7.25455e-02
0.65085	7.42105e-02
0.66401	8.50784e-02
0.64864	8.37710e-02
0.65070	8.18911e-02
0.64043	7.08300e-02
0.65805	6.43945e-02
0.65806	6.44000e-02
0.66388	6.50583e-02
0.66388	6.50583e-02
0.65815	5.70623e-02
0.67466	4.72715e-02
0.67634	5.10625e-02
0.67634	5.10625e-02
0.66293	4.60022e-02
0.65473	4.97035e-02
0.65557	5.02717e-02
0.65772	6.21763e-02
0.65772	6.21763e-02
0.65955	6.94371e-02
0.66822	7.04304e-02
0.67570	6.81907e-02
0.67615	7.93085e-02
0.69347	7.38330e-02
0.68936	7.47887e-02
0.67434	6.87409e-02
0.69069	8.20837e-02
0.68928	7.73012e-02
0.68290	1.02980e-01
0.68378	1.02850e-01
0.68378	1.02850e-01
0.68328	8.16027e-02
0.67389	8.56270e-02
0.67125	8.95997e-02
0.65517	8.69333e-02
0.65517	8.69333e-02
0.65517	8.69333e-02
0.64787	1.09457e-01
0.65488	1.09204e-01
0.65788	1.10252e-01
0.65788	1.10252e-01
0.66075	1.11152e-01
0.65699	1.10047e-01
0.65236	1.20017e-01
0.68614	1.23154e-01
0.68537	1.22315e-01
0.67559	1.19800e-01
0.67559	1.19800e-01
0.71374	6.51398e-02
0.70240	6.85871e-02
0.71421	6.60688e-02
0.68586	3.18618e-02
0.67608	3.08573e-02
0.66492	4.12205e-02
0.68330	5.34718e-02
0.68330	5.34718e-02
0.67296	5.01854e-02
0.70755	4.59473e-02
0.68253	2.95644e-02
0.68253	2.95644e-02
0.69530	4.70646e-02
0.69829	4.58810e-02
0.69829	4.58810e-02
0.69829	4.58810e-02
0.67719	1.96187e-02
0.67693	1.93320e-02
0.67693	1.93320e-02
0.67693	1.93320e-02
0.68298	2.65196e-02
0.68042	2.33654e-02
0.66499	1.23298e-02
0.66632	1.49240e-02
0.64809	3.30875e-03
0.64809	3.30875e-03
0.59894	4.58398e-02
0.59894	4.58398e-02
0.59894	4.58398e-02
0.63498	9.80218e-03
0.63498	9.80218e-03
0.63498	9.80218e-03
0.63525	9.52636e-03
0.63396	8.22790e-03
0.66379	3.80600e-02
0.64175	6.00950e-02
0.64175	6.00950e-02
0.64175	6.00950e-02
0.66290	3.89517e-02
0.66290	3.89517e-02
0.66290	3.89517e-02
0.60302	9.88303e-02
0.62106	8.07873e-02
0.61710	8.47431e-02
0.61568	8.33169e-02
0.61568	8.33169e-02
0.58751	5.51452e-02
0.58751	5.51452e-02
0.59020	5.78364e-02
0.57061	0.00000e+00
0.57061	0.00000e+00
0.57061	0.00000e+00
0.57061	0.00000e+00
0.57061	0.00000e+00
0.57061	0.00000e+00
0.57061	0.00000e+00
0.57061	0.00000e+00
0.57061	0.00000e+00
0.57061	0.00000e+00
0.57061	0.00000e+00
0.57061	0.00000e+00
0.57061	0.00000e+00
0.62338	0.00000e+00
0.62338	0.00000e+00
0.62338	0.00000e+00
0.62338	0.00000e+00
0.62338	0.00000e+00
0.62338	0.00000e+00
0.62338	0.00000e+00
0.61983	0.00000e+00
0.61983	0.00000e+00
0.66758	0.00000e+00
0.67261	0.00000e+00
0.67261	0.00000e+00
0.67261	0.00000e+00
0.67261	0.00000e+00
0.67261	0.00000e+00
0.66629	0.00000e+00
0.66552	0.00000e+00
0.66552	0.00000e+00
0.66552	0.00000e+00
0.66552	0.00000e+00
0.66552	0.00000e+00
0.66552	0.00000e+00
0.66552	0.00000e+00
0.66552	0.00000e+00
0.66552	0.00000e+00
0.66552	0.00000e+00
0.66552	0.00000e+00
0.66552	0.00000e+00
0.67842	0.00000e+00
0.67842	0.00000e+00
0.67842	0.00000e+00
0.67842	0.00000e+00
0.67842	0.00000e+00
0.67842	0.00000e+00
0.67842	0.00000e+00
0.67593	0.00000e+00
0.67593	0.00000e+00
0.67593	0.00000e+00
0.67584	0.00000e+00
0.67584	0.00000e+00
0.67584	0.00000e+00
0.67584	0.00000e+00
0.67584	0.00000e+00
0.67584	0.00000e+00
0.67584	0.00000e+00
0.67584	0.00000e+00
0.69865	0.00000e+00
0.69865	0.00000e+00
0.68013	0.00000e+00
0.68013	0.00000e+00
0.74792	0.00000e+00
0.74792	0.00000e+00
0.73733	0.00000e+00
0.73733	0.00000e+00
0.73733	0.00000e+00
0.73733	0.00000e+00
0.73733	0.00000e+00
0.73733	0.00000e+00
0.73733	0.00000e+00
0.74032	0.00000e+00
0.66649	0.00000e+00
0.72458	0.00000e+00
0.72458	0.00000e+00
0.72458	0.00000e+00
0.72458	0.00000e+00
0.72450	0.00000e+00
0.72277	0.00000e+00
0.72277	0.00000e+00
0.72277	0.00000e+00
0.72277	0.00000e+00
0.72668	0.00000e+00
