0.93595	3.56668e-02
0.93655	1.38664e-02
0.93320	1.23133e-02
0.91146	2.42338e-02
0.91264	2.48926e-02
0.90005	2.09279e-02
0.89014	2.31597e-02
0.88543	2.99148e-02
0.86673	2.92282e-02
0.85229	3.52299e-02
0.83101	2.47465e-02
0.80830	3.69968e-02
0.80183	4.10813e-02
0.79501	4.30803e-02
0.76600	4.96440e-02
0.75383	3.41447e-02
0.75431	6.21068e-02
0.75939	4.37329e-02
0.74545	5.01769e-02
0.73830	4.14207e-02
0.73528	6.10762e-02
0.71114	7.24695e-02
0.70925	6.67920e-02
0.71427	3.48323e-02
0.67357	5.06797e-02
0.68417	5.51080e-02
0.66026	6.77867e-02
0.62553	8.21226e-02
0.62352	8.45912e-02
0.62143	5.91761e-02
0.60785	9.27568e-02
0.60394	8.19035e-02
0.58049	9.66570e-02
0.54829	1.12185e-01
0.54752	1.17874e-01
0.55343	9.98385e-02
0.50788	1.14842e-01
0.50641	1.50060e-01
0.46035	1.24288e-01
0.47434	1.13047e-01
0.47060	1.19590e-01
0.41598	1.25424e-01
0.43614	1.36621e-01
0.41112	1.25572e-01
0.38649	1.28213e-01
0.41878	1.43440e-01
0.41975	1.49265e-01
0.39563	1.26039e-01
0.41102	1.32619e-01
0.36891	1.42872e-01
0.35878	1.22276e-01
0.36138	1.54497e-01
0.31496	1.60838e-01
0.36653	1.47307e-01
0.33901	1.07476e-01
0.38767	1.10759e-01
0.37193	1.03790e-01
0.34965	1.00186e-01
0.33267	1.21239e-01
0.31414	1.10994e-01
0.38057	7.67907e-02
0.35878	9.96741e-02
0.36782	1.28056e-01
0.33797	1.29330e-01
0.31242	1.14980e-01
0.33750	1.18858e-01
0.31614	6.67177e-02
0.26832	8.36691e-02
0.26546	1.04035e-01
0.30564	5.51819e-02
0.30232	7.88918e-02
0.28417	9.29241e-02
0.32796	9.86290e-02
0.35034	9.62984e-02
0.28240	1.03481e-01
0.28262	7.57956e-02
0.32467	5.71272e-02
0.34279	6.58172e-02
0.28354	7.61192e-02
0.35986	6.71363e-02
0.35874	9.04534e-02
0.33244	5.40204e-02
0.31546	6.56754e-02
0.31403	1.17544e-01
0.31923	9.12677e-02
0.35507	6.61989e-02
0.38248	8.94700e-02
0.39150	5.99084e-02
0.39577	9.52121e-02
0.39282	1.04441e-01
0.36981	9.88569e-02
0.37338	7.60874e-02
0.39785	6.14743e-02
0.39453	8.20469e-02
0.36567	7.37084e-02
0.35816	6.31922e-02
0.35640	7.47218e-02
0.33908	6.13959e-02
0.33794	9.98329e-02
0.35299	9.54026e-02
0.33854	9.35392e-02
0.38082	8.52082e-02
0.38654	7.93337e-02
0.38327	7.13379e-02
0.39386	8.40825e-02
0.42245	8.50455e-02
0.40884	7.94052e-02
0.41043	6.31543e-02
0.42064	7.06921e-02
0.41905	8.47775e-02
0.43846	4.75765e-02
0.43487	3.82663e-02
0.43247	3.86849e-02
0.43911	4.07529e-02
0.46173	3.85087e-02
0.46803	5.66783e-02
0.46447	6.41046e-02
0.49475	7.79844e-02
0.48647	7.21738e-02
0.48375	7.42557e-02
0.48408	8.25124e-02
0.51230	6.22096e-02
0.52497	6.27740e-02
0.53812	4.73978e-02
0.54102	4.93408e-02
0.53468	4.60776e-02
0.52849	5.93024e-02
0.52936	5.85236e-02
0.53713	6.04600e-02
0.53595	5.88595e-02
0.55024	7.28100e-02
0.55198	6.74884e-02
0.54996	6.92504e-02
0.55894	5.95384e-02
0.57358	5.78171e-02
0.57257	5.74856e-02
0.57322	5.77022e-02
0.59595	4.49644e-02
0.60337	4.74985e-02
0.60297	4.71915e-02
0.60211	5.11310e-02
0.59131	4.41453e-02
0.58830	4.50652e-02
0.59496	3.96624e-02
0.61022	4.44355e-02
0.61002	4.34849e-02
0.61796	5.48723e-02
0.62402	4.77966e-02
0.64791	5.16600e-02
0.65434	5.85772e-02
0.65790	5.27926e-02
0.65448	4.96392e-02
0.65242	5.85876e-02
0.65272	5.77205e-02
0.66981	6.75071e-02
0.66981	6.75071e-02
0.68271	6.44016e-02
0.67137	7.24736e-02
0.66981	7.05134e-02
0.66419	7.17651e-02
0.66423	7.17539e-02
0.66868	7.04299e-02
0.66855	4.65303e-02
0.70331	4.38712e-02
0.70338	4.19161e-02
0.71220	4.72580e-02
0.71628	5.21837e-02
0.70964	5.97596e-02
0.70524	5.57289e-02
0.70669	6.07288e-02
0.71133	5.59306e-02
0.70816	5.72733e-02
0.70816	5.72733e-02
0.71732	4.95832e-02
0.71416	4.65200e-02
0.71533	4.82348e-02
0.71664	5.67605e-02
0.72250	5.58058e-02
0.71120	5.31042e-02
0.71144	5.29814e-02
0.71348	5.51113e-02
0.71596	5.56056e-02
0.72736	5.11570e-02
0.73376	5.55361e-02
0.73211	5.35668e-02
0.73128	5.27078e-02
0.73620	4.82968e-02
0.75789	5.58912e-02
0.75284	4.80189e-02
0.76426	4.01657e-02
0.76559	3.96674e-02
0.76559	3.96674e-02
0.75757	4.13044e-02
0.75757	4.13044e-02
0.75094	4.49410e-02
0.74853	4.47299e-02
0.75950	4.31575e-02
0.77173	4.42750e-02
0.77118	4.14564e-02
0.76199	4.86892e-02
0.76048	4.54092e-02
0.76559	4.68698e-02
0.76839	4.59844e-02
0.76839	4.59844e-02
0.77581	5.13166e-02
0.77581	5.13166e-02
0.78396	4.32532e-02
0.78765	4.34290e-02
0.78847	4.46777e-02
0.78588	4.76311e-02
0.78657	4.65612e-02
0.78324	4.59621e-02
0.77782	4.23398e-02
0.78112	4.21110e-02
0.78114	4.00568e-02
0.78121	3.78482e-02
0.79581	3.49080e-02
0.79588	3.47135e-02
0.79763	3.43448e-02
0.80260	3.83469e-02
0.79926	3.88269e-02
0.80390	4.32099e-02
0.79566	5.09445e-02
0.79560	5.08941e-02
0.80357	3.95345e-02
0.80917	2.58464e-02
0.81099	2.34890e-02
0.80307	3.15323e-02
0.81021	3.80366e-02
0.81916	4.15177e-02
0.82053	4.32825e-02
0.82138	4.38346e-02
0.81992	4.55973e-02
0.82353	4.23425e-02
0.82672	4.09489e-02
0.82721	4.07671e-02
0.82660	4.07392e-02
0.82909	4.20151e-02
0.83501	3.64078e-02
0.83182	3.07842e-02
0.83184	3.08179e-02
0.82469	4.21121e-02
0.82561	4.22419e-02
0.83178	3.72412e-02
0.83839	3.24827e-02
0.83908	3.29783e-02
0.83816	3.35651e-02
0.83664	3.99777e-02
0.84084	3.28400e-02
0.84757	3.07307e-02
0.84339	2.90916e-02
0.84339	2.90916e-02
0.84387	2.92369e-02
0.84213	3.20291e-02
0.83892	2.93035e-02
0.83321	3.48961e-02
0.83250	3.79643e-02
0.83502	3.65367e-02
0.83502	3.65367e-02
0.83502	3.65367e-02
0.83936	3.23649e-02
0.84736	3.74221e-02
0.84421	3.36406e-02
0.84281	2.77617e-02
0.84277	2.86172e-02
0.84079	2.92331e-02
0.84446	3.44369e-02
0.85596	2.62603e-02
0.86163	2.25351e-02
0.86330	2.21021e-02
0.86230	1.94792e-02
0.85999	1.89770e-02
0.85505	2.79700e-02
0.85713	2.91976e-02
0.85728	2.91579e-02
0.85894	3.01586e-02
0.85894	3.01586e-02
0.85894	3.01586e-02
0.85951	3.01523e-02
0.85236	2.77500e-02
0.85828	2.10077e-02
0.85964	2.26535e-02
0.85300	2.94730e-02
0.85577	2.76760e-02
0.85577	2.76760e-02
0.86612	3.04256e-02
0.86951	1.92405e-02
0.87206	1.91746e-02
0.87206	1.91746e-02
0.87264	2.24018e-02
0.87264	2.24018e-02
0.86753	2.77557e-02
0.86716	2.65657e-02
0.85482	2.81179e-02
0.85479	2.81343e-02
0.86353	2.90854e-02
0.86346	2.65311e-02
0.85569	3.34068e-02
0.85536	3.30575e-02
0.85311	3.61223e-02
0.85427	3.58690e-02
0.85367	3.90977e-02
0.85537	3.92967e-02
0.85818	3.43742e-02
0.86524	3.35125e-02
0.86372	3.42980e-02
0.85868	3.61742e-02
0.85854	3.62183e-02
0.87162	3.55427e-02
0.86388	2.37625e-02
0.86624	2.65031e-02
0.87417	2.05381e-02
0.87506	2.11832e-02
0.87473	2.13739e-02
0.86744	2.93908e-02
0.87772	2.87592e-02
0.87207	2.90629e-02
0.87689	2.95083e-02
0.87727	2.72704e-02
0.87732	2.72991e-02
0.87622	2.72672e-02
0.87169	2.80785e-02
0.87402	2.75979e-02
0.87402	2.75979e-02
0.88312	2.05786e-02
0.88088	2.56041e-02
0.86936	2.80243e-02
0.86830	2.91094e-02
0.87284	2.56601e-02
0.87041	2.76679e-02
0.87189	2.74838e-02
0.87248	2.76454e-02
0.87169	2.74701e-02
0.88316	2.77468e-02
0.88477	2.03237e-02
0.89106	1.42134e-02
0.88475	2.08584e-02
0.88336	2.13630e-02
0.88545	2.03311e-02
0.88516	2.02147e-02
0.88482	2.15487e-02
0.88736	1.87494e-02
0.88676	1.82498e-02
0.88879	1.64157e-02
0.88918	2.45220e-02
0.89238	2.37318e-02
0.89378	2.37314e-02
0.89386	2.38002e-02
0.89669	2.38101e-02
0.89716	2.46268e-02
0.89548	3.06874e-02
0.90275	2.61288e-02
0.91182	2.51983e-02
0.90461	3.32991e-02
0.90567	2.80881e-02
0.90144	2.93757e-02
0.90458	2.80371e-02
0.90819	2.87634e-02
0.90336	2.80797e-02
0.89760	2.37564e-02
0.90040	1.53633e-02
0.90241	1.87376e-02
0.90257	1.86718e-02
0.90468	1.83875e-02
0.90001	2.06998e-02
0.90066	1.91977e-02
0.90397	2.47844e-02
0.90995	2.43652e-02
0.90997	2.44448e-02
0.90869	2.89773e-02
0.90330	3.04707e-02
0.90973	2.93295e-02
0.90654	2.59116e-02
0.90297	2.83659e-02
0.90990	2.93562e-02
0.91025	2.90162e-02
0.91227	2.80709e-02
0.91276	2.90206e-02
0.91057	2.87021e-02
0.91285	3.01006e-02
0.91069	3.15455e-02
0.90720	3.38933e-02
0.92050	3.07026e-02
0.91891	2.44448e-02
0.92548	1.84791e-02
0.91926	1.55210e-02
0.92308	1.83196e-02
0.92308	1.83196e-02
0.92302	1.83696e-02
0.92302	1.83696e-02
0.93230	2.05626e-02
0.93230	2.05626e-02
0.93230	2.05626e-02
0.92776	1.71742e-02
0.92812	1.64986e-02
0.93173	1.66253e-02
0.93193	1.63059e-02
0.94067	2.09525e-02
0.94522	1.32854e-02
0.94699	1.06310e-02
0.94699	1.06310e-02
0.94699	1.06310e-02
0.94696	1.06138e-02
0.94518	1.17278e-02
0.94206	1.57502e-02
0.95571	6.55061e-03
0.95571	6.55061e-03
0.95575	6.56581e-03
0.95575	6.56581e-03
0.95575	6.56581e-03
0.95575	6.56581e-03
0.95155	5.12303e-03
0.94958	0.00000e+00
0.94958	0.00000e+00
0.94958	0.00000e+00
0.94958	0.00000e+00
0.94939	0.00000e+00
0.94939	0.00000e+00
0.94939	0.00000e+00
0.94939	0.00000e+00
0.94939	0.00000e+00
0.94939	0.00000e+00
0.94939	0.00000e+00
0.94939	0.00000e+00
0.94939	0.00000e+00
0.94939	0.00000e+00
0.94939	0.00000e+00
0.94939	0.00000e+00
0.94939	0.00000e+00
0.94939	0.00000e+00
0.94939	0.00000e+00
0.94219	0.00000e+00
0.94219	0.00000e+00
0.94219	0.00000e+00
0.96104	0.00000e+00
