0.98699	3.21669e-03
0.97791	1.13526e-02
0.97261	1.03587e-02
0.95414	1.61305e-02
0.95882	1.69882e-02
0.95014	2.07564e-02
0.94530	1.41377e-02
0.91900	2.79302e-02
0.91520	2.39408e-02
0.90516	1.93035e-02
0.89688	2.11528e-02
0.88886	3.78902e-02
0.86448	2.71942e-02
0.86670	2.54772e-02
0.85338	3.20616e-02
0.83297	4.26573e-02
0.84293	4.17823e-02
0.85776	2.23020e-02
0.82619	2.36301e-02
0.82885	3.15086e-02
0.80910	3.26893e-02
0.80034	2.78044e-02
0.79842	3.48745e-02
0.78567	5.00421e-02
0.78406	4.89991e-02
0.76116	4.13714e-02
0.78963	3.19166e-02
0.76955	2.58108e-02
0.77355	5.10130e-02
0.75340	2.74081e-02
0.71918	5.61541e-02
0.74548	7.12728e-02
0.71689	6.68420e-02
0.72199	4.68317e-02
0.72332	4.60806e-02
0.68149	5.64949e-02
0.66597	8.70001e-02
0.67747	6.91347e-02
0.64372	6.47288e-02
0.64502	6.29547e-02
0.61231	7.16843e-02
0.60935	7.54330e-02
0.61562	7.08490e-02
0.61627	6.41520e-02
0.61256	6.34616e-02
0.62433	6.50454e-02
0.58638	1.02446e-01
0.61347	8.61958e-02
0.60517	5.41808e-02
0.59124	4.39998e-02
0.60099	6.20966e-02
0.60597	4.97624e-02
0.59958	7.85450e-02
0.58712	5.80469e-02
0.63337	6.11012e-02
0.60583	1.10121e-01
0.57919	8.93387e-02
0.57995	1.11557e-01
0.59225	9.84725e-02
0.59384	7.58398e-02
0.60673	8.99141e-02
0.59317	7.68153e-02
0.57030	9.71021e-02
0.56078	6.84731e-02
0.50143	1.19978e-01
0.54115	1.31076e-01
0.49724	1.27811e-01
0.49770	1.35074e-01
0.46425	1.42520e-01
0.49444	1.18314e-01
0.54439	1.17483e-01
0.53749	9.55480e-02
0.53059	1.09867e-01
0.54377	1.47812e-01
0.56223	7.28295e-02
0.56047	1.06471e-01
0.52096	8.26784e-02
0.56758	9.08330e-02
0.55366	1.13336e-01
0.51159	1.03543e-01
0.54828	9.89637e-02
0.56218	8.77196e-02
0.55119	9.00934e-02
0.52919	9.54530e-02
0.53894	8.33196e-02
0.56935	1.15866e-01
0.54100	9.98736e-02
0.54750	8.56839e-02
0.53305	6.42770e-02
0.56159	9.86923e-02
0.52326	6.33735e-02
0.52147	7.67114e-02
0.54238	9.58859e-02
0.50835	9.40702e-02
0.53027	7.56166e-02
0.52428	9.28951e-02
0.50470	8.96036e-02
0.52089	1.08648e-01
0.55615	8.84701e-02
0.54949	9.88463e-02
0.56498	8.84347e-02
0.56120	8.92766e-02
0.55365	7.70041e-02
0.57920	5.95633e-02
0.59276	5.96608e-02
0.59195	7.54758e-02
0.59768	6.29086e-02
0.61262	6.69750e-02
0.60103	6.30816e-02
0.59406	6.93993e-02
0.62082	7.62836e-02
0.64108	6.98113e-02
0.64313	6.34556e-02
0.66298	7.19921e-02
0.66576	7.14977e-02
0.65157	7.40967e-02
0.66910	6.77718e-02
0.66459	7.02515e-02
0.68360	6.05180e-02
0.69197	5.79910e-02
0.69631	5.82651e-02
0.69644	5.77146e-02
0.70303	5.23875e-02
0.70629	4.92893e-02
0.71968	5.09582e-02
0.71894	5.16050e-02
0.72169	5.12203e-02
0.72169	5.12203e-02
0.72702	4.35290e-02
0.72833	4.55790e-02
0.73826	4.52467e-02
0.74105	4.47991e-02
0.73414	4.54571e-02
0.73414	4.54571e-02
0.74148	3.80813e-02
0.74577	3.35758e-02
0.74288	3.56101e-02
0.73768	4.33715e-02
0.73253	3.95890e-02
0.74491	3.94205e-02
0.75329	3.90599e-02
0.76278	3.40650e-02
0.76410	3.56236e-02
0.76572	4.15848e-02
0.76749	4.69387e-02
0.76832	4.92907e-02
0.76912	4.62264e-02
0.77569	4.54644e-02
0.77242	4.64177e-02
0.77693	4.10940e-02
0.77444	3.95277e-02
0.76125	3.25423e-02
0.76531	2.93230e-02
0.76596	3.54716e-02
0.77136	4.07408e-02
0.77455	3.79752e-02
0.77786	3.76786e-02
0.78217	3.78337e-02
0.78273	3.90801e-02
0.78419	4.27976e-02
0.80031	3.91810e-02
0.80550	3.56326e-02
0.80436	3.85167e-02
0.80256	3.75584e-02
0.81176	3.95315e-02
0.81023	3.83127e-02
0.80405	3.96371e-02
0.80424	3.98432e-02
0.81132	3.90163e-02
0.82335	2.82726e-02
0.82318	3.03144e-02
0.83310	2.57898e-02
0.83310	2.57898e-02
0.84441	2.30963e-02
0.84692	2.25175e-02
0.84892	2.64020e-02
0.85128	4.27945e-02
0.84016	4.18903e-02
0.83738	3.89387e-02
0.83983	4.02145e-02
0.85284	2.80136e-02
0.85233	2.78528e-02
0.86396	2.48438e-02
0.86381	2.50768e-02
0.85419	3.35314e-02
0.85674	3.02085e-02
0.84513	3.05909e-02
0.85345	2.40895e-02
0.86322	2.93955e-02
0.86210	2.73781e-02
0.85941	2.92712e-02
0.85874	2.99229e-02
0.85970	3.15250e-02
0.86390	2.67848e-02
0.87064	2.63725e-02
0.86736	2.61871e-02
0.87085	2.52843e-02
0.87230	2.83421e-02
0.87398	2.14027e-02
0.87241	2.24897e-02
0.87919	2.84636e-02
0.87969	2.84477e-02
0.87866	2.75148e-02
0.88479	3.15123e-02
0.88321	3.15436e-02
0.88000	3.09462e-02
0.88189	3.05224e-02
0.88884	2.04062e-02
0.88614	2.50367e-02
0.89238	2.15705e-02
0.89453	2.04377e-02
0.89077	2.24360e-02
0.89411	1.82049e-02
0.89536	1.94592e-02
0.89379	1.70511e-02
0.90100	2.40188e-02
0.90730	3.01952e-02
0.90426	2.71458e-02
0.90426	2.71458e-02
0.90142	2.93661e-02
0.90190	3.00090e-02
0.90560	3.10303e-02
0.90389	3.00275e-02
0.90182	3.19835e-02
0.91270	3.19533e-02
0.91056	3.14981e-02
0.90904	3.11602e-02
0.91064	2.49901e-02
0.90844	2.87559e-02
0.91071	2.87443e-02
0.91469	2.43086e-02
0.91427	2.44344e-02
0.91456	2.21188e-02
0.92059	2.59248e-02
0.91498	2.06394e-02
0.91517	1.99965e-02
0.91094	2.64336e-02
0.90739	2.76737e-02
0.90553	2.47034e-02
0.90957	2.63948e-02
0.91421	2.82885e-02
0.91421	2.82885e-02
0.90501	2.60318e-02
0.90744	2.53058e-02
0.91748	1.98787e-02
0.91950	2.01135e-02
0.92001	1.90214e-02
0.91743	1.92884e-02
0.91972	1.89030e-02
0.91972	1.89030e-02
0.91972	1.89030e-02
0.92721	1.77221e-02
0.91790	2.48737e-02
0.92263	2.88070e-02
0.92558	2.67992e-02
0.92395	2.58970e-02
0.92613	2.03830e-02
0.92333	2.19322e-02
0.92033	1.85630e-02
0.92029	1.85862e-02
0.92981	1.93644e-02
0.93244	1.66682e-02
0.93244	1.66682e-02
0.92921	1.67437e-02
0.93175	1.75811e-02
0.93032	1.69674e-02
0.93227	1.81843e-02
0.93061	1.34185e-02
0.92721	1.71854e-02
0.92905	1.68313e-02
0.93008	1.53098e-02
0.92997	1.44872e-02
0.93064	1.83663e-02
0.92891	1.69086e-02
0.93039	1.79327e-02
0.92909	1.68912e-02
0.93192	1.85087e-02
0.92962	1.83813e-02
0.93584	1.88502e-02
0.93052	2.12647e-02
0.93212	2.10584e-02
0.93374	1.91954e-02
0.92629	1.43000e-02
0.93214	1.45452e-02
0.92894	1.90528e-02
0.93564	2.29496e-02
0.93550	2.26011e-02
0.93739	2.27906e-02
0.93996	1.58112e-02
0.93558	1.23838e-02
0.93558	1.23838e-02
0.93460	1.09015e-02
0.93529	1.20762e-02
0.93529	1.20762e-02
0.94137	1.22397e-02
0.94345	1.25982e-02
0.93646	1.81562e-02
0.94340	1.24790e-02
0.94578	1.77084e-02
0.94476	1.81277e-02
0.94476	1.81277e-02
0.94440	1.88529e-02
0.94333	1.99427e-02
0.94333	1.99427e-02
0.94042	1.96689e-02
0.94068	1.98201e-02
0.93775	2.37916e-02
0.93591	2.06359e-02
0.93927	1.61966e-02
0.93589	1.95319e-02
0.93765	2.00671e-02
0.93601	1.96187e-02
0.93978	1.61594e-02
0.93979	1.61369e-02
0.93883	1.92000e-02
0.94046	1.92735e-02
0.93790	1.81035e-02
0.93958	1.58845e-02
0.93986	1.61314e-02
0.93989	1.61520e-02
0.94509	1.48411e-02
0.93993	1.91166e-02
0.94093	1.47725e-02
0.93894	1.45248e-02
0.94542	1.57530e-02
0.94608	1.60769e-02
0.94623	1.61865e-02
0.94398	2.00205e-02
0.94603	2.23166e-02
0.94742	1.89714e-02
0.94326	1.75908e-02
0.94574	1.51453e-02
0.94574	1.51453e-02
0.94599	1.62000e-02
0.94196	2.05778e-02
0.94013	2.33056e-02
0.94543	2.25351e-02
0.94682	2.30059e-02
0.94652	2.29845e-02
0.94688	2.11708e-02
0.94702	2.19452e-02
0.94801	2.23606e-02
0.95091	2.46799e-02
0.95743	1.95163e-02
0.94794	1.86228e-02
0.94681	2.27655e-02
0.94945	1.80257e-02
0.94825	1.75307e-02
0.95205	1.29320e-02
0.95268	2.48266e-02
0.95404	2.58374e-02
0.95309	1.43078e-02
0.94971	1.20001e-02
0.95554	1.78441e-02
0.95733	2.04686e-02
0.95319	1.66296e-02
0.95361	1.71008e-02
0.95766	1.94187e-02
0.95658	1.89685e-02
0.95680	1.56820e-02
0.95792	2.00612e-02
0.96063	1.54031e-02
0.96434	1.65364e-02
0.96439	1.66318e-02
0.96240	2.53890e-02
0.96477	2.03644e-02
0.96485	2.03177e-02
0.96500	2.10819e-02
0.96610	2.24091e-02
0.96406	2.15940e-02
0.96235	2.13871e-02
0.96019	1.97320e-02
0.96200	2.02039e-02
0.96284	1.87643e-02
0.96510	2.08432e-02
0.96546	1.68134e-02
0.97217	1.71668e-02
0.97216	1.71609e-02
0.96853	1.64892e-02
0.96408	2.18951e-02
0.96373	1.99676e-02
0.96513	1.66077e-02
0.96302	1.73255e-02
0.96821	1.64589e-02
0.96916	1.71702e-02
0.96922	1.72364e-02
0.96921	1.72271e-02
0.97115	1.62763e-02
0.97115	1.62763e-02
0.97688	1.60886e-02
0.97230	1.79946e-02
0.97467	9.98149e-03
0.96517	1.28004e-02
0.96517	1.28004e-02
0.97918	7.99831e-03
0.97050	1.67443e-02
0.97992	7.07286e-03
0.98023	7.18886e-03
0.98058	7.36608e-03
0.97600	8.93939e-03
0.97596	8.90115e-03
0.97305	8.47317e-03
0.97965	9.47604e-03
0.97965	9.47604e-03
0.97965	9.47604e-03
0.97313	8.42557e-03
0.97973	9.54192e-03
0.97973	9.54192e-03
0.98596	1.35398e-03
0.98600	1.32137e-03
0.98601	1.31209e-03
0.98658	1.26837e-03
0.98658	1.26837e-03
0.98658	1.26837e-03
0.98658	1.26837e-03
0.98618	8.66681e-04
0.98618	8.66681e-04
0.98609	7.79958e-04
0.98531	0.00000e+00
0.98531	0.00000e+00
0.98540	0.00000e+00
0.98544	0.00000e+00
