0.98828	2.39857e-03
0.98159	9.10507e-03
0.97572	9.25291e-03
0.96424	1.43470e-02
0.96262	1.52453e-02
0.95748	9.09248e-03
0.94193	1.86120e-02
0.94677	1.60762e-02
0.90636	1.51747e-02
0.91623	2.32734e-02
0.90831	1.67613e-02
0.89601	1.07168e-02
0.89479	4.20218e-02
0.86471	2.24701e-02
0.85554	2.51261e-02
0.84397	3.56388e-02
0.85115	3.52086e-02
0.85173	1.66394e-02
0.82327	3.45040e-02
0.83340	2.21005e-02
0.82326	4.07773e-02
0.81786	2.25220e-02
0.83264	3.54161e-02
0.79679	3.79460e-02
0.79920	5.11773e-02
0.79241	6.66072e-02
0.77660	5.15539e-02
0.78307	5.42992e-02
0.78457	6.26593e-02
0.76435	6.35372e-02
0.75348	8.54550e-02
0.75205	6.49202e-02
0.73942	1.00400e-01
0.72554	8.67456e-02
0.70845	9.68464e-02
0.71537	9.85194e-02
0.69709	1.15240e-01
0.66299	1.31420e-01
0.65798	1.06006e-01
0.66451	1.47042e-01
0.62202	1.40313e-01
0.63384	1.46829e-01
0.61574	1.45853e-01
0.62855	1.11442e-01
0.63792	9.18449e-02
0.61579	1.18415e-01
0.60275	1.00171e-01
0.59547	9.54759e-02
0.60178	1.10967e-01
0.58116	7.77679e-02
0.59002	7.62625e-02
0.56986	8.34731e-02
0.62211	7.83900e-02
0.59203	7.18426e-02
0.58110	5.41623e-02
0.62721	4.13216e-02
0.56736	4.86206e-02
0.57506	6.57914e-02
0.56419	7.00476e-02
0.58361	7.32988e-02
0.53762	6.17852e-02
0.53475	6.46682e-02
0.54998	8.31622e-02
0.56040	6.99862e-02
0.52668	5.46838e-02
0.51998	6.87557e-02
0.53831	5.22466e-02
0.49143	7.35943e-02
0.50238	7.86743e-02
0.47872	8.66214e-02
0.51171	7.40541e-02
0.50062	7.81972e-02
0.51519	9.20785e-02
0.53803	8.36584e-02
0.52452	8.60961e-02
0.52231	7.01134e-02
0.49605	9.81868e-02
0.54602	7.28273e-02
0.52155	6.81245e-02
0.52939	1.03217e-01
0.52263	9.33902e-02
0.53141	7.52094e-02
0.52309	8.50094e-02
0.50424	1.05084e-01
0.50630	1.01648e-01
0.49363	1.20649e-01
0.49965	9.64919e-02
0.51865	8.17867e-02
0.51985	1.12417e-01
0.49329	1.03372e-01
0.49715	6.41039e-02
0.50499	6.00692e-02
0.49475	8.40952e-02
0.49163	8.40403e-02
0.47000	8.97298e-02
0.48677	9.18990e-02
0.44398	1.08286e-01
0.48047	8.94640e-02
0.49203	5.66829e-02
0.51608	6.21798e-02
0.52475	7.55818e-02
0.53145	8.81338e-02
0.54181	8.13148e-02
0.53678	6.09872e-02
0.54861	5.56844e-02
0.53877	5.74529e-02
0.53875	5.74575e-02
0.54878	6.62254e-02
0.54295	6.46032e-02
0.58660	8.44870e-02
0.58383	7.86798e-02
0.60123	7.85446e-02
0.61086	6.53954e-02
0.61268	6.67059e-02
0.63073	8.19431e-02
0.63321	8.55769e-02
0.62067	8.72775e-02
0.64299	8.31239e-02
0.63766	7.83564e-02
0.64417	6.74802e-02
0.65232	8.01052e-02
0.67075	8.75110e-02
0.67166	8.78904e-02
0.67166	8.78904e-02
0.68548	9.12722e-02
0.68634	9.00374e-02
0.69126	9.34952e-02
0.68783	9.24885e-02
0.68012	8.70585e-02
0.68254	8.58834e-02
0.68506	8.43681e-02
0.69649	6.89881e-02
0.70123	4.88095e-02
0.69999	5.20162e-02
0.69283	5.49875e-02
0.70033	5.40251e-02
0.71436	5.35988e-02
0.72860	6.71215e-02
0.73267	6.67445e-02
0.74027	6.39453e-02
0.72363	5.52819e-02
0.73719	5.88969e-02
0.73673	4.13350e-02
0.73673	3.94728e-02
0.73436	3.93954e-02
0.72939	2.92824e-02
0.74349	3.88837e-02
0.74605	3.77655e-02
0.72961	4.90073e-02
0.72961	4.90073e-02
0.73045	4.94286e-02
0.73471	6.36646e-02
0.75058	5.16955e-02
0.75212	5.09334e-02
0.75623	5.67748e-02
0.77378	6.25529e-02
0.79158	5.70931e-02
0.78631	5.55299e-02
0.79410	5.31153e-02
0.80257	4.81345e-02
0.78453	4.58254e-02
0.77956	5.44693e-02
0.77704	5.46431e-02
0.76462	4.08279e-02
0.78091	4.20947e-02
0.78908	4.84841e-02
0.79435	4.75958e-02
0.80263	5.17980e-02
0.80465	5.17044e-02
0.82598	2.55303e-02
0.83018	2.34938e-02
0.81658	3.20209e-02
0.81166	2.66898e-02
0.81598	3.38377e-02
0.81730	3.61015e-02
0.81348	2.96427e-02
0.81472	2.86278e-02
0.80721	4.00271e-02
0.81578	4.53469e-02
0.81578	4.53469e-02
0.81515	4.82296e-02
0.82963	3.43837e-02
0.83327	3.31425e-02
0.83410	3.84176e-02
0.83361	3.36940e-02
0.83586	3.57142e-02
0.84251	3.40571e-02
0.84619	3.68492e-02
0.84794	2.26025e-02
0.85823	2.93817e-02
0.85109	3.45767e-02
0.84768	3.61093e-02
0.85578	3.71804e-02
0.86017	3.47922e-02
0.86116	3.26512e-02
0.86272	3.14025e-02
0.86401	3.28397e-02
0.86796	1.75308e-02
0.87518	1.87161e-02
0.87630	1.94419e-02
0.87583	2.76310e-02
0.87092	2.77002e-02
0.87269	2.58908e-02
0.85790	1.90915e-02
0.86734	3.31908e-02
0.86979	3.14347e-02
0.86974	3.14561e-02
0.87075	3.12528e-02
0.86314	1.61274e-02
0.86072	2.04633e-02
0.86118	2.11624e-02
0.87254	3.69966e-02
0.87481	3.55705e-02
0.87344	3.42630e-02
0.87200	3.22962e-02
0.87694	3.74242e-02
0.87632	3.32230e-02
0.87387	3.14571e-02
0.88134	3.46078e-02
0.88830	3.58302e-02
0.89886	2.96250e-02
0.89787	3.08378e-02
0.89548	2.39390e-02
0.89739	2.56552e-02
0.89788	2.59493e-02
0.89896	1.60698e-02
0.89646	1.83586e-02
0.89761	1.71634e-02
0.89610	2.24811e-02
0.89057	2.64969e-02
0.89769	1.82804e-02
0.89025	1.84702e-02
0.89031	1.85244e-02
0.89515	1.85595e-02
0.90047	1.98207e-02
0.90917	1.74379e-02
0.90586	1.96655e-02
0.91223	1.53978e-02
0.91223	1.53978e-02
0.91223	1.53978e-02
0.91974	1.80097e-02
0.91812	1.36871e-02
0.90960	1.61095e-02
0.91868	1.88677e-02
0.91489	2.19998e-02
0.91775	2.48354e-02
0.92136	2.77525e-02
0.92054	2.49128e-02
0.92088	2.51314e-02
0.92057	2.49250e-02
0.92508	2.83784e-02
0.91672	1.82813e-02
0.91530	1.51068e-02
0.92074	1.75868e-02
0.92193	1.56637e-02
0.92317	1.49287e-02
0.92317	1.49287e-02
0.92571	1.29667e-02
0.92466	1.70234e-02
0.92585	1.64267e-02
0.91985	1.71696e-02
0.92196	1.57463e-02
0.92746	1.65682e-02
0.93071	1.96572e-02
0.92886	1.81915e-02
0.92950	1.25325e-02
0.92704	1.49969e-02
0.93023	1.30164e-02
0.92601	1.51863e-02
0.92887	2.04968e-02
0.92887	2.04968e-02
0.92887	2.04968e-02
0.93375	1.87175e-02
0.92855	1.91734e-02
0.93372	2.20491e-02
0.93468	2.15359e-02
0.93481	2.14812e-02
0.93216	2.39553e-02
0.92430	1.44178e-02
0.92419	1.67144e-02
0.92906	2.22798e-02
0.93018	2.01873e-02
0.93408	1.71300e-02
0.93412	1.71250e-02
0.93281	1.82374e-02
0.93100	1.77602e-02
0.93363	1.80154e-02
0.93258	2.21988e-02
0.93314	2.20955e-02
0.93224	1.83202e-02
0.93689	2.00235e-02
0.93523	1.85803e-02
0.93523	1.85803e-02
0.93094	2.19430e-02
0.93161	2.14528e-02
0.93384	2.33353e-02
0.93397	2.33786e-02
0.93395	2.33953e-02
0.93395	2.33988e-02
0.93866	1.92194e-02
0.93209	1.64476e-02
0.93223	1.65614e-02
0.93303	1.74988e-02
0.93487	1.82321e-02
0.93487	1.82321e-02
0.93424	1.84471e-02
0.93400	2.16741e-02
0.93204	2.08361e-02
0.93577	2.04682e-02
0.93577	2.04682e-02
0.94008	2.20403e-02
0.93628	2.01651e-02
0.93166	2.00727e-02
0.94439	2.13120e-02
0.94537	2.11428e-02
0.94567	1.83020e-02
0.94132	2.05940e-02
0.94132	2.05940e-02
0.94105	1.83473e-02
0.93734	1.74975e-02
0.94233	1.73772e-02
0.93015	1.70914e-02
0.94172	1.87188e-02
0.94700	1.73333e-02
0.94037	1.74385e-02
0.93912	1.43867e-02
0.93712	1.47765e-02
0.93664	1.98110e-02
0.93769	2.11317e-02
0.94132	2.12545e-02
0.94597	2.05121e-02
0.94752	1.79375e-02
0.94861	1.32861e-02
0.94875	1.73493e-02
0.95032	1.74534e-02
0.94764	2.15176e-02
0.94764	2.15176e-02
0.94671	2.13049e-02
0.95242	1.68295e-02
0.95113	1.73232e-02
0.94987	1.71242e-02
0.95473	1.89455e-02
0.95332	1.80022e-02
0.95534	2.29285e-02
0.95830	2.35799e-02
0.96008	2.04702e-02
0.96407	1.82669e-02
0.96097	1.65628e-02
0.95755	2.41927e-02
0.95486	2.27374e-02
0.95631	2.30889e-02
0.95629	2.30817e-02
0.95780	2.03227e-02
0.95857	2.23686e-02
0.95925	2.25583e-02
0.96375	2.21390e-02
0.96719	1.67853e-02
0.96777	1.70495e-02
0.96581	1.80047e-02
0.95978	1.38875e-02
0.96227	1.60478e-02
0.95998	1.39348e-02
0.96685	1.57366e-02
0.96767	1.53345e-02
0.96146	1.65339e-02
0.96146	1.65339e-02
0.95941	1.45758e-02
0.96565	1.55623e-02
0.96565	1.55623e-02
0.96554	1.54085e-02
0.97301	8.56808e-03
0.97093	1.26340e-02
0.97096	1.26276e-02
0.96516	1.87793e-02
0.96796	2.06988e-02
0.96710	1.72604e-02
0.96308	2.33319e-02
0.96770	2.16520e-02
0.97026	1.61024e-02
0.97506	1.68370e-02
0.97779	1.63304e-02
0.97641	1.68745e-02
0.97377	1.65124e-02
0.97375	1.65001e-02
0.97380	1.64842e-02
0.97673	1.70916e-02
0.97671	1.71160e-02
0.97670	1.71533e-02
0.97665	1.71357e-02
0.97948	1.59524e-02
0.97870	1.71076e-02
0.97868	1.70989e-02
0.97304	1.85224e-02
0.97696	1.80594e-02
0.97707	1.78367e-02
0.97320	1.82443e-02
0.97091	1.97456e-02
0.97091	1.97456e-02
0.97091	1.97456e-02
0.97091	1.97456e-02
0.97709	1.20818e-02
0.97709	1.20818e-02
0.98249	9.31954e-03
0.98031	9.83530e-03
0.98255	6.72929e-03
0.98255	6.72929e-03
0.98255	6.72929e-03
0.97859	8.70519e-03
0.97859	8.70519e-03
0.97859	8.70519e-03
0.98515	4.63309e-03
0.98575	3.79470e-03
0.98576	3.79896e-03
0.98371	3.24409e-03
0.98371	3.24409e-03
0.98371	3.24409e-03
0.98371	3.24409e-03
0.98371	3.24409e-03
0.98364	3.16913e-03
0.98364	3.16913e-03
0.98364	3.16913e-03
0.98364	3.16913e-03
0.98364	3.16913e-03
0.98460	2.21035e-03
0.98460	2.21035e-03
0.98534	1.41033e-03
0.98393	0.00000e+00
0.98393	0.00000e+00
0.98844	0.00000e+00
0.98844	0.00000e+00
0.98844	0.00000e+00
0.99142	0.00000e+00
0.99142	0.00000e+00
0.99142	0.00000e+00
0.99158	0.00000e+00
0.99158	0.00000e+00
0.99158	0.00000e+00
0.99158	0.00000e+00
0.99158	0.00000e+00
0.99158	0.00000e+00
0.99158	0.00000e+00
0.99158	0.00000e+00
0.99158	0.00000e+00
0.99158	0.00000e+00
0.99164	0.00000e+00
0.99164	0.00000e+00
0.99164	0.00000e+00
0.99164	0.00000e+00
0.99164	0.00000e+00
0.99164	0.00000e+00
0.99164	0.00000e+00
0.99164	0.00000e+00
0.99165	0.00000e+00
