0.99246	2.64356e-03
0.98533	9.11561e-03
0.97832	1.07554e-02
0.97175	1.43756e-02
0.97759	1.80061e-02
0.96720	1.47887e-02
0.95913	1.93956e-02
0.95222	8.64592e-03
0.93338	1.44856e-02
0.92049	2.49403e-02
0.91540	1.70800e-02
0.88721	2.29124e-02
0.87752	2.90453e-02
0.87276	2.55512e-02
0.85662	1.90579e-02
0.84863	3.95904e-02
0.85307	3.06539e-02
0.84315	3.67170e-02
0.84153	4.23372e-02
0.83262	5.44673e-02
0.81417	5.24935e-02
0.81462	4.25139e-02
0.79945	5.40861e-02
0.79309	5.82773e-02
0.81282	3.84975e-02
0.80236	5.62226e-02
0.80867	6.29730e-02
0.81470	2.88243e-02
0.79860	4.41871e-02
0.77694	3.12032e-02
0.78012	4.90147e-02
0.75582	4.34865e-02
0.77397	4.30233e-02
0.76292	3.71277e-02
0.76009	5.11024e-02
0.74067	6.18671e-02
0.73357	7.17046e-02
0.72241	5.08587e-02
0.70748	4.84879e-02
0.68549	5.65304e-02
0.66262	8.50917e-02
0.66921	6.75188e-02
0.67482	5.84185e-02
0.64960	5.24772e-02
0.67441	9.50700e-02
0.65917	1.10936e-01
0.64853	7.93313e-02
0.66078	7.35958e-02
0.64703	1.05095e-01
0.63749	7.30062e-02
0.63572	1.04195e-01
0.65878	7.33322e-02
0.64638	8.29189e-02
0.62909	8.81631e-02
0.66955	4.97863e-02
0.63228	5.62287e-02
0.62031	5.17317e-02
0.63846	6.13340e-02
0.60258	4.80151e-02
0.58372	6.95032e-02
0.60142	4.92964e-02
0.61434	6.07859e-02
0.57417	4.95312e-02
0.57646	7.33662e-02
0.54633	5.30279e-02
0.54860	7.21019e-02
0.56105	7.16151e-02
0.52897	6.75408e-02
0.54964	7.33413e-02
0.55565	6.81574e-02
0.53825	5.54804e-02
0.56131	8.13682e-02
0.56751	1.14179e-01
0.58025	6.59394e-02
0.58405	5.99648e-02
0.56618	1.03732e-01
0.55824	7.58753e-02
0.58512	1.02518e-01
0.58372	7.30744e-02
0.58230	7.85869e-02
0.56014	8.80731e-02
0.58902	8.37980e-02
0.56491	1.10090e-01
0.57230	8.29527e-02
0.57643	1.09400e-01
0.57289	9.92272e-02
0.59958	8.55039e-02
0.56574	1.06899e-01
0.57858	7.96546e-02
0.54072	8.75457e-02
0.54219	1.05572e-01
0.56528	8.94330e-02
0.55088	7.37730e-02
0.55384	9.54571e-02
0.54651	9.20236e-02
0.54794	8.42508e-02
0.54338	8.56738e-02
0.56199	1.06292e-01
0.55487	8.75114e-02
0.61373	8.33329e-02
0.61373	8.33329e-02
0.61539	8.26394e-02
0.60691	8.81543e-02
0.59552	7.43849e-02
0.60124	7.60252e-02
0.62067	7.75067e-02
0.62729	8.37277e-02
0.63204	7.69463e-02
0.63696	8.48303e-02
0.64173	7.12675e-02
0.64863	7.29703e-02
0.65275	7.11541e-02
0.65238	7.80367e-02
0.67650	7.10563e-02
0.68446	6.09605e-02
0.68875	6.15799e-02
0.68225	7.12217e-02
0.67830	6.96455e-02
0.68492	5.93626e-02
0.68393	5.77823e-02
0.69837	8.16821e-02
0.69103	8.71512e-02
0.69555	6.31339e-02
0.68590	5.42985e-02
0.69740	5.93418e-02
0.69417	7.21193e-02
0.69897	6.86858e-02
0.69877	7.01975e-02
0.70865	6.99304e-02
0.69596	5.85595e-02
0.69775	6.09658e-02
0.70130	6.17546e-02
0.70130	6.17546e-02
0.70082	6.18586e-02
0.71995	5.67612e-02
0.72293	6.59327e-02
0.74263	5.43659e-02
0.74696	5.80182e-02
0.74411	6.22945e-02
0.74206	6.36566e-02
0.73674	6.18607e-02
0.73742	6.41003e-02
0.76880	6.83165e-02
0.77158	6.93805e-02
0.74682	7.17977e-02
0.75414	7.49756e-02
0.75797	7.05388e-02
0.76841	7.44316e-02
0.77092	6.99379e-02
0.78276	5.42051e-02
0.79342	4.43682e-02
0.80594	5.42677e-02
0.80594	5.42677e-02
0.80572	4.85385e-02
0.80308	4.28813e-02
0.78384	6.07830e-02
0.79016	6.34143e-02
0.79816	6.33151e-02
0.80793	4.68568e-02
0.80251	4.29157e-02
0.80750	3.75035e-02
0.81103	3.72808e-02
0.81234	3.81847e-02
0.80928	3.75346e-02
0.80595	5.19055e-02
0.80591	5.19073e-02
0.81366	5.13043e-02
0.82408	3.60663e-02
0.83784	4.24912e-02
0.83852	4.19492e-02
0.83860	4.20861e-02
0.83921	3.61965e-02
0.84009	4.18165e-02
0.83560	4.46477e-02
0.82816	3.73030e-02
0.83187	4.53550e-02
0.84352	3.61684e-02
0.85911	3.79679e-02
0.85310	4.01101e-02
0.84673	3.41839e-02
0.84934	3.57772e-02
0.85879	3.54106e-02
0.86085	3.51790e-02
0.86223	3.16690e-02
0.85951	2.44374e-02
0.84737	4.18061e-02
0.84737	4.18061e-02
0.84913	4.47630e-02
0.85559	4.74924e-02
0.85531	4.63876e-02
0.86090	2.68369e-02
0.86441	2.64230e-02
0.87249	2.04038e-02
0.87605	2.27217e-02
0.87565	1.96705e-02
0.87629	3.59271e-02
0.87799	3.51660e-02
0.87571	3.77968e-02
0.87396	3.54497e-02
0.87486	3.57135e-02
0.87716	3.72789e-02
0.87810	3.22555e-02
0.88417	2.87641e-02
0.88624	3.03767e-02
0.87833	3.34585e-02
0.87489	3.02041e-02
0.87984	3.00986e-02
0.88490	3.68982e-02
0.88933	3.75879e-02
0.89499	3.23054e-02
0.89981	2.92788e-02
0.89639	2.86515e-02
0.90268	2.41535e-02
0.91229	3.01601e-02
0.91229	3.01601e-02
0.90053	2.61263e-02
0.89666	2.32436e-02
0.89759	2.28533e-02
0.90055	2.73310e-02
0.89883	2.80748e-02
0.91183	3.06075e-02
0.91410	3.07731e-02
0.91439	3.09524e-02
0.91364	2.73620e-02
0.91293	2.64879e-02
0.91357	2.04916e-02
0.91682	2.73934e-02
0.91682	2.73934e-02
0.91131	2.07291e-02
0.90292	3.27464e-02
0.92167	2.29291e-02
0.92234	2.28518e-02
0.91391	2.18158e-02
0.92528	1.45581e-02
0.93232	1.96634e-02
0.93440	1.91530e-02
0.93308	2.10736e-02
0.92424	2.92248e-02
0.91830	3.05703e-02
0.91544	2.86999e-02
0.92281	2.49537e-02
0.92904	2.74511e-02
0.92904	2.74511e-02
0.92738	3.05292e-02
0.92465	2.53087e-02
0.93795	1.77177e-02
0.93284	2.59362e-02
0.93284	2.59362e-02
0.93330	2.60901e-02
0.92730	2.62236e-02
0.92326	2.29704e-02
0.92276	3.03875e-02
0.92228	2.16795e-02
0.92299	1.73273e-02
0.92257	2.28838e-02
0.92792	2.31628e-02
0.93454	1.42565e-02
0.93590	2.02078e-02
0.93891	1.69877e-02
0.93965	1.74399e-02
0.93664	2.43918e-02
0.93863	2.30941e-02
0.94179	2.13544e-02
0.93980	2.20832e-02
0.94496	1.67603e-02
0.94593	1.71161e-02
0.94213	1.83654e-02
0.94406	1.86291e-02
0.94345	1.94305e-02
0.94186	2.14853e-02
0.94137	1.94274e-02
0.93405	1.84229e-02
0.93405	1.84229e-02
0.93416	1.85330e-02
0.93679	1.79042e-02
0.93680	1.83573e-02
0.93541	1.89590e-02
0.93758	1.84286e-02
0.94275	1.71661e-02
0.94489	1.67091e-02
0.94381	2.01277e-02
0.93928	1.92177e-02
0.93928	1.92169e-02
0.93787	1.49307e-02
0.93785	1.49191e-02
0.94018	1.48013e-02
0.93882	1.51361e-02
0.94044	1.54385e-02
0.94043	1.54364e-02
0.94465	1.79622e-02
0.94901	1.85253e-02
0.94990	1.74699e-02
0.95988	1.37359e-02
0.95269	1.81222e-02
0.94762	2.71360e-02
0.95665	1.56191e-02
0.94845	2.38395e-02
0.94828	1.58395e-02
0.95177	1.53935e-02
0.94985	1.50388e-02
0.95583	1.53417e-02
0.94562	1.33065e-02
0.94560	1.33009e-02
0.94702	1.83043e-02
0.94756	1.82687e-02
0.95027	1.81430e-02
0.94803	1.56156e-02
0.94840	1.59906e-02
0.94492	1.43418e-02
0.94735	1.49201e-02
0.94485	1.98601e-02
0.94100	1.97290e-02
0.94106	1.97469e-02
0.94349	1.82368e-02
0.94818	1.60161e-02
0.94795	1.52950e-02
0.94795	1.52950e-02
0.94994	1.43545e-02
0.95199	1.16698e-02
0.93717	1.54699e-02
0.93717	1.54699e-02
0.94442	2.12595e-02
0.94830	2.21395e-02
0.94735	2.21262e-02
0.94735	2.21262e-02
0.95067	2.42032e-02
0.95852	2.32644e-02
0.95616	2.14104e-02
0.95051	2.12725e-02
0.94952	2.09745e-02
0.95414	2.29448e-02
0.95069	2.27306e-02
0.95384	2.15196e-02
0.95504	2.22901e-02
0.96050	1.74113e-02
0.95698	2.20072e-02
0.95244	1.89884e-02
0.95086	1.96692e-02
0.95086	1.96692e-02
0.94961	1.61301e-02
0.95478	2.02742e-02
0.95658	2.04748e-02
0.95478	1.92529e-02
0.96056	1.30290e-02
0.96053	1.30676e-02
0.96053	1.30676e-02
0.95907	9.94749e-03
0.95907	9.94749e-03
0.96183	1.31698e-02
0.96149	1.93296e-02
0.96174	1.97417e-02
0.95998	9.81864e-03
0.96001	9.82569e-03
0.95589	1.46650e-02
0.95627	1.45508e-02
0.95356	1.67617e-02
0.95974	1.98859e-02
0.95974	1.98859e-02
0.96195	2.11760e-02
0.96807	1.86563e-02
0.96633	1.94835e-02
0.96811	2.20651e-02
0.96191	2.08159e-02
0.96197	2.31067e-02
0.96308	2.35219e-02
0.96308	2.35219e-02
0.95993	2.32764e-02
0.95749	2.08048e-02
0.95714	2.00278e-02
0.96924	1.07952e-02
0.96951	1.09908e-02
0.96941	1.12215e-02
0.96941	1.12215e-02
0.96941	1.12215e-02
0.96790	1.76281e-02
0.96962	1.53570e-02
0.96648	1.90291e-02
0.96648	1.90291e-02
0.96666	1.90376e-02
0.96666	1.90376e-02
0.96675	1.89029e-02
0.96675	1.89029e-02
0.96506	1.93011e-02
0.97293	1.97841e-02
0.97577	2.07534e-02
0.97335	2.42868e-02
0.97335	2.42763e-02
0.97673	2.04935e-02
0.97375	2.06822e-02
0.96588	1.96246e-02
0.97222	1.04112e-02
0.97174	1.11713e-02
0.96977	1.14718e-02
0.96730	1.42742e-02
0.96984	1.35791e-02
0.96984	1.35791e-02
0.96984	1.35791e-02
0.96985	1.35898e-02
0.96584	1.22649e-02
0.96584	1.22649e-02
0.96584	1.22649e-02
0.97561	1.65974e-02
0.97575	1.67329e-02
0.97740	1.77144e-02
0.97740	1.77144e-02
0.97740	1.77144e-02
0.97740	1.77144e-02
0.97740	1.77144e-02
0.97740	1.77144e-02
0.97762	1.79014e-02
0.98107	1.92910e-02
0.98107	1.92910e-02
0.98117	1.93382e-02
0.98117	1.93382e-02
0.98941	5.13433e-03
0.97598	2.28551e-02
0.97597	2.28473e-02
0.96712	2.34089e-02
0.96743	2.37261e-02
0.98687	4.32579e-03
0.98687	4.32579e-03
0.98687	4.32579e-03
0.98687	4.32579e-03
0.98687	4.32685e-03
0.98254	0.00000e+00
0.98254	0.00000e+00
0.98254	0.00000e+00
0.94302	0.00000e+00
0.94302	0.00000e+00
0.94302	0.00000e+00
0.94302	0.00000e+00
0.94302	0.00000e+00
0.98154	0.00000e+00
0.98154	0.00000e+00
0.98154	0.00000e+00
0.98154	0.00000e+00
0.98154	0.00000e+00
0.98154	0.00000e+00
0.98154	0.00000e+00
0.98249	0.00000e+00
0.98249	0.00000e+00
0.98249	0.00000e+00
0.98249	0.00000e+00
0.96441	0.00000e+00
0.96441	0.00000e+00
0.96441	0.00000e+00
0.96441	0.00000e+00
0.96441	0.00000e+00
0.96441	0.00000e+00
0.96441	0.00000e+00
0.96441	0.00000e+00
0.96441	0.00000e+00
0.98535	0.00000e+00
0.98535	0.00000e+00
0.98535	0.00000e+00
0.98535	0.00000e+00
0.98535	0.00000e+00
0.98535	0.00000e+00
0.98535	0.00000e+00
0.98535	0.00000e+00
0.98717	0.00000e+00
0.98717	0.00000e+00
0.98717	0.00000e+00
0.98717	0.00000e+00
0.96902	0.00000e+00
0.96902	0.00000e+00
0.96902	0.00000e+00
0.96902	0.00000e+00
0.96902	0.00000e+00
0.96902	0.00000e+00
0.96902	0.00000e+00
0.99023	0.00000e+00
0.99032	0.00000e+00
0.99032	0.00000e+00
0.99032	0.00000e+00
0.99032	0.00000e+00
0.99032	0.00000e+00
0.99032	0.00000e+00
0.99016	0.00000e+00
0.99012	0.00000e+00
0.99012	0.00000e+00
0.99012	0.00000e+00
0.99012	0.00000e+00
0.99012	0.00000e+00
0.99012	0.00000e+00
0.99012	0.00000e+00
0.99012	0.00000e+00
0.99012	0.00000e+00
0.99010	0.00000e+00
