0.99532	1.14472e-03
0.98835	8.00622e-03
0.98681	1.31474e-02
0.97772	1.94592e-02
0.97634	7.24012e-03
0.96964	1.09593e-02
0.96069	1.99032e-02
0.95429	1.64018e-02
0.92536	2.35895e-02
0.92161	3.20310e-02
0.90230	1.65249e-02
0.89294	2.74136e-02
0.89631	1.93489e-02
0.87122	2.55873e-02
0.87216	2.45288e-02
0.85439	3.63762e-02
0.85201	1.40718e-02
0.84918	2.54871e-02
0.84415	1.96050e-02
0.84399	3.29743e-02
0.84111	3.25905e-02
0.83120	4.21691e-02
0.81821	4.91458e-02
0.83688	4.74420e-02
0.81880	4.83710e-02
0.82737	5.47869e-02
0.80851	5.28713e-02
0.80634	5.98575e-02
0.78170	5.96431e-02
0.79382	5.51257e-02
0.76988	6.06282e-02
0.76052	7.42680e-02
0.76113	6.77198e-02
0.74374	7.17725e-02
0.75663	8.47523e-02
0.72097	8.90264e-02
0.71760	9.05094e-02
0.72109	9.45307e-02
0.72063	1.11374e-01
0.69765	1.02042e-01
0.67379	1.23728e-01
0.70598	8.94161e-02
0.68712	1.08123e-01
0.69574	9.62303e-02
0.72418	8.81420e-02
0.68820	8.76385e-02
0.68524	1.08061e-01
0.68324	8.09682e-02
0.66486	1.01332e-01
0.64603	9.61901e-02
0.64913	9.92176e-02
0.69062	7.21914e-02
0.66889	5.85100e-02
0.68202	6.76516e-02
0.65606	3.56428e-02
0.64048	4.69126e-02
0.64203	4.10228e-02
0.63158	4.72287e-02
0.62836	6.22075e-02
0.61621	4.37198e-02
0.62525	5.65379e-02
0.60823	3.67771e-02
0.60640	5.50498e-02
0.61748	8.87906e-02
0.59895	7.45931e-02
0.60134	7.45036e-02
0.59793	4.81830e-02
0.58719	5.64968e-02
0.56683	5.65803e-02
0.58888	5.84979e-02
0.59358	7.02757e-02
0.59841	5.88272e-02
0.60454	7.08197e-02
0.62654	6.50580e-02
0.57070	4.17318e-02
0.60378	5.57388e-02
0.60566	5.35291e-02
0.61405	4.73340e-02
0.60361	7.00762e-02
0.62300	5.09526e-02
0.59034	4.69227e-02
0.61360	5.25141e-02
0.59270	4.99313e-02
0.59842	5.67554e-02
0.57456	7.31515e-02
0.58262	2.90265e-02
0.62250	6.94313e-02
0.60346	4.28137e-02
0.60732	8.79885e-02
0.59046	7.93384e-02
0.62229	5.62671e-02
0.56916	8.27811e-02
0.59005	5.34831e-02
0.59312	7.19523e-02
0.56960	5.89786e-02
0.56512	5.22630e-02
0.57923	6.14354e-02
0.58363	1.04178e-01
0.58045	8.03952e-02
0.64255	5.31541e-02
0.65051	5.11730e-02
0.65059	4.85621e-02
0.65929	5.63812e-02
0.65900	6.70539e-02
0.64279	9.91973e-02
0.64940	1.03991e-01
0.63570	9.58043e-02
0.64846	1.04436e-01
0.65451	1.01375e-01
0.66515	7.35666e-02
0.68212	7.34587e-02
0.68097	7.24966e-02
0.68091	7.24559e-02
0.68091	7.24559e-02
0.67448	8.08788e-02
0.69706	4.93672e-02
0.68940	4.30868e-02
0.68356	4.96484e-02
0.68403	4.97619e-02
0.67853	4.48064e-02
0.68265	5.13592e-02
0.68647	5.51380e-02
0.72704	6.55065e-02
0.72768	6.11938e-02
0.71980	4.89339e-02
0.71558	5.16730e-02
0.71836	6.42287e-02
0.71836	6.42287e-02
0.70598	6.52355e-02
0.72431	6.41358e-02
0.71178	5.46147e-02
0.71992	5.04507e-02
0.71219	5.47307e-02
0.71580	5.06368e-02
0.73396	4.18811e-02
0.73257	5.68546e-02
0.73376	4.88092e-02
0.75010	6.65137e-02
0.74531	6.42755e-02
0.75436	6.36683e-02
0.76288	5.79308e-02
0.76180	5.41330e-02
0.75297	5.56116e-02
0.75544	5.72796e-02
0.76046	5.82423e-02
0.76910	5.32380e-02
0.76134	4.89615e-02
0.77238	4.59159e-02
0.79090	4.00124e-02
0.78850	4.62476e-02
0.78754	6.01450e-02
0.78741	6.00882e-02
0.79748	6.01589e-02
0.80126	4.87577e-02
0.80601	5.62146e-02
0.80628	4.64919e-02
0.80400	5.52897e-02
0.79460	5.49604e-02
0.81812	4.86276e-02
0.81824	4.87182e-02
0.81880	3.92089e-02
0.82667	4.67076e-02
0.83142	4.36074e-02
0.83142	4.36074e-02
0.83456	4.22081e-02
0.83456	4.22081e-02
0.84212	4.00404e-02
0.84150	3.51991e-02
0.84852	2.81720e-02
0.85063	3.05580e-02
0.84985	3.42749e-02
0.85348	2.86247e-02
0.84832	3.17228e-02
0.84744	3.26787e-02
0.84513	3.04688e-02
0.86047	2.54418e-02
0.86355	2.06513e-02
0.85941	2.38433e-02
0.85976	2.55252e-02
0.86633	3.30910e-02
0.86577	3.20035e-02
0.86483	3.08437e-02
0.86966	3.15539e-02
0.86877	3.09549e-02
0.86877	3.09549e-02
0.85634	2.97923e-02
0.85139	2.65399e-02
0.85462	3.46866e-02
0.85994	3.07031e-02
0.86176	3.20606e-02
0.86070	3.02394e-02
0.87939	3.47003e-02
0.88230	3.29283e-02
0.87884	3.23074e-02
0.87406	4.47998e-02
0.88922	3.88476e-02
0.89014	3.84082e-02
0.88530	3.40155e-02
0.88484	2.75629e-02
0.88604	2.54396e-02
0.88604	2.54396e-02
0.89081	2.32800e-02
0.89611	2.14012e-02
0.89611	2.14012e-02
0.89433	1.86770e-02
0.90787	2.77083e-02
0.90801	2.74578e-02
0.90287	3.84829e-02
0.89725	3.66924e-02
0.89858	4.14149e-02
0.90114	4.30246e-02
0.89968	4.51187e-02
0.90628	4.50971e-02
0.90392	4.21744e-02
0.90198	4.17810e-02
0.90199	4.17837e-02
0.90121	4.15698e-02
0.91050	3.30284e-02
0.91839	2.74260e-02
0.92117	3.31744e-02
0.91708	3.49899e-02
0.91877	3.34676e-02
0.91877	3.34676e-02
0.92244	3.56837e-02
0.91908	3.43841e-02
0.91293	3.52552e-02
0.92317	3.52899e-02
0.92718	2.74917e-02
0.92881	2.56278e-02
0.92658	2.50906e-02
0.92712	2.88349e-02
0.93643	2.80159e-02
0.93911	2.94953e-02
0.93703	2.82829e-02
0.93498	2.83451e-02
0.93962	2.51886e-02
0.92867	2.67937e-02
0.92395	2.53532e-02
0.92523	2.59962e-02
0.92817	2.26321e-02
0.93451	2.23573e-02
0.92198	1.80791e-02
0.92445	2.23753e-02
0.92447	1.99922e-02
0.92676	2.27305e-02
0.92912	2.16530e-02
0.93186	2.20511e-02
0.93142	2.18040e-02
0.93139	2.08367e-02
0.93663	2.68723e-02
0.93742	2.71847e-02
0.94148	2.70339e-02
0.93729	2.58759e-02
0.93949	2.33416e-02
0.93847	2.10076e-02
0.94282	1.94309e-02
0.94403	1.90661e-02
0.94300	2.26885e-02
0.93886	2.28526e-02
0.93827	2.19658e-02
0.93378	1.88965e-02
0.93378	1.88965e-02
0.94375	2.17765e-02
0.94641	2.13716e-02
0.94452	2.57383e-02
0.94479	2.58819e-02
0.93998	2.48482e-02
0.94046	2.37321e-02
0.94046	2.37321e-02
0.94247	2.36103e-02
0.93726	2.16226e-02
0.94064	2.38839e-02
0.94471	2.72807e-02
0.94471	2.72807e-02
0.94357	3.00369e-02
0.93830	2.79876e-02
0.93616	2.26119e-02
0.93539	2.42977e-02
0.93950	2.76396e-02
0.93589	2.38576e-02
0.93589	2.38576e-02
0.94440	2.59634e-02
0.93707	2.72170e-02
0.93707	2.72170e-02
0.93979	2.87299e-02
0.94094	2.35785e-02
0.94381	2.59598e-02
0.94820	2.76163e-02
0.94820	3.08565e-02
0.94820	3.08565e-02
0.94572	2.95249e-02
0.94235	2.94509e-02
0.94273	3.16911e-02
0.94902	3.14788e-02
0.94902	3.14788e-02
0.95658	2.37595e-02
0.95660	2.37627e-02
0.95794	2.38410e-02
0.95220	2.14032e-02
0.95220	2.14032e-02
0.95182	2.12350e-02
0.94564	2.75229e-02
0.94839	2.20070e-02
0.95107	2.54284e-02
0.94839	2.22266e-02
0.94658	2.19765e-02
0.95084	2.06378e-02
0.95356	1.60033e-02
0.95245	1.60323e-02
0.96030	1.28574e-02
0.95747	9.65651e-03
0.95747	9.65651e-03
0.96029	1.32068e-02
0.95765	1.67270e-02
0.96119	2.04051e-02
0.95816	2.39421e-02
0.95689	2.37044e-02
0.95314	2.22689e-02
0.96739	1.39364e-02
0.96555	1.28843e-02
0.96313	1.50238e-02
0.96576	1.39786e-02
0.96797	1.37538e-02
0.96233	1.33791e-02
0.95703	1.81476e-02
0.95409	1.54973e-02
0.95610	1.46942e-02
0.95432	1.11007e-02
0.95744	1.38013e-02
0.95753	1.39588e-02
0.95980	1.47763e-02
0.95939	2.06519e-02
0.95745	1.81908e-02
0.95753	1.82281e-02
0.96628	2.00762e-02
0.96605	1.87989e-02
0.96621	1.87592e-02
0.96676	1.66823e-02
0.96684	1.68083e-02
0.96682	1.67787e-02
0.97032	1.79730e-02
0.97271	9.04639e-03
0.96983	1.19952e-02
0.97145	9.78505e-03
0.96860	1.34338e-02
0.96932	1.32363e-02
0.97729	1.10199e-02
0.97689	1.12719e-02
0.97754	1.29196e-02
0.97754	1.29196e-02
0.97664	1.31968e-02
0.97645	1.33145e-02
0.97944	1.39299e-02
0.98225	1.12163e-02
0.97731	1.78149e-02
0.97994	1.46994e-02
0.98005	1.48168e-02
0.97906	1.57476e-02
0.97657	1.49671e-02
0.97340	1.43293e-02
0.97519	1.77834e-02
0.97519	1.77834e-02
0.98420	1.31800e-02
0.98516	1.19718e-02
0.98414	1.32635e-02
0.98207	1.35953e-02
0.97889	1.35703e-02
0.97889	1.35703e-02
0.98073	1.24055e-02
0.98085	1.22859e-02
0.97704	1.22047e-02
0.98032	1.36791e-02
0.97775	1.70327e-02
0.97779	1.69752e-02
0.97779	1.69752e-02
0.97779	1.69752e-02
0.97693	1.75027e-02
0.97391	1.58112e-02
0.97887	1.70085e-02
0.97905	1.71722e-02
0.98283	1.30783e-02
0.98588	1.24529e-02
0.98601	1.25538e-02
0.98601	1.25521e-02
0.98601	1.25521e-02
0.98601	1.25521e-02
0.98606	1.25941e-02
0.98477	9.89257e-03
0.98578	9.28332e-03
0.98473	8.93516e-03
0.99289	3.83826e-03
0.99467	1.32000e-03
0.99477	1.44960e-03
0.99477	1.44960e-03
0.99477	1.44951e-03
0.99484	1.77079e-03
0.98997	9.15087e-03
0.98916	1.03067e-02
0.98919	1.03326e-02
0.98961	9.91564e-03
0.98961	9.91564e-03
0.98961	9.91564e-03
0.98960	9.90608e-03
0.98960	9.90608e-03
0.99431	3.24056e-03
0.99323	3.50452e-03
0.99605	6.84805e-04
0.99605	6.84805e-04
0.99605	6.84805e-04
0.99605	6.84805e-04
0.99605	6.84805e-04
0.99605	6.84805e-04
0.99605	6.80208e-04
0.99537	0.00000e+00
0.99537	0.00000e+00
0.99537	0.00000e+00
0.99537	0.00000e+00
0.99537	0.00000e+00
0.99537	0.00000e+00
0.99537	0.00000e+00
0.99537	0.00000e+00
0.99559	0.00000e+00
0.99559	0.00000e+00
0.99559	0.00000e+00
0.99559	0.00000e+00
0.99558	0.00000e+00
0.99557	0.00000e+00
0.99557	0.00000e+00
0.99557	0.00000e+00
0.99557	0.00000e+00
0.99557	0.00000e+00
0.99557	0.00000e+00
0.99557	0.00000e+00
0.99557	0.00000e+00
