0.96068	1.05330e-02
0.96015	1.93904e-02
0.94042	1.76801e-02
0.93509	1.87038e-02
0.92896	1.80710e-02
0.91726	2.57702e-02
0.90969	2.96485e-02
0.89854	3.23750e-02
0.88133	3.56917e-02
0.87590	4.35489e-02
0.85319	4.63265e-02
0.85193	3.56900e-02
0.83989	3.38138e-02
0.81039	6.02423e-02
0.82497	5.96781e-02
0.81448	4.81764e-02
0.80452	3.75097e-02
0.80674	7.02500e-02
0.78303	4.20170e-02
0.77196	7.22923e-02
0.76451	6.93685e-02
0.76793	6.75727e-02
0.75931	8.50671e-02
0.75413	7.00693e-02
0.73152	8.49623e-02
0.72713	8.15866e-02
0.72896	8.30824e-02
0.70553	8.93377e-02
0.68234	6.86926e-02
0.69211	7.85311e-02
0.66567	9.92719e-02
0.69715	5.93948e-02
0.63499	8.67552e-02
0.67719	6.31979e-02
0.62873	8.55799e-02
0.63881	8.92264e-02
0.65618	7.96983e-02
0.62467	8.97977e-02
0.63671	9.25520e-02
0.58163	8.08417e-02
0.58580	7.46928e-02
0.56676	1.04731e-01
0.60111	3.62781e-02
0.57079	5.64249e-02
0.54004	6.36523e-02
0.53481	9.74459e-02
0.51916	7.76337e-02
0.50831	8.98241e-02
0.53003	6.41463e-02
0.54981	5.89129e-02
0.50033	1.11711e-01
0.50237	1.01312e-01
0.50945	6.49518e-02
0.52370	6.89513e-02
0.52426	4.73282e-02
0.53280	6.34635e-02
0.52736	7.09166e-02
0.52577	7.15964e-02
0.49463	8.22321e-02
0.48725	6.08516e-02
0.48644	8.69164e-02
0.49278	5.04622e-02
0.42739	7.64073e-02
0.48439	7.68379e-02
0.45248	9.88656e-02
0.41187	1.23192e-01
0.40743	9.20865e-02
0.41878	8.50442e-02
0.38311	9.39988e-02
0.37525	1.39453e-01
0.38735	9.57334e-02
0.41937	1.05027e-01
0.37092	1.44378e-01
0.35434	1.54245e-01
0.41206	9.23073e-02
0.40590	1.41023e-01
0.42682	1.30240e-01
0.42817	1.34816e-01
0.45472	9.73220e-02
0.43955	1.05632e-01
0.42530	1.23706e-01
0.42245	1.10753e-01
0.42280	1.19040e-01
0.39999	9.81417e-02
0.45345	1.16531e-01
0.44156	1.51687e-01
0.44140	1.11346e-01
0.45773	1.40815e-01
0.42331	1.76383e-01
0.43312	1.31868e-01
0.48317	8.79993e-02
0.42004	1.60494e-01
0.44947	1.28656e-01
0.40218	1.71457e-01
0.42273	1.57998e-01
0.39658	1.36211e-01
0.42272	1.61545e-01
0.44490	1.20355e-01
0.42953	1.24351e-01
0.44429	1.25142e-01
0.44167	1.27878e-01
0.46721	1.38937e-01
0.47163	1.40405e-01
0.49025	1.13028e-01
0.50879	1.20026e-01
0.50879	1.20026e-01
0.50035	1.78646e-01
0.49784	1.79467e-01
0.49373	1.87699e-01
0.52777	1.13892e-01
0.52539	1.03231e-01
0.52913	1.03213e-01
0.55569	9.71540e-02
0.55569	9.71540e-02
0.53901	1.31655e-01
0.53031	1.55800e-01
0.54868	1.62542e-01
0.56697	1.07436e-01
0.61543	7.94929e-02
0.60510	1.00548e-01
0.58910	7.89702e-02
0.58642	7.64162e-02
0.58815	7.85626e-02
0.59617	6.74043e-02
0.58438	8.81867e-02
0.59021	9.56016e-02
0.59612	9.50107e-02
0.59429	9.52949e-02
0.59985	9.55619e-02
0.61131	9.70521e-02
0.62119	1.03165e-01
0.61790	1.02633e-01
0.62118	1.03972e-01
0.62481	1.06372e-01
0.62481	1.06372e-01
0.64283	1.12948e-01
0.63771	9.19004e-02
0.65392	8.55777e-02
0.66298	7.47016e-02
0.66529	9.53125e-02
0.65838	9.63347e-02
0.66207	8.42020e-02
0.65610	9.45326e-02
0.65991	9.37380e-02
0.67469	9.74380e-02
0.69772	9.20498e-02
0.71067	9.89946e-02
0.71948	8.56114e-02
0.72493	8.57610e-02
0.71910	8.53164e-02
0.70767	9.43990e-02
0.70974	9.54246e-02
0.69212	8.76095e-02
0.69949	8.23961e-02
0.70593	8.54266e-02
0.71203	7.76146e-02
0.71256	7.47647e-02
0.70937	7.13285e-02
0.70534	7.17308e-02
0.71763	7.93150e-02
0.71689	7.70995e-02
0.71195	7.47511e-02
0.71887	7.73822e-02
0.73333	5.49594e-02
0.74369	5.82802e-02
0.73734	5.66380e-02
0.73723	6.75866e-02
0.74330	6.51171e-02
0.73680	6.40090e-02
0.73553	6.47332e-02
0.74039	7.41759e-02
0.74455	5.93001e-02
0.74921	5.80755e-02
0.75356	6.62030e-02
0.75167	6.93862e-02
0.76165	5.08064e-02
0.77137	5.74933e-02
0.76513	5.95128e-02
0.76582	5.68479e-02
0.76391	5.40283e-02
0.77643	5.72243e-02
0.77496	6.28967e-02
0.76934	5.89494e-02
0.77287	6.43409e-02
0.78357	6.68658e-02
0.78868	7.00783e-02
0.78299	6.88630e-02
0.78349	5.74255e-02
0.79108	5.20210e-02
0.78462	6.42576e-02
0.78318	6.43912e-02
0.78652	6.33782e-02
0.78843	6.32229e-02
0.79401	6.14425e-02
0.79939	6.23577e-02
0.79627	5.88812e-02
0.79423	6.62136e-02
0.79423	6.62136e-02
0.79466	6.68382e-02
0.79130	6.41482e-02
0.79384	6.45870e-02
0.79800	7.07016e-02
0.80375	6.71363e-02
0.80323	6.54579e-02
0.80359	6.56779e-02
0.80791	6.48980e-02
0.80791	6.48980e-02
0.80785	6.50360e-02
0.81162	6.86334e-02
0.81232	6.90230e-02
0.81232	6.90230e-02
0.80438	6.85185e-02
0.80901	6.79347e-02
0.81666	7.03794e-02
0.81226	7.23381e-02
0.81719	6.65849e-02
0.81790	6.93847e-02
0.81850	6.96202e-02
0.81850	6.96202e-02
0.81651	6.64971e-02
0.82034	6.64800e-02
0.82465	6.66385e-02
0.83767	4.18043e-02
0.83854	4.08644e-02
0.83854	4.08644e-02
0.83950	2.93258e-02
0.83516	3.61288e-02
0.83843	3.98873e-02
0.84151	3.66058e-02
0.84295	3.57321e-02
0.84178	3.33758e-02
0.84545	3.01167e-02
0.84511	3.07781e-02
0.84620	3.39723e-02
0.84698	3.37909e-02
0.85110	3.64609e-02
0.85187	3.70427e-02
0.85391	3.58714e-02
0.85529	3.58446e-02
0.86104	3.13342e-02
0.86115	3.14887e-02
0.86306	3.22543e-02
0.86483	2.99605e-02
0.86313	2.93710e-02
0.86755	3.19594e-02
0.86547	3.11954e-02
0.86714	3.00827e-02
0.86409	3.10092e-02
0.86823	2.91437e-02
0.86599	3.08365e-02
0.86792	3.23564e-02
0.87019	3.22046e-02
0.86943	2.98101e-02
0.86839	3.08545e-02
0.87149	2.86455e-02
0.87351	3.24595e-02
0.87332	3.26127e-02
0.87642	3.09686e-02
0.87743	3.04850e-02
0.88051	2.69309e-02
0.87798	2.95374e-02
0.87661	3.09490e-02
0.88169	2.80671e-02
0.88375	2.93321e-02
0.88152	2.75545e-02
0.88627	3.10361e-02
0.88106	2.86823e-02
0.88167	2.86846e-02
0.88090	2.81812e-02
0.89166	2.91488e-02
0.89013	2.82523e-02
0.89438	2.53685e-02
0.89471	2.59113e-02
0.88630	3.02423e-02
0.88202	2.44697e-02
0.88506	3.11268e-02
0.88506	3.11268e-02
0.89039	2.86181e-02
0.89106	2.79684e-02
0.89699	2.81471e-02
0.89992	2.60834e-02
0.89600	2.64899e-02
0.89450	2.81472e-02
0.89646	2.60342e-02
0.88482	3.12301e-02
0.88563	2.90053e-02
0.88650	2.87924e-02
0.88808	2.79502e-02
0.89222	2.72769e-02
0.88827	1.89470e-02
0.88702	2.64837e-02
0.88736	2.50082e-02
0.89440	2.07033e-02
0.89845	1.81693e-02
0.89700	2.22462e-02
0.89616	2.15359e-02
0.89476	2.01946e-02
0.90021	2.24676e-02
0.89746	2.03673e-02
0.90023	2.24548e-02
0.90023	2.24548e-02
0.89885	2.04760e-02
0.89884	2.04453e-02
0.89609	2.06666e-02
0.89538	1.46966e-02
0.90045	2.00940e-02
0.90361	1.67394e-02
0.90408	1.63324e-02
0.90719	1.98829e-02
0.90719	1.98829e-02
0.90510	1.91658e-02
0.90454	1.98274e-02
0.90457	2.19814e-02
0.90141	2.99854e-02
0.90155	3.00051e-02
0.89615	3.11865e-02
0.90277	3.66146e-02
0.90741	3.08187e-02
0.91414	3.06327e-02
0.91395	2.70841e-02
0.90801	2.70320e-02
0.90827	3.02187e-02
0.90958	3.15875e-02
0.91491	2.96860e-02
0.91730	2.99090e-02
0.91514	3.43653e-02
0.91616	3.54793e-02
0.91650	3.51830e-02
0.91640	3.67960e-02
0.91478	3.53356e-02
0.91508	3.67313e-02
0.91715	3.86012e-02
0.92261	3.97559e-02
0.92113	3.85525e-02
0.91827	3.99701e-02
0.91841	4.00852e-02
0.91814	3.77717e-02
0.91420	3.75257e-02
0.91934	4.01152e-02
0.91968	4.08011e-02
0.92518	4.07069e-02
0.92499	4.11207e-02
0.92657	3.89801e-02
0.92699	3.94906e-02
0.92771	4.20789e-02
0.92599	4.36145e-02
0.92730	4.01285e-02
0.92573	4.13836e-02
0.92597	4.16435e-02
0.92597	4.16435e-02
0.92665	4.20955e-02
0.93256	3.99650e-02
0.93383	4.04589e-02
0.92801	3.93484e-02
0.92801	3.93484e-02
0.93007	3.86252e-02
0.93139	3.96066e-02
0.93139	3.96066e-02
0.93068	4.10454e-02
0.93343	4.29798e-02
0.93116	3.70630e-02
0.92373	3.62313e-02
0.92560	3.52083e-02
0.92324	4.00598e-02
0.92613	3.94430e-02
0.93387	3.51982e-02
0.93428	3.18065e-02
0.93441	3.25434e-02
0.93441	3.25428e-02
0.93768	3.52163e-02
0.93768	3.52163e-02
0.94124	3.11262e-02
0.94029	3.34260e-02
0.93055	3.16086e-02
0.91923	2.42021e-02
0.91940	2.43032e-02
0.91940	2.43032e-02
0.92489	2.51152e-02
0.92777	2.66650e-02
0.92777	2.66650e-02
0.92779	2.66911e-02
0.92188	2.83986e-02
0.92432	6.95521e-03
0.92053	1.07427e-02
0.92053	1.07427e-02
0.92053	1.07427e-02
0.92053	1.07427e-02
0.92053	1.07427e-02
0.91107	1.28200e-03
0.91107	1.28200e-03
0.91107	1.28200e-03
0.91107	1.28200e-03
0.92679	1.70007e-02
0.92679	1.70007e-02
0.92679	1.70007e-02
0.92679	1.70007e-02
0.92719	3.44645e-03
0.92719	3.44645e-03
0.92719	3.44645e-03
0.92719	3.44645e-03
0.92719	3.44645e-03
0.94188	1.12494e-02
0.94206	1.10712e-02
0.94206	1.10712e-02
0.94206	1.10712e-02
0.95165	1.47687e-03
0.95152	1.60983e-03
0.95152	1.60983e-03
0.95152	1.60983e-03
0.95152	1.60983e-03
0.95152	1.60983e-03
0.94802	1.89119e-03
0.95788	8.15632e-03
0.96603	0.00000e+00
0.96603	0.00000e+00
0.96603	0.00000e+00
0.95787	0.00000e+00
