0.98906	3.01125e-03
0.97949	8.46712e-03
0.97154	8.52811e-03
0.95131	1.48036e-02
0.94768	1.68620e-02
0.94521	2.54140e-02
0.93257	2.22221e-02
0.94211	2.08913e-02
0.91823	2.32900e-02
0.91929	1.61519e-02
0.90143	3.20164e-02
0.89071	3.24345e-02
0.88423	2.57222e-02
0.88065	2.80264e-02
0.86867	3.46018e-02
0.87049	5.05323e-02
0.83595	2.70490e-02
0.85565	3.06272e-02
0.83308	4.32443e-02
0.81697	5.02010e-02
0.81242	2.63394e-02
0.81408	3.53547e-02
0.79406	2.39174e-02
0.79894	5.06173e-02
0.79335	4.06603e-02
0.78635	4.29105e-02
0.77601	5.02977e-02
0.77992	4.22848e-02
0.76332	5.90803e-02
0.75734	6.39380e-02
0.76084	5.85183e-02
0.74147	7.56045e-02
0.70264	5.50524e-02
0.71655	6.48417e-02
0.68697	7.80564e-02
0.68667	9.05512e-02
0.66992	9.71097e-02
0.64036	8.84347e-02
0.66687	6.66135e-02
0.67134	8.75408e-02
0.63588	1.15274e-01
0.64762	8.66274e-02
0.65365	8.17212e-02
0.62866	9.25849e-02
0.64943	8.75779e-02
0.64411	6.55902e-02
0.62008	5.66243e-02
0.63821	5.89752e-02
0.63316	7.85937e-02
0.64471	6.45639e-02
0.61852	5.35815e-02
0.59381	9.32816e-02
0.60803	6.33149e-02
0.60998	7.02748e-02
0.61401	9.37585e-02
0.59751	4.51150e-02
0.57101	8.07421e-02
0.58167	6.28606e-02
0.60175	8.16154e-02
0.59276	6.81804e-02
0.57317	3.80465e-02
0.57958	8.06421e-02
0.55832	4.07677e-02
0.52910	5.46747e-02
0.54003	8.23921e-02
0.56289	6.70092e-02
0.51775	6.75048e-02
0.50041	1.18031e-01
0.48124	7.99019e-02
0.47327	1.03273e-01
0.49067	1.01756e-01
0.52299	7.92787e-02
0.51132	9.77815e-02
0.53986	9.17138e-02
0.54296	6.17295e-02
0.54168	5.02239e-02
0.52909	7.64899e-02
0.54378	7.55905e-02
0.54932	7.75770e-02
0.57973	7.95886e-02
0.56071	7.69666e-02
0.55905	6.81347e-02
0.56255	8.03643e-02
0.51082	9.36683e-02
0.53621	6.39429e-02
0.56420	8.10729e-02
0.56749	5.69058e-02
0.54465	8.06168e-02
0.50834	7.98426e-02
0.55670	7.16901e-02
0.57147	5.77490e-02
0.54289	9.03407e-02
0.55574	8.54737e-02
0.53923	8.60176e-02
0.56188	8.89490e-02
0.52074	8.53812e-02
0.51426	9.64979e-02
0.50992	8.13492e-02
0.54624	6.95932e-02
0.53315	6.11190e-02
0.55804	8.34324e-02
0.55804	8.34324e-02
0.56953	8.38996e-02
0.56914	8.46328e-02
0.57915	9.07711e-02
0.57964	1.08459e-01
0.60363	1.07084e-01
0.60704	1.12521e-01
0.62531	8.89536e-02
0.62230	8.47149e-02
0.63910	5.80732e-02
0.63805	5.75324e-02
0.64530	6.45489e-02
0.64037	6.91087e-02
0.63389	8.25445e-02
0.63194	8.83987e-02
0.64401	8.11130e-02
0.64395	8.10569e-02
0.64538	7.07966e-02
0.65145	6.71212e-02
0.65216	6.53009e-02
0.65858	7.82403e-02
0.68360	9.37169e-02
0.69090	9.11455e-02
0.67801	9.73907e-02
0.69496	8.73985e-02
0.68930	8.10018e-02
0.69241	7.81767e-02
0.68959	8.18774e-02
0.68959	8.18774e-02
0.69236	8.14758e-02
0.69236	8.14758e-02
0.69097	5.36082e-02
0.69773	5.73315e-02
0.69773	5.73315e-02
0.70101	5.18518e-02
0.70830	6.52939e-02
0.72270	5.95112e-02
0.72090	7.53125e-02
0.71917	7.32302e-02
0.71076	7.01044e-02
0.72542	5.38213e-02
0.73788	5.07609e-02
0.73788	5.07609e-02
0.75276	4.48812e-02
0.75035	4.62180e-02
0.75406	4.74289e-02
0.75423	4.73632e-02
0.76255	3.82050e-02
0.75568	4.77481e-02
0.76444	5.72302e-02
0.75400	5.26052e-02
0.76409	5.03685e-02
0.76867	5.37570e-02
0.76279	4.58365e-02
0.76229	4.19717e-02
0.76459	4.24482e-02
0.76791	4.00518e-02
0.77483	4.28500e-02
0.77483	4.28500e-02
0.77466	4.26826e-02
0.78061	4.31068e-02
0.77125	3.72241e-02
0.76919	3.57839e-02
0.77527	3.74552e-02
0.80052	5.15274e-02
0.79460	5.33289e-02
0.80452	5.37094e-02
0.80792	5.58224e-02
0.80194	5.60601e-02
0.82164	4.11726e-02
0.81725	4.01355e-02
0.81856	3.92572e-02
0.81853	3.94056e-02
0.81650	4.89080e-02
0.81698	4.89463e-02
0.81767	4.90414e-02
0.82007	4.81738e-02
0.83071	3.39632e-02
0.83648	2.91458e-02
0.83236	2.52946e-02
0.82989	2.38778e-02
0.82383	2.90451e-02
0.82734	3.26108e-02
0.82763	3.26707e-02
0.82993	3.45711e-02
0.83132	3.62946e-02
0.83698	3.64052e-02
0.84619	1.92883e-02
0.84951	2.12192e-02
0.85767	3.21665e-02
0.85380	3.64904e-02
0.84895	3.74556e-02
0.85187	3.53056e-02
0.85204	3.95590e-02
0.85900	3.95662e-02
0.85900	3.95662e-02
0.85712	3.68261e-02
0.86075	2.87836e-02
0.85615	2.68491e-02
0.85522	2.75493e-02
0.85623	2.92220e-02
0.85543	2.62364e-02
0.86369	2.79975e-02
0.86369	2.79975e-02
0.86360	2.78287e-02
0.86344	2.61589e-02
0.86487	2.75394e-02
0.86506	2.75391e-02
0.86903	3.01135e-02
0.86334	2.31040e-02
0.87294	2.17178e-02
0.87786	2.03321e-02
0.87872	2.10820e-02
0.87783	2.12564e-02
0.87734	2.05604e-02
0.87726	2.05440e-02
0.87666	2.02306e-02
0.88062	2.20584e-02
0.88351	2.87683e-02
0.88314	2.41266e-02
0.88831	3.20177e-02
0.89578	2.54867e-02
0.89229	1.99339e-02
0.89413	2.26331e-02
0.89399	2.34024e-02
0.89331	2.56556e-02
0.89507	2.51468e-02
0.89690	2.60775e-02
0.89904	2.28321e-02
0.90133	2.45438e-02
0.89892	2.72319e-02
0.89892	2.72319e-02
0.89823	2.68912e-02
0.89759	2.47372e-02
0.89715	2.44501e-02
0.89854	2.07182e-02
0.90339	1.98633e-02
0.90405	2.04875e-02
0.90504	2.10026e-02
0.91297	1.87034e-02
0.91655	1.24944e-02
0.91845	1.54858e-02
0.91809	1.66879e-02
0.91933	1.61725e-02
0.91520	1.26237e-02
0.91438	1.32382e-02
0.91186	1.65578e-02
0.91574	2.29133e-02
0.91594	2.29676e-02
0.91405	2.88524e-02
0.91882	2.91371e-02
0.91838	2.49965e-02
0.92065	2.61934e-02
0.92052	2.62529e-02
0.92165	2.98083e-02
0.92589	1.68581e-02
0.92792	1.45151e-02
0.92625	1.77599e-02
0.92162	2.23507e-02
0.91615	2.18963e-02
0.92700	1.67009e-02
0.92739	1.50388e-02
0.92739	1.50388e-02
0.92617	1.74435e-02
0.92894	2.05770e-02
0.92902	2.05687e-02
0.93026	1.96046e-02
0.93026	1.96046e-02
0.93291	1.62261e-02
0.93160	1.72875e-02
0.92713	1.73325e-02
0.92818	1.29685e-02
0.93428	1.09950e-02
0.93440	1.11564e-02
0.93708	1.21300e-02
0.92853	2.16614e-02
0.92565	2.00327e-02
0.92233	2.04997e-02
0.92155	1.97412e-02
0.92974	1.57412e-02
0.93488	1.22099e-02
0.93264	1.00153e-02
0.92995	1.13118e-02
0.93380	1.54795e-02
0.92878	1.23303e-02
0.92438	1.13713e-02
0.92769	1.49356e-02
0.92898	1.88384e-02
0.93376	1.88349e-02
0.93243	1.73559e-02
0.93565	1.97739e-02
0.93570	1.97673e-02
0.94006	1.84934e-02
0.93991	1.85943e-02
0.93744	1.73558e-02
0.94420	1.49124e-02
0.94585	1.76667e-02
0.94374	2.03186e-02
0.94253	2.17376e-02
0.94255	2.17376e-02
0.93854	1.89740e-02
0.94483	1.68305e-02
0.94202	1.34242e-02
0.94157	1.32145e-02
0.93701	9.48809e-03
0.93951	1.12398e-02
0.93940	1.12220e-02
0.94076	1.21415e-02
0.94046	1.42879e-02
0.94225	1.22859e-02
0.93364	9.36240e-03
0.93478	1.43796e-02
0.93504	1.42266e-02
0.93862	1.56300e-02
0.93862	1.56300e-02
0.94151	1.31739e-02
0.94303	1.34461e-02
0.94195	1.28112e-02
0.94195	1.28112e-02
0.94486	1.20940e-02
0.94486	1.20940e-02
0.94322	1.25663e-02
0.94332	1.31220e-02
0.94516	1.70189e-02
0.94578	1.70763e-02
0.94458	1.75316e-02
0.94047	2.18722e-02
0.94047	2.18722e-02
0.94047	2.18624e-02
0.94194	2.09816e-02
0.93501	1.82188e-02
0.93753	1.84943e-02
0.94631	2.14949e-02
0.94571	1.83348e-02
0.94387	2.05452e-02
0.94484	2.15313e-02
0.94484	2.15313e-02
0.94625	2.26406e-02
0.94480	2.15361e-02
0.94330	2.20755e-02
0.94330	2.20755e-02
0.94518	2.48342e-02
0.94808	2.53315e-02
0.94849	2.61359e-02
0.94849	2.61359e-02
0.94502	2.64308e-02
0.94586	2.71641e-02
0.95249	2.63016e-02
0.95067	2.51233e-02
0.95775	2.86594e-02
0.96117	2.58805e-02
0.96077	2.08840e-02
0.95840	2.73897e-02
0.95538	2.75321e-02
0.95765	2.89814e-02
0.95990	2.48574e-02
0.95990	2.48574e-02
0.96043	2.47642e-02
0.96085	2.38904e-02
0.96307	1.87355e-02
0.96387	1.89645e-02
0.96435	1.85220e-02
0.96256	2.07149e-02
0.96268	2.08154e-02
0.96268	2.08154e-02
0.96125	2.20975e-02
0.96125	2.20975e-02
0.96119	2.23443e-02
0.95847	1.92559e-02
0.95846	1.92578e-02
0.96042	1.87217e-02
0.96042	1.87207e-02
0.96565	1.35549e-02
0.96565	1.35549e-02
0.96612	1.30133e-02
0.95708	1.67962e-02
0.95708	1.67962e-02
0.95950	1.99866e-02
0.96419	1.53943e-02
0.96419	1.53943e-02
0.96941	1.78670e-02
0.96967	1.78086e-02
0.97049	1.66732e-02
0.96706	1.69487e-02
0.97106	1.52716e-02
0.97113	1.53288e-02
0.96881	1.27666e-02
0.96881	1.27666e-02
0.97079	1.19670e-02
0.97100	1.19781e-02
0.96994	1.21900e-02
0.96994	1.21900e-02
0.96994	1.21900e-02
0.96994	1.21900e-02
0.96306	1.54544e-02
0.96429	1.13346e-02
0.96310	1.45159e-02
0.96341	1.46241e-02
0.96341	1.46241e-02
0.96089	1.17669e-02
0.96411	1.30749e-02
0.96908	1.67349e-02
0.96974	1.72996e-02
0.97524	8.97472e-03
0.96783	2.11912e-02
0.97658	8.82705e-03
0.97336	7.78765e-03
0.97336	7.78765e-03
0.97203	8.62147e-03
0.97453	1.04093e-02
0.97504	1.12725e-02
0.96675	1.75568e-02
0.96833	1.53331e-02
0.97164	1.57034e-02
0.97164	1.57034e-02
0.97163	1.56945e-02
0.96985	1.84747e-02
0.96985	1.84747e-02
0.97471	2.03281e-02
0.98355	1.14797e-02
0.98357	1.14936e-02
0.97482	2.66403e-02
0.98732	3.80263e-03
0.98732	3.80263e-03
0.98732	3.80263e-03
0.97879	1.58521e-02
0.97879	1.58521e-02
0.98167	1.17752e-02
0.98167	1.17752e-02
0.97988	1.43263e-02
0.95962	0.00000e+00
0.95962	0.00000e+00
0.95962	0.00000e+00
0.97944	0.00000e+00
0.97944	0.00000e+00
0.97944	0.00000e+00
0.96042	0.00000e+00
0.98412	0.00000e+00
0.98412	0.00000e+00
0.98412	0.00000e+00
0.98412	0.00000e+00
0.98412	0.00000e+00
0.98478	0.00000e+00
0.98478	0.00000e+00
0.98478	0.00000e+00
0.98478	0.00000e+00
0.98478	0.00000e+00
0.98594	0.00000e+00
0.98594	0.00000e+00
0.98594	0.00000e+00
0.98594	0.00000e+00
0.98594	0.00000e+00
0.98594	0.00000e+00
0.98594	0.00000e+00
0.98594	0.00000e+00
0.98594	0.00000e+00
0.96717	0.00000e+00
0.96717	0.00000e+00
0.96717	0.00000e+00
0.96717	0.00000e+00
0.96717	0.00000e+00
0.96717	0.00000e+00
0.98767	0.00000e+00
0.98767	0.00000e+00
0.98767	0.00000e+00
0.98767	0.00000e+00
0.98767	0.00000e+00
0.98988	0.00000e+00
0.99071	0.00000e+00
0.99071	0.00000e+00
0.99071	0.00000e+00
0.99174	0.00000e+00
0.99174	0.00000e+00
0.99184	0.00000e+00
0.99184	0.00000e+00
0.99186	0.00000e+00
