0.99379	2.11205e-03
0.98425	9.86615e-03
0.97890	1.11307e-02
0.97274	1.24162e-02
0.96241	1.11679e-02
0.95692	2.10922e-02
0.94987	2.37509e-02
0.93993	2.31686e-02
0.93014	2.54805e-02
0.91497	2.69408e-02
0.91604	2.91860e-02
0.87996	3.00005e-02
0.87818	3.11109e-02
0.86895	2.42613e-02
0.85958	1.61555e-02
0.87113	2.77346e-02
0.82282	2.00594e-02
0.83770	2.57044e-02
0.83794	2.85028e-02
0.80281	2.63950e-02
0.81219	3.77861e-02
0.81505	3.61888e-02
0.81155	2.99201e-02
0.79459	3.18136e-02
0.80327	3.31509e-02
0.77372	4.39605e-02
0.75786	3.91743e-02
0.76781	4.70118e-02
0.77266	5.28751e-02
0.77583	4.43137e-02
0.77265	3.07007e-02
0.75492	5.54507e-02
0.75407	5.28421e-02
0.73174	4.54868e-02
0.73876	5.33978e-02
0.72681	5.17552e-02
0.73711	5.26823e-02
0.71115	6.25471e-02
0.70237	5.82652e-02
0.69571	5.22367e-02
0.66297	5.20235e-02
0.66528	7.76221e-02
0.68455	5.86304e-02
0.67371	7.03259e-02
0.65973	7.84128e-02
0.66776	8.50707e-02
0.63498	8.34445e-02
0.62879	8.05796e-02
0.64148	7.20434e-02
0.64895	5.77870e-02
0.63101	8.66370e-02
0.62336	6.89578e-02
0.65212	6.13055e-02
0.64689	7.44475e-02
0.65458	5.58506e-02
0.63946	8.45481e-02
0.63250	4.20492e-02
0.63690	3.72350e-02
0.62104	4.81221e-02
0.56299	4.53765e-02
0.59293	7.44521e-02
0.58175	4.87763e-02
0.56486	7.87374e-02
0.56335	5.74884e-02
0.56070	5.76915e-02
0.56720	6.01922e-02
0.56130	5.24060e-02
0.51467	6.47682e-02
0.54413	4.21423e-02
0.50315	8.39655e-02
0.55128	6.50844e-02
0.55312	8.16861e-02
0.55817	5.58347e-02
0.58787	6.37311e-02
0.57108	5.32465e-02
0.56436	5.36043e-02
0.60364	6.82364e-02
0.62056	4.03953e-02
0.62819	5.73715e-02
0.59687	5.95227e-02
0.61416	6.65485e-02
0.57535	8.75023e-02
0.60708	4.98149e-02
0.58443	9.72269e-02
0.59674	5.92506e-02
0.61069	6.88260e-02
0.59802	4.08381e-02
0.60669	9.36302e-02
0.58215	7.61832e-02
0.58822	8.77465e-02
0.58821	7.40307e-02
0.59028	8.27713e-02
0.57078	6.78125e-02
0.57278	7.97955e-02
0.57218	9.45920e-02
0.53275	8.83054e-02
0.54884	8.53702e-02
0.54057	7.27829e-02
0.57078	6.34323e-02
0.58024	6.20026e-02
0.57535	5.93071e-02
0.57535	5.93071e-02
0.58564	7.44518e-02
0.58854	7.03990e-02
0.59112	7.51961e-02
0.60141	6.92547e-02
0.62358	7.15657e-02
0.63074	5.87928e-02
0.63854	6.48301e-02
0.63004	7.42281e-02
0.63275	7.59983e-02
0.64641	6.74570e-02
0.64641	6.74570e-02
0.64582	6.02626e-02
0.64483	4.24588e-02
0.65111	5.53121e-02
0.67975	6.34457e-02
0.67222	5.87835e-02
0.67730	6.36294e-02
0.69161	5.12574e-02
0.69421	5.10301e-02
0.68711	4.49225e-02
0.68830	4.45814e-02
0.68237	4.53830e-02
0.69235	2.58199e-02
0.68347	4.35421e-02
0.68565	4.44685e-02
0.67594	5.35725e-02
0.67571	5.59361e-02
0.69122	7.11803e-02
0.68362	5.92356e-02
0.71645	7.00495e-02
0.72949	7.37481e-02
0.72975	7.38098e-02
0.73771	4.92855e-02
0.74132	5.37409e-02
0.74525	5.78564e-02
0.73743	6.14127e-02
0.73019	6.29847e-02
0.72974	6.35410e-02
0.73565	6.54584e-02
0.74804	6.41448e-02
0.75314	6.85540e-02
0.75600	6.93666e-02
0.75531	6.86486e-02
0.75674	7.82698e-02
0.76621	7.63079e-02
0.76594	6.99560e-02
0.76448	7.61619e-02
0.77372	7.46710e-02
0.77463	7.28317e-02
0.78780	6.93793e-02
0.80440	6.00146e-02
0.82120	3.55152e-02
0.82355	3.88733e-02
0.82427	3.88966e-02
0.81815	3.66873e-02
0.81301	4.29150e-02
0.80752	4.77142e-02
0.82003	3.85731e-02
0.82367	3.31710e-02
0.81168	3.23207e-02
0.81266	3.29930e-02
0.81662	2.51804e-02
0.81662	2.51804e-02
0.81662	2.51804e-02
0.82336	3.25320e-02
0.81998	2.34411e-02
0.81741	7.00442e-02
0.82792	4.97757e-02
0.83179	4.57667e-02
0.84325	3.72767e-02
0.84647	3.95376e-02
0.84837	3.86755e-02
0.85245	4.05182e-02
0.84861	4.08454e-02
0.84541	4.18173e-02
0.85488	5.16545e-02
0.86407	2.92722e-02
0.86407	2.92722e-02
0.86187	3.17505e-02
0.85994	3.44616e-02
0.87127	3.61162e-02
0.87212	3.70518e-02
0.87043	3.69373e-02
0.86431	3.63458e-02
0.86232	3.74015e-02
0.86514	3.97041e-02
0.86521	4.01118e-02
0.86263	3.97595e-02
0.86755	4.28267e-02
0.86904	4.44085e-02
0.88717	4.13525e-02
0.88311	4.20970e-02
0.88065	4.20863e-02
0.87968	3.91926e-02
0.88739	4.10040e-02
0.89352	3.76453e-02
0.89322	3.80733e-02
0.89857	3.92839e-02
0.89858	3.92992e-02
0.91236	2.28640e-02
0.90706	2.47983e-02
0.90306	2.98051e-02
0.90071	2.83694e-02
0.90071	2.83694e-02
0.90134	2.85408e-02
0.90000	2.89901e-02
0.89644	2.61576e-02
0.89737	3.42605e-02
0.89537	3.34512e-02
0.88889	3.25868e-02
0.89764	2.20923e-02
0.89764	2.20923e-02
0.90647	2.04061e-02
0.90979	1.70461e-02
0.90819	2.82183e-02
0.91093	2.90580e-02
0.91574	3.07089e-02
0.91285	2.69237e-02
0.91054	3.04459e-02
0.90439	2.72501e-02
0.90583	2.54851e-02
0.90665	2.64402e-02
0.91662	2.36090e-02
0.91654	2.36131e-02
0.91654	2.36131e-02
0.92443	2.77822e-02
0.92801	2.81817e-02
0.92889	2.80570e-02
0.92755	2.83489e-02
0.91829	2.00736e-02
0.91522	2.04472e-02
0.92587	2.55116e-02
0.93446	1.52867e-02
0.93215	2.21275e-02
0.93296	1.42514e-02
0.93928	1.70197e-02
0.93528	2.77074e-02
0.93451	2.74054e-02
0.94531	1.96096e-02
0.94643	2.00385e-02
0.94824	1.98875e-02
0.94368	2.18333e-02
0.94797	2.27283e-02
0.94867	2.42376e-02
0.94476	2.59292e-02
0.94393	2.05017e-02
0.94622	2.10317e-02
0.94505	2.10719e-02
0.93801	1.66118e-02
0.93792	1.58160e-02
0.93614	1.40427e-02
0.93614	1.40427e-02
0.94197	1.28811e-02
0.94289	1.31148e-02
0.94232	1.24717e-02
0.94428	1.62984e-02
0.93689	1.51665e-02
0.93703	1.35747e-02
0.93793	1.51848e-02
0.93793	1.51848e-02
0.94162	2.09152e-02
0.94794	1.24376e-02
0.95118	1.27056e-02
0.95268	1.06945e-02
0.95269	1.24361e-02
0.95630	1.42429e-02
0.94445	1.28943e-02
0.94665	1.29072e-02
0.95117	1.49742e-02
0.95117	1.49742e-02
0.94983	1.37279e-02
0.95294	1.28900e-02
0.95244	1.10649e-02
0.94384	1.40410e-02
0.94564	1.59449e-02
0.94718	1.54553e-02
0.95109	1.09051e-02
0.95109	1.09051e-02
0.95109	1.09051e-02
0.95689	1.46430e-02
0.95099	1.57089e-02
0.95351	1.76301e-02
0.95157	1.50245e-02
0.95881	1.44392e-02
0.95780	1.46568e-02
0.95780	1.46568e-02
0.95312	1.47269e-02
0.95849	1.29108e-02
0.95566	2.24505e-02
0.95788	2.23151e-02
0.95391	2.24175e-02
0.95645	2.32068e-02
0.95285	2.32109e-02
0.94973	2.19674e-02
0.95207	2.25801e-02
0.95214	2.25700e-02
0.95248	1.47852e-02
0.94926	1.95025e-02
0.94945	2.11358e-02
0.95263	2.17265e-02
0.95280	2.18833e-02
0.95745	2.39926e-02
0.95551	2.40064e-02
0.96313	1.50769e-02
0.95727	1.59409e-02
0.96427	1.55713e-02
0.96386	1.56291e-02
0.96042	1.33649e-02
0.96019	1.35045e-02
0.96239	1.56026e-02
0.96145	1.60851e-02
0.96581	1.59751e-02
0.96481	1.53945e-02
0.95975	1.40728e-02
0.96264	1.31759e-02
0.96389	1.23439e-02
0.96578	1.27845e-02
0.96324	1.15047e-02
0.96397	1.17683e-02
0.96515	1.29126e-02
0.95691	1.59328e-02
0.95861	1.82484e-02
0.95861	1.82484e-02
0.95776	1.82684e-02
0.95689	1.85136e-02
0.95679	1.86451e-02
0.95600	1.99606e-02
0.95985	2.00781e-02
0.96289	2.00460e-02
0.96022	1.93113e-02
0.96001	2.02204e-02
0.96233	2.13476e-02
0.96273	2.18470e-02
0.96273	2.18470e-02
0.96425	2.02738e-02
0.96445	2.11958e-02
0.96717	1.99833e-02
0.96530	2.11094e-02
0.96559	2.19252e-02
0.97075	1.71268e-02
0.97265	1.52311e-02
0.96835	1.43002e-02
0.96969	1.76487e-02
0.97303	1.76150e-02
0.97186	1.80399e-02
0.97185	1.80555e-02
0.96757	2.07167e-02
0.96862	2.07525e-02
0.96166	1.84067e-02
0.95785	1.58763e-02
0.95785	1.58763e-02
0.96191	1.43768e-02
0.96165	1.01265e-02
0.96301	1.45275e-02
0.96648	1.59280e-02
0.96272	1.56188e-02
0.96282	1.56179e-02
0.96282	1.56179e-02
0.96937	1.68976e-02
0.96761	1.84094e-02
0.96719	1.87709e-02
0.96921	1.78567e-02
0.97350	1.62902e-02
0.97517	1.65127e-02
0.97546	1.64031e-02
0.97750	1.49450e-02
0.97492	1.42137e-02
0.97963	1.27132e-02
0.98035	1.31390e-02
0.98044	1.32135e-02
0.98044	1.32135e-02
0.97798	1.60877e-02
0.97807	1.61773e-02
0.97693	1.74524e-02
0.97549	1.62186e-02
0.97219	1.51807e-02
0.97219	1.51807e-02
0.97442	1.70339e-02
0.97442	1.70339e-02
0.97773	1.46364e-02
0.97745	1.44695e-02
0.98076	1.47590e-02
0.98075	1.47571e-02
0.98240	1.08062e-02
0.97771	1.25309e-02
0.97771	1.25309e-02
0.97771	1.25309e-02
0.97783	1.26502e-02
0.98113	1.00531e-02
0.98117	1.00019e-02
0.98133	9.76831e-03
0.97666	1.41884e-02
0.97666	1.41884e-02
0.97202	1.17698e-02
0.97202	1.17698e-02
0.97252	1.25752e-02
0.97752	1.50225e-02
0.96868	6.94482e-03
0.97631	5.17496e-03
0.97631	5.17496e-03
0.97631	5.17496e-03
0.97709	6.42824e-03
0.97709	6.42824e-03
0.98207	8.35746e-03
0.98207	8.35746e-03
0.98207	8.35746e-03
0.98217	8.74615e-03
0.98629	6.13347e-03
0.99145	8.57455e-04
0.99145	8.57455e-04
0.99300	2.40087e-03
0.98823	9.02624e-03
0.98823	9.02624e-03
0.98823	9.02624e-03
0.98389	1.01216e-02
0.98877	8.88836e-03
0.98876	8.87868e-03
0.98610	8.76155e-03
0.98385	9.97649e-03
0.98383	9.96197e-03
0.98383	9.96197e-03
0.98383	9.96197e-03
0.98383	9.95900e-03
0.97387	0.00000e+00
0.97387	0.00000e+00
0.97387	0.00000e+00
0.99011	0.00000e+00
0.99429	0.00000e+00
0.99427	0.00000e+00
0.99427	0.00000e+00
0.99427	0.00000e+00
0.99426	0.00000e+00
