0.96298	1.13908e-02
0.93849	1.68916e-02
0.91878	3.46742e-02
0.89226	4.36070e-02
0.88037	5.15883e-02
0.83608	7.41523e-02
0.79766	1.02143e-01
0.75131	1.22439e-01
0.69248	1.68406e-01
0.65565	1.87463e-01
0.64089	1.99310e-01
0.58979	2.62060e-01
0.61060	2.21913e-01
0.59316	2.29920e-01
0.54610	2.32977e-01
0.50780	2.40202e-01
0.51945	2.10159e-01
0.54101	2.04823e-01
0.52823	1.66038e-01
0.54615	1.68967e-01
0.56046	1.60409e-01
0.58074	1.54562e-01
0.54919	1.82660e-01
0.56364	1.86241e-01
0.55876	1.89505e-01
0.56336	1.11109e-01
0.54467	1.52835e-01
0.60245	7.96714e-02
0.59940	1.02921e-01
0.61352	1.38964e-01
0.62428	1.00202e-01
0.58648	1.05102e-01
0.60623	9.70364e-02
0.62151	8.10474e-02
0.61570	8.41171e-02
0.63502	1.01430e-01
0.59624	9.67675e-02
0.61976	9.11896e-02
0.62980	6.58571e-02
0.60825	6.47317e-02
0.61087	6.83711e-02
0.60919	8.37811e-02
0.62080	7.92410e-02
0.64212	8.76445e-02
0.63655	8.58489e-02
0.60285	7.03988e-02
0.64579	5.87656e-02
0.62284	7.97813e-02
0.61619	4.93218e-02
0.62133	7.02651e-02
0.62361	7.76703e-02
0.61454	5.69381e-02
0.63021	6.35455e-02
0.63467	4.56301e-02
0.61085	6.73335e-02
0.64789	6.24322e-02
0.61878	6.91523e-02
0.64148	5.28263e-02
0.63015	4.44529e-02
0.61798	3.69525e-02
0.60499	6.28653e-02
0.61911	5.49604e-02
0.59542	5.75330e-02
0.58899	6.36191e-02
0.60851	8.63900e-02
0.61325	7.34293e-02
0.60179	8.15979e-02
0.60430	7.50284e-02
0.59190	6.60553e-02
0.58246	7.94783e-02
0.59308	6.46483e-02
0.57015	6.41833e-02
0.57642	7.27400e-02
0.55604	6.98523e-02
0.56931	6.20361e-02
0.57576	6.99826e-02
0.57122	6.81185e-02
0.57264	6.28378e-02
0.56093	5.06947e-02
0.55761	8.00587e-02
0.58071	5.98303e-02
0.54312	6.11460e-02
0.54132	7.56747e-02
0.52281	5.34539e-02
0.48908	5.40360e-02
0.52168	5.30308e-02
0.51812	7.31641e-02
0.52417	7.18238e-02
0.50200	3.63494e-02
0.51561	5.96325e-02
0.50505	6.36053e-02
0.49082	6.03679e-02
0.50998	5.84123e-02
0.48322	5.42605e-02
0.48465	3.59842e-02
0.44031	5.64094e-02
0.49869	6.03818e-02
0.45841	7.35696e-02
0.44064	5.48045e-02
0.47014	5.96450e-02
0.48456	5.88938e-02
0.48167	7.43023e-02
0.48637	6.86896e-02
0.48419	7.17912e-02
0.49171	6.76866e-02
0.48892	6.80534e-02
0.48078	6.71802e-02
0.48578	6.78549e-02
0.48914	8.13746e-02
0.47991	8.38082e-02
0.47424	7.57176e-02
0.46805	7.56705e-02
0.47738	8.23589e-02
0.49609	8.15065e-02
0.49609	8.15065e-02
0.50859	7.26802e-02
0.49866	7.29087e-02
0.51898	5.54857e-02
0.51765	5.67388e-02
0.52356	5.25977e-02
0.51520	6.14547e-02
0.50238	4.95607e-02
0.51114	5.13942e-02
0.51726	5.53816e-02
0.52928	5.16771e-02
0.52928	5.16771e-02
0.51503	5.79767e-02
0.51427	8.59022e-02
0.51276	8.92362e-02
0.51792	8.94512e-02
0.50657	9.27032e-02
0.50657	9.27032e-02
0.50657	9.27032e-02
0.50389	9.84482e-02
0.52015	1.04351e-01
0.53029	1.03237e-01
0.53881	8.81934e-02
0.54234	8.76601e-02
0.54111	8.92003e-02
0.53653	8.97019e-02
0.54883	8.02966e-02
0.53286	7.58968e-02
0.54829	5.95440e-02
0.54022	9.55842e-02
0.55596	5.36051e-02
0.55565	5.81589e-02
0.54990	8.97588e-02
0.54990	8.97588e-02
0.55166	9.35920e-02
0.56071	9.72716e-02
0.55784	9.55001e-02
0.54389	9.44946e-02
0.52771	9.07255e-02
0.53545	9.37737e-02
0.53107	8.88618e-02
0.53904	8.05891e-02
0.52889	5.66422e-02
0.53257	5.50009e-02
0.55538	6.49070e-02
0.55643	6.51371e-02
0.57296	7.67072e-02
0.55841	7.13297e-02
0.55771	6.70420e-02
0.56234	7.02556e-02
0.55883	8.18178e-02
0.55265	7.69674e-02
0.57020	6.51409e-02
0.56522	6.31156e-02
0.56449	6.28774e-02
0.57041	6.65050e-02
0.57621	6.80703e-02
0.56251	6.61393e-02
0.56545	7.03138e-02
0.57434	7.12920e-02
0.58786	7.95898e-02
0.59041	8.10106e-02
0.58522	7.68123e-02
0.58030	7.46353e-02
0.58272	7.55753e-02
0.59404	8.58201e-02
0.59699	8.89343e-02
0.61029	9.71244e-02
0.61346	9.46520e-02
0.60555	9.46124e-02
0.60847	9.98668e-02
0.60303	9.64015e-02
0.59842	9.26864e-02
0.59837	9.38187e-02
0.60635	9.93689e-02
0.58473	9.83990e-02
0.58636	1.01329e-01
0.59100	1.04164e-01
0.58868	1.05022e-01
0.59590	1.05192e-01
0.61029	1.00668e-01
0.60516	9.60857e-02
0.60082	9.57034e-02
0.60383	9.48536e-02
0.60454	9.25503e-02
0.60248	9.19064e-02
0.60344	9.39642e-02
0.59908	9.15415e-02
0.60079	9.17998e-02
0.59592	9.01681e-02
0.59689	9.05772e-02
0.60727	9.96486e-02
0.61144	1.03933e-01
0.62086	8.26583e-02
0.61783	9.36167e-02
0.61489	9.09764e-02
0.61477	9.08029e-02
0.61444	9.05784e-02
0.61374	8.74807e-02
0.61758	9.23453e-02
0.63504	8.27087e-02
0.62341	8.71552e-02
0.62684	8.89370e-02
0.63499	9.00352e-02
0.63979	9.20791e-02
0.63163	8.56882e-02
0.63224	8.57008e-02
0.64324	9.17941e-02
0.64021	9.24076e-02
0.63248	8.94213e-02
0.63013	8.97078e-02
0.63262	9.04541e-02
0.63244	9.03897e-02
0.64283	9.55821e-02
0.66012	6.70434e-02
0.65010	8.56393e-02
0.65212	8.49975e-02
0.66446	8.73744e-02
0.67047	8.66677e-02
0.65783	8.76395e-02
0.65589	8.46373e-02
0.64801	8.82119e-02
0.64090	8.51021e-02
0.64511	7.08079e-02
0.65161	5.50538e-02
0.66880	7.05007e-02
0.67837	6.63879e-02
0.67953	6.89044e-02
0.68051	6.52951e-02
0.66889	6.11831e-02
0.67594	5.96162e-02
0.68937	6.21224e-02
0.68852	6.18685e-02
0.68901	6.28995e-02
0.68901	6.28995e-02
0.68609	5.96751e-02
0.68980	6.35133e-02
0.69701	5.89291e-02
0.70581	6.15084e-02
0.71252	6.17382e-02
0.71859	6.26925e-02
0.72231	6.19986e-02
0.72231	6.19986e-02
0.72094	6.17984e-02
0.71828	6.53971e-02
0.70867	6.10857e-02
0.71301	6.44697e-02
0.71976	6.70722e-02
0.72527	6.82354e-02
0.72417	6.19352e-02
0.72107	6.06210e-02
0.72514	6.21698e-02
0.73085	6.78653e-02
0.72494	6.18623e-02
0.72711	6.24212e-02
0.73420	6.50109e-02
0.74115	6.42068e-02
0.74729	5.45735e-02
0.74157	4.89478e-02
0.74433	5.47923e-02
0.73667	5.00070e-02
0.73667	5.00070e-02
0.74043	5.65717e-02
0.73912	6.81771e-02
0.73638	6.78175e-02
0.74955	7.05870e-02
0.74473	7.37911e-02
0.74655	7.77773e-02
0.75311	7.64074e-02
0.75138	7.54196e-02
0.75089	7.52821e-02
0.75063	7.54647e-02
0.74831	7.26508e-02
0.75198	7.75566e-02
0.75210	7.60474e-02
0.75026	7.48002e-02
0.75807	8.15221e-02
0.76060	8.41512e-02
0.76609	8.07639e-02
0.77391	8.69334e-02
0.77393	8.66882e-02
0.77830	6.96342e-02
0.78621	5.78343e-02
0.78012	5.51323e-02
0.79286	5.09691e-02
0.79438	5.89791e-02
0.79058	7.01178e-02
0.79155	6.81863e-02
0.79210	4.64306e-02
0.79408	4.94028e-02
0.79295	4.91852e-02
0.79438	5.16544e-02
0.79917	5.70208e-02
0.80200	5.61884e-02
0.79046	5.06164e-02
0.79081	5.06842e-02
0.80071	5.53578e-02
0.80086	6.29577e-02
0.80091	6.29896e-02
0.80250	6.28666e-02
0.80235	5.98219e-02
0.79842	5.61603e-02
0.80075	5.71825e-02
0.80685	5.82476e-02
0.81256	5.37056e-02
0.81075	5.53940e-02
0.81108	5.62099e-02
0.80982	5.69185e-02
0.81407	5.73530e-02
0.81407	5.87376e-02
0.81826	5.81507e-02
0.82399	6.15424e-02
0.81948	6.10101e-02
0.82491	6.11387e-02
0.82351	5.98481e-02
0.82658	6.16932e-02
0.82325	5.90507e-02
0.82757	5.70534e-02
0.82757	5.70534e-02
0.83951	6.56371e-02
0.83750	6.57470e-02
0.84144	6.82561e-02
0.84114	6.86466e-02
0.84611	6.56089e-02
0.84818	7.09880e-02
0.84818	7.09880e-02
0.84383	7.17642e-02
0.84066	6.59708e-02
0.84980	6.17264e-02
0.85110	6.15992e-02
0.85298	6.26786e-02
0.85413	6.36969e-02
0.86200	5.39100e-02
0.86761	4.79535e-02
0.87073	4.91185e-02
0.85999	3.92738e-02
0.86430	3.74094e-02
0.86024	4.16650e-02
0.86378	4.28884e-02
0.86516	4.02911e-02
0.86525	3.92973e-02
0.86374	3.78523e-02
0.86151	3.68494e-02
0.86521	4.41841e-02
0.86287	4.25649e-02
0.86320	4.26985e-02
0.86465	4.36383e-02
0.86431	4.34250e-02
0.87226	4.89021e-02
0.87399	4.97326e-02
0.87916	5.31683e-02
0.87522	5.76745e-02
0.88033	5.56440e-02
0.88191	5.54873e-02
0.88981	5.21750e-02
0.88981	5.21750e-02
0.88981	5.21750e-02
0.88685	5.06804e-02
0.88685	5.06804e-02
0.88913	5.39090e-02
0.88929	5.39278e-02
0.89193	5.05938e-02
0.88542	5.05379e-02
0.88658	4.89915e-02
0.88872	4.44342e-02
0.88872	4.44342e-02
0.89105	4.13721e-02
0.89105	4.13721e-02
0.89621	4.52170e-02
0.89600	4.54084e-02
0.89862	4.14900e-02
0.90140	4.05240e-02
0.89373	3.90743e-02
0.90365	4.24903e-02
0.89444	3.72222e-02
0.89444	3.72222e-02
0.89943	4.33387e-02
0.90308	4.27352e-02
0.90308	4.27352e-02
0.90306	4.27300e-02
0.90306	4.27300e-02
0.90773	3.30845e-02
0.90707	2.75904e-02
0.90631	3.44785e-02
0.90569	3.42973e-02
0.90543	2.97371e-02
0.89907	3.66485e-02
0.88493	2.02858e-02
0.90099	2.93840e-02
0.89074	1.97403e-02
0.89731	2.46043e-02
0.89731	2.46043e-02
0.89731	2.46043e-02
0.91389	2.74686e-02
0.90817	1.84402e-02
0.91390	2.42886e-02
0.91687	2.71114e-02
0.92461	3.64177e-02
0.89531	7.89074e-03
0.89693	9.82470e-03
0.90122	5.58289e-03
0.90122	5.58289e-03
0.90230	1.80546e-02
0.90106	1.64134e-02
0.90106	1.64134e-02
0.90342	1.90450e-02
0.90342	1.90450e-02
0.90342	1.90450e-02
0.91313	2.15018e-02
0.91467	2.26962e-02
0.91467	2.26962e-02
0.92426	9.29029e-03
0.92773	1.31575e-02
0.93082	1.70679e-02
0.91973	8.23879e-03
0.91973	8.23879e-03
0.91973	8.23879e-03
0.91973	8.23879e-03
0.91973	8.23879e-03
0.90408	2.38852e-02
0.90408	2.38852e-02
0.90408	2.38852e-02
0.90408	2.38852e-02
0.90408	2.38852e-02
0.90408	2.38852e-02
0.92584	2.13321e-03
0.92525	1.54393e-03
0.92643	2.73101e-03
0.92926	5.55994e-03
0.93597	1.22687e-02
0.92370	0.00000e+00
0.92370	0.00000e+00
0.92370	0.00000e+00
0.92370	0.00000e+00
0.93506	0.00000e+00
0.93506	0.00000e+00
0.91115	0.00000e+00
0.91115	0.00000e+00
0.91115	0.00000e+00
0.91115	0.00000e+00
0.91115	0.00000e+00
0.91115	0.00000e+00
0.95392	0.00000e+00
0.92884	0.00000e+00
0.92884	0.00000e+00
0.92884	0.00000e+00
0.92884	0.00000e+00
0.92884	0.00000e+00
0.92884	0.00000e+00
0.95261	0.00000e+00
0.94506	0.00000e+00
0.94506	0.00000e+00
0.94506	0.00000e+00
0.94506	0.00000e+00
0.94506	0.00000e+00
0.96496	0.00000e+00
