0.99342	1.00323e-03
0.98477	9.25602e-03
0.97846	1.34234e-02
0.95952	1.95348e-02
0.95718	1.20742e-02
0.93627	1.78842e-02
0.94634	3.54646e-02
0.92077	3.64051e-02
0.89951	3.44130e-02
0.89599	4.05108e-02
0.89272	5.39310e-02
0.87616	4.59342e-02
0.87217	4.90990e-02
0.84266	5.60643e-02
0.80737	8.77671e-02
0.81918	7.98651e-02
0.83121	8.51710e-02
0.83489	5.19493e-02
0.82896	7.22275e-02
0.83249	4.44047e-02
0.82624	4.55601e-02
0.82183	3.10413e-02
0.82974	5.14303e-02
0.81745	4.66351e-02
0.81157	5.06558e-02
0.80947	6.00081e-02
0.79670	6.64189e-02
0.77826	6.79455e-02
0.81063	4.32902e-02
0.79947	7.67026e-02
0.77462	6.04757e-02
0.79059	4.90084e-02
0.78532	5.86457e-02
0.78097	4.99756e-02
0.79571	3.83581e-02
0.77709	6.14968e-02
0.76721	7.59112e-02
0.78779	5.76685e-02
0.75880	5.70579e-02
0.77221	6.35503e-02
0.79169	7.37689e-02
0.77667	6.32828e-02
0.78997	4.86119e-02
0.78295	5.51419e-02
0.78835	5.93464e-02
0.79142	4.84312e-02
0.78378	4.12601e-02
0.76490	4.98105e-02
0.78218	4.92084e-02
0.76954	4.24809e-02
0.75565	5.03701e-02
0.76165	7.82260e-02
0.76357	6.00828e-02
0.75503	6.00364e-02
0.74718	5.43258e-02
0.73979	5.92182e-02
0.73161	3.86440e-02
0.73262	5.55220e-02
0.74104	5.96184e-02
0.71941	7.60376e-02
0.73813	5.99184e-02
0.71892	6.55535e-02
0.72215	8.15046e-02
0.70478	7.58943e-02
0.74119	3.82320e-02
0.71112	6.46815e-02
0.70592	7.94926e-02
0.69483	7.97807e-02
0.70097	5.47341e-02
0.72551	4.32473e-02
0.67581	7.49041e-02
0.66683	6.31991e-02
0.69007	5.26720e-02
0.65550	6.15996e-02
0.66036	5.84577e-02
0.64355	5.78748e-02
0.64249	6.62955e-02
0.65503	3.62121e-02
0.63224	8.12711e-02
0.63470	6.96694e-02
0.62169	6.88218e-02
0.61191	6.59741e-02
0.61296	5.68511e-02
0.60039	7.27981e-02
0.60171	6.27554e-02
0.59800	7.92857e-02
0.60013	6.65055e-02
0.62411	7.17617e-02
0.58438	8.06765e-02
0.57090	7.33237e-02
0.58449	8.14587e-02
0.57126	1.02656e-01
0.57610	7.73807e-02
0.53867	7.34310e-02
0.54821	7.73519e-02
0.54713	6.28794e-02
0.52627	7.39795e-02
0.50898	8.82565e-02
0.52629	7.09070e-02
0.52319	7.36670e-02
0.53713	6.27890e-02
0.53617	6.35530e-02
0.55571	5.96585e-02
0.54463	7.05861e-02
0.54931	8.18888e-02
0.55450	7.86628e-02
0.55269	7.96909e-02
0.57445	7.41607e-02
0.58022	6.87496e-02
0.58270	6.69057e-02
0.57466	7.97271e-02
0.57445	7.99236e-02
0.57128	7.93727e-02
0.57326	7.37360e-02
0.57380	6.38355e-02
0.57863	7.47578e-02
0.62856	8.38710e-02
0.63207	8.16461e-02
0.60523	7.35035e-02
0.61032	7.40786e-02
0.59664	7.65608e-02
0.61381	6.99446e-02
0.61978	7.30854e-02
0.64658	7.73158e-02
0.64176	7.36021e-02
0.63557	7.26824e-02
0.63869	7.79106e-02
0.64461	7.39241e-02
0.64852	6.23365e-02
0.64526	5.43918e-02
0.64706	5.39700e-02
0.64526	4.98690e-02
0.64526	4.98690e-02
0.65823	5.22952e-02
0.65525	5.36347e-02
0.65170	5.50745e-02
0.66404	6.41994e-02
0.67313	6.69922e-02
0.66310	7.05100e-02
0.66712	6.74429e-02
0.65498	6.60139e-02
0.65732	6.20093e-02
0.66223	5.94763e-02
0.66648	5.93755e-02
0.66717	6.40023e-02
0.67808	6.82384e-02
0.67500	6.64066e-02
0.68227	5.34494e-02
0.68588	6.15902e-02
0.67480	5.10665e-02
0.67676	3.89486e-02
0.67449	4.09357e-02
0.67899	4.61085e-02
0.68487	5.04972e-02
0.68487	5.04972e-02
0.68921	5.62329e-02
0.67957	6.48694e-02
0.67358	6.09814e-02
0.67358	6.09814e-02
0.69140	7.28965e-02
0.70172	7.90626e-02
0.70176	7.90697e-02
0.68388	6.66021e-02
0.69669	5.78924e-02
0.69227	5.56494e-02
0.70344	6.60248e-02
0.70574	6.26593e-02
0.70794	6.09448e-02
0.71163	5.96943e-02
0.72996	4.12960e-02
0.73444	4.71242e-02
0.72824	5.94136e-02
0.71679	6.24186e-02
0.70986	6.58554e-02
0.73005	6.04447e-02
0.73383	6.82278e-02
0.73292	6.81986e-02
0.75273	4.36265e-02
0.75457	4.11789e-02
0.75292	3.97207e-02
0.74456	4.77876e-02
0.74897	5.51310e-02
0.74554	5.40842e-02
0.74410	5.34717e-02
0.74869	5.13181e-02
0.75677	4.81109e-02
0.76253	3.68015e-02
0.76272	3.67116e-02
0.75587	2.79183e-02
0.75610	2.78377e-02
0.75785	2.77514e-02
0.75090	3.94706e-02
0.74487	5.10210e-02
0.74011	5.01102e-02
0.74258	4.42314e-02
0.74949	4.60282e-02
0.74805	4.73760e-02
0.74326	5.14392e-02
0.75211	5.84868e-02
0.75779	6.24799e-02
0.75768	6.21865e-02
0.77493	6.06795e-02
0.78060	5.40962e-02
0.77441	6.16475e-02
0.77668	5.04341e-02
0.77668	5.04341e-02
0.77234	4.56158e-02
0.76176	5.34837e-02
0.76176	5.34837e-02
0.76032	5.18654e-02
0.76432	4.57432e-02
0.77896	5.39216e-02
0.78016	4.13027e-02
0.78326	4.35211e-02
0.77320	4.29804e-02
0.78359	4.45652e-02
0.77982	4.54586e-02
0.77961	4.66373e-02
0.77979	4.93813e-02
0.78379	5.05222e-02
0.78987	5.26425e-02
0.78806	5.53443e-02
0.80668	4.58967e-02
0.80782	4.53609e-02
0.78358	3.95537e-02
0.77124	5.08942e-02
0.77690	5.53871e-02
0.78926	3.72288e-02
0.78826	5.07165e-02
0.79183	5.32532e-02
0.78796	5.21062e-02
0.79613	4.02584e-02
0.80518	3.23402e-02
0.80034	4.71028e-02
0.79518	4.40867e-02
0.79355	4.84445e-02
0.80549	3.65723e-02
0.80959	3.05368e-02
0.80492	3.98438e-02
0.80492	3.98438e-02
0.80339	3.88954e-02
0.80991	4.24460e-02
0.81512	4.35317e-02
0.82051	4.62870e-02
0.82051	4.62870e-02
0.82827	4.52418e-02
0.81771	4.99486e-02
0.81459	4.71700e-02
0.81541	4.81415e-02
0.81541	4.81415e-02
0.81031	4.47346e-02
0.81806	4.01586e-02
0.81806	4.01586e-02
0.81027	3.74467e-02
0.81813	3.21450e-02
0.83353	2.63434e-02
0.82806	3.72918e-02
0.82655	3.54718e-02
0.82646	3.54397e-02
0.82077	3.02855e-02
0.82077	3.02855e-02
0.81885	3.15382e-02
0.82407	3.76266e-02
0.83454	3.69005e-02
0.83589	3.56458e-02
0.84085	2.97357e-02
0.84128	2.95547e-02
0.84312	3.20587e-02
0.84312	3.20587e-02
0.84973	2.78642e-02
0.84384	3.08102e-02
0.84183	3.43799e-02
0.83965	3.38041e-02
0.84422	2.82000e-02
0.83857	4.31321e-02
0.84210	4.67817e-02
0.84264	4.66810e-02
0.84584	4.64382e-02
0.84266	4.19845e-02
0.84266	4.19845e-02
0.83946	4.20103e-02
0.84651	4.49160e-02
0.85882	2.96382e-02
0.85780	2.69305e-02
0.86526	3.43781e-02
0.86526	3.43781e-02
0.85941	3.09809e-02
0.86192	3.66224e-02
0.86451	3.48161e-02
0.86209	3.49757e-02
0.86324	2.81095e-02
0.86367	3.20157e-02
0.86252	2.94910e-02
0.86252	2.94910e-02
0.85941	4.16438e-02
0.86069	4.21605e-02
0.86484	4.47666e-02
0.87881	2.85979e-02
0.87103	3.02058e-02
0.87035	4.77728e-02
0.87911	4.28420e-02
0.87941	4.30696e-02
0.87941	4.30696e-02
0.88634	3.21891e-02
0.87809	3.87061e-02
0.87452	3.55454e-02
0.87809	3.59854e-02
0.87814	3.59903e-02
0.87201	4.34373e-02
0.87471	4.65581e-02
0.87280	4.57264e-02
0.87280	4.57264e-02
0.87726	4.49476e-02
0.88622	4.96721e-02
0.89438	4.02175e-02
0.89248	3.78361e-02
0.89522	3.91541e-02
0.90005	4.07416e-02
0.89282	4.48559e-02
0.88905	4.67361e-02
0.89393	3.64002e-02
0.88544	3.72215e-02
0.88653	3.66872e-02
0.88505	3.53451e-02
0.89559	3.83725e-02
0.89502	4.07229e-02
0.89512	4.08104e-02
0.91038	2.90334e-02
0.91523	2.96391e-02
0.91542	2.94414e-02
0.91239	2.77795e-02
0.91223	2.87592e-02
0.91346	2.53756e-02
0.91757	1.91899e-02
0.91954	1.83663e-02
0.92044	2.34122e-02
0.92655	1.77478e-02
0.92452	1.95762e-02
0.92576	1.91461e-02
0.92202	2.95082e-02
0.92710	1.73674e-02
0.92422	2.01391e-02
0.92919	2.44123e-02
0.92353	3.64644e-02
0.92472	3.55894e-02
0.92142	3.38219e-02
0.92056	3.83770e-02
0.92474	3.10804e-02
0.92887	3.39156e-02
0.93037	2.84636e-02
0.93295	2.97776e-02
0.93295	2.97776e-02
0.92885	3.38811e-02
0.92764	3.61820e-02
0.93109	3.37851e-02
0.93298	3.33473e-02
0.92896	3.56416e-02
0.92374	3.54790e-02
0.92374	3.54790e-02
0.92394	3.15189e-02
0.92475	3.15664e-02
0.92879	2.99115e-02
0.93334	2.91661e-02
0.93123	2.89555e-02
0.93000	2.92348e-02
0.92994	3.25963e-02
0.92293	2.62571e-02
0.92332	2.70551e-02
0.92374	3.14849e-02
0.92698	3.17162e-02
0.92860	2.89899e-02
0.92728	2.80427e-02
0.92161	1.86724e-02
0.92658	2.02994e-02
0.92989	2.20107e-02
0.93126	2.08734e-02
0.93126	2.08734e-02
0.93698	9.72836e-03
0.94251	1.75784e-02
0.94108	1.91733e-02
0.94188	2.50024e-02
0.94153	2.39990e-02
0.93702	2.72548e-02
0.93262	3.26685e-02
0.93262	3.26685e-02
0.93262	3.26685e-02
0.93885	3.11210e-02
0.93027	2.28761e-02
0.93328	2.35996e-02
0.93328	2.35996e-02
0.93628	2.16991e-02
0.93628	2.16991e-02
0.94085	1.00576e-02
0.94187	1.38102e-02
0.94962	4.88111e-03
0.93892	1.48020e-02
0.93892	1.48020e-02
0.93092	1.79773e-02
0.93362	1.65462e-02
0.93656	2.28509e-02
0.93272	2.03524e-02
0.93675	2.68221e-02
0.94690	2.21127e-02
0.95496	1.43064e-02
0.95496	1.43064e-02
0.95496	1.43064e-02
0.95506	1.96383e-02
0.95506	1.96383e-02
0.95864	1.93845e-02
0.95041	1.67676e-02
0.95255	1.49216e-02
0.95035	1.84293e-02
0.95878	1.01682e-02
0.95878	1.01682e-02
0.95640	1.00104e-02
0.95640	1.00104e-02
0.95962	1.29080e-02
0.95859	1.91475e-02
0.96260	1.52164e-02
0.96380	1.49759e-02
0.96431	1.47424e-02
0.95844	1.84102e-02
0.96107	2.18237e-02
0.96200	1.60101e-02
0.96085	1.63933e-02
0.96085	1.63933e-02
0.96633	2.07369e-02
0.96654	2.06050e-02
0.97119	1.99122e-02
0.97119	1.99122e-02
0.96914	2.01474e-02
0.97196	1.53787e-02
0.97812	1.65833e-02
0.97812	1.65833e-02
0.97810	1.65633e-02
0.96835	1.47959e-02
0.96506	1.94359e-02
0.96405	1.88363e-02
0.96405	1.88363e-02
0.97410	5.03982e-03
0.97275	6.79278e-03
0.98760	9.29577e-03
0.98423	9.76873e-03
0.99420	2.09202e-04
0.99399	0.00000e+00
0.99399	0.00000e+00
0.99399	0.00000e+00
0.99399	0.00000e+00
0.99399	0.00000e+00
0.99399	0.00000e+00
0.99458	0.00000e+00
