0.99407	4.43112e-04
0.98166	9.11346e-03
0.97676	1.07125e-02
0.96106	1.73038e-02
0.95396	2.11445e-02
0.93207	3.76327e-02
0.94095	3.24122e-02
0.94603	3.31168e-02
0.93038	3.33612e-02
0.92080	3.21711e-02
0.91600	3.21058e-02
0.89881	5.24105e-02
0.90362	3.68587e-02
0.88728	4.66427e-02
0.88328	5.13056e-02
0.90117	2.46889e-02
0.89384	3.06544e-02
0.87836	2.42962e-02
0.87530	3.89434e-02
0.88894	4.80716e-02
0.88605	4.09416e-02
0.85753	4.16269e-02
0.86839	4.84580e-02
0.87049	3.73038e-02
0.84749	4.78407e-02
0.83781	3.54187e-02
0.83771	3.55977e-02
0.83622	3.66118e-02
0.82123	5.19199e-02
0.83251	3.08890e-02
0.83747	4.79893e-02
0.83482	2.64731e-02
0.79857	4.48049e-02
0.80004	3.71081e-02
0.79339	4.59291e-02
0.78574	5.04718e-02
0.79109	3.39933e-02
0.79144	4.23292e-02
0.79741	6.14595e-02
0.78124	5.27077e-02
0.74754	5.78484e-02
0.76828	5.92355e-02
0.77450	5.64271e-02
0.75774	6.21159e-02
0.76885	4.29878e-02
0.77073	6.38452e-02
0.76588	4.67110e-02
0.74962	5.70920e-02
0.76074	5.40241e-02
0.74947	3.03715e-02
0.76056	6.15330e-02
0.76876	5.37400e-02
0.76222	5.41108e-02
0.74859	4.41140e-02
0.73248	3.81451e-02
0.74896	5.03790e-02
0.73140	4.71117e-02
0.71901	4.71843e-02
0.72529	4.17765e-02
0.70015	6.23074e-02
0.71673	4.02288e-02
0.70244	4.14597e-02
0.69191	6.26746e-02
0.68704	4.51026e-02
0.69897	5.74436e-02
0.70320	5.67579e-02
0.69302	4.83151e-02
0.67530	3.74181e-02
0.71146	6.66740e-02
0.66614	5.23369e-02
0.66168	3.92740e-02
0.67839	4.62647e-02
0.65784	5.28071e-02
0.66196	5.67230e-02
0.64860	6.10782e-02
0.63500	2.91618e-02
0.63171	4.59511e-02
0.64826	4.55217e-02
0.60265	5.09580e-02
0.62052	5.64401e-02
0.62153	4.63690e-02
0.58845	4.31795e-02
0.59702	6.37979e-02
0.60267	5.25129e-02
0.58823	5.89056e-02
0.55403	3.36127e-02
0.58445	4.94897e-02
0.57392	7.55224e-02
0.54709	5.33907e-02
0.51383	5.53273e-02
0.54936	5.79748e-02
0.54598	5.98266e-02
0.52104	4.45403e-02
0.51233	4.77270e-02
0.53055	6.08352e-02
0.52044	8.24273e-02
0.50516	3.30443e-02
0.49088	6.92747e-02
0.49821	7.09218e-02
0.54842	5.43441e-02
0.53215	7.59648e-02
0.53125	7.67273e-02
0.52444	7.80338e-02
0.53059	8.46496e-02
0.53369	8.92550e-02
0.54240	8.40798e-02
0.55736	6.88557e-02
0.55606	6.90839e-02
0.54442	5.98425e-02
0.55087	6.88582e-02
0.55403	6.42291e-02
0.56073	6.74524e-02
0.56362	6.30769e-02
0.56720	6.21711e-02
0.56074	6.13358e-02
0.57311	6.55074e-02
0.57052	6.19821e-02
0.56174	5.57038e-02
0.58158	7.53030e-02
0.57392	6.96966e-02
0.58669	7.76567e-02
0.59154	8.43978e-02
0.58647	7.63063e-02
0.58954	7.43808e-02
0.58906	7.52537e-02
0.59611	6.91465e-02
0.58884	6.72232e-02
0.59304	6.36730e-02
0.60098	6.40806e-02
0.60264	6.20748e-02
0.60264	6.20748e-02
0.61600	5.54405e-02
0.60337	6.37563e-02
0.61925	6.17292e-02
0.62636	6.21561e-02
0.63699	7.50296e-02
0.63686	6.79864e-02
0.63960	7.32142e-02
0.64473	5.37748e-02
0.64297	5.25712e-02
0.64670	5.26405e-02
0.65005	5.44733e-02
0.65301	6.09303e-02
0.64228	6.59547e-02
0.63254	7.93640e-02
0.64375	8.27719e-02
0.65177	6.39382e-02
0.65383	6.47376e-02
0.66430	6.25908e-02
0.66551	6.01561e-02
0.64775	5.27643e-02
0.64966	5.33400e-02
0.64526	5.07656e-02
0.64526	5.07656e-02
0.66716	8.00179e-02
0.65430	7.43745e-02
0.66852	7.94885e-02
0.69923	6.74286e-02
0.70067	6.77676e-02
0.68554	5.88180e-02
0.67651	5.34240e-02
0.68055	4.91299e-02
0.67793	4.11189e-02
0.68341	3.83743e-02
0.68919	5.38742e-02
0.69249	5.21352e-02
0.70022	5.00840e-02
0.69498	5.53716e-02
0.69620	5.42496e-02
0.70445	6.26495e-02
0.72402	5.95128e-02
0.72884	5.53189e-02
0.72159	6.24067e-02
0.72227	5.46247e-02
0.71892	5.55937e-02
0.70489	5.26361e-02
0.70489	5.26361e-02
0.70489	5.26361e-02
0.70556	5.36035e-02
0.72079	5.09236e-02
0.71826	4.53757e-02
0.73424	4.83850e-02
0.73521	5.02028e-02
0.74357	5.33890e-02
0.74442	5.26534e-02
0.73501	5.85513e-02
0.74605	4.75147e-02
0.74501	4.64844e-02
0.74451	4.61057e-02
0.74318	4.30970e-02
0.72648	4.07682e-02
0.72651	4.07793e-02
0.73438	3.49397e-02
0.74095	4.17801e-02
0.73756	3.71173e-02
0.72911	4.72139e-02
0.73611	3.99849e-02
0.73083	4.83434e-02
0.73745	3.86221e-02
0.73745	3.86221e-02
0.73432	4.23445e-02
0.74522	3.86596e-02
0.75940	3.37805e-02
0.75281	3.47404e-02
0.75594	4.12716e-02
0.75215	4.15703e-02
0.75780	3.16754e-02
0.76285	3.64469e-02
0.74929	5.02040e-02
0.74537	5.38518e-02
0.74437	5.27669e-02
0.74255	5.13957e-02
0.74343	5.21581e-02
0.75213	6.82719e-02
0.75028	6.77043e-02
0.75816	7.47844e-02
0.76530	7.47107e-02
0.77365	6.47017e-02
0.75671	4.95687e-02
0.77378	3.87501e-02
0.77849	4.08481e-02
0.77836	4.48111e-02
0.76717	5.43909e-02
0.76724	5.43441e-02
0.76543	5.58561e-02
0.77997	5.75172e-02
0.77842	4.65564e-02
0.77605	4.56962e-02
0.78122	4.67579e-02
0.77836	4.59605e-02
0.78195	4.57851e-02
0.78183	4.18472e-02
0.78187	4.18436e-02
0.78687	4.40208e-02
0.78251	4.18301e-02
0.77387	2.86628e-02
0.78426	3.07642e-02
0.79098	2.40026e-02
0.79217	3.31220e-02
0.79564	3.86406e-02
0.79807	4.51576e-02
0.79807	4.51576e-02
0.78906	3.77322e-02
0.79899	3.49208e-02
0.80795	3.56663e-02
0.81323	4.08336e-02
0.81323	4.08336e-02
0.81771	3.90671e-02
0.81794	3.92306e-02
0.81547	4.00183e-02
0.82086	3.02794e-02
0.82237	3.41987e-02
0.82237	3.41987e-02
0.81553	2.47123e-02
0.82202	2.66041e-02
0.82281	2.39323e-02
0.81140	3.91939e-02
0.82519	4.76393e-02
0.82950	2.99280e-02
0.83063	2.99815e-02
0.83063	2.99815e-02
0.82466	3.11184e-02
0.82802	3.62504e-02
0.83504	4.53278e-02
0.83663	4.57223e-02
0.83681	3.95718e-02
0.83940	4.27922e-02
0.84060	4.19891e-02
0.84097	4.27339e-02
0.83708	4.18156e-02
0.83800	4.23332e-02
0.83887	3.99783e-02
0.82873	4.48455e-02
0.83018	4.38731e-02
0.83286	4.26973e-02
0.82639	4.38391e-02
0.82393	4.57848e-02
0.83220	5.21112e-02
0.82955	5.15285e-02
0.82572	5.13973e-02
0.82111	4.60762e-02
0.82657	4.65726e-02
0.83445	5.23401e-02
0.83057	4.60282e-02
0.83497	3.77203e-02
0.83497	3.77203e-02
0.83840	4.21421e-02
0.84892	3.31328e-02
0.85499	3.42320e-02
0.85499	3.42320e-02
0.85511	3.34871e-02
0.84664	4.36222e-02
0.84935	4.04994e-02
0.85088	4.09094e-02
0.86049	4.56084e-02
0.87949	3.47393e-02
0.87549	4.15588e-02
0.87976	2.81192e-02
0.87720	2.36976e-02
0.88179	3.18396e-02
0.87811	3.98622e-02
0.87632	2.83869e-02
0.88097	3.79072e-02
0.88558	3.37170e-02
0.87760	4.60790e-02
0.87448	4.03271e-02
0.88468	4.78763e-02
0.89009	3.92720e-02
0.89121	3.89501e-02
0.89587	3.57190e-02
0.90396	2.84956e-02
0.90685	3.15466e-02
0.89988	2.59299e-02
0.89602	2.98013e-02
0.89936	3.14302e-02
0.90304	3.27906e-02
0.89310	4.15623e-02
0.88815	4.32576e-02
0.88971	3.80628e-02
0.88783	3.91203e-02
0.89681	4.49778e-02
0.89241	4.56936e-02
0.89609	4.57120e-02
0.89227	4.74274e-02
0.89502	4.67930e-02
0.90316	5.17187e-02
0.90316	5.17187e-02
0.89804	4.95374e-02
0.90398	4.79346e-02
0.90531	4.26334e-02
0.90774	4.01888e-02
0.90983	4.07535e-02
0.91471	3.88139e-02
0.91365	3.70597e-02
0.91439	3.43350e-02
0.91906	3.76717e-02
0.91376	3.27677e-02
0.90968	3.54042e-02
0.90668	3.62899e-02
0.90740	2.72560e-02
0.91063	2.59966e-02
0.90626	3.11691e-02
0.90654	3.13843e-02
0.90910	3.07241e-02
0.91139	3.20482e-02
0.91714	4.01497e-02
0.91934	3.58209e-02
0.92629	2.93877e-02
0.92512	2.87140e-02
0.92532	2.45526e-02
0.92607	2.31407e-02
0.92748	2.39791e-02
0.92584	2.39258e-02
0.93295	1.19841e-02
0.92452	2.34031e-02
0.92614	2.40132e-02
0.92113	2.58698e-02
0.92559	3.38647e-02
0.92545	3.41137e-02
0.91579	2.57057e-02
0.91566	2.58294e-02
0.91959	2.96032e-02
0.92219	2.59397e-02
0.92794	2.96824e-02
0.93320	3.49151e-02
0.92818	3.57922e-02
0.93729	2.56373e-02
0.93729	2.56373e-02
0.93729	2.56373e-02
0.94067	2.44837e-02
0.94588	2.72983e-02
0.94346	2.58040e-02
0.94925	1.93236e-02
0.95146	2.28177e-02
0.94655	1.83697e-02
0.94547	1.88816e-02
0.93870	1.62434e-02
0.94285	1.67587e-02
0.94708	2.18179e-02
0.94594	2.60166e-02
0.95103	2.38866e-02
0.95133	2.70407e-02
0.95708	2.42450e-02
0.95231	1.84146e-02
0.95159	1.95966e-02
0.95122	2.79994e-02
0.95122	2.79994e-02
0.95653	2.40709e-02
0.95973	2.73967e-02
0.94925	2.96257e-02
0.94926	2.96440e-02
0.93816	2.19685e-02
0.93816	2.19685e-02
0.93358	2.16674e-02
0.94640	9.86812e-03
0.94640	9.86812e-03
0.94178	1.32523e-02
0.94262	1.32585e-02
0.94262	1.32585e-02
0.94914	1.05770e-02
0.96043	1.33764e-02
0.96043	1.33764e-02
0.95199	2.23681e-02
0.94762	2.50525e-02
0.95709	2.22884e-02
0.95945	2.33027e-02
0.96397	1.58258e-02
0.95863	1.22561e-02
0.95798	1.33328e-02
0.96584	2.01973e-02
0.96584	2.01973e-02
0.96584	2.01973e-02
0.96943	1.51815e-02
0.96195	1.62039e-02
0.96114	1.57161e-02
0.96114	1.57161e-02
0.96114	1.57161e-02
0.96738	2.13461e-02
0.96908	1.87822e-02
0.96906	1.87649e-02
0.96095	1.43591e-02
0.96095	1.43591e-02
0.96095	1.43591e-02
0.96735	2.16647e-02
0.95771	1.64506e-02
0.96760	2.63355e-02
0.94126	0.00000e+00
0.94126	0.00000e+00
0.94126	0.00000e+00
0.94126	0.00000e+00
0.94126	0.00000e+00
0.94849	0.00000e+00
0.95629	0.00000e+00
0.97032	0.00000e+00
0.97032	0.00000e+00
0.97032	0.00000e+00
0.97644	0.00000e+00
0.97644	0.00000e+00
0.97644	0.00000e+00
0.97644	0.00000e+00
0.97644	0.00000e+00
0.97644	0.00000e+00
0.97644	0.00000e+00
0.97644	0.00000e+00
0.97644	0.00000e+00
0.97644	0.00000e+00
0.97644	0.00000e+00
0.97644	0.00000e+00
0.97644	0.00000e+00
0.97644	0.00000e+00
0.97644	0.00000e+00
0.97644	0.00000e+00
0.97644	0.00000e+00
0.97644	0.00000e+00
0.97644	0.00000e+00
0.99190	0.00000e+00
0.99190	0.00000e+00
0.99419	0.00000e+00
0.99419	0.00000e+00
0.99419	0.00000e+00
0.99419	0.00000e+00
0.99429	0.00000e+00
