0.99454	1.03509e-03
0.98612	9.04761e-03
0.97180	1.31602e-02
0.96453	2.27782e-02
0.95971	1.73604e-02
0.94395	3.14170e-02
0.92438	3.77206e-02
0.91367	4.50260e-02
0.90638	5.85318e-02
0.88289	6.99378e-02
0.86531	1.16892e-01
0.83214	1.46300e-01
0.81374	1.73866e-01
0.78498	1.89523e-01
0.76376	2.15741e-01
0.77463	2.29789e-01
0.78147	2.57065e-01
0.81750	1.50193e-01
0.79491	1.59619e-01
0.76011	1.98040e-01
0.77090	2.07431e-01
0.76424	1.92285e-01
0.79813	1.32788e-01
0.78779	1.36465e-01
0.79073	8.53523e-02
0.77936	8.02527e-02
0.79033	8.00744e-02
0.81562	5.41641e-02
0.81462	4.39702e-02
0.81596	7.19590e-02
0.81051	6.47159e-02
0.79125	8.22202e-02
0.78974	8.72016e-02
0.79647	6.19962e-02
0.79569	5.42041e-02
0.79961	6.49007e-02
0.78896	6.90510e-02
0.79062	7.00209e-02
0.80706	4.89693e-02
0.80039	7.07509e-02
0.77866	6.06358e-02
0.79887	2.95243e-02
0.78548	5.49769e-02
0.79048	5.15102e-02
0.78625	3.45129e-02
0.78447	5.03995e-02
0.78035	4.10513e-02
0.77015	5.08714e-02
0.77073	4.76988e-02
0.78765	5.19618e-02
0.77795	5.30612e-02
0.78148	4.98724e-02
0.76837	4.99173e-02
0.77787	3.19715e-02
0.76534	3.90746e-02
0.76281	3.98658e-02
0.74934	4.31935e-02
0.74787	5.84836e-02
0.75078	3.80281e-02
0.73343	4.46018e-02
0.75604	3.30757e-02
0.73337	5.13632e-02
0.74422	3.50023e-02
0.72167	5.76458e-02
0.71702	4.92763e-02
0.70033	7.06537e-02
0.72549	6.67074e-02
0.72422	5.01871e-02
0.68644	5.80649e-02
0.69220	5.41624e-02
0.69306	5.81246e-02
0.68981	6.38387e-02
0.68605	3.50204e-02
0.65530	7.63461e-02
0.67774	5.30609e-02
0.63884	6.61225e-02
0.65095	7.20512e-02
0.65286	8.30661e-02
0.60646	6.45503e-02
0.65358	6.85814e-02
0.63631	5.16864e-02
0.61098	8.75802e-02
0.61450	7.57598e-02
0.59723	8.31517e-02
0.61209	6.37880e-02
0.60173	4.25593e-02
0.61264	8.15317e-02
0.56841	6.39439e-02
0.58009	5.71227e-02
0.60173	5.87743e-02
0.60245	6.52911e-02
0.57480	7.03591e-02
0.59260	5.53644e-02
0.53791	7.84969e-02
0.55819	7.07441e-02
0.56036	6.64294e-02
0.55329	8.82638e-02
0.53430	6.75247e-02
0.53185	6.81666e-02
0.54862	9.23698e-02
0.56701	5.84020e-02
0.55885	6.60192e-02
0.55136	7.56197e-02
0.55072	7.52017e-02
0.58912	5.68471e-02
0.58416	6.44881e-02
0.58179	7.07323e-02
0.59174	5.83812e-02
0.60442	5.94608e-02
0.59471	7.16466e-02
0.58171	8.09075e-02
0.58613	6.79275e-02
0.59432	6.22809e-02
0.60044	6.82600e-02
0.59841	6.34848e-02
0.59765	6.20230e-02
0.59765	6.20230e-02
0.61457	4.55812e-02
0.61124	5.37600e-02
0.60865	5.86030e-02
0.61853	6.11330e-02
0.62033	6.31054e-02
0.62033	6.31054e-02
0.63512	6.28698e-02
0.64918	6.64979e-02
0.65120	6.62134e-02
0.65185	6.32103e-02
0.65935	6.69936e-02
0.65634	6.92490e-02
0.65849	6.89535e-02
0.65555	6.47709e-02
0.66612	6.02628e-02
0.66612	6.02628e-02
0.67218	6.50844e-02
0.66574	6.00952e-02
0.66097	6.20008e-02
0.68650	6.82462e-02
0.68201	7.48030e-02
0.67319	6.16208e-02
0.68947	5.77602e-02
0.68938	5.77936e-02
0.67642	4.58628e-02
0.68442	4.58020e-02
0.68442	4.58020e-02
0.69069	5.28810e-02
0.68943	5.20121e-02
0.68617	5.29788e-02
0.68890	5.40328e-02
0.68492	5.26765e-02
0.68492	5.26765e-02
0.68204	6.74326e-02
0.68557	6.54773e-02
0.68557	6.54773e-02
0.69727	5.28374e-02
0.69280	5.30963e-02
0.69414	5.44005e-02
0.69888	5.96077e-02
0.69626	4.65908e-02
0.71751	5.07823e-02
0.71297	5.10734e-02
0.71297	5.10734e-02
0.70938	4.96735e-02
0.71297	4.73737e-02
0.71172	4.73995e-02
0.71172	4.73995e-02
0.70479	5.02431e-02
0.70393	6.68680e-02
0.71108	6.17989e-02
0.71019	6.36461e-02
0.73979	5.47161e-02
0.75145	5.63920e-02
0.75402	5.51530e-02
0.73118	6.24820e-02
0.72374	5.72545e-02
0.72761	5.82118e-02
0.71891	5.97216e-02
0.73528	5.03959e-02
0.74446	5.73644e-02
0.75566	4.01460e-02
0.75106	3.83530e-02
0.76000	3.21876e-02
0.74674	5.21051e-02
0.74841	5.18281e-02
0.74912	5.90636e-02
0.74279	5.29237e-02
0.74974	5.88181e-02
0.75454	6.21423e-02
0.77837	4.72321e-02
0.77397	4.77776e-02
0.76801	5.65449e-02
0.76216	4.52404e-02
0.76104	4.91894e-02
0.75884	5.55118e-02
0.76348	4.78919e-02
0.76606	5.13602e-02
0.77447	4.06751e-02
0.76705	4.95597e-02
0.77097	4.36959e-02
0.77519	4.07749e-02
0.77210	2.59001e-02
0.77940	1.92909e-02
0.78582	1.93042e-02
0.78040	4.44584e-02
0.78980	3.72682e-02
0.78980	3.72682e-02
0.79004	4.32705e-02
0.78871	5.68919e-02
0.78011	5.13297e-02
0.77556	5.67055e-02
0.78925	5.94841e-02
0.79909	5.20376e-02
0.79026	3.80621e-02
0.80137	3.80022e-02
0.79696	4.15477e-02
0.80542	4.75260e-02
0.79393	3.90316e-02
0.79522	4.09144e-02
0.81013	3.61775e-02
0.81363	5.34811e-02
0.81684	4.46625e-02
0.82455	3.86490e-02
0.82767	3.83849e-02
0.82612	3.46717e-02
0.81257	2.66201e-02
0.80714	2.50856e-02
0.81620	3.54161e-02
0.80820	3.33648e-02
0.80887	3.31575e-02
0.81060	3.72827e-02
0.80825	3.81689e-02
0.80652	2.92025e-02
0.82056	2.90195e-02
0.82321	4.31252e-02
0.82321	4.31252e-02
0.83084	4.08916e-02
0.83608	4.84489e-02
0.83438	4.54618e-02
0.83117	4.19606e-02
0.83103	4.67231e-02
0.82906	4.55475e-02
0.83176	4.32821e-02
0.82862	4.17033e-02
0.82182	3.55491e-02
0.82730	3.31765e-02
0.83191	3.49128e-02
0.83868	4.03100e-02
0.84015	2.71787e-02
0.84154	2.63986e-02
0.84625	3.03992e-02
0.84229	3.36873e-02
0.84001	3.55852e-02
0.84825	3.92552e-02
0.85275	3.27447e-02
0.85613	2.65951e-02
0.85487	2.48605e-02
0.85881	2.31887e-02
0.85934	3.00415e-02
0.85132	2.67008e-02
0.85427	3.09599e-02
0.85421	3.09615e-02
0.85210	3.42463e-02
0.85491	3.17206e-02
0.85491	3.17206e-02
0.85491	3.17206e-02
0.85074	3.62294e-02
0.85458	3.36004e-02
0.85870	3.31262e-02
0.86533	2.98434e-02
0.86694	2.92132e-02
0.86832	2.95505e-02
0.86215	2.88889e-02
0.86337	3.04991e-02
0.86408	2.97960e-02
0.85849	4.10176e-02
0.86082	3.73081e-02
0.86145	3.92740e-02
0.86285	4.10375e-02
0.86469	4.20366e-02
0.86305	4.05860e-02
0.87524	5.06526e-02
0.86876	4.13065e-02
0.87350	4.10016e-02
0.87876	2.89716e-02
0.87853	2.77205e-02
0.87549	3.01625e-02
0.87492	3.11706e-02
0.88210	3.73338e-02
0.88647	3.44716e-02
0.88506	3.20607e-02
0.88280	3.34326e-02
0.88873	3.30115e-02
0.90384	2.76806e-02
0.89633	2.68700e-02
0.89633	2.68700e-02
0.89258	2.97466e-02
0.88944	3.04596e-02
0.88678	3.47062e-02
0.89041	3.51426e-02
0.90211	2.28486e-02
0.90663	2.34096e-02
0.91223	2.64234e-02
0.90560	3.08692e-02
0.90268	3.54009e-02
0.90765	3.80572e-02
0.90628	3.74677e-02
0.90835	3.68383e-02
0.90310	4.26464e-02
0.90365	3.35580e-02
0.90791	3.25750e-02
0.90130	3.51522e-02
0.90292	3.69116e-02
0.90779	3.59979e-02
0.91084	2.48497e-02
0.91611	2.16391e-02
0.92352	2.86819e-02
0.91969	3.17227e-02
0.91937	3.18734e-02
0.92143	3.32299e-02
0.92005	3.28038e-02
0.92005	3.28038e-02
0.91611	3.13616e-02
0.90835	3.78982e-02
0.91569	3.60004e-02
0.92070	4.03164e-02
0.92374	4.04936e-02
0.92296	4.01636e-02
0.92296	4.01636e-02
0.92369	4.06545e-02
0.92276	4.00493e-02
0.91664	4.40502e-02
0.91664	4.40502e-02
0.91470	4.30833e-02
0.92119	3.85901e-02
0.92640	4.14828e-02
0.92521	4.00225e-02
0.92500	3.99277e-02
0.93426	3.60045e-02
0.93501	3.76049e-02
0.93678	3.99036e-02
0.93720	4.26787e-02
0.93801	4.21787e-02
0.92911	3.86639e-02
0.93257	3.25324e-02
0.93125	3.70888e-02
0.93125	3.70888e-02
0.93125	3.70888e-02
0.93171	3.65084e-02
0.92935	3.98335e-02
0.92935	3.98335e-02
0.92996	3.31762e-02
0.92915	3.17215e-02
0.92915	3.17215e-02
0.93648	3.06646e-02
0.93912	3.41738e-02
0.93151	2.95048e-02
0.92968	3.14108e-02
0.92984	3.13074e-02
0.92894	3.08759e-02
0.91781	1.22689e-02
0.92010	1.43751e-02
0.92085	1.46255e-02
0.92084	1.46165e-02
0.92084	1.46165e-02
0.91903	1.43385e-02
0.91727	1.24096e-02
0.92469	2.39874e-02
0.91957	2.91748e-02
0.92199	2.62266e-02
0.91873	2.02608e-02
0.92917	3.12555e-02
0.93631	2.28857e-02
0.93667	1.48344e-02
0.94027	1.38012e-02
0.93567	1.93464e-02
0.93567	1.93464e-02
0.94480	2.87799e-02
0.94139	2.82683e-02
0.94314	1.51736e-02
0.94314	1.51736e-02
0.94314	1.51736e-02
0.93925	1.36390e-02
0.94387	1.57522e-02
0.95037	2.07709e-02
0.95380	2.57862e-02
0.95492	2.60922e-02
0.95177	1.14365e-02
0.95292	7.61397e-03
0.95745	1.89584e-02
0.94949	2.53661e-02
0.93824	3.17958e-02
0.93824	3.17958e-02
0.93824	3.17958e-02
0.93854	3.44226e-02
0.92668	1.53612e-02
0.92668	1.53612e-02
0.92668	1.53612e-02
0.92668	1.53612e-02
0.92668	1.53612e-02
0.92668	1.53612e-02
0.92679	1.54232e-02
0.92600	1.49739e-02
0.94130	7.11227e-03
0.94130	7.11227e-03
0.94130	7.11227e-03
0.94130	7.11227e-03
0.94130	7.11227e-03
0.94130	7.11227e-03
0.94130	7.11227e-03
0.93654	2.06266e-03
0.93654	2.06266e-03
0.93654	2.06266e-03
0.93654	2.06266e-03
0.93925	4.40913e-03
0.93925	4.40913e-03
0.93925	4.40913e-03
0.93925	4.40913e-03
0.96091	1.17560e-02
0.96098	1.17845e-02
0.95683	1.75480e-02
0.96124	1.76126e-02
0.94989	4.32955e-03
0.94877	4.23334e-03
0.94692	6.51248e-03
0.94692	6.51248e-03
0.94745	8.19946e-03
0.95310	1.55287e-02
0.94454	8.39074e-03
0.95881	1.88159e-02
0.96524	2.01028e-02
0.96524	2.01028e-02
0.96421	1.92333e-02
0.98462	7.53834e-03
0.98121	1.25563e-03
0.97851	1.44411e-03
0.97851	1.44411e-03
0.97851	1.44411e-03
0.97851	1.44411e-03
0.98716	7.20800e-03
0.97995	0.00000e+00
0.97995	0.00000e+00
0.99617	0.00000e+00
0.99617	0.00000e+00
0.99608	0.00000e+00
