0.98989	2.19198e-03
0.97421	8.31531e-03
0.97166	1.12596e-02
0.95995	9.85736e-03
0.94661	2.00132e-02
0.92386	2.57041e-02
0.92318	2.37407e-02
0.90885	3.61906e-02
0.90450	1.70254e-02
0.88564	2.70107e-02
0.86663	2.39995e-02
0.85624	2.66020e-02
0.83457	3.29843e-02
0.81848	2.78379e-02
0.79321	2.92941e-02
0.80770	2.32397e-02
0.78066	3.18515e-02
0.76914	3.12033e-02
0.73716	3.20190e-02
0.74659	2.57281e-02
0.72935	3.38262e-02
0.68828	3.46047e-02
0.65588	8.99208e-03
0.68004	3.34736e-02
0.63187	3.63756e-02
0.61890	5.76681e-02
0.58517	2.42330e-02
0.58223	4.76740e-02
0.52313	6.34296e-02
0.52731	3.81847e-02
0.48304	6.19740e-02
0.40261	8.78520e-02
0.36502	8.13111e-02
0.34874	1.09382e-01
0.31464	1.05467e-01
0.26279	7.35074e-02
0.25539	8.03261e-02
0.26034	3.20218e-02
0.21710	5.77121e-02
0.20878	7.85238e-02
0.15256	5.96827e-02
0.16711	6.79760e-02
0.17131	7.69684e-02
0.11772	6.16870e-02
0.15172	5.67573e-02
0.20822	4.06653e-02
0.16444	5.11982e-02
0.13906	6.47123e-02
0.13336	4.96007e-02
0.11540	6.44830e-02
0.13973	8.42501e-02
0.10542	6.80431e-02
0.13648	5.81306e-02
0.12639	6.68530e-02
0.07522	3.36962e-02
0.10710	4.77231e-02
0.10470	4.78469e-02
0.11299	4.81274e-02
0.10681	5.30688e-02
0.10516	4.51925e-02
0.12014	4.29102e-02
0.12728	4.94631e-02
0.10020	7.24992e-02
0.08543	6.84980e-02
0.09664	6.95598e-02
0.10098	3.59395e-02
0.06884	4.45040e-02
0.09565	4.03991e-02
0.09238	2.96980e-02
0.07932	5.08892e-02
0.08210	3.80599e-02
0.08772	6.14577e-02
0.09979	3.81890e-02
0.09927	3.70224e-02
0.11471	3.56077e-02
0.05800	2.01547e-02
0.09292	4.12133e-02
0.07888	3.64030e-02
0.09346	3.93370e-02
0.06936	4.39327e-02
0.06804	2.55655e-02
0.09256	6.12966e-02
0.09871	3.78699e-02
0.06643	4.23160e-02
0.08000	4.38758e-02
0.09391	6.42765e-02
0.10328	5.67977e-02
0.10736	3.31386e-02
0.08818	4.38861e-02
0.07915	3.09257e-02
0.11054	6.63259e-02
0.06594	4.26281e-02
0.10004	4.57506e-02
0.10751	6.37391e-02
0.08855	5.12440e-02
0.09960	6.00622e-02
0.06784	2.89967e-02
0.08705	5.20094e-02
0.10690	4.84099e-02
