0.99195	1.92233e-03
0.97626	8.50616e-03
0.97377	8.11882e-03
0.95528	1.03886e-02
0.93695	1.24954e-02
0.93236	2.08944e-02
0.91015	1.75514e-02
0.90371	1.63159e-02
0.89372	2.71675e-02
0.87133	1.92981e-02
0.87369	2.54254e-02
0.86529	2.74626e-02
0.83111	2.10661e-02
0.82629	2.53625e-02
0.80816	2.04116e-02
0.80648	1.96799e-02
0.78925	2.29975e-02
0.77237	1.61407e-02
0.75542	3.03133e-02
0.75169	2.18839e-02
0.73037	2.53568e-02
0.69967	3.69165e-02
0.70132	4.14762e-02
0.67476	3.77411e-02
0.63926	3.47292e-02
0.57979	4.25296e-02
0.60377	5.95320e-02
0.52939	6.68937e-02
0.54407	5.87498e-02
0.51799	6.61891e-02
0.46731	5.32999e-02
0.40911	7.99729e-02
0.38737	5.52000e-02
0.30934	1.21726e-01
0.32780	1.10785e-01
0.28054	6.52690e-02
0.27902	7.75318e-02
0.28255	8.97520e-02
0.25717	9.29531e-02
0.25817	6.81579e-02
0.21932	9.23598e-02
0.19436	5.29274e-02
0.13370	4.94672e-02
0.13807	6.01403e-02
0.14284	6.47266e-02
0.13434	5.69131e-02
0.13228	6.89318e-02
0.14248	8.29187e-02
0.09240	4.86372e-02
0.14371	5.67889e-02
0.13910	7.22265e-02
0.07609	4.71332e-02
0.13839	5.79551e-02
0.12476	3.71289e-02
0.12986	8.00856e-02
0.12856	5.23000e-02
0.12809	5.74311e-02
0.09756	4.91075e-02
0.10749	4.89374e-02
0.11081	4.77232e-02
0.10372	6.14600e-02
0.10474	4.54494e-02
0.08222	4.81150e-02
0.10886	5.49768e-02
0.11808	4.43122e-02
0.12415	4.55952e-02
0.08468	3.95369e-02
0.11082	5.38076e-02
0.08881	4.37297e-02
0.11604	3.58460e-02
0.08788	4.59234e-02
0.09488	3.42116e-02
0.11497	5.72145e-02
0.09680	4.61857e-02
0.07176	3.36606e-02
0.07423	4.36530e-02
0.09890	5.95836e-02
0.07848	2.68556e-02
0.08762	3.49972e-02
0.05506	2.16403e-02
0.09255	2.49686e-02
0.10797	4.85401e-02
0.08588	5.37254e-02
0.08061	4.45756e-02
0.10037	4.10500e-02
0.06690	2.37699e-02
0.08595	2.99642e-02
0.07088	2.88223e-02
0.09061	4.94981e-02
0.07365	4.30132e-02
0.08509	4.34441e-02
0.07321	4.34834e-02
0.11559	5.56779e-02
0.06535	3.47617e-02
0.07651	4.57981e-02
0.07587	3.49167e-02
0.06395	2.71801e-02
0.12165	5.30428e-02
0.09593	4.60414e-02
