0.0838
0.0863
0.0889
0.0917
0.0945
0.0975
0.1006
0.1038
0.1071
0.1105
0.1139
0.1175
0.1212
0.1249
0.1287
0.1326
0.1365
0.1404
0.1444
0.1484
0.1524
0.1565
0.1606
0.1647
0.1688
0.1730
0.1771
0.1812
0.1854
0.1895
0.1936
0.1977
0.2018
0.2059
0.2100
0.2141
0.2181
0.2221
0.2262
0.2302
0.2343
0.2383
0.2424
0.2465
0.2506
0.2546
0.2587
0.2628
0.2669
0.2710
0.2751
0.2791
0.2832
0.2872
0.2913
0.2953
0.2993
0.3033
0.3073
0.3113
0.3153
0.3193
0.3233
0.3273
0.3312
0.3352
0.3392
0.3431
0.3471
0.3510
0.3550
0.3590
0.3629
0.3668
0.3708
0.3747
0.3787
0.3826
0.3865
0.3904
0.3944
0.3983
0.4022
0.4060
0.4099
0.4138
0.4176
0.4215
0.4253
0.4291
0.4329
0.4367
0.4405
0.4443
0.4480
0.4517
0.4554
0.4590
0.4627
0.4663
0.4698
0.4733
0.4768
0.4803
0.4837
0.4871
0.4904
0.4937
0.4970
0.5002
0.5034
0.5065
0.5096
0.5127
0.5157
0.5187
0.5217
0.5246
0.5275
0.5303
0.5332
0.5360
0.5387
0.5414
0.5441
0.5468
0.5494
0.5520
0.5546
0.5571
0.5596
0.5621
0.5645
0.5669
0.5692
0.5715
0.5738
0.5761
0.5783
0.5804
0.5825
0.5846
0.5867
0.5887
0.5907
0.5926
0.5945
0.5963
0.5982
0.6000
0.6017
0.6035
0.6052
0.6068
0.6085
0.6101
0.6117
0.6133
0.6148
0.6163
0.6178
0.6193
0.6207
0.6221
0.6235
0.6249
0.6263
0.6276
0.6289
0.6302
0.6315
0.6327
0.6339
0.6351
0.6363
0.6375
0.6386
0.6397
0.6409
0.6420
0.6430
0.6441
0.6452
0.6462
0.6473
0.6483
0.6493
0.6503
0.6513
0.6522
0.6532
0.6541
0.6550
0.6559
0.6568
0.6577
0.6585
0.6593
0.6601
0.6609
0.6617
0.6624
0.6632
0.6639
0.6646
0.6652
0.6659
0.6665
0.6671
0.6677
0.6683
0.6689
0.6694
0.6699
0.6704
0.6709
0.6714
0.6718
0.6723
0.6727
0.6731
0.6735
0.6738
0.6742
0.6745
0.6748
0.6751
0.6754
0.6756
0.6759
0.6761
0.6764
0.6766
0.6768
0.6770
0.6772
0.6774
0.6776
0.6778
0.6779
0.6781
0.6783
0.6784
0.6786
0.6787
0.6789
0.6790
0.6792
0.6793
0.6795
0.6796
0.6798
0.6799
0.6800
0.6802
0.6803
0.6804
0.6806
0.6807
0.6808
0.6809
0.6810
0.6811
0.6812
0.6813
0.6814
0.6815
0.6816
0.6816
0.6817
0.6818
0.6818
0.6819
0.6820
0.6820
0.6821
0.6821
0.6822
0.6822
0.6822
0.6823
0.6823
0.6824
0.6825
0.6825
0.6826
0.6826
0.6827
0.6828
0.6829
0.6830
0.6831
0.6832
0.6833
0.6834
0.6835
0.6836
0.6838
0.6839
0.6841
0.6842
0.6844
0.6845
0.6847
0.6849
0.6851
0.6852
0.6854
0.6856
0.6858
0.6860
0.6862
0.6864
0.6866
0.6867
0.6869
0.6871
0.6873
0.6875
0.6877
0.6879
0.6880
0.6882
0.6884
0.6886
0.6887
0.6889
0.6890
0.6892
0.6893
0.6894
0.6895
0.6897
0.6898
0.6899
0.6900
0.6901
0.6901
0.6902
0.6903
0.6903
0.6904
0.6905
0.6905
0.6905
0.6906
0.6906
0.6906
0.6907
0.6907
0.6907
0.6907
0.6907
0.6907
0.6907
0.6907
0.6907
0.6907
0.6907
0.6907
0.6907
0.6906
0.6906
0.6906
0.6905
0.6905
0.6904
0.6904
0.6903
0.6902
0.6902
0.6901
0.6900
0.6899
0.6898
0.6897
0.6896
0.6894
0.6893
0.6892
0.6890
0.6889
0.6888
0.6886
0.6885
0.6884
0.6882
0.6881
0.6879
0.6878
0.6877
0.6876
0.6875
0.6874
0.6873
0.6872
0.6872
0.6871
0.6871
0.6871
0.6871
0.6871
0.6871
0.6872
0.6872
0.6873
0.6874
0.6875
0.6877
0.6878
0.6880
0.6881
0.6883
0.6885
0.6887
0.6889
0.6891
0.6893
0.6895
0.6898
0.6900
0.6902
0.6904
0.6906
0.6908
0.6911
0.6913
0.6915
0.6917
0.6919
0.6921
0.6923
0.6924
0.6926
0.6928
0.6930
0.6932
0.6933
0.6935
0.6937
0.6938
0.6940
0.6942
0.6944
0.6945
0.6947
0.6949
0.6951
0.6952
0.6954
0.6956
0.6958
0.6960
0.6962
0.6963
0.6965
0.6967
0.6969
0.6971
0.6973
0.6975
0.6977
0.6979
0.6981
0.6982
0.6984
0.6987
0.6989
0.6991
0.6993
0.6995
0.6997
0.7000
0.7002
0.7004
0.7007
0.7009
0.7012
0.7014
0.7017
0.7020
0.7022
0.7025
0.7027
0.7030
0.7033
0.7035
0.7038
0.7040
0.7043
0.7045
0.7048
0.7050
0.7052
0.7054
0.7057
0.7059
0.7061
0.7063
0.7065
0.7067
0.7069
0.7071
0.7073
0.7075
0.7077
0.7079
0.7080
0.7082
0.7084
0.7085
0.7087
0.7088
0.7090
0.7091
0.7093
0.7094
0.7095
0.7096
0.7097
0.7099
0.7100
0.7101
0.7101
0.7102
0.7103
0.7104
0.7105
0.7105
0.7106
0.7106
0.7107
0.7107
0.7108
0.7108
0.7109
0.7109
0.7109
0.7109
0.7110
0.7110
0.7110
0.7110
0.7111
0.7111
0.7111
0.7111
0.7111
0.7111
0.7111
0.7110
0.7110
0.7110
0.7109
0.7109
0.7108
0.7107
0.7107
0.7106
0.7105
0.7103
0.7102
0.7101
0.7099
0.7098
0.7096
0.7094
0.7092
0.7091
0.7089
0.7087
0.7084
0.7082
0.7080
0.7078
0.7075
0.7073
0.7071
0.7068
0.7066
0.7063
0.7061
0.7059
0.7056
0.7054
0.7051
0.7049
0.7046
0.7044
0.7042
0.7039
0.7037
0.7035
0.7032
0.7030
0.7028
0.7026
0.7024
0.7022
0.7020
0.7018
0.7017
0.7015
0.7013
0.7012
0.7010
0.7009
0.7008
0.7007
0.7006
0.7005
0.7004
0.7004
0.7003
0.7003
0.7002
0.7002
0.7002
0.7002
0.7002
0.7002
0.7002
0.7002
0.7002
0.7003
0.7003
0.7004
0.7005
0.7006
0.7006
0.7007
0.7008
0.7010
0.7011
0.7012
0.7013
0.7015
0.7016
0.7018
0.7020
0.7021
0.7023
0.7025
0.7027
0.7029
0.7031
0.7032
0.7034
0.7036
0.7038
0.7040
0.7042
0.7043
0.7045
0.7047
0.7048
0.7050
0.7051
0.7053
0.7054
0.7055
0.7056
0.7057
0.7058
0.7059
0.7060
0.7061
0.7061
0.7062
0.7062
0.7063
0.7063
0.7063
0.7063
0.7064
0.7064
0.7064
0.7064
0.7064
0.7064
0.7064
0.7064
0.7064
0.7064
0.7063
0.7063
0.7063
0.7063
0.7063
0.7063
0.7063
0.7063
0.7063
0.7063
0.7063
0.7064
0.7064
0.7064
0.7064
0.7065
0.7065
0.7065
0.7066
0.7066
0.7067
0.7067
0.7068
0.7068
0.7069
0.7070
0.7070
0.7071
0.7072
0.7072
0.7073
0.7073
0.7074
0.7075
0.7075
0.7076
0.7076
0.7077
0.7077
0.7078
0.7078
0.7079
0.7079
0.7079
0.7079
0.7079
0.7079
0.7079
0.7079
0.7078
0.7078
0.7077
0.7077
0.7076
0.7075
0.7074
0.7073
0.7071
0.7070
0.7068
0.7066
0.7065
0.7063
0.7061
0.7058
0.7056
0.7054
0.7051
0.7049
0.7046
0.7044
0.7041
0.7038
0.7035
0.7032
0.7029
0.7026
0.7023
0.7020
0.7017
0.7014
0.7011
0.7007
0.7004
0.7000
0.6997
0.6993
0.6990
0.6986
0.6983
0.6979
0.6975
0.6971
0.6968
0.6964
0.6960
0.6956
0.6952
0.6948
0.6944
0.6940
0.6936
0.6933
0.6929
0.6925
0.6921
0.6917
0.6913
0.6910
0.6906
0.6902
0.6899
0.6895
0.6891
0.6888
0.6885
0.6881
0.6878
0.6875
0.6872
0.6869
0.6866
0.6864
0.6861
0.6859
0.6856
0.6854
0.6852
0.6850
0.6848
0.6846
0.6845
0.6843
0.6842
0.6840
0.6839
0.6838
0.6837
0.6836
0.6835
0.6834
0.6834
0.6833
0.6832
0.6832
0.6831
0.6831
0.6830
0.6830
0.6830
0.6829
0.6829
0.6829
0.6828
0.6828
0.6827
0.6827
0.6826
0.6826
0.6825
0.6825
0.6824
0.6823
0.6822
0.6821
0.6821
0.6820
0.6819
0.6818
0.6817
0.6816
0.6815
0.6814
0.6814
0.6813
0.6812
0.6811
0.6811
0.6810
0.6810
0.6809
0.6809
0.6809
0.6809
0.6809
0.6809
0.6809
0.6809
0.6809
0.6810
0.6810
0.6811
0.6811
0.6812
0.6813
0.6813
0.6814
0.6815
0.6816
0.6817
0.6818
0.6819
0.6820
0.6821
0.6822
0.6823
0.6824
0.6825
0.6826
0.6827
0.6827
0.6828
0.6828
0.6829
0.6829
0.6829
0.6829
0.6829
0.6828
0.6828
0.6827
0.6827
0.6826
0.6825
0.6824
0.6823
0.6821
0.6820
0.6818
0.6817
0.6815
0.6813
0.6811
0.6810
0.6808
0.6806
0.6804
0.6803
0.6801
0.6799
0.6798
0.6796
0.6795
0.6794
0.6793
0.6792
0.6792
0.6791
0.6791
0.6791
0.6791
0.6791
0.6792
0.6793
0.6794
0.6795
0.6796
0.6798
0.6800
0.6802
0.6805
0.6807
0.6810
0.6813
0.6816
0.6820
0.6824
0.6827
0.6831
0.6836
0.6840
0.6844
0.6849
0.6854
0.6859
0.6864
0.6869
0.6874
0.6880
0.6885
0.6891
0.6896
0.6902
0.6908
0.6913
0.6919
0.6925
0.6931
0.6937
0.6942
0.6948
0.6954
0.6960
0.6966
0.6972
0.6978
0.6983
0.6989
0.6995
0.7001
0.7006
0.7012
0.7018
0.7023
0.7029
0.7034
0.7039
0.7044
0.7049
0.7054
0.7059
0.7063
0.7068
0.7072
0.7077
0.7081
0.7085
0.7089
0.7092
0.7096
0.7100
0.7103
0.7106
0.7109
0.7112
0.7115
0.7118
0.7121
0.7123
0.7126
0.7128
0.7130
0.7133
0.7135
0.7137
0.7139
0.7140
0.7142
0.7144
0.7145
0.7146
0.7147
0.7148
0.7149
0.7150
0.7151
0.7151
0.7152
0.7152
0.7152
0.7152
0.7152
0.7152
0.7151
0.7151
0.7150
0.7149
0.7149
0.7148
0.7147
0.7145
0.7144
0.7143
0.7141
0.7140
0.7138
0.7137
0.7135
0.7133
0.7132
0.7130
0.7128
0.7126
0.7125
0.7123
0.7121
0.7119
0.7117
0.7115
0.7114
0.7112
0.7110
0.7108
0.7107
0.7105
0.7103
0.7102
0.7100
0.7099
0.7098
0.7096
0.7095
0.7094
0.7093
0.7091
0.7090
0.7089
0.7088
0.7087
0.7087
0.7086
0.7085
0.7084
0.7084
0.7083
0.7083
0.7082
0.7082
0.7082
0.7081
0.7081
0.7081
0.7081
0.7081
0.7081
0.7081
0.7081
0.7082
0.7082
0.7082
0.7082
0.7082
0.7083
0.7083
0.7083
0.7083
0.7083
0.7084
0.7084
0.7084
0.7083
0.7083
0.7083
0.7083
0.7082
0.7082
0.7082
0.7081
0.7080
0.7080
0.7079
0.7078
0.7077
0.7076
0.7075
0.7074
0.7073
0.7071
0.7070
0.7069
0.7067
0.7066
0.7064
0.7063
0.7061
0.7060
0.7058
0.7056
0.7054
0.7053
0.7051
0.7049
0.7047
0.7046
0.7044
0.7042
0.7040
0.7038
0.7036
0.7034
0.7033
0.7031
0.7029
0.7027
0.7025
0.7023
0.7021
0.7020
0.7018
0.7016
0.7014
0.7013
0.7011
0.7010
0.7008
0.7007
0.7006
0.7005
0.7004
0.7003
0.7002
0.7001
0.7001
0.7000
0.7000
0.7000
0.7000
0.7000
0.7000
0.7000
0.7001
0.7002
0.7002
0.7003
0.7004
0.7005
0.7006
0.7007
0.7008
0.7009
0.7010
0.7011
0.7012
0.7012
0.7013
0.7014
0.7015
0.7015
0.7016
0.7016
0.7017
0.7017
0.7017
0.7018
0.7018
0.7018
0.7018
0.7017
0.7017
0.7017
0.7016
0.7016
0.7015
0.7015
0.7014
0.7013
0.7012
0.7012
0.7011
0.7010
0.7009
0.7007
0.7006
0.7005
0.7004
0.7003
0.7001
0.7000
0.6999
0.6997
0.6996
0.6994
0.6993
0.6991
0.6990
0.6989
0.6987
0.6986
0.6984
0.6983
0.6982
0.6981
0.6980
0.6978
0.6977
0.6977
0.6976
0.6975
0.6974
0.6974
0.6973
0.6973
0.6973
0.6973
0.6973
0.6973
0.6973
0.6974
0.6974
0.6975
0.6976
0.6976
0.6977
0.6978
0.6979
0.6980
0.6981
0.6983
0.6984
0.6985
0.6986
0.6988
0.6989
0.6990
0.6992
0.6993
0.6994
0.6996
0.6997
0.6998
0.7000
0.7001
0.7002
0.7003
0.7005
0.7006
0.7007
0.7009
0.7010
0.7011
0.7013
0.7014
0.7015
0.7017
0.7018
0.7019
0.7020
0.7022
0.7023
0.7024
0.7026
0.7027
0.7028
0.7029
0.7030
0.7032
0.7033
0.7034
0.7035
0.7036
0.7037
0.7038
0.7039
0.7040
0.7041
0.7041
0.7042
0.7043
0.7043
0.7044
0.7045
0.7045
0.7046
0.7046
0.7047
0.7047
0.7048
0.7048
0.7048
0.7049
0.7049
0.7049
0.7050
0.7050
0.7051
0.7051
0.7051
0.7052
0.7052
0.7052
0.7053
0.7053
0.7054
0.7054
0.7054
0.7055
0.7055
0.7056
0.7056
0.7056
0.7057
0.7057
0.7057
0.7058
0.7058
0.7058
0.7058
0.7058
0.7058
0.7058
0.7058
0.7057
0.7057
0.7057
0.7056
0.7055
0.7054
0.7053
0.7052
0.7051
0.7050
0.7049
0.7047
0.7046
0.7044
0.7043
0.7041
0.7040
0.7038
0.7036
0.7035
0.7033
0.7031
0.7030
0.7028
0.7026
0.7025
0.7023
0.7022
0.7020
0.7019
0.7018
0.7017
0.7015
0.7014
0.7013
0.7012
0.7011
0.7010
0.7009
0.7009
0.7008
0.7007
0.7006
0.7006
0.7005
0.7005
0.7004
0.7004
0.7003
0.7003
0.7003
0.7003
0.7003
0.7003
0.7004
0.7004
0.7005
0.7005
0.7006
0.7007
0.7008
0.7009
0.7010
0.7012
0.7013
0.7015
0.7016
0.7018
0.7020
0.7022
0.7024
0.7026
0.7028
0.7030
0.7032
0.7034
0.7036
0.7038
0.7041
0.7043
0.7045
0.7047
0.7049
0.7051
0.7053
0.7055
0.7057
0.7059
0.7061
0.7063
0.7064
0.7066
0.7068
0.7069
0.7071
0.7072
0.7073
0.7074
0.7076
0.7077
0.7078
0.7079
0.7080
0.7081
0.7081
0.7082
0.7083
0.7083
0.7084
0.7085
0.7085
0.7085
0.7086
0.7086
0.7086
0.7086
0.7086
0.7086
0.7085
0.7085
0.7084
0.7084
0.7083
0.7082
0.7081
0.7080
0.7078
0.7077
0.7075
0.7074
0.7072
0.7070
0.7068
0.7066
0.7064
0.7062
0.7059
0.7057
0.7055
0.7052
0.7050
0.7047
0.7044
0.7042
0.7039
0.7037
0.7034
0.7031
0.7029
0.7026
0.7023
0.7021
0.7018
0.7015
0.7012
0.7010
0.7007
0.7004
0.7001
0.6998
0.6995
0.6992
0.6989
0.6986
0.6983
0.6980
0.6977
0.6973
0.6970
0.6966
0.6963
0.6959
0.6955
0.6952
0.6948
0.6944
0.6940
0.6936
0.6932
0.6928
0.6924
0.6920
0.6915
0.6911
0.6907
0.6903
0.6898
0.6894
0.6890
0.6886
0.6882
0.6878
0.6874
0.6870
0.6866
0.6863
0.6859
0.6855
0.6852
0.6849
0.6846
0.6843
0.6840
0.6837
0.6834
0.6832
0.6830
0.6827
0.6825
0.6823
0.6822
0.6820
0.6819
0.6818
0.6816
0.6815
0.6815
0.6814
0.6813
0.6813
0.6812
0.6812
0.6812
0.6812
0.6812
0.6812
0.6812
0.6813
0.6813
0.6813
0.6814
0.6814
0.6815
0.6815
0.6816
0.6816
0.6817
0.6817
0.6818
0.6818
0.6819
0.6819
0.6820
0.6820
0.6821
0.6821
0.6821
0.6822
0.6822
0.6822
0.6822
0.6822
0.6822
0.6822
0.6822
0.6822
0.6822
0.6821
0.6821
0.6821
0.6821
0.6821
0.6820
0.6820
0.6820
0.6820
0.6820
0.6820
0.6820
0.6820
0.6821
0.6821
0.6821
0.6822
0.6822
0.6823
0.6823
0.6824
0.6825
0.6826
0.6827
0.6828
0.6829
0.6830
0.6832
0.6833
0.6835
0.6836
0.6838
0.6840
0.6842
0.6844
0.6846
0.6848
0.6850
0.6853
0.6855
0.6858
0.6861
0.6864
0.6867
0.6870
0.6873
0.6876
0.6879
0.6883
0.6886
0.6890
0.6893
0.6897
0.6901
0.6904
0.6908
0.6912
0.6916
0.6920
0.6924
0.6928
0.6932
0.6936
0.6941
0.6945
0.6949
0.6954
0.6958
0.6963
0.6967
0.6972
0.6977
0.6981
0.6986
0.6991
0.6996
0.7001
0.7006
0.7011
0.7016
0.7021
0.7025
0.7030
0.7035
0.7040
0.7045
0.7049
0.7054
0.7058
0.7062
0.7067
0.7071
0.7075
0.7078
0.7082
0.7086
0.7089
0.7092
0.7095
0.7098
0.7101
0.7103
0.7106
0.7108
0.7110
0.7112
0.7114
0.7115
0.7117
0.7118
0.7119
0.7119
0.7120
0.7121
0.7121
0.7121
0.7121
0.7120
0.7120
0.7119
0.7119
0.7118
0.7117
0.7116
0.7114
0.7113
0.7112
0.7110
0.7108
0.7107
0.7105
0.7104
0.7102
0.7100
0.7098
0.7097
0.7095
0.7093
0.7092
0.7090
0.7088
0.7087
0.7085
0.7084
0.7082
0.7080
0.7079
0.7077
0.7076
0.7074
0.7073
0.7071
0.7070
0.7068
0.7066
0.7065
0.7063
0.7061
0.7059
0.7057
0.7055
0.7053
0.7051
0.7049
0.7046
0.7044
0.7041
0.7039
0.7036
0.7034
0.7031
0.7028
0.7025
0.7022
0.7020
0.7017
0.7014
0.7011
0.7008
0.7005
0.7002
0.6999
0.6996
0.6994
0.6991
0.6988
0.6986
0.6983
0.6981
0.6978
0.6976
0.6974
0.6971
0.6969
0.6967
0.6966
0.6964
0.6962
0.6960
0.6959
0.6958
0.6956
0.6955
0.6954
0.6953
0.6952
0.6951
0.6950
0.6950
0.6949
0.6949
0.6948
0.6948
0.6947
0.6947
0.6947
0.6946
0.6946
0.6946
0.6946
0.6946
0.6945
0.6945
0.6945
0.6945
0.6944
0.6944
0.6944
0.6943
0.6943
0.6942
0.6942
0.6941
0.6940
0.6939
0.6938
0.6937
0.6936
0.6935
0.6934
0.6933
0.6931
0.6930
0.6928
0.6926
0.6924
0.6922
0.6920
0.6918
0.6916
0.6914
0.6911
0.6909
0.6906
0.6904
0.6901
0.6898
0.6896
0.6893
0.6890
0.6888
0.6885
0.6883
0.6880
0.6878
0.6875
0.6873
0.6871
0.6869
0.6867
0.6865
0.6864
0.6862
0.6861
0.6860
0.6859
0.6858
0.6858
0.6857
0.6857
0.6857
0.6857
0.6858
0.6859
0.6860
0.6861
0.6862
0.6864
0.6866
0.6868
0.6870
0.6873
0.6876
0.6879
0.6882
0.6886
0.6889
0.6893
0.6898
0.6902
0.6907
0.6912
0.6917
0.6923
0.6928
0.6934
0.6940
0.6946
0.6953
0.6960
0.6966
0.6973
0.6981
0.6988
0.6995
0.7003
0.7010
0.7018
0.7026
0.7034
0.7041
0.7049
0.7057
0.7064
0.7072
0.7079
0.7086
0.7093
0.7100
0.7107
0.7113
0.7119
0.7125
0.7130
0.7135
0.7140
0.7145
0.7149
0.7153
0.7157
0.7161
0.7164
0.7167
0.7170
0.7172
0.7175
0.7177
0.7179
0.7180
0.7182
0.7183
0.7185
0.7186
0.7187
0.7188
0.7189
0.7189
0.7190
0.7191
0.7191
0.7191
0.7192
0.7192
0.7192
0.7192
0.7192
0.7192
0.7192
0.7192
0.7192
0.7191
0.7191
0.7191
0.7190
0.7190
0.7190
0.7189
0.7189
0.7188
0.7188
0.7187
0.7187
0.7186
0.7186
0.7185
0.7184
0.7184
0.7183
0.7182
0.7182
0.7181
0.7180
0.7179
0.7178
0.7177
0.7176
0.7175
0.7174
0.7173
0.7171
0.7170
0.7169
0.7167
0.7166
0.7164
0.7163
0.7161
0.7160
0.7158
0.7156
0.7155
0.7153
0.7151
0.7149
0.7147
0.7145
0.7143
0.7142
0.7140
0.7138
0.7136
0.7133
0.7131
0.7129
0.7127
0.7125
0.7123
0.7121
0.7119
0.7116
0.7114
0.7112
0.7110
0.7108
0.7105
0.7103
0.7101
0.7098
0.7096
0.7094
0.7092
0.7089
0.7087
0.7085
0.7083
0.7081
0.7078
0.7076
0.7074
0.7072
0.7070
0.7068
0.7066
0.7064
0.7062
0.7061
0.7059
0.7058
0.7056
0.7055
0.7054
0.7052
0.7051
0.7050
0.7050
0.7049
0.7048
0.7048
0.7047
0.7047
0.7047
0.7047
0.7047
0.7047
0.7047
0.7047
0.7047
0.7048
0.7048
0.7049
0.7049
0.7050
0.7050
0.7051
0.7052
0.7052
0.7053
0.7054
0.7054
0.7055
0.7055
0.7056
0.7056
0.7057
0.7057
0.7058
0.7058
0.7058
0.7059
0.7059
0.7059
0.7059
0.7059
0.7059
0.7059
0.7060
0.7060
0.7060
0.7059
0.7059
0.7059
0.7059
0.7059
0.7059
0.7059
0.7059
0.7059
0.7059
0.7059
0.7059
0.7059
0.7060
0.7060
0.7060
0.7061
0.7061
0.7062
0.7062
0.7063
0.7064
0.7065
0.7066
0.7067
0.7069
0.7070
0.7072
0.7073
0.7075
0.7077
0.7079
0.7081
0.7084
0.7086
0.7088
0.7091
0.7094
0.7096
0.7099
0.7101
0.7104
0.7107
0.7109
0.7112
0.7115
0.7117
0.7120
0.7122
0.7124
0.7127
0.7129
0.7131
0.7133
0.7134
0.7136
0.7138
0.7139
0.7140
0.7141
0.7142
0.7143
0.7144
0.7144
0.7145
0.7145
0.7145
0.7145
0.7145
0.7144
0.7144
0.7143
0.7143
0.7142
0.7141
0.7140
0.7139
0.7138
0.7137
0.7136
0.7134
0.7133
0.7132
0.7131
0.7129
0.7128
0.7127
0.7125
0.7124
0.7122
0.7121
0.7120
0.7118
0.7117
0.7115
0.7113
0.7112
0.7110
0.7108
0.7107
0.7105
0.7103
0.7101
0.7099
0.7097
0.7094
0.7092
0.7090
0.7087
0.7085
0.7082
0.7080
0.7077
0.7075
0.7072
0.7069
0.7066
0.7064
0.7061
0.7058
0.7055
0.7052
0.7050
0.7047
0.7044
0.7041
0.7039
0.7036
0.7034
0.7031
0.7029
0.7026
0.7024
0.7022
0.7020
0.7018
0.7016
0.7014
0.7012
0.7011
0.7009
0.7008
0.7006
0.7005
0.7004
0.7003
0.7002
0.7001
0.7000
0.6999
0.6998
0.6998
0.6997
0.6997
0.6996
0.6996
0.6995
0.6995
0.6994
0.6994
0.6993
0.6993
0.6993
0.6992
0.6992
0.6991
0.6991
0.6990
0.6990
0.6989
0.6988
0.6988
0.6987
0.6986
0.6985
0.6984
0.6983
0.6982
0.6981
0.6980
0.6979
0.6978
0.6977
0.6976
0.6975
0.6974
0.6973
0.6972
0.6971
0.6969
0.6969
0.6968
0.6967
0.6966
0.6965
0.6964
0.6963
0.6963
0.6962
0.6961
0.6960
0.6959
0.6959
0.6958
0.6957
0.6956
0.6955
0.6954
0.6953
0.6952
0.6951
0.6950
0.6948
0.6947
0.6945
0.6944
0.6942
0.6940
0.6938
0.6936
0.6934
0.6932
0.6930
0.6928
0.6926
0.6923
0.6921
0.6918
0.6916
0.6914
0.6911
0.6909
0.6906
0.6904
0.6901
0.6899
0.6896
0.6894
0.6892
0.6890
0.6887
0.6885
0.6883
0.6881
0.6880
0.6878
0.6876
0.6875
0.6873
0.6872
0.6871
0.6870
0.6869
0.6868
0.6867
0.6866
0.6866
0.6865
0.6865
0.6865
0.6864
0.6864
0.6864
0.6865
0.6865
0.6865
0.6866
0.6867
0.6867
0.6868
0.6870
0.6871
0.6872
0.6874
0.6876
0.6878
0.6880
0.6882
0.6884
0.6887
0.6889
0.6892
0.6895
0.6898
0.6901
0.6904
0.6907
0.6910
0.6913
0.6916
0.6920
0.6923
0.6926
0.6930
0.6933
0.6936
0.6939
0.6943
0.6946
0.6949
0.6952
0.6955
0.6958
0.6960
0.6963
0.6966
0.6968
0.6970
0.6973
0.6975
0.6977
0.6978
0.6980
0.6981
0.6983
0.6984
0.6985
0.6986
0.6986
0.6987
0.6987
0.6988
0.6988
0.6988
0.6988
0.6988
0.6988
0.6987
0.6987
0.6986
0.6986
0.6985
0.6984
0.6983
0.6983
0.6982
0.6981
0.6980
0.6979
0.6978
0.6977
0.6976
0.6975
0.6974
0.6973
0.6973
0.6972
0.6971
0.6970
0.6970
0.6969
0.6968
0.6968
0.6967
0.6967
0.6967
0.6967
0.6966
0.6966
0.6966
0.6967
0.6967
0.6967
0.6968
0.6968
0.6969
0.6970
0.6971
0.6972
0.6973
0.6974
0.6975
0.6976
0.6978
0.6979
0.6981
0.6982
0.6984
0.6986
0.6988
0.6990
0.6992
0.6994
0.6996
0.6998
0.7000
0.7002
0.7004
0.7006
0.7008
0.7010
0.7012
0.7015
0.7017
0.7019
0.7021
0.7023
0.7025
0.7028
0.7030
0.7032
0.7034
0.7036
0.7038
0.7040
0.7042
0.7044
0.7046
0.7047
0.7049
0.7051
0.7052
0.7053
0.7055
0.7056
0.7057
0.7058
0.7058
0.7059
0.7060
0.7060
0.7060
0.7060
0.7060
0.7060
0.7060
0.7059
0.7059
0.7058
0.7057
0.7056
0.7055
0.7054
0.7053
0.7052
0.7051
0.7049
0.7048
0.7046
0.7045
0.7043
0.7042
0.7040
0.7039
0.7037
0.7036
0.7034
0.7032
0.7031
0.7029
0.7028
0.7026
0.7025
0.7023
0.7022
0.7021
0.7019
0.7018
0.7017
0.7016
0.7014
0.7013
0.7012
0.7011
0.7010
0.7009
0.7008
0.7007
0.7006
0.7005
0.7005
0.7004
0.7003
0.7002
0.7002
0.7001
0.7001
0.7000
0.7000
0.6999
0.6999
0.6999
0.6999
0.6998
0.6998
0.6998
0.6999
0.6999
0.6999
0.6999
0.7000
0.7000
0.7001
0.7002
0.7002
0.7003
0.7004
0.7005
0.7006
0.7007
0.7008
0.7010
0.7011
0.7012
0.7013
0.7015
0.7016
0.7018
0.7019
0.7020
0.7022
0.7023
0.7024
0.7025
0.7027
0.7028
0.7029
0.7030
0.7031
0.7032
0.7033
0.7034
0.7034
0.7035
0.7036
0.7037
0.7037
0.7038
0.7038
0.7039
0.7039
0.7040
0.7040
0.7041
0.7041
0.7042
0.7042
0.7043
0.7044
0.7044
0.7045
0.7046
0.7046
0.7047
0.7048
0.7048
0.7049
0.7050
0.7051
0.7052
0.7052
0.7053
0.7054
0.7054
0.7055
0.7055
0.7056
0.7056
0.7057
0.7057
0.7057
0.7057
0.7057
0.7057
0.7056
0.7056
0.7055
0.7055
0.7054
0.7053
0.7052
0.7051
0.7050
0.7049
0.7048
0.7047
0.7045
0.7044
0.7042
0.7041
0.7039
0.7038
0.7036
0.7035
0.7033
0.7032
0.7030
0.7029
0.7027
0.7026
0.7024
0.7023
0.7022
0.7020
0.7019
0.7018
0.7017
0.7016
0.7015
0.7013
0.7012
0.7011
0.7011
0.7010
0.7009
0.7008
0.7007
0.7006
0.7005
0.7005
0.7004
0.7003
0.7002
0.7001
0.7001
0.7000
0.6999
0.6999
0.6998
0.6997
0.6997
0.6996
0.6995
0.6995
0.6994
0.6994
0.6993
0.6993
0.6993
0.6993
0.6992
0.6992
0.6992
0.6992
0.6992
0.6992
0.6992
0.6992
0.6992
0.6992
0.6992
0.6992
0.6992
0.6991
0.6991
0.6991
0.6990
0.6990
0.6989
0.6988
0.6987
0.6986
0.6985
0.6983
0.6982
0.6981
0.6979
0.6977
0.6976
0.6974
0.6972
0.6970
0.6968
0.6966
0.6964
0.6962
0.6960
0.6958
0.6956
0.6954
0.6952
0.6950
0.6947
0.6945
0.6943
0.6941
0.6939
0.6937
0.6934
0.6932
0.6930
0.6928
0.6926
0.6924
0.6922
0.6920
0.6918
0.6916
0.6914
0.6912
0.6910
0.6909
0.6907
0.6906
0.6905
0.6903
0.6902
0.6901
0.6901
0.6900
0.6899
0.6899
0.6899
0.6899
0.6899
0.6899
0.6900
0.6901
0.6901
0.6903
0.6904
0.6906
0.6907
0.6909
0.6912
0.6914
0.6917
0.6919
0.6923
0.6926
0.6929
0.6933
0.6937
0.6941
0.6945
0.6950
0.6954
0.6959
0.6964
0.6969
0.6974
0.6979
0.6984
0.6989
0.6994
0.7000
0.7005
0.7010
0.7015
0.7020
0.7025
0.7030
0.7035
0.7040
0.7044
0.7049
0.7053
0.7058
0.7062
0.7066
0.7069
0.7073
0.7076
0.7080
0.7083
0.7086
0.7088
0.7091
0.7093
0.7096
0.7098
0.7100
0.7102
0.7103
0.7105
0.7106
0.7108
0.7109
0.7110
0.7111
0.7112
0.7113
0.7114
0.7114
0.7115
0.7116
0.7116
0.7117
0.7118
0.7118
0.7119
0.7119
0.7120
0.7121
0.7121
0.7122
0.7123
0.7124
0.7124
0.7125
0.7126
0.7127
0.7128
0.7129
0.7130
0.7131
0.7132
0.7134
0.7135
0.7136
0.7137
0.7139
0.7140
0.7141
0.7142
0.7144
0.7145
0.7146
0.7147
0.7148
0.7149
0.7150
0.7151
0.7151
0.7152
0.7152
0.7152
0.7152
0.7152
0.7152
0.7152
0.7151
0.7151
0.7150
0.7149
0.7148
0.7146
0.7145
0.7143
0.7142
0.7140
0.7138
0.7136
0.7134
0.7132
0.7129
0.7127
0.7124
0.7122
0.7119
0.7117
0.7114
0.7111
0.7108
0.7105
0.7102
0.7099
0.7096
0.7093
0.7089
0.7086
0.7083
0.7079
0.7076
0.7073
0.7069
0.7066
0.7062
0.7059
0.7055
0.7051
0.7048
0.7044
0.7041
0.7037
0.7033
0.7030
0.7026
0.7023
0.7019
0.7015
0.7012
0.7008
0.7005
0.7001
0.6997
0.6994
0.6990
0.6987
0.6984
0.6980
0.6977
0.6973
0.6970
0.6967
0.6963
0.6960
0.6957
0.6954
0.6951
0.6948
0.6945
0.6942
0.6939
0.6936
0.6933
0.6930
0.6927
0.6925
0.6922
0.6920
0.6917
0.6915
0.6912
0.6910
0.6908
0.6905
0.6903
0.6901
0.6899
0.6897
0.6895
0.6894
0.6892
0.6890
0.6889
0.6887
0.6886
0.6884
0.6883
0.6882
0.6881
0.6880
0.6879
0.6878
0.6877
0.6876
0.6876
0.6875
0.6875
0.6874
0.6874
0.6873
0.6873
0.6873
0.6872
0.6872
0.6872
0.6872
0.6871
0.6871
0.6870
0.6870
0.6870
0.6869
0.6868
0.6868
0.6867
0.6866
0.6866
0.6865
0.6864
0.6863
0.6862
0.6861
0.6860
0.6859
0.6858
0.6857
0.6856
0.6855
0.6854
0.6853
0.6852
0.6851
0.6850
0.6850
0.6849
0.6848
0.6847
0.6846
0.6846
0.6845
0.6845
0.6844
0.6844
0.6843
0.6843
0.6842
0.6842
0.6842
0.6842
0.6842
0.6842
0.6842
0.6843
0.6843
0.6843
0.6844
0.6845
0.6845
0.6846
0.6847
0.6848
0.6850
0.6851
0.6853
0.6854
0.6856
0.6858
0.6860
0.6862
0.6865
0.6868
0.6870
0.6873
0.6876
0.6880
0.6883
0.6887
0.6891
0.6895
0.6899
0.6903
0.6907
0.6911
0.6916
0.6920
0.6925
0.6929
0.6934
0.6938
0.6943
0.6947
0.6952
0.6956
0.6960
0.6964
0.6968
0.6972
0.6976
0.6980
0.6983
0.6986
0.6989
0.6992
0.6995
0.6998
0.7000
0.7003
0.7005
0.7007
0.7009
0.7011
0.7012
0.7014
0.7015
0.7017
0.7018
0.7019
0.7020
0.7021
0.7022
0.7023
0.7024
0.7025
0.7026
0.7027
0.7028
0.7028
0.7029
0.7030
0.7031
0.7033
0.7034
0.7035
0.7036
0.7038
0.7039
0.7040
0.7042
0.7044
0.7045
0.7047
0.7049
0.7051
0.7053
0.7055
0.7057
0.7059
0.7061
0.7063
0.7065
0.7067
0.7070
0.7072
0.7074
0.7076
0.7078
0.7081
0.7083
0.7085
0.7087
0.7089
0.7091
0.7093
0.7095
0.7097
0.7099
0.7101
0.7103
0.7105
0.7107
0.7108
0.7110
0.7112
0.7113
0.7115
0.7116
0.7117
0.7118
0.7120
0.7121
0.7122
0.7122
0.7123
0.7124
0.7124
0.7125
0.7125
0.7126
0.7126
0.7126
0.7126
0.7126
0.7125
0.7125
0.7125
0.7124
0.7123
0.7123
0.7122
0.7120
0.7119
0.7118
0.7116
0.7115
0.7113
0.7111
0.7109
0.7107
0.7105
0.7103
0.7100
0.7097
0.7095
0.7092
0.7089
0.7086
0.7083
0.7080
0.7077
0.7073
0.7070
0.7066
0.7063
0.7059
0.7055
0.7052
0.7048
0.7044
0.7040
0.7036
0.7032
0.7028
0.7024
0.7020
0.7015
0.7011
0.7007
0.7003
0.6998
0.6994
0.6990
0.6985
0.6981
0.6976
0.6972
0.6967
0.6963
0.6958
0.6954
0.6949
0.6945
0.6940
0.6936
0.6931
0.6927
0.6922
0.6918
0.6914
0.6909
0.6905
0.6901
0.6896
0.6892
0.6888
0.6884
0.6880
0.6876
0.6872
0.6868
0.6864
0.6860
0.6856
0.6852
0.6849
0.6845
0.6841
0.6838
0.6834
0.6831
0.6828
0.6824
0.6821
0.6818
0.6815
0.6812
0.6809
0.6806
0.6804
0.6801
0.6799
0.6797
0.6794
0.6792
0.6790
0.6789
0.6787
0.6786
0.6784
0.6783
0.6782
0.6781
0.6781
0.6780
0.6780
0.6779
0.6779
0.6779
0.6779
0.6779
0.6780
0.6780
0.6781
0.6781
0.6782
0.6782
0.6783
0.6784
0.6785
0.6785
0.6786
0.6787
0.6788
0.6789
0.6789
0.6790
0.6791
0.6792
0.6792
0.6793
0.6793
0.6794
0.6795
0.6795
0.6796
0.6796
0.6797
0.6797
0.6798
0.6798
0.6799
0.6799
0.6800
0.6800
0.6801
0.6801
0.6802
0.6803
0.6804
0.6804
0.6805
0.6806
0.6807
0.6808
0.6809
0.6810
0.6812
0.6813
0.6814
0.6816
0.6817
0.6819
0.6820
0.6822
0.6823
0.6825
0.6827
0.6828
0.6830
0.6832
0.6834
0.6835
0.6837
0.6839
0.6841
0.6843
0.6845
0.6847
0.6849
0.6851
0.6853
0.6855
0.6857
0.6859
0.6861
0.6863
0.6865
0.6867
0.6869
0.6871
0.6874
0.6876
0.6878
0.6880
0.6883
0.6885
0.6888
0.6890
0.6893
0.6896
0.6898
0.6901
0.6904
0.6907
0.6910
0.6913
0.6916
0.6919
0.6923
0.6926
0.6929
0.6933
0.6936
0.6940
0.6943
0.6947
0.6950
0.6954
0.6957
0.6961
0.6965
0.6968
0.6972
0.6975
0.6979
0.6982
0.6986
0.6989
0.6993
0.6996
0.7000
0.7003
0.7006
0.7010
0.7013
0.7016
0.7019
0.7022
0.7025
0.7028
0.7031
0.7034
0.7037
0.7040
0.7042
0.7045
0.7047
0.7050
0.7052
0.7054
0.7056
0.7058
0.7060
0.7062
0.7063
0.7064
0.7066
0.7067
0.7067
0.7068
0.7068
0.7069
0.7069
0.7069
0.7069
0.7068
0.7068
0.7067
0.7067
0.7066
0.7065
0.7064
0.7063
0.7061
0.7060
0.7059
0.7058
0.7056
0.7055
0.7053
0.7052
0.7050
0.7049
0.7047
0.7046
0.7045
0.7043
0.7042
0.7040
0.7039
0.7037
0.7036
0.7035
0.7033
0.7032
0.7031
0.7030
0.7029
0.7028
0.7027
0.7026
0.7025
0.7024
0.7024
0.7023
0.7023
0.7023
0.7023
0.7023
0.7023
0.7023
0.7023
0.7024
0.7025
0.7026
0.7027
0.7028
0.7029
0.7031
0.7033
0.7035
0.7037
0.7039
0.7042
0.7045
0.7048
0.7051
0.7054
0.7058
0.7062
0.7065
0.7069
0.7073
0.7078
0.7082
0.7086
0.7090
0.7095
0.7099
0.7103
0.7107
0.7111
0.7115
0.7119
0.7122
0.7126
0.7129
0.7132
0.7135
0.7137
0.7139
0.7141
0.7143
0.7144
0.7145
0.7146
0.7147
0.7147
0.7147
0.7147
0.7147
0.7146
0.7145
0.7144
0.7143
0.7142
0.7140
0.7138
0.7136
0.7134
0.7132
0.7130
0.7127
0.7125
0.7122
0.7119
0.7116
0.7114
0.7111
0.7107
0.7104
0.7101
0.7098
0.7095
0.7091
0.7088
0.7084
0.7081
0.7077
0.7074
0.7070
0.7066
0.7063
0.7059
0.7055
0.7051
0.7048
0.7044
0.7040
0.7036
0.7032
0.7028
0.7024
0.7020
0.7016
0.7012
0.7008
0.7004
0.7000
0.6996
0.6992
0.6989
0.6985
0.6981
0.6977
0.6973
0.6969
0.6965
0.6962
0.6958
0.6954
0.6951
0.6947
0.6944
0.6940
0.6937
0.6934
0.6930
0.6927
0.6924
0.6921
0.6918
0.6915
0.6912
0.6909
0.6907
0.6904
0.6901
0.6899
0.6896
0.6894
0.6892
0.6890
0.6887
0.6885
0.6883
0.6882
0.6880
0.6878
0.6876
0.6875
0.6873
0.6872
0.6871
0.6870
0.6869
0.6868
0.6867
0.6866
0.6865
0.6865
0.6864
0.6864
0.6863
0.6863
0.6863
0.6862
0.6862
0.6862
0.6862
0.6861
0.6861
0.6861
0.6861
0.6861
0.6860
0.6860
0.6860
0.6860
0.6859
0.6859
0.6858
0.6858
0.6858
0.6857
0.6857
0.6856
0.6856
0.6855
0.6855
0.6854
0.6854
0.6854
0.6853
0.6853
0.6853
0.6853
0.6853
0.6853
0.6854
0.6854
0.6854
0.6855
0.6856
0.6857
0.6858
0.6859
0.6861
0.6862
0.6864
0.6866
0.6868
0.6870
0.6873
0.6875
0.6878
0.6881
0.6884
0.6888
0.6891
0.6895
0.6899
0.6903
0.6907
0.6912
0.6917
0.6921
0.6926
0.6931
0.6936
0.6941
0.6946
0.6952
0.6957
0.6962
0.6968
0.6973
0.6978
0.6984
0.6989
0.6994
0.6999
0.7004
0.7009
0.7014
0.7018
0.7023
0.7027
0.7032
0.7036
0.7040
0.7044
0.7047
0.7051
0.7054
0.7058
0.7061
0.7064
0.7067
0.7069
0.7072
0.7074
0.7077
0.7079
0.7081
0.7083
0.7085
0.7087
0.7088
0.7090
0.7092
0.7093
0.7094
0.7096
0.7097
0.7098
0.7099
0.7100
0.7101
0.7102
0.7103
0.7104
0.7105
0.7106
0.7107
0.7108
0.7108
0.7109
0.7110
0.7111
0.7112
0.7112
0.7113
0.7114
0.7115
0.7116
0.7117
0.7118
0.7119
0.7120
0.7121
0.7122
0.7123
0.7124
0.7126
0.7127
0.7128
0.7130
0.7131
0.7132
0.7134
0.7135
0.7136
0.7137
0.7139
0.7140
0.7141
0.7142
0.7143
0.7144
0.7144
0.7145
0.7146
0.7146
0.7146
0.7146
0.7147
0.7146
0.7146
0.7146
0.7146
0.7145
0.7145
0.7144
0.7143
0.7143
0.7142
0.7141
0.7141
0.7140
0.7139
0.7139
0.7138
0.7138
0.7137
0.7137
0.7137
0.7137
0.7137
0.7137
0.7138
0.7138
0.7139
0.7140
0.7141
0.7142
0.7144
0.7146
0.7147
0.7150
0.7152
0.7155
0.7158
0.7161
0.7164
0.7168
0.7171
0.7175
0.7180
0.7184
0.7189
0.7194
0.7199
0.7204
0.7209
0.7214
0.7219
0.7225
0.7230
0.7235
0.7241
0.7246
0.7251
0.7256
0.7260
0.7265
0.7269
0.7274
0.7278
0.7281
0.7285
0.7288
0.7291
0.7294
0.7296
0.7298
0.7300
0.7302
0.7303
0.7304
0.7305
0.7305
0.7305
0.7305
0.7305
0.7304
0.7303
0.7302
0.7301
0.7299
0.7297
0.7295
0.7293
0.7291
0.7288
0.7285
0.7282
0.7279
0.7276
0.7273
0.7269
0.7266
0.7262
0.7258
0.7254
0.7250
0.7246
0.7242
0.7238
0.7234
0.7230
0.7226
0.7221
0.7217
0.7213
0.7209
0.7205
0.7200
0.7196
0.7192
0.7188
0.7184
0.7180
0.7176
0.7172
0.7168
0.7164
0.7160
0.7156
0.7152
0.7149
0.7145
0.7141
0.7138
0.7134
0.7131
0.7127
0.7124
0.7121
0.7117
0.7114
0.7111
0.7108
0.7105
0.7102
0.7098
0.7095
0.7092
0.7090
0.7087
0.7084
0.7081
0.7078
0.7075
0.7072
0.7069
0.7066
0.7064
0.7061
0.7058
0.7055
0.7053
0.7050
0.7047
0.7045
0.7042
0.7040
0.7037
0.7035
0.7032
0.7030
0.7028
0.7026
0.7024
0.7022
0.7020
0.7018
0.7016
0.7015
0.7013
0.7012
0.7011
0.7009
0.7008
0.7007
0.7006
0.7005
0.7004
0.7002
0.7001
0.7000
0.7000
0.6999
0.6998
0.6996
0.6995
0.6994
0.6993
0.6992
0.6991
0.6990
0.6988
0.6987
0.6986
0.6984
0.6983
0.6981
0.6979
0.6978
0.6976
0.6974
0.6973
0.6971
0.6969
0.6967
0.6965
0.6963
0.6961
0.6959
0.6957
0.6955
0.6953
0.6950
0.6948
0.6946
0.6944
0.6942
0.6940
0.6937
0.6935
0.6933
0.6931
0.6929
0.6927
0.6925
0.6923
0.6921
0.6919
0.6918
0.6916
0.6914
0.6913
0.6911
0.6909
0.6908
0.6906
0.6905
0.6904
0.6903
0.6901
0.6900
0.6899
0.6898
0.6897
0.6896
0.6895
0.6894
0.6893
0.6893
0.6892
0.6891
0.6891
0.6890
0.6890
0.6890
0.6889
0.6889
0.6889
0.6889
0.6889
0.6889
0.6890
0.6890
0.6890
0.6891
0.6892
0.6892
0.6893
0.6894
0.6895
0.6896
0.6898
0.6899
0.6900
0.6902
0.6903
0.6905
0.6907
0.6908
0.6910
0.6912
0.6914
0.6916
0.6918
0.6920
0.6922
0.6924
0.6926
0.6928
0.6930
0.6932
0.6934
0.6936
0.6938
0.6940
0.6942
0.6944
0.6946
0.6949
0.6951
0.6953
0.6955
0.6957
0.6959
0.6961
0.6963
0.6965
0.6967
0.6969
0.6971
0.6973
0.6975
0.6977
0.6978
0.6980
0.6982
0.6984
0.6985
0.6987
0.6989
0.6990
0.6992
0.6993
0.6995
0.6996
0.6997
0.6998
0.6999
0.7000
0.7001
0.7002
0.7002
0.7003
0.7003
0.7004
0.7004
0.7004
0.7004
0.7004
0.7003
0.7003
0.7002
0.7001
0.7001
0.7000
0.6998
0.6997
0.6996
0.6994
0.6993
0.6991
0.6989
0.6987
0.6985
0.6983
0.6981
0.6978
0.6976
0.6974
0.6971
0.6969
0.6967
0.6964
0.6962
0.6960
0.6958
0.6956
0.6954
0.6952
0.6950
0.6949
0.6947
0.6946
0.6944
0.6943
0.6942
0.6941
0.6941
0.6940
0.6940
0.6940
0.6939
0.6939
0.6940
0.6940
0.6940
0.6941
0.6942
0.6942
0.6943
0.6944
0.6945
0.6947
0.6948
0.6949
0.6950
0.6952
0.6953
0.6955
0.6956
0.6957
0.6959
0.6960
0.6962
0.6963
0.6964
0.6966
0.6967
0.6968
0.6969
0.6970
0.6971
0.6972
0.6973
0.6974
0.6975
0.6976
0.6976
0.6977
0.6978
0.6978
0.6979
0.6979
0.6979
0.6980
0.6980
0.6980
0.6981
0.6981
0.6981
0.6981
0.6981
0.6980
0.6980
0.6980
0.6980
0.6979
0.6979
0.6978
0.6978
0.6977
0.6976
0.6976
0.6975
0.6974
0.6973
0.6972
0.6971
0.6970
0.6968
0.6967
0.6966
0.6964
0.6963
0.6961
0.6959
0.6958
0.6956
0.6954
0.6952
0.6950
0.6948
0.6946
0.6944
0.6942
0.6940
0.6937
0.6935
0.6933
0.6931
0.6929
0.6926
0.6924
0.6922
0.6920
0.6918
0.6916
0.6914
0.6912
0.6910
0.6908
0.6906
0.6905
0.6903
0.6901
0.6900
0.6898
0.6897
0.6896
0.6895
0.6893
0.6892
0.6891
0.6891
0.6890
0.6889
0.6888
0.6888
0.6887
0.6887
0.6886
0.6886
0.6886
0.6885
0.6885
0.6885
0.6885
0.6885
0.6886
0.6886
0.6886
0.6886
0.6887
0.6888
0.6888
0.6889
0.6890
0.6891
0.6892
0.6893
0.6894
0.6895
0.6897
0.6898
0.6899
0.6901
0.6903
0.6904
0.6906
0.6908
0.6910
0.6912
0.6914
0.6916
0.6918
0.6920
0.6922
0.6924
0.6927
0.6929
0.6931
0.6933
0.6935
0.6937
0.6939
0.6941
0.6943
0.6945
0.6947
0.6949
0.6950
0.6952
0.6954
0.6955
0.6957
0.6958
0.6960
0.6961
0.6962
0.6964
0.6965
0.6966
0.6967
0.6969
0.6970
0.6971
0.6972
0.6973
0.6975
0.6976
0.6977
0.6978
0.6980
0.6981
0.6982
0.6983
0.6984
0.6986
0.6987
0.6988
0.6989
0.6990
0.6991
0.6992
0.6993
0.6993
0.6994
0.6994
0.6995
0.6995
0.6995
0.6995
0.6995
0.6995
0.6995
0.6995
0.6995
0.6995
0.6994
0.6994
0.6994
0.6993
0.6993
0.6992
0.6992
0.6991
0.6991
0.6990
0.6990
0.6989
0.6989
0.6989
0.6989
0.6989
0.6989
0.6989
0.6989
0.6989
0.6989
0.6990
0.6991
0.6992
0.6993
0.6994
0.6995
0.6997
0.6998
0.7000
0.7002
0.7005
0.7007
0.7010
0.7013
0.7016
0.7019
0.7023
0.7026
0.7030
0.7034
0.7038
0.7042
0.7046
0.7050
0.7054
0.7058
0.7062
0.7066
0.7070
0.7074
0.7077
0.7081
0.7084
0.7088
0.7091
0.7094
0.7097
0.7100
0.7102
0.7105
0.7107
0.7109
0.7111
0.7113
0.7114
0.7116
0.7117
0.7118
0.7119
0.7120
0.7121
0.7122
0.7122
0.7123
0.7123
0.7123
0.7123
0.7123
0.7123
0.7123
0.7122
0.7122
0.7121
0.7120
0.7120
0.7119
0.7117
0.7116
0.7115
0.7114
0.7112
0.7110
0.7109
0.7107
0.7105
0.7103
0.7101
0.7099
0.7096
0.7094
0.7092
0.7089
0.7086
0.7084
0.7081
0.7078
0.7076
0.7073
0.7070
0.7067
0.7064
0.7061
0.7058
0.7055
0.7052
0.7049
0.7046
0.7043
0.7040
0.7038
0.7035
0.7032
0.7029
0.7027
0.7024
0.7021
0.7019
0.7017
0.7014
0.7012
0.7010
0.7008
0.7006
0.7004
0.7003
0.7001
0.6999
0.6998
0.6997
0.6995
0.6994
0.6993
0.6992
0.6991
0.6991
0.6990
0.6989
0.6989
0.6988
0.6988
0.6987
0.6987
0.6987
0.6987
0.6987
0.6987
0.6987
0.6987
0.6988
0.6988
0.6988
0.6989
0.6989
0.6990
0.6991
0.6991
0.6992
0.6993
0.6994
0.6995
0.6996
0.6997
0.6998
0.6999
0.7000
0.7001
0.7002
0.7003
0.7004
0.7004
0.7005
0.7006
0.7007
0.7008
0.7008
0.7009
0.7010
0.7010
0.7011
0.7012
0.7012
0.7013
0.7013
0.7014
0.7014
0.7015
0.7015
0.7015
0.7016
0.7016
0.7017
0.7017
0.7017
0.7018
0.7018
0.7019
0.7019
0.7020
0.7020
0.7021
0.7022
0.7022
0.7023
0.7024
0.7025
0.7025
0.7026
0.7027
0.7028
0.7029
0.7030
0.7031
0.7032
0.7033
0.7034
0.7035
0.7035
0.7036
0.7037
0.7038
0.7039
0.7039
0.7040
0.7041
0.7041
0.7042
0.7042
0.7043
0.7043
0.7043
0.7044
0.7044
0.7045
0.7045
0.7045
0.7046
0.7046
0.7046
0.7047
0.7047
0.7047
0.7048
0.7048
0.7048
0.7049
0.7049
0.7050
0.7050
0.7050
0.7051
0.7051
0.7052
0.7052
0.7053
0.7053
0.7053
0.7054
0.7054
0.7055
0.7055
0.7056
0.7056
0.7057
0.7057
0.7058
0.7058
0.7059
0.7059
0.7060
0.7061
0.7061
0.7062
0.7062
0.7063
0.7064
0.7065
0.7065
0.7066
0.7067
0.7068
0.7069
0.7069
0.7070
0.7071
0.7072
0.7072
0.7073
0.7074
0.7074
0.7075
0.7075
0.7076
0.7076
0.7076
0.7077
0.7077
0.7076
0.7076
0.7076
0.7075
0.7075
0.7074
0.7073
0.7072
0.7071
0.7070
0.7069
0.7067
0.7066
0.7064
0.7062
0.7060
0.7059
0.7057
0.7055
0.7053
0.7051
0.7049
0.7047
0.7045
0.7043
0.7041
0.7039
0.7037
0.7035
0.7033
0.7031
0.7029
0.7027
0.7026
0.7024
0.7022
0.7021
0.7019
0.7018
0.7017
0.7015
0.7014
0.7013
0.7012
0.7011
0.7010
0.7009
0.7008
0.7007
0.7007
0.7006
0.7006
0.7005
0.7005
0.7005
0.7005
0.7004
0.7004
0.7004
0.7004
0.7004
0.7005
0.7005
0.7005
0.7005
0.7005
0.7005
0.7005
0.7004
0.7004
0.7004
0.7004
0.7003
0.7003
0.7002
0.7001
0.7000
0.7000
0.6999
0.6998
0.6996
0.6995
0.6994
0.6993
0.6992
0.6990
0.6989
0.6988
0.6986
0.6985
0.6983
0.6982
0.6981
0.6979
0.6978
0.6977
0.6976
0.6974
0.6973
0.6972
0.6971
0.6971
0.6970
0.6969
0.6969
0.6968
0.6968
0.6968
0.6968
0.6967
0.6968
0.6968
0.6968
0.6968
0.6969
0.6969
0.6970
0.6971
0.6972
0.6972
0.6973
0.6974
0.6975
0.6976
0.6977
0.6978
0.6980
0.6981
0.6982
0.6983
0.6984
0.6985
0.6986
0.6987
0.6988
0.6989
0.6990
0.6991
0.6992
0.6993
0.6994
0.6995
0.6995
0.6996
0.6997
0.6998
0.6998
0.6999
0.7000
0.7000
0.7001
0.7001
0.7002
0.7002
0.7003
0.7003
0.7004
0.7004
0.7005
0.7005
0.7006
0.7006
0.7006
0.7007
0.7007
0.7007
0.7007
0.7008
0.7008
0.7008
0.7008
0.7008
0.7008
0.7008
0.7008
0.7008
0.7008
0.7008
0.7008
0.7008
0.7008
0.7007
0.7007
0.7007
0.7007
0.7006
0.7006
0.7006
0.7006
0.7005
0.7005
0.7005
0.7004
0.7004
0.7003
0.7003
0.7003
0.7002
0.7002
0.7002
0.7001
0.7001
0.7001
0.7001
0.7001
0.7001
0.7001
0.7001
0.7001
0.7002
0.7002
0.7002
0.7003
0.7004
0.7005
0.7006
0.7007
0.7008
0.7010
0.7011
0.7013
0.7014
0.7016
0.7018
0.7020
0.7023
0.7025
0.7027
0.7030
0.7032
0.7035
0.7037
0.7040
0.7043
0.7046
0.7049
0.7052
0.7054
0.7057
0.7060
0.7063
0.7066
0.7069
0.7072
0.7075
0.7078
0.7081
0.7084
0.7088
0.7091
0.7094
0.7097
0.7100
0.7103
0.7105
0.7108
0.7111
0.7114
0.7117
0.7120
0.7123
0.7126
0.7129
0.7131
0.7134
0.7137
0.7139
0.7142
0.7145
0.7147
0.7149
0.7152
0.7154
0.7156
0.7158
0.7160
0.7162
0.7164
0.7166
0.7167
0.7169
0.7170
0.7171
0.7172
0.7173
0.7174
0.7175
0.7176
0.7176
0.7177
0.7177
0.7177
0.7177
0.7177
0.7177
0.7176
0.7176
0.7175
0.7175
0.7174
0.7173
0.7172
0.7171
0.7170
0.7168
0.7167
0.7165
0.7164
0.7162
0.7160
0.7158
0.7156
0.7154
0.7152
0.7150
0.7148
0.7146
0.7144
0.7141
0.7139
0.7137
0.7134
0.7132
0.7129
0.7127
0.7124
0.7122
0.7119
0.7117
0.7114
0.7112
0.7109
0.7107
0.7104
0.7102
0.7099
0.7097
0.7094
0.7092
0.7089
0.7087
0.7084
0.7082
0.7079
0.7076
0.7074
0.7071
0.7068
0.7066
0.7063
0.7060
0.7057
0.7055
0.7052
0.7049
0.7046
0.7043
0.7040
0.7037
0.7034
0.7031
0.7028
0.7025
0.7022
0.7019
0.7016
0.7013
0.7010
0.7006
0.7003
0.7000
0.6997
0.6994
0.6991
0.6988
0.6985
0.6983
0.6980
0.6977
0.6974
0.6972
0.6969
0.6967
0.6964
0.6962
0.6959
0.6957
0.6955
0.6953
0.6951
0.6949
0.6947
0.6945
0.6943
0.6942
0.6940
0.6938
0.6936
0.6935
0.6933
0.6932
0.6930
0.6928
0.6927
0.6925
0.6924
0.6922
0.6920
0.6918
0.6917
0.6915
0.6913
0.6911
0.6909
0.6907
0.6905
0.6903
0.6901
0.6899
0.6897
0.6895
0.6893
0.6891
0.6888
0.6886
0.6884
0.6882
0.6880
0.6877
0.6875
0.6873
0.6871
0.6869
0.6867
0.6864
0.6862
0.6860
0.6858
0.6856
0.6855
0.6853
0.6851
0.6849
0.6848
0.6846
0.6845
0.6844
0.6842
0.6841
0.6840
0.6839
0.6839
0.6838
0.6838
0.6837
0.6837
0.6837
0.6837
0.6838
0.6838
0.6839
0.6839
0.6840
0.6841
0.6843
0.6844
0.6846
0.6848
0.6850
0.6852
0.6854
0.6857
0.6859
0.6862
0.6865
0.6867
0.6870
0.6873
0.6876
0.6879
0.6882
0.6885
0.6888
0.6891
0.6894
0.6897
0.6899
0.6902
0.6904
0.6906
0.6908
0.6910
0.6911
0.6913
0.6914
0.6915
0.6917
0.6917
0.6918
0.6919
0.6919
0.6919
0.6920
0.6920
0.6919
0.6919
0.6919
0.6918
0.6918
0.6917
0.6916
0.6915
0.6914
0.6913
0.6911
0.6910
0.6908
0.6906
0.6905
0.6903
0.6901
0.6899
0.6896
0.6894
0.6892
0.6889
0.6887
0.6884
0.6881
0.6878
0.6875
0.6872
0.6869
0.6866
0.6863
0.6860
0.6856
0.6853
0.6850
0.6846
0.6843
0.6839
0.6836
0.6832
0.6828
0.6825
0.6821
0.6818
0.6814
0.6811
0.6807
0.6804
0.6801
0.6797
0.6794
0.6791
0.6788
0.6786
0.6783
0.6781
0.6778
0.6776
0.6774
0.6773
0.6771
0.6770
0.6769
0.6768
0.6768
0.6767
0.6767
0.6767
0.6768
0.6769
0.6770
0.6771
0.6772
0.6774
0.6776
0.6778
0.6780
0.6783
0.6786
0.6788
0.6792
0.6795
0.6798
0.6802
0.6806
0.6810
0.6814
0.6818
0.6822
0.6827
0.6831
0.6836
0.6840
0.6845
0.6850
0.6854
0.6859
0.6864
0.6869
0.6873
0.6878
0.6883
0.6887
0.6892
0.6896
0.6901
0.6905
0.6910
0.6914
0.6918
0.6922
0.6927
0.6931
0.6935
0.6939
0.6943
0.6947
0.6951
0.6955
0.6959
0.6963
0.6968
0.6972
0.6976
0.6980
0.6984
0.6988
0.6992
0.6997
0.7001
0.7005
0.7009
0.7014
0.7018
0.7022
0.7026
0.7030
0.7034
0.7038
0.7042
0.7046
0.7050
0.7053
0.7057
0.7060
0.7064
0.7067
0.7070
0.7073
0.7076
0.7079
0.7081
0.7084
0.7086
0.7088
0.7090
0.7092
0.7094
0.7095
0.7096
0.7098
0.7099
0.7100
0.7100
0.7101
0.7101
0.7102
0.7102
0.7102
0.7102
0.7102
0.7102
0.7102
0.7101
0.7101
0.7100
0.7100
0.7100
0.7099
0.7099
0.7098
0.7098
0.7097
0.7097
0.7097
0.7096
0.7096
0.7096
0.7096
0.7095
0.7095
0.7095
0.7095
0.7095
0.7095
0.7095
0.7095
0.7094
0.7094
0.7094
0.7094
0.7094
0.7094
0.7094
0.7093
0.7093
0.7093
0.7092
0.7092
0.7092
0.7091
0.7091
0.7090
0.7090
0.7089
0.7088
0.7088
0.7087
0.7087
0.7086
0.7085
0.7085
0.7084
0.7084
0.7083
0.7083
0.7082
0.7082
0.7082
0.7081
0.7081
0.7081
0.7081
0.7081
0.7081
0.7081
0.7081
0.7081
0.7081
0.7082
0.7082
0.7082
0.7083
0.7083
0.7083
0.7084
0.7084
0.7084
0.7085
0.7085
0.7086
0.7086
0.7087
0.7088
0.7088
0.7089
0.7089
0.7090
0.7091
0.7092
0.7092
0.7093
0.7094
0.7095
0.7096
0.7097
0.7098
0.7099
0.7099
0.7100
0.7101
0.7102
0.7103
0.7104
0.7104
0.7105
0.7106
0.7106
0.7107
0.7107
0.7107
0.7107
0.7107
0.7107
0.7107
0.7106
0.7106
0.7105
0.7104
0.7103
0.7102
0.7101
0.7100
0.7098
0.7097
0.7095
0.7094
0.7092
0.7091
0.7089
0.7087
0.7086
0.7084
0.7082
0.7081
0.7079
0.7077
0.7076
0.7074
0.7073
0.7071
0.7070
0.7069
0.7067
0.7066
0.7065
0.7064
0.7063
0.7062
0.7061
0.7060
0.7059
0.7058
0.7058
0.7057
0.7056
0.7056
0.7055
0.7054
0.7054
0.7053
0.7052
0.7052
0.7051
0.7050
0.7049
0.7049
0.7048
0.7047
0.7046
0.7045
0.7044
0.7043
0.7042
0.7041
0.7040
0.7038
0.7037
0.7036
0.7034
0.7033
0.7032
0.7030
0.7029
0.7027
0.7026
0.7024
0.7023
0.7021
0.7019
0.7018
0.7016
0.7015
0.7013
0.7011
0.7010
0.7008
0.7007
0.7005
0.7004
0.7002
0.7001
0.7000
0.6998
0.6997
0.6996
0.6995
0.6994
0.6993
0.6992
0.6991
0.6990
0.6990
0.6989
0.6989
0.6988
0.6988
0.6987
0.6987
0.6987
0.6987
0.6987
0.6987
0.6987
0.6987
0.6987
0.6988
0.6988
0.6988
0.6989
0.6989
0.6990
0.6991
0.6991
0.6992
0.6993
0.6993
0.6994
0.6995
0.6995
0.6996
0.6997
0.6998
0.6998
0.6999
0.7000
0.7000
0.7001
0.7002
0.7002
0.7003
0.7003
0.7004
0.7004
0.7004
0.7005
0.7005
0.7006
0.7006
0.7006
0.7007
0.7007
0.7008
0.7008
0.7009
0.7010
0.7010
0.7011
0.7012
0.7013
0.7014
0.7015
0.7017
0.7018
0.7020
0.7022
0.7024
0.7026
0.7028
0.7031
0.7034
0.7036
0.7039
0.7042
0.7045
0.7048
0.7052
0.7055
0.7059
0.7062
0.7065
0.7069
0.7072
0.7076
0.7079
0.7083
0.7086
0.7089
0.7093
0.7096
0.7099
0.7102
0.7105
0.7107
0.7110
0.7112
0.7115
0.7117
0.7119
0.7121
0.7123
0.7125
0.7126
0.7127
0.7129
0.7130
0.7131
0.7131
0.7132
0.7132
0.7132
0.7132
0.7132
0.7132
0.7131
0.7130
0.7129
0.7128
0.7127
0.7125
0.7124
0.7122
0.7120
0.7118
0.7116
0.7113
0.7111
0.7108
0.7106
0.7103
0.7100
0.7097
0.7094
0.7091
0.7088
0.7085
0.7082
0.7079
0.7076
0.7073
0.7070
0.7067
0.7064
0.7061
0.7058
0.7055
0.7052
0.7049
0.7046
0.7044
0.7041
0.7039
0.7037
0.7035
0.7033
0.7031
0.7029
0.7028
0.7026
0.7025
0.7023
0.7022
0.7021
0.7020
0.7019
0.7018
0.7017
0.7016
0.7016
0.7015
0.7014
0.7013
0.7012
0.7011
0.7010
0.7009
0.7008
0.7007
0.7006
0.7004
0.7003
0.7001
0.7000
0.6998
0.6996
0.6994
0.6992
0.6990
0.6988
0.6986
0.6984
0.6982
0.6979
0.6977
0.6975
0.6973
0.6970
0.6968
0.6966
0.6964
0.6961
0.6959
0.6957
0.6955
0.6953
0.6951
0.6949
0.6947
0.6945
0.6943
0.6942
0.6940
0.6938
0.6937
0.6935
0.6934
0.6932
0.6931
0.6930
0.6929
0.6928
0.6927
0.6926
0.6925
0.6924
0.6924
0.6923
0.6923
0.6922
0.6922
0.6922
0.6921
0.6921
0.6921
0.6921
0.6921
0.6921
0.6921
0.6921
0.6921
0.6921
0.6921
0.6921
0.6922
0.6922
0.6922
0.6922
0.6922
0.6922
0.6922
0.6922
0.6922
0.6922
0.6922
0.6922
0.6922
0.6922
0.6921
0.6921
0.6921
0.6921
0.6921
0.6920
0.6920
0.6920
0.6920
0.6920
0.6919
0.6919
0.6919
0.6919
0.6919
0.6919
0.6919
0.6919
0.6919
0.6919
0.6919
0.6920
0.6920
0.6920
0.6921
0.6922
0.6922
0.6923
0.6924
0.6925
0.6926
0.6928
0.6929
0.6931
0.6933
0.6935
0.6936
0.6939
0.6941
0.6943
0.6945
0.6948
0.6950
0.6953
0.6955
0.6958
0.6960
0.6963
0.6965
0.6968
0.6970
0.6973
0.6975
0.6977
0.6980
0.6982
0.6984
0.6986
0.6988
0.6990
0.6991
0.6993
0.6994
0.6996
0.6997
0.6998
0.6999
0.7000
0.7000
0.7001
0.7001
0.7001
0.7002
0.7002
0.7002
0.7002
0.7001
0.7001
0.7001
0.7001
0.7000
0.7000
0.6999
0.6999
0.6999
0.6998
0.6998
0.6998
0.6997
0.6997
0.6997
0.6997
0.6997
0.6998
0.6998
0.6999
0.6999
0.7000
0.7001
0.7002
0.7004
0.7005
0.7007
0.7008
0.7010
0.7012
0.7014
0.7016
0.7019
0.7021
0.7024
0.7026
0.7029
0.7031
0.7034
0.7037
0.7039
0.7042
0.7044
0.7046
0.7049
0.7051
0.7053
0.7055
0.7057
0.7058
0.7060
0.7061
0.7062
0.7063
0.7064
0.7065
0.7066
0.7067
0.7067
0.7068
0.7068
0.7068
0.7069
0.7069
0.7069
0.7069
0.7069
0.7069
0.7069
0.7069
0.7069
0.7069
0.7070
0.7070
0.7070
0.7071
0.7071
0.7071
0.7072
0.7073
0.7074
0.7074
0.7075
0.7076
0.7078
0.7079
0.7080
0.7082
0.7083
0.7085
0.7087
0.7089
0.7090
0.7092
0.7094
0.7096
0.7099
0.7101
0.7103
0.7105
0.7107
0.7109
0.7112
0.7114
0.7116
0.7118
0.7119
0.7121
0.7123
0.7124
0.7126
0.7127
0.7128
0.7129
0.7130
0.7130
0.7130
0.7130
0.7130
0.7130
0.7130
0.7129
0.7128
0.7127
0.7125
0.7124
0.7122
0.7120
0.7118
0.7116
0.7114
0.7111
0.7109
0.7106
0.7103
0.7101
0.7098
0.7095
0.7091
0.7088
0.7085
0.7082
0.7079
0.7076
0.7073
0.7070
0.7066
0.7063
0.7060
0.7057
0.7055
0.7052
0.7049
0.7046
0.7044
0.7041
0.7039
0.7037
0.7035
0.7033
0.7031
0.7029
0.7027
0.7025
0.7024
0.7022
0.7021
0.7020
0.7018
0.7017
0.7016
0.7015
0.7014
0.7014
0.7013
0.7012
0.7012
0.7011
0.7011
0.7011
0.7010
0.7010
0.7010
0.7010
0.7010
0.7010
0.7011
0.7011
0.7011
0.7012
0.7012
0.7013
0.7013
0.7014
0.7014
0.7015
0.7016
0.7016
0.7017
0.7018
0.7019
0.7020
0.7021
0.7022
0.7023
0.7024
0.7025
0.7026
0.7027
0.7028
0.7029
0.7030
0.7032
0.7033
0.7034
0.7036
0.7037
0.7038
0.7040
0.7041
0.7043
0.7044
0.7046
0.7047
0.7049
0.7050
0.7052
0.7053
0.7055
0.7056
0.7058
0.7059
0.7061
0.7062
0.7064
0.7065
0.7067
0.7068
0.7070
0.7071
0.7072
0.7073
0.7075
0.7076
0.7077
0.7078
0.7079
0.7079
0.7080
0.7081
0.7081
0.7081
0.7082
0.7082
0.7082
0.7082
0.7081
0.7081
0.7080
0.7080
0.7079
0.7078
0.7077
0.7076
0.7075
0.7074
0.7072
0.7071
0.7069
0.7068
0.7066
0.7064
0.7062
0.7060
0.7057
0.7055
0.7053
0.7050
0.7047
0.7045
0.7042
0.7039
0.7036
0.7033
0.7030
0.7027
0.7024
0.7021
0.7018
0.7015
0.7011
0.7008
0.7005
0.7002
0.6999
0.6995
0.6992
0.6989
0.6986
0.6983
0.6980
0.6977
0.6973
0.6970
0.6968
0.6965
0.6962
0.6959
0.6956
0.6953
0.6950
0.6947
0.6945
0.6942
0.6939
0.6936
0.6933
0.6930
0.6927
0.6924
0.6921
0.6918
0.6914
0.6911
0.6908
0.6904
0.6901
0.6898
0.6894
0.6891
0.6887
0.6884
0.6880
0.6877
0.6873
0.6870
0.6866
0.6863
0.6860
0.6856
0.6853
0.6850
0.6847
0.6844
0.6841
0.6838
0.6835
0.6832
0.6829
0.6827
0.6824
0.6822
0.6819
0.6817
0.6815
0.6813
0.6810
0.6808
0.6807
0.6805
0.6803
0.6801
0.6800
0.6799
0.6797
0.6796
0.6795
0.6794
0.6793
0.6793
0.6792
0.6792
0.6792
0.6792
0.6792
0.6792
0.6792
0.6793
0.6794
0.6795
0.6796
0.6797
0.6799
0.6800
0.6802
0.6804
0.6806
0.6808
0.6810
0.6813
0.6816
0.6818
0.6821
0.6824
0.6827
0.6831
0.6834
0.6837
0.6841
0.6844
0.6848
0.6852
0.6855
0.6859
0.6863
0.6867
0.6870
0.6874
0.6878
0.6882
0.6886
0.6889
0.6893
0.6897
0.6901
0.6904
0.6908
0.6911
0.6915
0.6919
0.6922
0.6925
0.6929
0.6932
0.6935
0.6939
0.6942
0.6945
0.6949
0.6952
0.6956
0.6959
0.6963
0.6966
0.6970
0.6974
0.6978
0.6982
0.6986
0.6990
0.6995
0.6999
0.7004
0.7008
0.7013
0.7018
0.7023
0.7028
0.7033
0.7037
0.7042
0.7047
0.7052
0.7057
0.7062
0.7067
0.7071
0.7076
0.7080
0.7084
0.7088
0.7092
0.7096
0.7099
0.7103
0.7106
0.7108
0.7111
0.7114
0.7116
0.7118
0.7120
0.7121
0.7122
0.7124
0.7125
0.7125
0.7126
0.7126
0.7127
0.7127
0.7127
0.7127
0.7126
0.7126
0.7125
0.7125
0.7124
0.7123
0.7122
0.7121
0.7120
0.7119
0.7118
0.7117
0.7116
0.7115
0.7114
0.7113
0.7112
0.7111
0.7110
0.7110
0.7109
0.7109
0.7108
0.7108
0.7108
0.7108
0.7108
0.7108
0.7108
0.7109
0.7109
0.7110
0.7111
0.7112
0.7113
0.7114
0.7115
0.7117
0.7118
0.7120
0.7122
0.7123
0.7125
0.7127
0.7128
0.7130
0.7132
0.7134
0.7135
0.7137
0.7139
0.7140
0.7142
0.7143
0.7144
0.7145
0.7146
0.7147
0.7147
0.7148
0.7148
0.7148
0.7148
0.7148
0.7148
0.7147
0.7146
0.7146
0.7144
0.7143
0.7142
0.7140
0.7139
0.7137
0.7135
0.7133
0.7131
0.7129
0.7126
0.7124
0.7121
0.7118
0.7115
0.7113
0.7109
0.7106
0.7103
0.7100
0.7096
0.7093
0.7090
0.7086
0.7082
0.7079
0.7075
0.7071
0.7067
0.7064
0.7060
0.7056
0.7052
0.7048
0.7044
0.7040
0.7036
0.7033
0.7029
0.7025
0.7021
0.7018
0.7014
0.7011
0.7007
0.7004
0.7001
0.6997
0.6994
0.6991
0.6988
0.6986
0.6983
0.6980
0.6978
0.6975
0.6973
0.6971
0.6969
0.6967
0.6965
0.6963
0.6961
0.6960
0.6958
0.6957
0.6956
0.6954
0.6953
0.6952
0.6951
0.6950
0.6949
0.6948
0.6947
0.6946
0.6945
0.6945
0.6944
0.6943
0.6942
0.6941
0.6941
0.6940
0.6939
0.6938
0.6937
0.6937
0.6936
0.6935
0.6934
0.6934
0.6933
0.6932
0.6931
0.6930
0.6929
0.6929
0.6928
0.6927
0.6926
0.6925
0.6924
0.6923
0.6922
0.6921
0.6920
0.6920
0.6919
0.6918
0.6917
0.6916
0.6916
0.6915
0.6914
0.6914
0.6913
0.6913
0.6913
0.6912
0.6912
0.6912
0.6912
0.6913
0.6913
0.6913
0.6914
0.6915
0.6915
0.6916
0.6917
0.6918
0.6920
0.6921
0.6923
0.6924
0.6926
0.6927
0.6929
0.6931
0.6933
0.6935
0.6937
0.6939
0.6941
0.6943
0.6945
0.6947
0.6949
0.6951
0.6952
0.6954
0.6955
0.6957
0.6958
0.6959
0.6960
0.6961
0.6962
0.6963
0.6963
0.6963
0.6964
0.6964
0.6964
0.6963
0.6963
0.6963
0.6962
0.6962
0.6961
0.6960
0.6959
0.6958
0.6957
0.6956
0.6955
0.6954
0.6953
0.6952
0.6950
0.6949
0.6947
0.6946
0.6945
0.6943
0.6941
0.6940
0.6938
0.6937
0.6935
0.6933
0.6932
0.6930
0.6928
0.6927
0.6925
0.6923
0.6922
0.6920
0.6919
0.6917
0.6916
0.6914
0.6913
0.6912
0.6911
0.6910
0.6909
0.6908
0.6907
0.6906
0.6905
0.6905
0.6904
0.6904
0.6904
0.6903
0.6903
0.6903
0.6903
0.6903
0.6903
0.6903
0.6904
0.6904
0.6904
0.6905
0.6905
0.6905
0.6906
0.6907
0.6907
0.6908
0.6908
0.6909
0.6909
0.6910
0.6911
0.6911
0.6912
0.6912
0.6913
0.6913
0.6914
0.6915
0.6915
0.6916
0.6916
0.6917
0.6917
0.6918
0.6918
0.6919
0.6919
0.6920
0.6920
0.6921
0.6921
0.6922
0.6922
0.6923
0.6923
0.6924
0.6924
0.6925
0.6925
0.6926
0.6926
0.6926
0.6927
0.6927
0.6927
0.6928
0.6928
0.6928
0.6928
0.6928
0.6928
0.6928
0.6928
0.6928
0.6927
0.6927
0.6927
0.6926
0.6926
0.6926
0.6925
0.6925
0.6924
0.6924
0.6923
0.6923
0.6922
0.6922
0.6921
0.6921
0.6920
0.6920
0.6919
0.6919
0.6918
0.6918
0.6917
0.6917
0.6917
0.6916
0.6916
0.6915
0.6915
0.6915
0.6915
0.6914
0.6914
0.6914
0.6914
0.6914
0.6914
0.6914
0.6914
0.6914
0.6914
0.6914
0.6914
0.6915
0.6915
0.6916
0.6916
0.6917
0.6918
0.6919
0.6920
0.6921
0.6923
0.6924
0.6926
0.6927
0.6929
0.6931
0.6933
0.6935
0.6938
0.6940
0.6942
0.6945
0.6948
0.6951
0.6953
0.6956
0.6959
0.6962
0.6966
0.6969
0.6972
0.6975
0.6979
0.6982
0.6986
0.6989
0.6993
0.6996
0.7000
0.7004
0.7008
0.7012
0.7015
0.7019
0.7023
0.7027
0.7031
0.7035
0.7039
0.7043
0.7047
0.7050
0.7054
0.7058
0.7062
0.7065
0.7069
0.7072
0.7076
0.7079
0.7083
0.7086
0.7089
0.7092
0.7095
0.7098
0.7101
0.7103
0.7106
0.7108
0.7111
0.7113
0.7115
0.7117
0.7119
0.7120
0.7122
0.7123
0.7125
0.7126
0.7127
0.7127
0.7128
0.7129
0.7129
0.7129
0.7130
0.7130
0.7130
0.7129
0.7129
0.7129
0.7128
0.7128
0.7127
0.7127
0.7126
0.7125
0.7124
0.7124
0.7123
0.7122
0.7121
0.7120
0.7120
0.7119
0.7118
0.7117
0.7116
0.7116
0.7115
0.7114
0.7114
0.7113
0.7112
0.7112
0.7111
0.7111
0.7110
0.7109
0.7109
0.7108
0.7108
0.7107
0.7107
0.7106
0.7106
0.7105
0.7105
0.7104
0.7104
0.7103
0.7103
0.7103
0.7102
0.7102
0.7102
0.7101
0.7101
0.7101
0.7101
0.7101
0.7101
0.7101
0.7101
0.7101
0.7101
0.7101
0.7101
0.7102
0.7102
0.7102
0.7103
0.7103
0.7103
0.7104
0.7104
0.7104
0.7105
0.7105
0.7105
0.7106
0.7106
0.7106
0.7106
0.7106
0.7106
0.7106
0.7106
0.7105
0.7105
0.7105
0.7104
0.7103
0.7103
0.7102
0.7101
0.7101
0.7100
0.7099
0.7098
0.7097
0.7096
0.7095
0.7094
0.7092
0.7091
0.7090
0.7089
0.7088
0.7087
0.7086
0.7085
0.7083
0.7082
0.7081
0.7080
0.7079
0.7078
0.7076
0.7075
0.7074
0.7073
0.7071
0.7070
0.7069
0.7067
0.7066
0.7065
0.7063
0.7062
0.7060
0.7059
0.7057
0.7056
0.7055
0.7053
0.7052
0.7050
0.7049
0.7047
0.7046
0.7044
0.7043
0.7041
0.7040
0.7038
0.7037
0.7035
0.7034
0.7032
0.7031
0.7029
0.7028
0.7026
0.7025
0.7023
0.7022
0.7020
0.7019
0.7017
0.7016
0.7014
0.7013
0.7011
0.7010
0.7009
0.7008
0.7007
0.7006
0.7005
0.7004
0.7003
0.7002
0.7002
0.7001
0.7001
0.7001
0.7001
0.7001
0.7001
0.7002
0.7002
0.7003
0.7004
0.7005
0.7006
0.7007
0.7009
0.7011
0.7012
0.7014
0.7016
0.7018
0.7021
0.7023
0.7026
0.7028
0.7031
0.7033
0.7036
0.7039
0.7042
0.7045
0.7047
0.7050
0.7053
0.7055
0.7058
0.7060
0.7062
0.7065
0.7067
0.7069
0.7070
0.7072
0.7073
0.7075
0.7076
0.7077
0.7078
0.7078
0.7079
0.7079
0.7079
0.7079
0.7078
0.7078
0.7077
0.7077
0.7076
0.7075
0.7073
0.7072
0.7071
0.7069
0.7067
0.7066
0.7064
0.7062
0.7060
0.7058
0.7056
0.7053
0.7051
0.7049
0.7047
0.7044
0.7042
0.7040
0.7037
0.7035
0.7033
0.7030
0.7028
0.7026
0.7024
0.7021
0.7019
0.7017
0.7015
0.7013
0.7011
0.7009
0.7007
0.7005
0.7003
0.7001
0.6999
0.6998
0.6996
0.6994
0.6993
0.6991
0.6990
0.6988
0.6987
0.6985
0.6984
0.6983
0.6982
0.6981
0.6980
0.6979
0.6978
0.6977
0.6976
0.6975
0.6975
0.6974
0.6973
0.6973
0.6972
0.6972
0.6972
0.6971
0.6971
0.6971
0.6970
0.6970
0.6970
0.6970
0.6969
0.6969
0.6969
0.6968
0.6968
0.6967
0.6967
0.6966
0.6966
0.6965
0.6964
0.6963
0.6962
0.6961
0.6960
0.6959
0.6958
0.6956
0.6955
0.6953
0.6951
0.6949
0.6947
0.6945
0.6942
0.6940
0.6937
0.6934
0.6931
0.6928
0.6925
0.6922
0.6918
0.6915
0.6911
0.6908
0.6904
0.6900
0.6896
0.6893
0.6889
0.6885
0.6881
0.6877
0.6873
0.6869
0.6865
0.6861
0.6858
0.6854
0.6850
0.6846
0.6843
0.6839
0.6835
0.6832
0.6828
0.6825
0.6822
0.6818
0.6815
0.6812
0.6809
0.6806
0.6803
0.6800
0.6797
0.6795
0.6792
0.6790
0.6787
0.6785
0.6783
0.6781
0.6779
0.6777
0.6775
0.6773
0.6771
0.6770
0.6768
0.6767
0.6766
0.6764
0.6763
0.6762
0.6761
0.6760
0.6760
0.6759
0.6758
0.6758
0.6757
0.6757
0.6756
0.6756
0.6756
0.6755
0.6755
0.6755
0.6755
0.6755
0.6755
0.6755
0.6755
0.6755
0.6755
0.6755
0.6756
0.6756
0.6756
0.6756
0.6756
0.6756
0.6756
0.6756
0.6756
0.6756
0.6756
0.6756
0.6756
0.6757
0.6757
0.6757
0.6757
0.6757
0.6757
0.6757
0.6757
0.6757
0.6758
0.6758
0.6758
0.6759
0.6759
0.6760
0.6761
0.6761
0.6762
0.6763
0.6764
0.6766
0.6767
0.6768
0.6770
0.6772
0.6773
0.6775
0.6777
0.6780
0.6782
0.6784
0.6787
0.6790
0.6792
0.6795
0.6798
0.6802
0.6805
0.6808
0.6812
0.6816
0.6819
0.6823
0.6828
0.6832
0.6836
0.6841
0.6845
0.6850
0.6855
0.6860
0.6865
0.6871
0.6876
0.6881
0.6887
0.6892
0.6898
0.6903
0.6909
0.6915
0.6920
0.6926
0.6931
0.6937
0.6942
0.6947
0.6953
0.6958
0.6963
0.6968
0.6973
0.6978
0.6982
0.6987
0.6991
0.6995
0.6999
0.7003
0.7007
0.7010
0.7014
0.7017
0.7020
0.7023
0.7025
0.7028
0.7030
0.7032
0.7034
0.7036
0.7038
0.7039
0.7041
0.7042
0.7043
0.7044
0.7046
0.7047
0.7048
0.7049
0.7050
0.7051
0.7052
0.7053
0.7054
0.7055
0.7056
0.7057
0.7059
0.7060
0.7061
0.7063
0.7064
0.7066
0.7067
0.7069
0.7071
0.7073
0.7075
0.7077
0.7078
0.7080
0.7083
0.7085
0.7087
0.7089
0.7091
0.7093
0.7095
0.7097
0.7099
0.7101
0.7102
0.7104
0.7106
0.7107
0.7108
0.7110
0.7111
0.7112
0.7113
0.7113
0.7114
0.7114
0.7115
0.7115
0.7115
0.7115
0.7115
0.7114
0.7114
0.7113
0.7113
0.7112
0.7111
0.7111
0.7110
0.7109
0.7108
0.7107
0.7106
0.7105
0.7104
0.7103
0.7101
0.7100
0.7099
0.7098
0.7097
0.7096
0.7095
0.7094
0.7094
0.7093
0.7092
0.7091
0.7090
0.7090
0.7089
0.7088
0.7088
0.7087
0.7087
0.7086
0.7086
0.7085
0.7084
0.7084
0.7083
0.7083
0.7082
0.7082
0.7081
0.7081
0.7080
0.7079
0.7079
0.7078
0.7077
0.7076
0.7075
0.7074
0.7073
0.7072
0.7071
0.7070
0.7069
0.7067
0.7066
0.7065
0.7063
0.7061
0.7060
0.7058
0.7056
0.7055
0.7053
0.7051
0.7049
0.7047
0.7045
0.7043
0.7041
0.7039
0.7037
0.7035
0.7033
0.7030
0.7028
0.7026
0.7023
0.7021
0.7018
0.7016
0.7013
0.7010
0.7008
0.7005
0.7002
0.6999
0.6996
0.6993
0.6991
0.6988
0.6985
0.6982
0.6979
0.6976
0.6973
0.6971
0.6968
0.6965
0.6963
0.6960
0.6958
0.6956
0.6953
0.6951
0.6949
0.6948
0.6946
0.6944
0.6943
0.6942
0.6940
0.6940
0.6939
0.6938
0.6938
0.6938
0.6937
0.6938
0.6938
0.6938
0.6939
0.6940
0.6941
0.6942
0.6943
0.6944
0.6946
0.6947
0.6949
0.6951
0.6953
0.6955
0.6957
0.6959
0.6961
0.6964
0.6966
0.6969
0.6971
0.6974
0.6976
0.6979
0.6982
0.6984
0.6987
0.6989
0.6992
0.6995
0.6997
0.6999
0.7002
0.7004
0.7006
0.7008
0.7010
0.7011
0.7013
0.7014
0.7015
0.7016
0.7017
0.7017
0.7018
0.7018
0.7018
0.7018
0.7018
0.7018
0.7017
0.7017
0.7017
0.7016
0.7016
0.7015
0.7014
0.7014
0.7013
0.7013
0.7012
0.7012
0.7011
0.7011
0.7011
0.7010
0.7010
0.7010
0.7010
0.7010
0.7010
0.7010
0.7010
0.7010
0.7010
0.7010
0.7011
0.7011
0.7011
0.7011
0.7012
0.7012
0.7012
0.7012
0.7012
0.7012
0.7012
0.7012
0.7012
0.7011
0.7011
0.7010
0.7010
0.7009
0.7008
0.7007
0.7006
0.7004
0.7003
0.7001
0.7000
0.6998
0.6996
0.6994
0.6991
0.6989
0.6987
0.6984
0.6981
0.6978
0.6975
0.6972
0.6969
0.6966
0.6963
0.6959
0.6956
0.6953
0.6949
0.6946
0.6942
0.6938
0.6935
0.6931
0.6928
0.6924
0.6921
0.6917
0.6914
0.6910
0.6907
0.6903
0.6900
0.6897
0.6894
0.6891
0.6888
0.6885
0.6882
0.6880
0.6877
0.6875
0.6872
0.6870
0.6868
0.6866
0.6864
0.6862
0.6861
0.6859
0.6858
0.6856
0.6855
0.6854
0.6854
0.6853
0.6852
0.6852
0.6852
0.6852
0.6852
0.6852
0.6852
0.6853
0.6853
0.6854
0.6855
0.6856
0.6857
0.6858
0.6860
0.6861
0.6863
0.6864
0.6866
0.6868
0.6869
0.6871
0.6873
0.6875
0.6877
0.6879
0.6881
0.6883
0.6885
0.6887
0.6889
0.6891
0.6893
0.6895
0.6897
0.6899
0.6900
0.6902
0.6904
0.6906
0.6908
0.6909
0.6911
0.6912
0.6914
0.6916
0.6917
0.6919
0.6920
0.6922
0.6923
0.6925
0.6927
0.6928
0.6930
0.6932
0.6933
0.6935
0.6937
0.6939
0.6941
0.6944
0.6946
0.6948
0.6951
0.6954
0.6956
0.6959
0.6962
0.6966
0.6969
0.6972
0.6976
0.6980
0.6984
0.6988
0.6992
0.6996
0.7000
0.7005
0.7009
0.7013
0.7018
0.7022
0.7027
0.7031
0.7036
0.7040
0.7044
0.7049
0.7053
0.7057
0.7061
0.7064
0.7068
0.7071
0.7075
0.7078
0.7081
0.7084
0.7086
0.7089
0.7091
0.7093
0.7095
0.7096
0.7098
0.7099
0.7100
0.7101
0.7102
0.7102
0.7103
0.7103
0.7103
0.7103
0.7102
0.7102
0.7101
0.7100
0.7099
0.7098
0.7097
0.7096
0.7095
0.7094
0.7092
0.7091
0.7089
0.7088
0.7086
0.7085
0.7084
0.7082
0.7081
0.7079
0.7078
0.7077
0.7076
0.7075
0.7074
0.7073
0.7073
0.7072
0.7072
0.7072
0.7071
0.7071
0.7072
0.7072
0.7072
0.7073
0.7074
0.7074
0.7075
0.7076
0.7078
0.7079
0.7080
0.7082
0.7084
0.7085
0.7087
0.7089
0.7091
0.7093
0.7095
0.7097
0.7099
0.7101
0.7104
0.7106
0.7108
0.7110
0.7113
0.7115
0.7118
0.7120
0.7122
0.7125
0.7127
0.7129
0.7132
0.7134
0.7136
0.7138
0.7141
0.7143
0.7145
0.7146
0.7148
0.7150
0.7151
0.7152
0.7154
0.7155
0.7156
0.7157
0.7157
0.7158
0.7158
0.7159
0.7159
0.7159
0.7159
0.7159
0.7159
0.7159
0.7158
0.7158
0.7157
0.7157
0.7156
0.7156
0.7155
0.7155
0.7154
0.7153
0.7152
0.7152
0.7151
0.7150
0.7149
0.7148
0.7146
0.7145
0.7144
0.7142
0.7141
0.7139
0.7137
0.7136
0.7134
0.7132
0.7130
0.7128
0.7125
0.7123
0.7121
0.7118
0.7116
0.7113
0.7110
0.7107
0.7105
0.7102
0.7099
0.7096
0.7093
0.7090
0.7087
0.7084
0.7081
0.7078
0.7074
0.7071
0.7068
0.7065
0.7062
0.7059
0.7056
0.7052
0.7049
0.7046
0.7043
0.7040
0.7037
0.7034
0.7031
0.7028
0.7025
0.7022
0.7019
0.7016
0.7013
0.7010
0.7007
0.7004
0.7001
0.6998
0.6995
0.6992
0.6989
0.6986
0.6983
0.6980
0.6977
0.6974
0.6970
0.6967
0.6964
0.6961
0.6958
0.6954
0.6951
0.6948
0.6945
0.6941
0.6938
0.6935
0.6931
0.6928
0.6925
0.6921
0.6918
0.6915
0.6911
0.6908
0.6905
0.6901
0.6898
0.6895
0.6892
0.6888
0.6885
0.6882
0.6879
0.6876
0.6873
0.6870
0.6867
0.6864
0.6861
0.6858
0.6856
0.6853
0.6850
0.6848
0.6845
0.6843
0.6840
0.6838
0.6836
0.6833
0.6831
0.6829
0.6827
0.6826
0.6824
0.6822
0.6821
0.6819
0.6818
0.6816
0.6815
0.6814
0.6813
0.6812
0.6812
0.6811
0.6810
0.6810
0.6809
0.6809
0.6809
0.6808
0.6808
0.6808
0.6808
0.6809
0.6809
0.6809
0.6810
0.6810
0.6811
0.6811
0.6812
0.6813
0.6814
0.6815
0.6816
0.6817
0.6818
0.6819
0.6821
0.6822
0.6824
0.6826
0.6828
0.6830
0.6832
0.6834
0.6836
0.6838
0.6841
0.6844
0.6846
0.6849
0.6852
0.6855
0.6858
0.6862
0.6865
0.6868
0.6872
0.6876
0.6879
0.6883
0.6887
0.6891
0.6895
0.6899
0.6903
0.6908
0.6912
0.6916
0.6921
0.6925
0.6930
0.6934
0.6939
0.6943
0.6948
0.6953
0.6957
0.6962
0.6966
0.6971
0.6975
0.6980
0.6984
0.6988
0.6992
0.6996
0.7000
0.7004
0.7008
0.7012
0.7015
0.7019
0.7022
0.7025
0.7028
0.7031
0.7033
0.7036
0.7038
0.7040
0.7042
0.7044
0.7046
0.7047
0.7049
0.7050
0.7052
0.7053
0.7054
0.7055
0.7056
0.7056
0.7057
0.7058
0.7059
0.7059
0.7060
0.7060
0.7061
0.7061
0.7061
0.7062
0.7062
0.7063
0.7063
0.7063
0.7063
0.7064
0.7064
0.7064
0.7065
0.7065
0.7065
0.7065
0.7066
0.7066
0.7066
0.7067
0.7067
0.7067
0.7068
0.7068
0.7068
0.7069
0.7069
0.7070
0.7070
0.7071
0.7072
0.7072
0.7073
0.7074
0.7075
0.7075
0.7076
0.7077
0.7078
0.7079
0.7080
0.7081
0.7082
0.7083
0.7085
0.7086
0.7086
0.7087
0.7088
0.7089
0.7090
0.7090
0.7091
0.7091
0.7092
0.7092
0.7092
0.7092
0.7091
0.7091
0.7090
0.7090
0.7089
0.7088
0.7087
0.7086
0.7085
0.7083
0.7082
0.7080
0.7078
0.7077
0.7075
0.7073
0.7071
0.7069
0.7067
0.7065
0.7063
0.7062
0.7060
0.7058
0.7056
0.7055
0.7053
0.7052
0.7051
0.7050
0.7049
0.7048
0.7047
0.7046
0.7046
0.7046
0.7046
0.7046
0.7046
0.7046
0.7047
0.7048
0.7049
0.7050
0.7051
0.7052
0.7054
0.7056
0.7058
0.7060
0.7062
0.7064
0.7067
0.7069
0.7072
0.7074
0.7077
0.7080
0.7083
0.7085
0.7088
0.7091
0.7094
0.7096
0.7099
0.7101
0.7104
0.7106
0.7109
0.7111
0.7113
0.7115
0.7116
0.7118
0.7119
0.7121
0.7122
0.7123
0.7124
0.7124
0.7125
0.7125
0.7125
0.7125
0.7125
0.7125
0.7125
0.7124
0.7123
0.7123
0.7122
0.7120
0.7119
0.7118
0.7116
0.7115
0.7113
0.7111
0.7110
0.7108
0.7106
0.7104
0.7101
0.7099
0.7097
0.7095
0.7092
0.7090
0.7087
0.7085
0.7082
0.7080
0.7077
0.7075
0.7072
0.7070
0.7067
0.7065
0.7063
0.7060
0.7058
0.7056
0.7053
0.7051
0.7049
0.7047
0.7045
0.7043
0.7041
0.7039
0.7037
0.7035
0.7034
0.7032
0.7030
0.7029
0.7027
0.7025
0.7024
0.7022
0.7020
0.7018
0.7017
0.7015
0.7013
0.7011
0.7009
0.7006
0.7004
0.7001
0.6999
0.6996
0.6993
0.6990
0.6987
0.6984
0.6980
0.6977
0.6973
0.6970
0.6966
0.6962
0.6958
0.6954
0.6950
0.6946
0.6942
0.6938
0.6933
0.6929
0.6925
0.6921
0.6917
0.6912
0.6908
0.6904
0.6900
0.6896
0.6892
0.6889
0.6885
0.6881
0.6877
0.6874
0.6870
0.6867
0.6864
0.6861
0.6858
0.6855
0.6852
0.6849
0.6846
0.6843
0.6841
0.6838
0.6836
0.6834
0.6831
0.6829
0.6827
0.6825
0.6823
0.6821
0.6819
0.6817
0.6816
0.6814
0.6812
0.6811
0.6809
0.6807
0.6806
0.6805
0.6803
0.6802
0.6800
0.6799
0.6798
0.6797
0.6796
0.6795
0.6794
0.6793
0.6793
0.6792
0.6791
0.6791
0.6791
0.6791
0.6791
0.6791
0.6791
0.6791
0.6792
0.6793
0.6794
0.6795
0.6796
0.6798
0.6800
0.6802
0.6804
0.6806
0.6809
0.6812
0.6815
0.6818
0.6821
0.6825
0.6829
0.6833
0.6837
0.6842
0.6846
0.6851
0.6856
0.6861
0.6867
0.6872
0.6878
0.6883
0.6889
0.6895
0.6901
0.6908
0.6914
0.6920
0.6927
0.6933
0.6939
0.6946
0.6952
0.6959
0.6965
0.6972
0.6978
0.6985
0.6991
0.6997
0.7003
0.7009
0.7015
0.7021
0.7026
0.7032
0.7037
0.7043
0.7048
0.7053
0.7058
0.7063
0.7068
0.7072
0.7077
0.7081
0.7085
0.7089
0.7093
0.7097
0.7101
0.7105
0.7108
0.7112
0.7115
0.7118
0.7121
0.7124
0.7127
0.7129
0.7132
0.7134
0.7136
0.7138
0.7140
0.7142
0.7144
0.7146
0.7147
0.7148
0.7150
0.7151
0.7152
0.7153
0.7154
0.7154
0.7155
0.7155
0.7156
0.7156
0.7156
0.7157
0.7157
0.7157
0.7157
0.7157
0.7157
0.7156
0.7156
0.7156
0.7156
0.7155
0.7155
0.7154
0.7154
0.7153
0.7152
0.7152
0.7151
0.7150
0.7149
0.7148
0.7148
0.7147
0.7146
0.7145
0.7143
0.7142
0.7141
0.7140
0.7139
0.7138
0.7136
0.7135
0.7134
0.7133
0.7131
0.7130
0.7129
0.7128
0.7127
0.7125
0.7124
0.7123
0.7122
0.7121
0.7120
0.7119
0.7118
0.7117
0.7116
0.7115
0.7113
0.7112
0.7111
0.7110
0.7109
0.7107
0.7106
0.7104
0.7103
0.7101
0.7100
0.7098
0.7096
0.7095
0.7093
0.7091
0.7089
0.7087
0.7085
0.7083
0.7081
0.7079
0.7076
0.7074
0.7072
0.7070
0.7067
0.7065
0.7063
0.7061
0.7058
0.7056
0.7054
0.7051
0.7049
0.7047
0.7044
0.7042
0.7039
0.7037
0.7035
0.7032
0.7029
0.7027
0.7024
0.7022
0.7019
0.7016
0.7013
0.7010
0.7008
0.7004
0.7001
0.6998
0.6995
0.6992
0.6988
0.6985
0.6982
0.6978
0.6974
0.6971
0.6967
0.6963
0.6960
0.6956
0.6952
0.6948
0.6944
0.6940
0.6936
0.6932
0.6928
0.6924
0.6920
0.6916
0.6912
0.6908
0.6905
0.6901
0.6897
0.6893
0.6889
0.6886
0.6882
0.6879
0.6875
0.6872
0.6869
0.6865
0.6862
0.6859
0.6856
0.6854
0.6851
0.6848
0.6846
0.6843
0.6841
0.6839
0.6837
0.6835
0.6834
0.6832
0.6830
0.6829
0.6828
0.6827
0.6826
0.6825
0.6825
0.6824
0.6824
0.6824
0.6824
0.6824
0.6824
0.6825
0.6825
0.6826
0.6827
0.6828
0.6829
0.6830
0.6832
0.6833
0.6835
0.6837
0.6838
0.6840
0.6842
0.6844
0.6846
0.6848
0.6850
0.6852
0.6855
0.6857
0.6859
0.6861
0.6863
0.6866
0.6868
0.6870
0.6872
0.6874
0.6876
0.6878
0.6880
0.6882
0.6884
0.6886
0.6887
0.6889
0.6891
0.6892
0.6894
0.6895
0.6896
0.6897
0.6898
0.6899
0.6900
0.6901
0.6902
0.6903
0.6903
0.6904
0.6904
0.6904
0.6905
0.6905
0.6905
0.6905
0.6905
0.6905
0.6904
0.6904
0.6904
0.6904
0.6903
0.6903
0.6902
0.6902
0.6902
0.6901
0.6901
0.6900
0.6900
0.6900
0.6899
0.6899
0.6899
0.6899
0.6899
0.6899
0.6899
0.6899
0.6899
0.6899
0.6900
0.6900
0.6901
0.6902
0.6903
0.6904
0.6905
0.6906
0.6907
0.6909
0.6911
0.6913
0.6915
0.6917
0.6919
0.6922
0.6924
0.6927
0.6930
0.6933
0.6936
0.6939
0.6943
0.6947
0.6950
0.6954
0.6958
0.6962
0.6966
0.6970
0.6975
0.6979
0.6983
0.6988
0.6992
0.6997
0.7001
0.7006
0.7011
0.7015
0.7020
0.7024
0.7029
0.7033
0.7037
0.7042
0.7046
0.7050
0.7054
0.7058
0.7062
0.7066
0.7070
0.7073
0.7077
0.7080
0.7083
0.7086
0.7089
0.7092
0.7095
0.7097
0.7099
0.7102
0.7104
0.7106
0.7107
0.7109
0.7110
0.7111
0.7112
0.7113
0.7114
0.7115
0.7115
0.7115
0.7115
0.7115
0.7115
0.7115
0.7114
0.7114
0.7113
0.7113
0.7112
0.7111
0.7110
0.7109
0.7108
0.7106
0.7105
0.7104
0.7103
0.7102
0.7100
0.7099
0.7098
0.7097
0.7096
0.7095
0.7094
0.7093
0.7092
0.7091
0.7090
0.7089
0.7088
0.7088
0.7087
0.7086
0.7085
0.7084
0.7084
0.7083
0.7082
0.7081
0.7080
0.7078
0.7077
0.7076
0.7074
0.7072
0.7071
0.7069
0.7067
0.7064
0.7062
0.7060
0.7057
0.7055
0.7052
0.7049
0.7046
0.7044
0.7041
0.7038
0.7035
0.7031
0.7028
0.7025
0.7022
0.7019
0.7016
0.7013
0.7009
0.7006
0.7003
0.7000
0.6997
0.6993
0.6990
0.6987
0.6984
0.6981
0.6978
0.6975
0.6972
0.6969
0.6966
0.6963
0.6960
0.6957
0.6954
0.6951
0.6948
0.6945
0.6942
0.6939
0.6936
0.6933
0.6931
0.6928
0.6925
0.6923
0.6920
0.6918
0.6916
0.6913
0.6911
0.6909
0.6907
0.6905
0.6903
0.6901
0.6900
0.6898
0.6897
0.6896
0.6894
0.6893
0.6892
0.6892
0.6891
0.6891
0.6890
0.6890
0.6890
0.6890
0.6890
0.6891
0.6891
0.6892
0.6893
0.6894
0.6895
0.6897
0.6898
0.6900
0.6902
0.6904
0.6906
0.6908
0.6910
0.6913
0.6916
0.6918
0.6921
0.6924
0.6927
0.6930
0.6933
0.6937
0.6940
0.6943
0.6946
0.6949
0.6952
0.6955
0.6958
0.6961
0.6964
0.6967
0.6969
0.6972
0.6974
0.6976
0.6978
0.6980
0.6982
0.6983
0.6985
0.6986
0.6987
0.6988
0.6989
0.6989
0.6990
0.6990
0.6990
0.6990
0.6990
0.6990
0.6990
0.6989
0.6989
0.6988
0.6987
0.6986
0.6985
0.6984
0.6983
0.6982
0.6981
0.6980
0.6978
0.6977
0.6976
0.6974
0.6973
0.6971
0.6970
0.6968
0.6967
0.6965
0.6963
0.6962
0.6960
0.6958
0.6956
0.6955
0.6953
0.6951
0.6949
0.6947
0.6944
0.6942
0.6940
0.6938
0.6935
0.6933
0.6930
0.6928
0.6925
0.6923
0.6920
0.6917
0.6915
0.6912
0.6909
0.6906
0.6903
0.6901
0.6898
0.6895
0.6893
0.6890
0.6887
0.6885
0.6883
0.6880
0.6878
0.6876
0.6874
0.6872
0.6870
0.6868
0.6867
0.6865
0.6864
0.6863
0.6862
0.6861
0.6861
0.6861
0.6860
0.6860
0.6860
0.6861
0.6861
0.6862
0.6863
0.6864
0.6865
0.6866
0.6868
0.6869
0.6871
0.6873
0.6875
0.6877
0.6879
0.6882
0.6884
0.6887
0.6889
0.6892
0.6895
0.6898
0.6900
0.6903
0.6906
0.6909
0.6912
0.6915
0.6918
0.6921
0.6924
0.6927
0.6930
0.6932
0.6935
0.6938
0.6940
0.6943
0.6945
0.6948
0.6950
0.6952
0.6954
0.6956
0.6958
0.6960
0.6961
0.6963
0.6964
0.6966
0.6967
0.6969
0.6970
0.6971
0.6972
0.6973
0.6974
0.6975
0.6976
0.6977
0.6978
0.6979
0.6980
0.6981
0.6982
0.6983
0.6985
0.6986
0.6987
0.6989
0.6991
0.6992
0.6994
0.6996
0.6998
0.7000
0.7002
0.7005
0.7007
0.7010
0.7013
0.7015
0.7018
0.7021
0.7024
0.7027
0.7030
0.7033
0.7036
0.7039
0.7042
0.7045
0.7048
0.7051
0.7054
0.7057
0.7059
0.7062
0.7065
0.7067
0.7070
0.7072
0.7075
0.7077
0.7079
0.7082
0.7084
0.7086
0.7088
0.7090
0.7092
0.7095
0.7097
0.7099
0.7101
0.7103
0.7105
0.7107
0.7109
0.7111
0.7113
0.7115
0.7117
0.7118
0.7120
0.7122
0.7124
0.7126
0.7127
0.7129
0.7131
0.7132
0.7134
0.7135
0.7137
0.7138
0.7140
0.7141
0.7143
0.7144
0.7145
0.7146
0.7147
0.7149
0.7150
0.7151
0.7151
0.7152
0.7153
0.7154
0.7155
0.7155
0.7156
0.7157
0.7157
0.7157
0.7158
0.7158
0.7158
0.7159
0.7159
0.7159
0.7159
0.7158
0.7158
0.7158
0.7158
0.7157
0.7157
0.7156
0.7156
0.7155
0.7154
0.7154
0.7153
0.7152
0.7152
0.7151
0.7150
0.7149
0.7149
0.7148
0.7147
0.7146
0.7145
0.7145
0.7144
0.7143
0.7142
0.7142
0.7141
0.7140
0.7139
0.7138
0.7138
0.7137
0.7136
0.7135
0.7135
0.7134
0.7133
0.7132
0.7132
0.7131
0.7130
0.7130
0.7129
0.7129
0.7128
0.7128
0.7127
0.7127
0.7127
0.7126
0.7126
0.7126
0.7126
0.7126
0.7127
0.7127
0.7127
0.7128
0.7128
0.7129
0.7130
0.7131
0.7131
0.7132
0.7133
0.7134
0.7135
0.7136
0.7137
0.7138
0.7139
0.7140
0.7141
0.7142
0.7143
0.7144
0.7144
0.7145
0.7145
0.7146
0.7146
0.7146
0.7146
0.7146
0.7146
0.7145
0.7145
0.7144
0.7143
0.7142
0.7141
0.7139
0.7138
0.7136
0.7135
0.7133
0.7131
0.7129
0.7126
0.7124
0.7122
0.7119
0.7116
0.7114
0.7111
0.7108
0.7105
0.7102
0.7099
0.7096
0.7092
0.7089
0.7086
0.7082
0.7079
0.7076
0.7072
0.7069
0.7065
0.7061
0.7058
0.7054
0.7051
0.7047
0.7043
0.7040
0.7036
0.7032
0.7029
0.7025
0.7021
0.7018
0.7014
0.7010
0.7006
0.7003
0.6999
0.6995
0.6992
0.6988
0.6984
0.6981
0.6977
0.6974
0.6970
0.6967
0.6963
0.6960
0.6956
0.6953
0.6950
0.6947
0.6944
0.6941
0.6938
0.6936
0.6933
0.6931
0.6928
0.6926
0.6924
0.6922
0.6920
0.6919
0.6917
0.6916
0.6915
0.6914
0.6913
0.6912
0.6911
0.6910
0.6910
0.6909
0.6909
0.6909
0.6908
0.6908
0.6908
0.6908
0.6908
0.6908
0.6909
0.6909
0.6909
0.6909
0.6910
0.6910
0.6910
0.6911
0.6911
0.6911
0.6912
0.6912
0.6912
0.6913
0.6913
0.6913
0.6913
0.6914
0.6914
0.6914
0.6914
0.6914
0.6914
0.6914
0.6914
0.6914
0.6914
0.6913
0.6913
0.6913
0.6912
0.6912
0.6911
0.6910
0.6909
0.6909
0.6908
0.6907
0.6906
0.6904
0.6903
0.6902
0.6901
0.6899
0.6898
0.6896
0.6895
0.6893
0.6891
0.6889
0.6888
0.6886
0.6884
0.6882
0.6880
0.6878
0.6876
0.6874
0.6872
0.6870
0.6869
0.6867
0.6865
0.6863
0.6862
0.6860
0.6859
0.6857
0.6856
0.6855
0.6854
0.6853
0.6852
0.6852
0.6851
0.6851
0.6851
0.6851
0.6851
0.6851
0.6852
0.6852
0.6853
0.6854
0.6855
0.6856
0.6857
0.6859
0.6860
0.6862
0.6863
0.6865
0.6867
0.6868
0.6870
0.6872
0.6874
0.6876
0.6877
0.6879
0.6881
0.6883
0.6884
0.6886
0.6888
0.6890
0.6891
0.6893
0.6895
0.6896
0.6898
0.6899
0.6901
0.6902
0.6904
0.6905
0.6907
0.6908
0.6910
0.6911
0.6912
0.6913
0.6914
0.6916
0.6917
0.6918
0.6918
0.6919
0.6920
0.6921
0.6921
0.6922
0.6922
0.6923
0.6923
0.6924
0.6924
0.6924
0.6924
0.6924
0.6924
0.6924
0.6924
0.6924
0.6924
0.6923
0.6923
0.6923
0.6922
0.6922
0.6921
0.6921
0.6920
0.6920
0.6919
0.6918
0.6918
0.6917
0.6916
0.6915
0.6914
0.6913
0.6912
0.6911
0.6910
0.6909
0.6908
0.6907
0.6906
0.6905
0.6904
0.6903
0.6901
0.6900
0.6900
0.6899
0.6898
0.6897
0.6896
0.6896
0.6896
0.6895
0.6895
0.6895
0.6895
0.6895
0.6896
0.6896
0.6897
0.6898
0.6899
0.6900
0.6902
0.6903
0.6905
0.6907
0.6909
0.6911
0.6914
0.6917
0.6920
0.6923
0.6926
0.6929
0.6933
0.6937
0.6941
0.6945
0.6949
0.6954
0.6958
0.6963
0.6968
0.6973
0.6978
0.6983
0.6988
0.6993
0.6998
0.7003
0.7008
0.7013
0.7018
0.7022
0.7027
0.7032
0.7036
0.7041
0.7045
0.7049
0.7053
0.7057
0.7061
0.7064
0.7068
0.7071
0.7075
0.7078
0.7081
0.7084
0.7086
0.7089
0.7091
0.7094
0.7096
0.7098
0.7100
0.7102
0.7104
0.7105
0.7107
0.7108
0.7110
0.7111
0.7112
0.7113
0.7114
0.7115
0.7116
0.7117
0.7118
0.7118
0.7119
0.7120
0.7120
0.7121
0.7121
0.7122
0.7122
0.7122
0.7123
0.7123
0.7123
0.7123
0.7124
0.7124
0.7124
0.7124
0.7124
0.7124
0.7124
0.7124
0.7124
0.7124
0.7124
0.7123
0.7123
0.7123
0.7122
0.7122
0.7121
0.7120
0.7119
0.7118
0.7118
0.7116
0.7115
0.7114
0.7113
0.7112
0.7110
0.7109
0.7107
0.7106
0.7104
0.7102
0.7101
0.7099
0.7097
0.7096
0.7094
0.7092
0.7091
0.7089
0.7087
0.7086
0.7084
0.7083
0.7081
0.7080
0.7078
0.7077
0.7075
0.7073
0.7072
0.7071
0.7069
0.7068
0.7066
0.7064
0.7063
0.7061
0.7060
0.7058
0.7056
0.7054
0.7053
0.7051
0.7049
0.7047
0.7045
0.7043
0.7040
0.7038
0.7036
0.7033
0.7031
0.7028
0.7026
0.7023
0.7020
0.7017
0.7015
0.7012
0.7009
0.7006
0.7003
0.7000
0.6997
0.6994
0.6991
0.6988
0.6985
0.6982
0.6979
0.6976
0.6973
0.6971
0.6968
0.6965
0.6962
0.6960
0.6957
0.6954
0.6952
0.6949
0.6947
0.6945
0.6943
0.6940
0.6938
0.6936
0.6934
0.6933
0.6931
0.6929
0.6927
0.6926
0.6924
0.6922
0.6921
0.6919
0.6918
0.6916
0.6915
0.6913
0.6912
0.6910
0.6909
0.6907
0.6906
0.6904
0.6903
0.6901
0.6900
0.6898
0.6897
0.6895
0.6894
0.6892
0.6891
