0.0915
0.0946
0.0978
0.1013
0.1050
0.1089
0.1130
0.1173
0.1218
0.1266
0.1316
0.1368
0.1423
0.1480
0.1540
0.1601
0.1665
0.1730
0.1797
0.1866
0.1937
0.2009
0.2082
0.2157
0.2233
0.2310
0.2388
0.2467
0.2547
0.2627
0.2708
0.2790
0.2872
0.2955
0.3038
0.3121
0.3205
0.3288
0.3372
0.3456
0.3539
0.3622
0.3705
0.3787
0.3869
0.3950
0.4030
0.4110
0.4189
0.4266
0.4343
0.4419
0.4493
0.4567
0.4639
0.4711
0.4781
0.4851
0.4919
0.4987
0.5053
0.5119
0.5184
0.5249
0.5312
0.5375
0.5438
0.5500
0.5561
0.5622
0.5683
0.5743
0.5803
0.5862
0.5921
0.5979
0.6037
0.6094
0.6151
0.6207
0.6263
0.6318
0.6373
0.6427
0.6480
0.6533
0.6585
0.6636
0.6687
0.6737
0.6786
0.6835
0.6883
0.6930
0.6976
0.7022
0.7066
0.7110
0.7153
0.7196
0.7237
0.7277
0.7317
0.7356
0.7393
0.7430
0.7466
0.7501
0.7535
0.7568
0.7600
0.7631
0.7662
0.7691
0.7719
0.7747
0.7774
0.7800
0.7825
0.7850
0.7874
0.7897
0.7920
0.7942
0.7963
0.7984
0.8005
0.8025
0.8044
0.8063
0.8082
0.8100
0.8118
0.8135
0.8152
0.8169
0.8185
0.8201
0.8217
0.8232
0.8247
0.8262
0.8276
0.8290
0.8304
0.8317
0.8330
0.8343
0.8355
0.8368
0.8380
0.8391
0.8403
0.8414
0.8425
0.8436
0.8446
0.8456
0.8466
0.8476
0.8486
0.8495
0.8504
0.8513
0.8522
0.8530
0.8539
0.8547
0.8555
0.8563
0.8571
0.8578
0.8586
0.8593
0.8600
0.8607
0.8613
0.8620
0.8626
0.8632
0.8638
0.8644
0.8649
0.8654
0.8659
0.8664
0.8669
0.8673
0.8678
0.8682
0.8685
0.8689
0.8693
0.8696
0.8699
0.8702
0.8705
0.8708
0.8710
0.8713
0.8715
0.8717
0.8719
0.8721
0.8723
0.8725
0.8726
0.8728
0.8729
0.8731
0.8732
0.8733
0.8734
0.8735
0.8736
0.8737
0.8738
0.8739
0.8740
0.8741
0.8742
0.8743
0.8743
0.8744
0.8745
0.8746
0.8747
0.8748
0.8748
0.8749
0.8750
0.8751
0.8752
0.8753
0.8754
0.8754
0.8755
0.8756
0.8757
0.8758
0.8758
0.8759
0.8760
0.8760
0.8761
0.8761
0.8762
0.8762
0.8763
0.8763
0.8764
0.8764
0.8764
0.8765
0.8765
0.8765
0.8766
0.8766
0.8766
0.8766
0.8766
0.8766
0.8766
0.8767
0.8767
0.8767
0.8767
0.8767
0.8767
0.8767
0.8767
0.8767
0.8767
0.8767
0.8767
0.8767
0.8767
0.8767
0.8767
0.8767
0.8767
0.8767
0.8767
0.8767
0.8766
0.8766
0.8766
0.8766
0.8766
0.8766
0.8766
0.8766
0.8766
0.8766
0.8766
0.8766
0.8765
0.8765
0.8765
0.8765
0.8765
0.8765
0.8765
0.8765
0.8765
0.8765
0.8765
0.8764
0.8764
0.8764
0.8764
0.8764
0.8764
0.8764
0.8764
0.8764
0.8764
0.8763
0.8763
0.8763
0.8763
0.8763
0.8763
0.8763
0.8763
0.8763
0.8763
0.8763
0.8762
0.8762
0.8762
0.8762
0.8762
0.8762
0.8762
0.8762
0.8762
0.8762
0.8762
0.8761
0.8761
0.8761
0.8761
0.8761
0.8761
0.8761
0.8761
0.8761
0.8761
0.8761
0.8761
0.8760
0.8760
0.8760
0.8760
0.8760
0.8760
0.8760
0.8760
0.8760
0.8760
0.8760
0.8760
0.8760
0.8759
0.8759
0.8759
0.8759
0.8759
0.8759
0.8759
0.8759
0.8759
0.8759
0.8759
0.8759
0.8759
0.8759
0.8759
0.8758
0.8758
0.8758
0.8758
0.8758
0.8758
0.8758
0.8758
0.8758
0.8758
0.8758
0.8758
0.8758
0.8758
0.8758
0.8758
0.8758
0.8758
0.8757
0.8757
0.8757
0.8757
0.8757
0.8757
0.8757
0.8757
0.8757
0.8757
0.8757
0.8757
0.8757
0.8757
0.8757
0.8757
0.8757
0.8757
0.8757
0.8757
0.8757
0.8757
0.8756
0.8756
0.8756
0.8756
0.8756
0.8756
0.8756
0.8756
0.8756
0.8756
0.8756
0.8756
0.8756
0.8756
0.8756
0.8756
0.8756
0.8756
0.8756
0.8756
0.8756
0.8756
0.8756
0.8756
0.8756
0.8756
0.8756
0.8756
0.8756
0.8755
0.8755
0.8755
0.8755
0.8755
0.8755
0.8755
0.8755
0.8755
0.8755
0.8755
0.8755
0.8755
0.8755
0.8755
0.8755
0.8755
0.8755
0.8755
0.8755
0.8755
0.8755
0.8755
0.8755
0.8755
0.8755
0.8755
0.8755
0.8755
0.8755
0.8755
0.8755
0.8755
0.8755
0.8755
0.8755
0.8755
0.8755
0.8755
0.8755
0.8755
0.8755
0.8755
0.8755
0.8754
0.8754
0.8754
0.8754
0.8754
0.8754
0.8754
0.8754
0.8754
0.8754
0.8754
0.8754
0.8754
0.8754
0.8754
0.8754
0.8754
0.8754
0.8754
0.8754
0.8754
0.8754
0.8754
0.8754
0.8754
0.8754
0.8754
0.8754
0.8754
0.8754
0.8754
0.8754
0.8754
0.8754
0.8754
0.8754
0.8754
0.8754
0.8754
0.8754
0.8754
0.8754
0.8754
0.8754
0.8754
0.8754
0.8754
0.8754
0.8754
0.8754
0.8754
0.8754
0.8754
0.8754
0.8754
0.8754
0.8754
0.8754
0.8754
0.8754
0.8754
0.8754
0.8754
0.8754
0.8754
0.8754
0.8754
0.8754
0.8754
0.8754
0.8754
0.8754
0.8754
0.8754
0.8754
0.8754
0.8754
0.8754
0.8754
0.8754
0.8754
0.8754
0.8754
0.8754
0.8754
0.8754
0.8754
0.8754
0.8754
0.8754
0.8754
0.8754
0.8754
0.8754
0.8754
0.8753
0.8753
0.8753
0.8753
0.8753
0.8753
0.8753
0.8753
0.8753
0.8753
0.8753
0.8753
0.8753
0.8753
0.8753
0.8753
0.8753
0.8753
0.8753
0.8753
0.8753
0.8753
0.8753
0.8753
0.8753
0.8753
0.8753
0.8753
0.8753
0.8753
0.8753
0.8753
0.8753
0.8753
0.8753
0.8753
0.8753
0.8753
0.8753
0.8753
0.8753
0.8753
0.8753
0.8753
0.8753
0.8753
0.8753
0.8753
0.8753
0.8753
0.8753
0.8753
0.8753
0.8753
0.8753
0.8753
0.8753
0.8753
0.8753
0.8753
0.8753
0.8753
0.8753
0.8753
0.8753
0.8753
0.8753
0.8753
0.8753
0.8753
0.8753
0.8753
0.8753
0.8753
0.8753
0.8753
0.8753
0.8753
0.8753
0.8753
0.8753
0.8753
0.8753
0.8753
0.8753
0.8753
0.8753
0.8753
0.8753
0.8753
0.8753
0.8753
0.8753
0.8753
0.8753
0.8753
0.8753
0.8753
0.8753
0.8753
0.8753
0.8753
0.8753
0.8753
0.8753
0.8753
0.8753
0.8753
0.8753
0.8753
0.8753
0.8753
0.8753
0.8753
0.8753
0.8753
0.8753
0.8753
0.8753
0.8753
0.8753
0.8753
0.8753
0.8753
0.8753
0.8753
0.8753
0.8753
0.8753
0.8753
0.8753
0.8753
0.8753
0.8753
0.8753
0.8753
0.8753
0.8753
0.8753
0.8753
0.8753
0.8753
0.8753
0.8753
0.8753
0.8753
0.8753
0.8753
0.8753
0.8753
0.8753
0.8753
0.8753
0.8753
0.8753
0.8753
0.8753
0.8753
0.8753
0.8753
0.8753
0.8753
0.8753
0.8753
0.8753
0.8753
0.8753
0.8753
0.8753
0.8753
0.8753
0.8753
0.8753
0.8753
0.8753
0.8753
0.8753
0.8753
0.8753
0.8753
0.8753
0.8753
0.8753
0.8753
0.8753
0.8753
0.8753
0.8753
0.8753
0.8753
0.8753
0.8753
0.8753
0.8753
0.8753
0.8753
0.8753
0.8753
0.8753
0.8753
0.8753
0.8753
0.8753
0.8753
0.8753
0.8753
0.8753
0.8753
0.8753
0.8753
0.8753
0.8753
0.8753
0.8753
0.8753
0.8753
0.8753
0.8753
0.8753
0.8753
0.8753
0.8753
0.8753
0.8753
0.8753
0.8753
0.8753
0.8753
0.8753
0.8753
0.8753
0.8753
0.8753
0.8753
0.8753
0.8753
0.8753
0.8753
0.8753
0.8753
0.8753
0.8753
0.8753
0.8753
0.8753
0.8753
0.8753
0.8753
0.8753
0.8753
0.8753
0.8753
0.8753
0.8753
0.8753
0.8753
0.8753
0.8753
0.8753
0.8753
0.8753
0.8753
0.8753
0.8753
0.8753
0.8753
0.8753
0.8753
0.8753
0.8753
0.8753
0.8753
0.8753
0.8753
0.8753
0.8753
0.8753
0.8753
0.8753
0.8753
0.8753
0.8753
0.8753
0.8753
0.8753
0.8753
0.8753
0.8753
0.8753
0.8753
0.8753
0.8753
0.8753
0.8753
0.8753
0.8753
0.8753
0.8753
0.8753
0.8753
0.8753
0.8753
0.8753
0.8753
0.8753
0.8753
0.8753
0.8753
0.8753
0.8753
0.8753
0.8753
0.8753
0.8753
0.8753
0.8753
0.8753
0.8753
0.8753
0.8753
0.8753
0.8753
0.8753
0.8753
0.8753
0.8753
0.8753
0.8753
0.8753
0.8753
0.8753
0.8753
0.8753
0.8753
0.8753
0.8753
0.8753
0.8753
0.8753
0.8753
0.8753
0.8753
0.8753
0.8753
0.8753
0.8753
0.8753
0.8753
0.8753
0.8753
0.8753
0.8753
0.8753
0.8753
0.8753
0.8753
0.8753
0.8753
0.8753
0.8753
0.8753
0.8753
0.8753
0.8753
0.8753
0.8753
0.8753
0.8753
0.8753
0.8753
0.8753
0.8753
0.8753
0.8753
0.8753
0.8753
0.8753
0.8753
0.8753
0.8753
0.8753
0.8753
0.8753
0.8753
0.8753
0.8753
0.8753
0.8753
0.8753
0.8753
0.8753
0.8753
0.8753
0.8753
0.8753
0.8753
0.8753
0.8753
0.8753
0.8753
0.8753
0.8753
0.8753
0.8753
0.8753
0.8753
0.8753
0.8753
0.8753
0.8753
0.8753
0.8753
0.8753
0.8753
0.8753
0.8753
0.8753
0.8753
0.8753
0.8753
0.8753
0.8753
0.8753
0.8753
0.8753
0.8753
0.8753
0.8753
0.8753
0.8753
0.8753
0.8753
0.8753
0.8753
0.8753
0.8753
0.8753
0.8753
0.8753
0.8753
0.8753
0.8753
0.8753
0.8753
0.8753
0.8753
0.8753
0.8753
0.8753
0.8753
0.8753
0.8753
0.8753
0.8753
0.8753
0.8753
0.8753
0.8753
0.8753
0.8753
0.8753
0.8753
0.8753
0.8753
0.8753
0.8753
0.8753
0.8753
0.8753
0.8753
0.8753
0.8753
0.8753
0.8753
0.8753
0.8753
0.8753
0.8753
0.8753
0.8753
0.8753
0.8753
0.8753
0.8753
0.8753
0.8753
0.8753
0.8753
0.8753
0.8753
0.8753
0.8753
0.8753
0.8753
0.8753
0.8753
0.8753
0.8753
0.8753
0.8753
0.8753
0.8753
0.8753
0.8753
0.8753
0.8753
0.8753
0.8753
0.8753
0.8753
0.8753
0.8753
0.8753
0.8753
0.8753
0.8753
0.8753
0.8753
0.8753
0.8753
0.8753
0.8753
0.8753
0.8753
0.8753
0.8753
0.8753
0.8753
0.8753
0.8753
0.8753
0.8753
0.8753
0.8753
0.8753
0.8753
0.8753
0.8753
0.8753
0.8753
0.8753
0.8753
0.8753
0.8753
0.8753
0.8753
0.8753
0.8753
0.8753
0.8753
0.8753
0.8753
0.8753
0.8753
0.8753
0.8753
0.8753
0.8753
0.8753
0.8753
0.8753
0.8753
0.8753
0.8753
0.8753
0.8753
0.8753
0.8753
0.8753
0.8753
0.8753
0.8753
0.8753
0.8753
0.8753
0.8753
0.8753
0.8753
0.8753
0.8753
0.8753
0.8753
0.8753
0.8753
0.8753
0.8753
0.8753
0.8753
0.8753
0.8753
0.8753
0.8753
0.8753
0.8753
0.8753
0.8753
0.8753
0.8753
0.8753
0.8753
0.8753
0.8753
0.8753
0.8753
0.8753
0.8753
0.8753
0.8753
0.8753
0.8753
0.8753
0.8753
0.8753
0.8753
0.8753
0.8753
0.8753
0.8753
0.8753
0.8753
0.8753
0.8753
0.8753
0.8753
0.8753
0.8753
0.8753
0.8753
0.8753
0.8753
0.8753
0.8753
0.8753
0.8753
0.8753
0.8753
0.8753
0.8753
0.8753
0.8753
0.8753
0.8753
0.8753
0.8753
0.8753
0.8753
0.8753
0.8753
0.8753
0.8753
0.8753
0.8753
0.8753
0.8753
0.8753
0.8753
0.8753
0.8753
0.8753
0.8753
0.8753
0.8753
0.8753
0.8753
0.8753
0.8753
0.8753
0.8753
0.8753
0.8753
0.8753
0.8753
0.8753
0.8753
0.8753
0.8753
0.8753
0.8753
0.8753
0.8753
0.8753
0.8753
0.8753
0.8753
0.8753
0.8753
0.8753
0.8753
0.8753
0.8753
0.8753
0.8753
0.8753
0.8753
0.8753
0.8753
0.8753
0.8753
0.8753
0.8753
0.8753
0.8753
0.8753
0.8753
0.8753
0.8753
0.8753
0.8753
0.8753
0.8753
0.8753
0.8753
0.8753
0.8753
0.8753
0.8753
0.8753
0.8753
0.8753
0.8753
0.8753
0.8753
0.8753
0.8753
0.8753
0.8753
0.8753
0.8753
0.8753
0.8753
0.8753
0.8753
0.8753
0.8753
0.8753
0.8753
0.8753
0.8753
0.8753
0.8753
0.8753
0.8753
0.8753
0.8753
0.8753
0.8753
0.8753
0.8753
0.8753
0.8753
0.8753
0.8753
0.8753
0.8753
0.8753
0.8753
0.8753
0.8753
0.8753
0.8753
0.8753
0.8753
0.8753
0.8753
0.8753
0.8753
0.8753
0.8753
0.8753
0.8753
0.8753
0.8753
0.8753
0.8753
0.8753
0.8753
0.8753
0.8753
0.8753
0.8753
0.8753
0.8753
0.8753
0.8753
0.8753
0.8753
0.8753
0.8753
0.8753
0.8753
0.8753
0.8753
0.8753
0.8753
0.8753
0.8753
0.8753
0.8753
0.8753
0.8753
0.8753
0.8753
0.8753
0.8753
0.8753
0.8753
0.8753
0.8753
0.8753
0.8753
0.8753
0.8753
0.8753
0.8753
0.8753
0.8753
0.8753
0.8753
0.8753
0.8753
0.8753
0.8753
0.8753
0.8753
0.8753
0.8753
0.8753
0.8753
0.8753
0.8753
0.8753
0.8753
0.8753
0.8753
0.8753
0.8753
0.8753
0.8753
0.8753
0.8753
0.8753
0.8753
0.8753
0.8753
0.8753
0.8753
0.8753
0.8753
0.8753
0.8753
0.8753
0.8753
0.8753
0.8753
0.8753
0.8753
0.8753
0.8753
0.8753
0.8753
0.8753
0.8753
0.8753
0.8753
0.8753
0.8753
0.8753
0.8753
0.8753
0.8753
0.8753
0.8753
0.8753
0.8753
0.8753
0.8753
0.8753
0.8753
0.8753
0.8753
0.8753
0.8753
0.8753
0.8753
0.8753
0.8753
0.8753
0.8753
0.8753
0.8753
0.8753
0.8753
0.8753
0.8753
0.8753
0.8753
0.8753
0.8753
0.8753
0.8753
0.8753
0.8753
0.8753
0.8753
0.8753
0.8753
0.8753
0.8753
0.8753
0.8753
0.8753
0.8753
0.8753
0.8753
0.8753
0.8753
0.8753
0.8753
0.8753
0.8753
0.8753
0.8753
0.8753
0.8753
0.8753
0.8753
0.8753
0.8753
0.8753
0.8753
0.8753
0.8753
0.8753
0.8753
0.8753
0.8753
0.8753
0.8753
0.8753
0.8753
0.8753
0.8753
0.8753
0.8753
0.8753
0.8753
0.8753
0.8753
0.8753
0.8753
0.8753
0.8753
0.8753
0.8753
0.8753
0.8753
0.8753
0.8753
0.8753
0.8753
0.8753
0.8753
0.8753
0.8753
0.8753
0.8753
0.8753
0.8753
0.8753
0.8753
0.8753
0.8753
0.8753
0.8753
0.8753
0.8753
0.8753
0.8753
0.8753
0.8753
0.8753
0.8753
0.8753
0.8753
0.8753
0.8753
0.8753
0.8753
0.8753
0.8753
0.8753
0.8753
0.8753
0.8753
0.8753
0.8753
0.8753
0.8753
0.8753
0.8753
0.8753
0.8753
0.8753
0.8753
0.8753
0.8753
0.8753
0.8753
0.8753
0.8753
0.8753
0.8753
0.8753
0.8753
0.8753
0.8753
0.8753
0.8753
0.8753
0.8753
0.8753
0.8753
0.8753
0.8753
0.8753
0.8753
0.8753
0.8753
0.8753
0.8753
0.8753
0.8753
0.8753
0.8753
0.8753
0.8753
0.8753
0.8753
0.8753
0.8753
0.8753
0.8753
0.8753
0.8753
0.8753
0.8753
0.8753
0.8753
0.8753
0.8753
0.8753
0.8753
0.8753
0.8753
0.8753
0.8753
0.8753
0.8753
0.8753
0.8753
0.8753
0.8753
0.8753
0.8753
0.8753
0.8753
0.8753
0.8753
0.8753
0.8753
0.8753
0.8753
0.8753
0.8753
0.8753
0.8753
0.8753
0.8753
0.8753
0.8753
0.8753
0.8753
0.8753
0.8753
0.8753
0.8753
0.8753
0.8753
0.8753
0.8753
0.8753
0.8753
0.8753
0.8753
0.8753
0.8753
0.8753
0.8753
0.8753
0.8753
0.8753
0.8753
0.8753
0.8753
0.8753
0.8753
0.8753
0.8753
0.8753
0.8753
0.8753
0.8753
0.8753
0.8753
0.8753
0.8753
0.8753
0.8753
0.8753
0.8753
0.8753
0.8753
0.8753
0.8753
0.8753
0.8753
0.8753
0.8753
0.8753
0.8753
0.8753
0.8753
0.8753
0.8753
0.8753
0.8753
0.8753
0.8753
0.8753
0.8753
0.8753
0.8753
0.8753
0.8753
0.8753
0.8753
0.8753
0.8753
0.8753
0.8753
0.8753
0.8753
0.8753
0.8753
0.8753
0.8753
0.8753
0.8753
0.8753
0.8753
0.8753
0.8753
0.8753
0.8753
0.8753
0.8753
0.8753
0.8753
0.8753
0.8753
0.8753
0.8753
0.8753
0.8753
0.8753
0.8753
0.8753
0.8753
0.8753
0.8753
0.8753
0.8753
0.8753
0.8753
0.8753
0.8753
0.8753
0.8753
0.8753
0.8753
0.8753
0.8753
0.8753
0.8753
0.8753
0.8753
0.8753
0.8753
0.8753
0.8753
0.8753
0.8753
0.8753
0.8753
0.8753
0.8753
0.8753
0.8753
0.8753
0.8753
0.8753
0.8753
0.8753
0.8753
0.8753
0.8753
0.8753
0.8753
0.8753
0.8753
0.8753
0.8753
0.8753
0.8753
0.8753
0.8753
0.8753
0.8753
0.8753
0.8753
0.8753
0.8753
0.8753
0.8753
0.8753
0.8753
0.8753
0.8753
0.8753
0.8753
0.8753
0.8753
0.8753
0.8753
0.8753
0.8753
0.8753
0.8753
0.8753
0.8753
0.8753
0.8753
0.8753
0.8753
0.8753
0.8753
0.8753
0.8753
0.8753
0.8753
0.8753
0.8753
0.8753
0.8753
0.8753
0.8753
0.8753
0.8753
0.8753
0.8753
0.8753
0.8753
0.8753
0.8753
0.8753
0.8753
0.8753
0.8753
0.8753
0.8753
0.8753
0.8753
0.8753
0.8753
0.8753
0.8753
0.8753
0.8753
0.8753
0.8753
0.8753
0.8753
0.8753
0.8753
0.8753
0.8753
0.8753
0.8753
0.8753
0.8753
0.8753
0.8753
0.8753
0.8753
0.8753
0.8753
0.8753
0.8753
0.8753
0.8753
0.8753
0.8753
0.8753
0.8753
0.8753
0.8753
0.8753
0.8753
0.8753
0.8753
0.8753
0.8753
0.8753
0.8753
0.8753
0.8753
0.8753
0.8753
0.8753
0.8753
0.8753
0.8753
0.8753
0.8753
0.8753
0.8753
0.8753
0.8753
0.8753
0.8753
0.8753
0.8753
0.8753
0.8753
0.8753
0.8753
0.8753
0.8753
0.8753
0.8753
0.8753
0.8753
0.8753
0.8753
0.8753
0.8753
0.8753
0.8753
0.8753
0.8753
0.8753
0.8753
0.8753
0.8753
0.8753
0.8753
0.8753
0.8753
0.8753
0.8753
0.8753
0.8753
0.8753
0.8753
0.8753
0.8753
0.8753
0.8753
0.8753
0.8753
0.8753
0.8753
0.8753
0.8753
0.8753
0.8753
0.8753
0.8753
0.8753
0.8753
0.8753
0.8753
0.8753
0.8753
0.8753
0.8753
0.8753
0.8753
0.8753
0.8753
0.8753
0.8753
0.8753
0.8753
0.8753
0.8753
0.8753
0.8753
0.8753
0.8753
0.8753
0.8753
0.8753
0.8753
0.8753
0.8753
0.8753
0.8753
0.8753
0.8753
0.8753
0.8753
0.8753
0.8753
0.8753
0.8753
0.8753
0.8753
0.8753
0.8753
0.8753
0.8753
0.8753
0.8753
0.8753
0.8753
0.8753
0.8753
0.8753
0.8753
0.8753
0.8753
0.8753
0.8753
0.8753
0.8753
0.8753
0.8753
0.8753
0.8753
0.8753
0.8753
0.8753
0.8753
0.8753
0.8753
0.8753
0.8753
0.8753
0.8753
0.8753
0.8753
0.8753
0.8753
0.8753
0.8753
0.8753
0.8753
0.8753
0.8753
0.8753
0.8753
0.8753
0.8753
0.8753
0.8753
0.8753
0.8753
0.8753
0.8753
0.8753
0.8753
0.8753
0.8753
0.8753
0.8753
0.8753
0.8753
0.8753
0.8753
0.8753
0.8753
0.8753
0.8753
0.8753
0.8753
0.8753
0.8753
0.8753
0.8753
0.8753
0.8753
0.8753
0.8753
0.8753
0.8753
0.8753
0.8753
0.8753
0.8753
0.8753
0.8753
0.8753
0.8753
0.8753
0.8753
0.8753
0.8753
0.8753
0.8753
0.8753
0.8753
0.8753
0.8753
0.8753
0.8753
0.8753
0.8753
0.8753
0.8753
0.8753
0.8753
0.8753
0.8753
0.8753
0.8753
0.8753
0.8753
0.8753
0.8753
0.8753
0.8753
0.8753
0.8753
0.8753
0.8753
0.8753
0.8753
0.8753
0.8753
0.8753
0.8753
0.8753
0.8753
0.8753
0.8753
0.8753
0.8753
0.8753
0.8753
0.8753
0.8753
0.8753
0.8753
0.8753
0.8753
0.8753
0.8753
0.8753
0.8753
0.8753
0.8753
0.8753
0.8753
0.8753
0.8753
0.8753
0.8753
0.8753
0.8753
0.8753
0.8753
0.8753
0.8753
0.8753
0.8753
0.8753
0.8753
0.8753
0.8753
0.8753
0.8753
0.8753
0.8753
0.8753
0.8753
0.8753
0.8753
0.8753
0.8753
0.8753
0.8753
0.8753
0.8753
0.8753
0.8753
0.8753
0.8753
0.8753
0.8753
0.8753
0.8753
0.8753
0.8753
0.8753
0.8753
0.8753
0.8753
0.8753
0.8753
0.8753
0.8753
0.8753
0.8753
0.8753
0.8753
0.8753
0.8753
0.8753
0.8753
0.8753
0.8753
0.8753
0.8753
0.8753
0.8753
0.8753
0.8753
0.8753
0.8753
0.8753
0.8753
0.8753
0.8753
0.8753
0.8753
0.8753
0.8753
0.8753
0.8753
0.8753
0.8753
0.8753
0.8753
0.8753
0.8753
0.8753
0.8753
0.8753
0.8753
0.8753
0.8753
0.8753
0.8753
0.8753
0.8753
0.8753
0.8753
0.8753
0.8753
0.8753
0.8753
0.8753
0.8753
0.8753
0.8753
0.8753
0.8753
0.8753
0.8753
0.8753
0.8753
0.8753
0.8753
0.8753
0.8753
0.8753
0.8753
0.8753
0.8753
0.8753
0.8753
0.8753
0.8753
0.8753
0.8753
0.8753
0.8753
0.8753
0.8753
0.8753
0.8753
0.8753
0.8753
0.8753
0.8753
0.8753
0.8753
0.8753
0.8753
0.8753
0.8753
0.8753
0.8753
0.8753
0.8753
0.8753
0.8753
0.8753
0.8753
0.8753
0.8753
0.8753
0.8753
0.8753
0.8753
0.8753
0.8753
0.8753
0.8753
0.8753
0.8753
0.8753
0.8753
0.8753
0.8753
0.8753
0.8753
0.8753
0.8753
0.8753
0.8753
0.8753
0.8753
0.8753
0.8753
0.8753
0.8753
0.8753
0.8753
0.8753
0.8753
0.8753
0.8753
0.8753
0.8753
0.8753
0.8753
0.8753
0.8753
0.8753
0.8753
0.8753
0.8753
0.8753
0.8753
0.8753
0.8753
0.8753
0.8753
0.8753
0.8753
0.8753
0.8753
0.8753
0.8753
0.8753
0.8753
0.8753
0.8753
0.8753
0.8753
0.8753
0.8753
0.8753
0.8753
0.8753
0.8753
0.8753
0.8753
0.8753
0.8753
0.8753
0.8753
0.8753
0.8753
0.8753
0.8753
0.8753
0.8753
0.8753
0.8753
0.8753
0.8753
0.8753
0.8753
0.8753
0.8753
0.8753
0.8753
0.8753
0.8753
0.8753
0.8753
0.8753
0.8753
0.8753
0.8753
0.8753
0.8753
0.8753
0.8753
0.8753
0.8753
0.8753
0.8753
0.8753
0.8753
0.8753
0.8753
0.8753
0.8753
0.8753
0.8753
0.8753
0.8753
0.8753
0.8753
0.8753
0.8753
0.8753
0.8753
0.8753
0.8753
0.8753
0.8753
0.8753
0.8753
0.8753
0.8753
0.8753
0.8753
0.8753
0.8753
0.8753
0.8753
0.8753
0.8753
0.8753
0.8753
0.8753
0.8753
0.8753
0.8753
0.8753
0.8753
0.8753
0.8753
0.8753
0.8753
0.8753
0.8753
0.8753
0.8753
0.8753
0.8753
0.8753
0.8753
0.8753
0.8753
0.8753
0.8753
0.8753
0.8753
0.8753
0.8753
0.8753
0.8753
0.8753
0.8753
0.8753
0.8753
0.8753
0.8753
0.8753
0.8753
0.8753
0.8753
0.8753
0.8753
0.8753
0.8753
0.8753
0.8753
0.8753
0.8753
0.8753
0.8753
0.8753
0.8753
0.8753
0.8753
0.8753
0.8753
0.8753
0.8753
0.8753
0.8753
0.8753
0.8753
0.8753
0.8753
0.8753
0.8753
0.8753
0.8753
0.8753
0.8753
0.8753
0.8753
0.8753
0.8753
0.8753
0.8753
0.8753
0.8753
0.8753
0.8753
0.8753
0.8753
0.8753
0.8753
0.8753
0.8753
0.8753
0.8753
0.8753
0.8753
0.8753
0.8753
0.8753
0.8753
0.8753
0.8753
0.8753
0.8753
0.8753
0.8753
0.8753
0.8753
0.8753
0.8753
0.8753
0.8753
0.8753
0.8753
0.8753
0.8753
0.8753
0.8753
0.8753
0.8753
0.8753
0.8753
0.8753
0.8753
0.8753
0.8753
0.8753
0.8753
0.8753
0.8753
0.8753
0.8753
0.8753
0.8753
0.8753
0.8753
0.8753
0.8753
0.8753
0.8753
0.8753
0.8753
0.8753
0.8753
0.8753
0.8753
0.8753
0.8753
0.8753
0.8753
0.8753
0.8753
0.8753
0.8753
0.8753
0.8753
0.8753
0.8753
0.8753
0.8753
0.8753
0.8753
0.8753
0.8753
0.8753
0.8753
0.8753
0.8753
0.8753
0.8753
0.8753
0.8753
0.8753
0.8753
0.8753
0.8753
0.8753
0.8753
0.8753
0.8753
0.8753
0.8753
0.8753
0.8753
0.8753
0.8753
0.8753
0.8753
0.8753
0.8753
0.8753
0.8753
0.8753
0.8753
0.8753
0.8753
0.8753
0.8753
0.8753
0.8753
0.8753
0.8753
0.8753
0.8753
0.8753
0.8753
0.8753
0.8753
0.8753
0.8753
0.8753
0.8753
0.8753
0.8753
0.8753
0.8753
0.8753
0.8753
0.8753
0.8753
0.8753
0.8753
0.8753
0.8753
0.8753
0.8753
0.8753
0.8753
0.8753
0.8753
0.8753
0.8753
0.8753
0.8753
0.8753
0.8753
0.8753
0.8753
0.8753
0.8753
0.8753
0.8753
0.8753
0.8753
0.8753
0.8753
0.8753
0.8753
0.8753
0.8753
0.8753
0.8753
0.8753
0.8753
0.8753
0.8753
0.8753
0.8753
0.8753
0.8753
0.8753
0.8753
0.8753
0.8753
0.8753
0.8753
0.8753
0.8753
0.8753
0.8753
0.8753
0.8753
0.8753
0.8753
0.8753
0.8753
0.8753
0.8753
0.8753
0.8753
0.8753
0.8753
0.8753
0.8753
0.8753
0.8753
0.8753
0.8753
0.8753
0.8753
0.8753
0.8753
0.8753
0.8753
0.8753
0.8753
0.8753
0.8753
0.8753
0.8753
0.8753
0.8753
0.8753
0.8753
0.8753
0.8753
0.8753
0.8753
0.8753
0.8753
0.8753
0.8753
0.8753
0.8753
0.8753
0.8753
0.8753
0.8753
0.8753
0.8753
0.8753
0.8753
0.8753
0.8753
0.8753
0.8753
0.8753
0.8753
0.8753
0.8753
0.8753
0.8753
0.8753
0.8753
0.8753
0.8753
0.8753
0.8753
0.8753
0.8753
0.8753
0.8753
0.8753
0.8753
0.8753
0.8753
0.8753
0.8753
0.8753
0.8753
0.8753
0.8753
0.8753
0.8753
0.8753
0.8753
0.8753
0.8753
0.8753
0.8753
0.8753
0.8753
0.8753
0.8753
0.8753
0.8753
0.8753
0.8753
0.8753
0.8753
0.8753
0.8753
0.8753
0.8753
0.8753
0.8753
0.8753
0.8753
0.8753
0.8753
0.8753
0.8753
0.8753
0.8753
0.8753
0.8753
0.8753
0.8753
0.8753
0.8753
0.8753
0.8753
0.8753
0.8753
0.8753
0.8753
0.8753
0.8753
0.8753
0.8753
0.8753
0.8753
0.8753
0.8753
0.8753
0.8753
0.8753
0.8753
0.8753
0.8753
0.8753
0.8753
0.8753
0.8753
0.8753
0.8753
0.8753
0.8753
0.8753
0.8753
0.8753
0.8753
0.8753
0.8753
0.8753
0.8753
0.8753
0.8753
0.8753
0.8753
0.8753
0.8753
0.8753
0.8753
0.8753
0.8753
0.8753
0.8753
0.8753
0.8753
0.8753
0.8753
0.8753
0.8753
0.8753
0.8753
0.8753
0.8753
0.8753
0.8753
0.8753
0.8753
0.8753
0.8753
0.8753
0.8753
0.8753
0.8753
0.8753
0.8753
0.8753
0.8753
0.8753
0.8753
0.8753
0.8753
0.8753
0.8753
0.8753
0.8753
0.8753
0.8753
0.8753
0.8753
0.8753
0.8753
0.8753
0.8753
0.8753
0.8753
0.8753
0.8753
0.8753
0.8753
0.8753
0.8753
0.8753
0.8753
0.8753
0.8753
0.8753
0.8753
0.8753
0.8753
0.8753
0.8753
0.8753
0.8753
0.8753
0.8753
0.8753
0.8753
0.8753
0.8753
0.8753
0.8753
0.8753
0.8753
0.8753
0.8753
0.8753
0.8753
0.8753
0.8753
0.8753
0.8753
0.8753
0.8753
0.8753
0.8753
0.8753
0.8753
0.8753
0.8753
0.8753
0.8753
0.8753
0.8753
0.8753
0.8753
0.8753
0.8753
0.8753
0.8753
0.8753
0.8753
0.8753
0.8753
0.8753
0.8753
0.8753
0.8753
0.8753
0.8753
0.8753
0.8753
0.8753
0.8753
0.8753
0.8753
0.8753
0.8753
0.8753
0.8753
0.8753
0.8753
0.8753
0.8753
0.8753
0.8753
0.8753
0.8753
0.8753
0.8753
0.8753
0.8753
0.8753
0.8753
0.8753
0.8753
0.8753
0.8753
0.8753
0.8753
0.8753
0.8753
0.8753
0.8753
0.8753
0.8753
0.8753
0.8753
0.8753
0.8753
0.8753
0.8753
0.8753
0.8753
0.8753
0.8753
0.8753
0.8753
0.8753
0.8753
0.8753
0.8753
0.8753
0.8753
0.8753
0.8753
0.8753
0.8753
0.8753
0.8753
0.8753
0.8753
0.8753
0.8753
0.8753
0.8753
0.8753
0.8753
0.8753
0.8753
0.8753
0.8753
0.8753
0.8753
0.8753
0.8753
0.8753
0.8753
0.8753
0.8753
0.8753
0.8753
0.8753
0.8753
0.8753
0.8753
0.8753
0.8753
0.8753
0.8753
0.8753
0.8753
0.8753
0.8753
0.8753
0.8753
0.8753
0.8753
0.8753
0.8753
0.8753
0.8753
0.8753
0.8753
0.8753
0.8753
0.8753
0.8753
0.8753
0.8753
0.8753
0.8753
0.8753
0.8753
0.8753
0.8753
0.8753
0.8753
0.8753
0.8753
0.8753
0.8753
0.8753
0.8753
0.8753
0.8753
0.8753
0.8753
0.8753
0.8753
0.8753
0.8753
0.8753
0.8753
0.8753
0.8753
0.8753
0.8753
0.8753
0.8753
0.8753
0.8753
0.8753
0.8753
0.8753
0.8753
0.8753
0.8753
0.8753
0.8753
0.8753
0.8753
0.8753
0.8753
0.8753
0.8753
0.8753
0.8753
0.8753
0.8753
0.8753
0.8753
0.8753
0.8753
0.8753
0.8753
0.8753
0.8753
0.8753
0.8753
0.8753
0.8753
0.8753
0.8753
0.8753
0.8753
0.8753
0.8753
0.8753
0.8753
0.8753
0.8753
0.8753
0.8753
0.8753
0.8753
0.8753
0.8753
0.8753
0.8753
0.8753
0.8753
0.8753
0.8753
0.8753
0.8753
0.8753
0.8753
0.8753
0.8753
0.8753
0.8753
0.8753
0.8753
0.8753
0.8753
0.8753
0.8753
0.8753
0.8753
0.8753
0.8753
0.8753
0.8753
0.8753
0.8753
0.8753
0.8753
0.8753
0.8753
0.8753
0.8753
0.8753
0.8753
0.8753
0.8753
0.8753
0.8753
0.8753
0.8753
0.8753
0.8753
0.8753
0.8753
0.8753
0.8753
0.8753
0.8753
0.8753
0.8753
0.8753
0.8753
0.8753
0.8753
0.8753
0.8753
0.8753
0.8753
0.8753
0.8753
0.8753
0.8753
0.8753
0.8753
0.8753
0.8753
0.8753
0.8753
0.8753
0.8753
0.8753
0.8753
0.8753
0.8753
0.8753
0.8753
0.8753
0.8753
0.8753
0.8753
0.8753
0.8753
0.8753
0.8753
0.8753
0.8753
0.8753
0.8753
0.8753
0.8753
0.8753
0.8753
0.8753
0.8753
0.8753
0.8753
0.8753
0.8753
0.8753
0.8753
0.8753
0.8753
0.8753
0.8753
0.8753
0.8753
0.8753
0.8753
0.8753
0.8753
0.8753
0.8753
0.8753
0.8753
0.8753
0.8753
0.8753
0.8753
0.8753
0.8753
0.8753
0.8753
0.8753
0.8753
0.8753
0.8753
0.8753
0.8753
0.8753
0.8753
0.8753
0.8753
0.8753
0.8753
0.8753
0.8753
0.8753
0.8753
0.8753
0.8753
0.8753
0.8753
0.8753
0.8753
0.8753
0.8753
0.8753
0.8753
0.8753
0.8753
0.8753
0.8753
0.8753
0.8753
0.8753
0.8753
0.8753
0.8753
0.8753
0.8753
0.8753
0.8753
0.8753
0.8753
0.8753
0.8753
0.8753
0.8753
0.8753
0.8753
0.8753
0.8753
0.8753
0.8753
0.8753
0.8753
0.8753
0.8753
0.8753
0.8753
0.8753
0.8753
0.8753
0.8753
0.8753
0.8753
0.8753
0.8753
0.8753
0.8753
0.8753
0.8753
0.8753
0.8753
0.8753
0.8753
0.8753
0.8753
0.8753
0.8753
0.8753
0.8753
0.8753
0.8753
0.8753
0.8753
0.8753
0.8753
0.8753
0.8753
0.8753
0.8753
0.8753
0.8753
0.8753
0.8753
0.8753
0.8753
0.8753
0.8753
0.8753
0.8753
0.8753
0.8753
0.8753
0.8753
0.8753
0.8753
0.8753
0.8753
0.8753
0.8753
0.8753
0.8753
0.8753
0.8753
0.8753
0.8753
0.8753
0.8753
0.8753
0.8753
0.8753
0.8753
0.8753
0.8753
0.8753
0.8753
0.8753
0.8753
0.8753
0.8753
0.8753
0.8753
0.8753
0.8753
0.8753
0.8753
0.8753
0.8753
0.8753
0.8753
0.8753
0.8753
0.8753
0.8753
0.8753
0.8753
0.8753
0.8753
0.8753
0.8753
0.8753
0.8753
0.8753
0.8753
0.8753
0.8753
0.8753
0.8753
0.8753
0.8753
0.8753
0.8753
0.8753
0.8753
0.8753
0.8753
0.8753
0.8753
0.8753
0.8753
0.8753
0.8753
0.8753
0.8753
0.8753
0.8753
0.8753
0.8753
0.8753
0.8753
0.8753
0.8753
0.8753
0.8753
0.8753
0.8753
0.8753
0.8753
0.8753
0.8753
0.8753
0.8753
0.8753
0.8753
0.8753
0.8753
0.8753
0.8753
0.8753
0.8753
0.8753
0.8753
0.8753
0.8753
0.8753
0.8753
0.8753
0.8753
0.8753
0.8753
0.8753
0.8753
0.8753
0.8753
0.8753
0.8753
0.8753
0.8753
0.8753
0.8753
0.8753
0.8753
0.8753
0.8753
0.8753
0.8753
0.8753
0.8753
0.8753
0.8753
0.8753
0.8753
0.8753
0.8753
0.8753
0.8753
0.8753
0.8753
0.8753
0.8753
0.8753
0.8753
0.8753
0.8753
0.8753
0.8753
0.8753
0.8753
0.8753
0.8753
0.8753
0.8753
0.8753
0.8753
0.8753
0.8753
0.8753
0.8753
0.8753
0.8753
0.8753
0.8753
0.8753
0.8753
0.8753
0.8753
0.8753
0.8753
0.8753
0.8753
0.8753
0.8753
0.8753
0.8753
0.8753
0.8753
0.8753
0.8753
0.8753
0.8753
0.8753
0.8753
0.8753
0.8753
0.8753
0.8753
0.8753
0.8753
0.8753
0.8753
0.8753
0.8753
0.8753
0.8753
0.8753
0.8753
0.8753
0.8753
0.8753
0.8753
0.8753
0.8753
0.8753
0.8753
0.8753
0.8753
0.8753
0.8753
0.8753
0.8753
0.8753
0.8753
0.8753
0.8753
0.8753
0.8753
0.8753
0.8753
0.8753
0.8753
0.8753
0.8753
0.8753
0.8753
0.8753
0.8753
0.8753
0.8753
0.8753
0.8753
0.8753
0.8753
0.8753
0.8753
0.8753
0.8753
0.8753
0.8753
0.8753
0.8753
0.8753
0.8753
0.8753
0.8753
0.8753
0.8753
0.8753
0.8753
0.8753
0.8753
0.8753
0.8753
0.8753
0.8753
0.8753
0.8753
0.8753
0.8753
0.8753
0.8753
0.8753
0.8753
0.8753
0.8753
0.8753
0.8753
0.8753
0.8753
0.8753
0.8753
0.8753
0.8753
0.8753
0.8753
0.8753
0.8753
0.8753
0.8753
0.8753
0.8753
0.8753
0.8753
0.8753
0.8753
0.8753
0.8753
0.8753
0.8753
0.8753
0.8753
0.8753
0.8753
0.8753
0.8753
0.8753
0.8753
0.8753
0.8753
0.8753
0.8753
0.8753
0.8753
0.8753
0.8753
0.8753
0.8753
0.8753
0.8753
0.8753
0.8753
0.8753
0.8753
0.8753
0.8753
0.8753
0.8753
0.8753
0.8753
0.8753
0.8753
0.8753
0.8753
0.8753
0.8753
0.8753
0.8753
0.8753
0.8753
0.8753
0.8753
0.8753
0.8753
0.8753
0.8753
0.8753
0.8753
0.8753
0.8753
0.8753
0.8753
0.8753
0.8753
0.8753
0.8753
0.8753
0.8753
0.8753
0.8753
0.8753
0.8753
0.8753
0.8753
0.8753
0.8753
0.8753
0.8753
0.8753
0.8753
0.8753
0.8753
0.8753
0.8753
0.8753
0.8753
0.8753
0.8753
0.8753
0.8753
0.8753
0.8753
0.8753
0.8753
0.8753
0.8753
0.8753
0.8753
0.8753
0.8753
0.8753
0.8753
0.8753
0.8753
0.8753
0.8753
0.8753
0.8753
0.8753
0.8753
0.8753
0.8753
0.8753
0.8753
0.8753
0.8753
0.8753
0.8753
0.8753
0.8753
0.8753
0.8753
0.8753
0.8753
0.8753
0.8753
0.8753
0.8753
0.8753
0.8753
0.8753
0.8753
0.8753
0.8753
0.8753
0.8753
0.8753
0.8753
0.8753
0.8753
0.8753
0.8753
0.8753
0.8753
0.8753
0.8753
0.8753
0.8753
0.8753
0.8753
0.8753
0.8753
0.8753
0.8753
0.8753
0.8753
0.8753
0.8753
0.8753
0.8753
0.8753
0.8753
0.8753
0.8753
0.8753
0.8753
0.8753
0.8753
0.8753
0.8753
0.8753
0.8753
0.8753
0.8753
0.8753
0.8753
0.8753
0.8753
0.8753
0.8753
0.8753
0.8753
0.8753
0.8753
0.8753
0.8753
0.8753
0.8753
0.8753
0.8753
0.8753
0.8753
0.8753
0.8753
0.8753
0.8753
0.8753
0.8753
0.8753
0.8753
0.8753
0.8753
0.8753
0.8753
0.8753
0.8753
0.8753
0.8753
0.8753
0.8753
0.8753
0.8753
0.8753
0.8753
0.8753
0.8753
0.8753
0.8753
0.8753
0.8753
0.8753
0.8753
0.8753
0.8753
0.8753
0.8753
0.8753
0.8753
0.8753
0.8753
0.8753
0.8753
0.8753
0.8753
0.8753
0.8753
0.8753
0.8753
0.8753
0.8753
0.8753
0.8753
0.8753
0.8753
0.8753
0.8753
0.8753
0.8753
0.8753
0.8753
0.8753
0.8753
0.8753
0.8753
0.8753
0.8753
0.8753
0.8753
0.8753
0.8753
0.8753
0.8753
0.8753
0.8753
0.8753
0.8753
0.8753
0.8753
0.8753
0.8753
0.8753
0.8753
0.8753
0.8753
0.8753
0.8753
0.8753
0.8753
0.8753
0.8753
0.8753
0.8753
0.8753
0.8753
0.8753
0.8753
0.8753
0.8753
0.8753
0.8753
0.8753
0.8753
0.8753
0.8753
0.8753
0.8753
0.8753
0.8753
0.8753
0.8753
0.8753
0.8753
0.8753
0.8753
0.8753
0.8753
0.8753
0.8753
0.8753
0.8753
0.8753
0.8753
0.8753
0.8753
0.8753
0.8753
0.8753
0.8753
0.8753
0.8753
0.8753
0.8753
0.8753
0.8753
0.8753
0.8753
0.8753
0.8753
0.8753
0.8753
0.8753
0.8753
0.8753
0.8753
0.8753
0.8753
0.8753
0.8753
0.8753
0.8753
0.8753
0.8753
0.8753
0.8753
0.8753
0.8753
0.8753
0.8753
0.8753
0.8753
0.8753
0.8753
0.8753
0.8753
0.8753
0.8753
0.8753
0.8753
0.8753
0.8753
0.8753
0.8753
0.8753
0.8753
0.8753
0.8753
0.8753
0.8753
0.8753
0.8753
0.8753
0.8753
0.8753
0.8753
0.8753
0.8753
0.8753
0.8753
0.8753
0.8753
0.8753
0.8753
0.8753
0.8753
0.8753
0.8753
0.8753
0.8753
0.8753
0.8753
0.8753
0.8753
0.8753
0.8753
0.8753
0.8753
0.8753
0.8753
0.8753
0.8753
0.8753
0.8753
0.8753
0.8753
0.8753
0.8753
0.8753
0.8753
0.8753
0.8753
0.8753
0.8753
0.8753
0.8753
0.8753
0.8753
0.8753
0.8753
0.8753
0.8753
0.8753
0.8753
0.8753
0.8753
0.8753
0.8753
0.8753
0.8753
0.8753
0.8753
0.8753
0.8753
0.8753
0.8753
0.8753
0.8753
0.8753
0.8753
0.8753
0.8753
0.8753
0.8753
0.8753
0.8753
0.8753
0.8753
0.8753
0.8753
0.8753
0.8753
0.8753
0.8753
0.8753
0.8753
0.8753
0.8753
0.8753
0.8753
0.8753
0.8753
0.8753
0.8753
0.8753
0.8753
0.8753
0.8753
0.8753
0.8753
0.8753
0.8753
0.8753
0.8753
0.8753
0.8753
0.8753
0.8753
0.8753
0.8753
0.8753
0.8753
0.8753
0.8753
0.8753
0.8753
0.8753
0.8753
0.8753
0.8753
0.8753
0.8753
0.8753
0.8753
0.8753
0.8753
0.8753
0.8753
0.8753
0.8753
0.8753
0.8753
0.8753
0.8753
0.8753
0.8753
0.8753
0.8753
0.8753
0.8753
0.8753
0.8753
0.8753
0.8753
0.8753
0.8753
0.8753
0.8753
0.8753
0.8753
0.8753
0.8753
0.8753
0.8753
0.8753
0.8753
0.8753
0.8753
0.8753
0.8753
0.8753
0.8753
0.8753
0.8753
0.8753
0.8753
0.8753
0.8753
0.8753
0.8753
0.8753
0.8753
0.8753
0.8753
0.8753
0.8753
0.8753
0.8753
0.8753
0.8753
0.8753
0.8753
0.8753
0.8753
0.8753
0.8753
0.8753
0.8753
0.8753
0.8753
0.8753
0.8753
0.8753
0.8753
0.8753
0.8753
0.8753
0.8753
0.8753
0.8753
0.8753
0.8753
0.8753
0.8753
0.8753
0.8753
0.8753
0.8753
0.8753
0.8753
0.8753
0.8753
0.8753
0.8753
0.8753
0.8753
0.8753
0.8753
0.8753
0.8753
0.8753
0.8753
0.8753
0.8753
0.8753
0.8753
0.8753
0.8753
0.8753
0.8753
0.8753
0.8753
0.8753
0.8753
0.8753
0.8753
0.8753
0.8753
0.8753
0.8753
0.8753
0.8753
0.8753
0.8753
0.8753
0.8753
0.8753
0.8753
0.8753
0.8753
0.8753
0.8753
0.8753
0.8753
0.8753
0.8753
0.8753
0.8753
0.8753
0.8753
0.8753
0.8753
0.8753
0.8753
0.8753
0.8753
0.8753
0.8753
0.8753
0.8753
0.8753
0.8753
0.8753
0.8753
0.8753
0.8753
0.8753
0.8753
0.8753
0.8753
0.8753
0.8753
0.8753
0.8753
0.8753
0.8753
0.8753
0.8753
0.8753
0.8753
0.8753
0.8753
0.8753
0.8753
0.8753
0.8753
0.8753
0.8753
0.8753
0.8753
0.8753
0.8753
0.8753
0.8753
0.8753
0.8753
0.8753
0.8753
0.8753
0.8753
0.8753
0.8753
0.8753
0.8753
0.8753
0.8753
0.8753
0.8753
0.8753
0.8753
0.8753
0.8753
0.8753
0.8753
0.8753
0.8753
0.8753
0.8753
0.8753
0.8753
0.8753
0.8753
0.8753
0.8753
0.8753
0.8753
0.8753
0.8753
0.8753
0.8753
0.8753
0.8753
0.8753
0.8753
0.8753
0.8753
0.8753
0.8753
0.8753
0.8753
0.8753
0.8753
0.8753
0.8753
0.8753
0.8753
0.8753
0.8753
0.8753
0.8753
0.8753
0.8753
0.8753
0.8753
0.8753
0.8753
0.8753
0.8753
0.8753
0.8753
0.8753
0.8753
0.8753
0.8753
0.8753
0.8753
0.8753
0.8753
0.8753
0.8753
0.8753
0.8753
0.8753
0.8753
0.8753
0.8753
0.8753
0.8753
0.8753
0.8753
0.8753
0.8753
0.8753
0.8753
0.8753
0.8753
0.8753
0.8753
0.8753
0.8753
0.8753
0.8753
0.8753
0.8753
0.8753
0.8753
0.8753
0.8753
0.8753
0.8753
0.8753
0.8753
0.8753
0.8753
0.8753
0.8753
0.8753
0.8753
0.8753
0.8753
0.8753
0.8753
0.8753
0.8753
0.8753
0.8753
0.8753
0.8753
0.8753
0.8753
0.8753
0.8753
0.8753
0.8753
0.8753
0.8753
0.8753
0.8753
0.8753
0.8753
0.8753
0.8753
0.8753
0.8753
0.8753
0.8753
0.8753
0.8753
0.8753
0.8753
0.8753
0.8753
0.8753
0.8753
0.8753
0.8753
0.8753
0.8753
0.8753
0.8753
0.8753
0.8753
0.8753
0.8753
0.8753
0.8753
0.8753
0.8753
0.8753
0.8753
0.8753
0.8753
0.8753
0.8753
0.8753
0.8753
0.8753
0.8753
0.8753
0.8753
0.8753
0.8753
0.8753
0.8753
0.8753
0.8753
0.8753
0.8753
0.8753
0.8753
0.8753
0.8753
0.8753
0.8753
0.8753
0.8753
0.8753
0.8753
0.8753
0.8753
0.8753
0.8753
0.8753
0.8753
0.8753
0.8753
0.8753
0.8753
0.8753
0.8753
0.8753
0.8753
0.8753
0.8753
0.8753
0.8753
0.8753
0.8753
0.8753
0.8753
0.8753
0.8753
0.8753
0.8753
0.8753
0.8753
0.8753
0.8753
0.8753
0.8753
0.8753
0.8753
0.8753
0.8753
0.8753
0.8753
0.8753
0.8753
0.8753
0.8753
0.8753
0.8753
0.8753
0.8753
0.8753
0.8753
0.8753
0.8753
0.8753
0.8753
0.8753
0.8753
0.8753
0.8753
0.8753
0.8753
0.8753
0.8753
0.8753
0.8753
0.8753
0.8753
0.8753
0.8753
0.8753
0.8753
0.8753
0.8753
0.8753
0.8753
0.8753
0.8753
0.8753
0.8753
0.8753
0.8753
0.8753
0.8753
0.8753
0.8753
0.8753
0.8753
0.8753
0.8753
0.8753
0.8753
0.8753
0.8753
0.8753
0.8753
0.8753
0.8753
0.8753
0.8753
0.8753
0.8753
0.8753
0.8753
0.8753
0.8753
0.8753
0.8753
0.8753
0.8753
0.8753
0.8753
0.8753
0.8753
0.8753
0.8753
0.8753
0.8753
0.8753
0.8753
0.8753
0.8753
0.8753
0.8753
0.8753
0.8753
0.8753
0.8753
0.8753
0.8753
0.8753
0.8753
0.8753
0.8753
0.8753
0.8753
0.8753
0.8753
0.8753
0.8753
0.8753
0.8753
0.8753
0.8753
0.8753
0.8753
0.8753
0.8753
0.8753
0.8753
0.8753
0.8753
0.8753
0.8753
0.8753
0.8753
0.8753
0.8753
0.8753
0.8753
0.8753
0.8753
0.8753
0.8753
0.8753
0.8753
0.8753
0.8753
0.8753
0.8753
0.8753
0.8753
0.8753
0.8753
0.8753
0.8753
0.8753
0.8753
0.8753
0.8753
0.8753
0.8753
0.8753
0.8753
0.8753
0.8753
0.8753
0.8753
0.8753
0.8753
0.8753
0.8753
0.8753
0.8753
0.8753
0.8753
0.8753
0.8753
0.8753
0.8753
0.8753
0.8753
0.8753
0.8753
0.8753
0.8753
0.8753
0.8753
0.8753
0.8753
0.8753
0.8753
0.8753
0.8753
0.8753
0.8753
0.8753
0.8753
0.8753
0.8753
0.8753
0.8753
0.8753
0.8753
0.8753
0.8753
0.8753
0.8753
0.8753
0.8753
0.8753
0.8753
0.8753
0.8753
0.8753
0.8753
0.8753
0.8753
0.8753
0.8753
0.8753
0.8753
0.8753
0.8753
0.8753
0.8753
0.8753
0.8753
0.8753
0.8753
0.8753
0.8753
0.8753
0.8753
0.8753
0.8753
0.8753
0.8753
0.8753
0.8753
0.8753
0.8753
0.8753
0.8753
0.8753
0.8753
0.8753
0.8753
0.8753
0.8753
0.8753
0.8753
0.8753
0.8753
0.8753
0.8753
0.8753
0.8753
0.8753
0.8753
0.8753
0.8753
0.8753
0.8753
0.8753
0.8753
0.8753
0.8753
0.8753
0.8753
0.8753
0.8753
0.8753
0.8753
0.8753
0.8753
0.8753
0.8753
0.8753
0.8753
0.8753
0.8753
0.8753
0.8753
0.8753
0.8753
0.8753
0.8753
0.8753
0.8753
0.8753
0.8753
0.8753
0.8753
0.8753
0.8753
0.8753
0.8753
0.8753
0.8753
0.8753
0.8753
0.8753
0.8753
0.8753
0.8753
0.8753
0.8753
0.8753
0.8753
0.8753
0.8753
0.8753
0.8753
0.8753
0.8753
0.8753
0.8753
0.8753
0.8753
0.8753
0.8753
0.8753
0.8753
0.8753
0.8753
0.8753
0.8753
0.8753
0.8753
0.8753
0.8753
0.8753
0.8753
0.8753
0.8753
0.8753
0.8753
0.8753
0.8753
0.8753
0.8753
0.8753
0.8753
0.8753
0.8753
0.8753
0.8753
0.8753
0.8753
0.8753
0.8753
0.8753
0.8753
0.8753
0.8753
0.8753
0.8753
0.8753
0.8753
0.8753
0.8753
0.8753
0.8753
0.8753
0.8753
0.8753
0.8753
0.8753
0.8753
0.8753
0.8753
0.8753
0.8753
0.8753
0.8753
0.8753
0.8753
0.8753
0.8753
0.8753
0.8753
0.8753
0.8753
0.8753
0.8753
0.8753
0.8753
0.8753
0.8753
0.8753
0.8753
0.8753
0.8753
0.8753
0.8753
0.8753
0.8753
0.8753
0.8753
0.8753
0.8753
0.8753
0.8753
0.8753
0.8753
0.8753
0.8753
0.8753
0.8753
0.8753
0.8753
0.8753
0.8753
0.8753
0.8753
0.8753
0.8753
0.8753
0.8753
0.8753
0.8753
0.8753
0.8753
0.8753
0.8753
0.8753
0.8753
0.8753
0.8753
0.8753
0.8753
0.8753
0.8753
0.8753
0.8753
0.8753
0.8753
0.8753
0.8753
0.8753
0.8753
0.8753
0.8753
0.8753
0.8753
0.8753
0.8753
0.8753
0.8753
0.8753
0.8753
0.8753
0.8753
0.8753
0.8753
0.8753
0.8753
0.8753
0.8753
0.8753
0.8753
0.8753
0.8753
0.8753
0.8753
0.8753
0.8753
0.8753
0.8753
0.8753
0.8753
0.8753
0.8753
0.8753
0.8753
0.8753
0.8753
0.8753
0.8753
0.8753
0.8753
0.8753
0.8753
0.8753
0.8753
0.8753
0.8753
0.8753
0.8753
0.8753
0.8753
0.8753
0.8753
0.8753
0.8753
0.8753
0.8753
0.8753
0.8753
0.8753
0.8753
0.8753
0.8753
0.8753
0.8753
0.8753
0.8753
0.8753
0.8753
0.8753
0.8753
0.8753
0.8753
0.8753
0.8753
0.8753
0.8753
0.8753
0.8753
0.8753
0.8753
0.8753
0.8753
0.8753
0.8753
0.8753
0.8753
0.8753
0.8753
0.8753
0.8753
0.8753
0.8753
0.8753
0.8753
0.8753
0.8753
0.8753
0.8753
0.8753
0.8753
0.8753
0.8753
0.8753
0.8753
0.8753
0.8753
0.8753
0.8753
0.8753
0.8753
0.8753
0.8753
0.8753
0.8753
0.8753
0.8753
0.8753
0.8753
0.8753
0.8753
0.8753
0.8753
0.8753
0.8753
0.8753
0.8753
0.8753
0.8753
0.8753
0.8753
0.8753
0.8753
0.8753
0.8753
0.8753
0.8753
0.8753
0.8753
0.8753
0.8753
0.8753
0.8753
0.8753
0.8753
0.8753
0.8753
0.8753
0.8753
0.8753
0.8753
0.8753
0.8753
0.8753
0.8753
0.8753
0.8753
0.8753
0.8753
0.8753
0.8753
0.8753
0.8753
0.8753
0.8753
0.8753
0.8753
0.8753
0.8753
0.8753
0.8753
0.8753
0.8753
0.8753
0.8753
0.8753
0.8753
0.8753
0.8753
0.8753
0.8753
0.8753
0.8753
0.8753
0.8753
0.8753
0.8753
0.8753
0.8753
0.8753
0.8753
0.8753
0.8753
0.8753
0.8753
0.8753
0.8753
0.8753
0.8753
0.8753
0.8753
0.8753
0.8753
0.8753
0.8753
0.8753
0.8753
0.8753
0.8753
0.8753
0.8753
0.8753
0.8753
0.8753
0.8753
0.8753
0.8753
0.8753
0.8753
0.8753
0.8753
0.8753
0.8753
0.8753
0.8753
0.8753
0.8753
0.8753
0.8753
0.8753
0.8753
0.8753
0.8753
0.8753
0.8753
0.8753
0.8753
0.8753
0.8753
0.8753
0.8753
0.8753
0.8753
0.8753
0.8753
0.8753
0.8753
0.8753
0.8753
0.8753
0.8753
0.8753
0.8753
0.8753
0.8753
0.8753
0.8753
0.8753
0.8753
0.8753
0.8753
0.8753
0.8753
0.8753
0.8753
0.8753
0.8753
0.8753
0.8753
0.8753
0.8753
0.8753
0.8753
0.8753
0.8753
0.8753
0.8753
0.8753
0.8753
0.8753
0.8753
0.8753
0.8753
0.8753
0.8753
0.8753
0.8753
0.8753
0.8753
0.8753
0.8753
0.8753
0.8753
0.8753
0.8753
0.8753
0.8753
0.8753
0.8753
0.8753
0.8753
0.8753
0.8753
0.8753
0.8753
0.8753
0.8753
0.8753
0.8753
0.8753
0.8753
0.8753
0.8753
0.8753
0.8753
0.8753
0.8753
0.8753
0.8753
0.8753
0.8753
0.8753
0.8753
0.8753
0.8753
0.8753
0.8753
0.8753
0.8753
0.8753
0.8753
0.8753
0.8753
0.8753
0.8753
0.8753
0.8753
0.8753
0.8753
0.8753
0.8753
0.8753
0.8753
0.8753
0.8753
0.8753
0.8753
0.8753
0.8753
0.8753
0.8753
0.8753
0.8753
0.8753
0.8753
0.8753
0.8753
0.8753
0.8753
0.8753
0.8753
0.8753
0.8753
0.8753
0.8753
0.8753
0.8753
0.8753
0.8753
0.8753
0.8753
0.8753
0.8753
0.8753
0.8753
0.8753
0.8753
0.8753
0.8753
0.8753
0.8753
0.8753
0.8753
0.8753
0.8753
0.8753
0.8753
0.8753
0.8753
0.8753
0.8753
0.8753
0.8753
0.8753
0.8753
0.8753
0.8753
0.8753
0.8753
0.8753
0.8753
0.8753
0.8753
0.8753
0.8753
0.8753
0.8753
0.8753
0.8753
0.8753
0.8753
0.8753
0.8753
0.8753
0.8753
0.8753
0.8753
0.8753
0.8753
0.8753
0.8753
0.8753
0.8753
0.8753
0.8753
0.8753
0.8753
0.8753
0.8753
0.8753
0.8753
0.8753
0.8753
0.8753
0.8753
0.8753
0.8753
0.8753
0.8753
0.8753
0.8753
0.8753
0.8753
0.8753
0.8753
0.8753
0.8753
0.8753
0.8753
0.8753
0.8753
0.8753
0.8753
0.8753
0.8753
0.8753
0.8753
0.8753
0.8753
0.8753
0.8753
0.8753
0.8753
0.8753
0.8753
0.8753
0.8753
0.8753
0.8753
0.8753
0.8753
0.8753
0.8753
0.8753
0.8753
0.8753
0.8753
0.8753
0.8753
0.8753
0.8753
0.8753
0.8753
0.8753
0.8753
0.8753
0.8753
0.8753
0.8753
0.8753
0.8753
0.8753
0.8753
0.8753
0.8753
0.8753
0.8753
0.8753
0.8753
0.8753
0.8753
0.8753
0.8753
0.8753
0.8753
0.8753
0.8753
0.8753
0.8753
0.8753
0.8753
0.8753
0.8753
0.8753
0.8753
0.8753
0.8753
0.8753
0.8753
0.8753
0.8753
0.8753
0.8753
0.8753
0.8753
0.8753
0.8753
0.8753
0.8753
0.8753
0.8753
0.8753
0.8753
0.8753
0.8753
0.8753
0.8753
0.8753
0.8753
0.8753
0.8753
0.8753
0.8753
0.8753
0.8753
0.8753
0.8753
0.8753
0.8753
0.8753
0.8753
0.8753
0.8753
0.8753
0.8753
0.8753
0.8753
0.8753
0.8753
0.8753
0.8753
0.8753
0.8753
0.8753
0.8753
0.8753
0.8753
0.8753
0.8753
0.8753
0.8753
0.8753
0.8753
0.8753
0.8753
0.8753
0.8753
0.8753
0.8753
0.8753
0.8753
0.8753
0.8753
0.8753
0.8753
0.8753
0.8753
0.8753
0.8753
0.8753
0.8753
0.8753
0.8753
0.8753
0.8753
0.8753
0.8753
0.8753
0.8753
0.8753
0.8753
0.8753
0.8753
0.8753
0.8753
0.8753
0.8753
0.8753
0.8753
0.8753
0.8753
0.8753
0.8753
0.8753
0.8753
0.8753
0.8753
0.8753
0.8753
0.8753
0.8753
0.8753
0.8753
0.8753
0.8753
0.8753
0.8753
0.8753
0.8753
0.8753
0.8753
0.8753
0.8753
0.8753
0.8753
0.8753
0.8753
0.8753
0.8753
0.8753
0.8753
0.8753
0.8753
0.8753
0.8753
0.8753
0.8753
0.8753
0.8753
0.8753
0.8753
0.8753
0.8753
0.8753
0.8753
0.8753
0.8753
0.8753
0.8753
0.8753
0.8753
0.8753
0.8753
0.8753
0.8753
0.8753
0.8753
0.8753
0.8753
0.8753
0.8753
0.8753
0.8753
0.8753
0.8753
0.8753
0.8753
0.8753
0.8753
0.8753
0.8753
0.8753
0.8753
0.8753
0.8753
0.8753
0.8753
0.8753
0.8753
0.8753
0.8753
0.8753
0.8753
0.8753
0.8753
0.8753
0.8753
0.8753
0.8753
0.8753
0.8753
0.8753
0.8753
0.8753
0.8753
0.8753
0.8753
0.8753
0.8753
0.8753
0.8753
0.8753
0.8753
0.8753
0.8753
0.8753
0.8753
0.8753
0.8753
0.8753
0.8753
0.8753
0.8753
0.8753
0.8753
0.8753
0.8753
0.8753
0.8753
0.8753
0.8753
0.8753
0.8753
0.8753
0.8753
0.8753
0.8753
0.8753
0.8753
0.8753
0.8753
0.8753
0.8753
0.8753
0.8753
0.8753
0.8753
0.8753
0.8753
0.8753
0.8753
0.8753
0.8753
0.8753
0.8753
0.8753
0.8753
0.8753
0.8753
0.8753
0.8753
0.8753
0.8753
0.8753
0.8753
0.8753
0.8753
0.8753
0.8753
0.8753
0.8753
0.8753
0.8753
0.8753
0.8753
0.8753
0.8753
0.8753
0.8753
0.8753
0.8753
0.8753
0.8753
0.8753
0.8753
0.8753
0.8753
0.8753
0.8753
0.8753
0.8753
0.8753
0.8753
0.8753
0.8753
0.8753
0.8753
0.8753
0.8753
0.8753
0.8753
0.8753
0.8753
0.8753
0.8753
0.8753
0.8753
0.8753
0.8753
0.8753
0.8753
0.8753
0.8753
0.8753
0.8753
0.8753
0.8753
0.8753
0.8753
0.8753
0.8753
0.8753
0.8753
0.8753
0.8753
0.8753
0.8753
0.8753
0.8753
0.8753
0.8753
0.8753
0.8753
0.8753
0.8753
0.8753
0.8753
0.8753
0.8753
0.8753
0.8753
0.8753
0.8753
0.8753
0.8753
0.8753
0.8753
0.8753
0.8753
0.8753
0.8753
0.8753
0.8753
0.8753
0.8753
0.8753
0.8753
0.8753
0.8753
0.8753
0.8753
0.8753
0.8753
0.8753
0.8753
0.8753
0.8753
0.8753
0.8753
0.8753
0.8753
0.8753
0.8753
0.8753
0.8753
0.8753
0.8753
0.8753
0.8753
0.8753
0.8753
0.8753
0.8753
0.8753
0.8753
0.8753
0.8753
0.8753
0.8753
0.8753
0.8753
0.8753
0.8753
0.8753
0.8753
0.8753
0.8753
0.8753
0.8753
0.8753
0.8753
0.8753
0.8753
0.8753
0.8753
0.8753
0.8753
0.8753
0.8753
0.8753
0.8753
0.8753
0.8753
0.8753
0.8753
0.8753
0.8753
0.8753
0.8753
0.8753
0.8753
0.8753
0.8753
0.8753
0.8753
0.8753
0.8753
0.8753
0.8753
0.8753
0.8753
0.8753
0.8753
0.8753
0.8753
0.8753
0.8753
0.8753
0.8753
0.8753
0.8753
0.8753
0.8753
0.8753
0.8753
0.8753
0.8753
0.8753
0.8753
0.8753
0.8753
0.8753
0.8753
0.8753
0.8753
0.8753
0.8753
0.8753
0.8753
0.8753
0.8753
0.8753
0.8753
0.8753
0.8753
0.8753
0.8753
0.8753
0.8753
0.8753
0.8753
0.8753
0.8753
0.8753
0.8753
0.8753
0.8753
0.8753
0.8753
0.8753
0.8753
0.8753
0.8753
0.8753
0.8753
0.8753
0.8753
0.8753
0.8753
0.8753
0.8753
0.8753
0.8753
0.8753
0.8753
0.8753
0.8753
0.8753
0.8753
0.8753
0.8753
0.8753
0.8753
0.8753
0.8753
0.8753
0.8753
0.8753
0.8753
0.8753
0.8753
0.8753
0.8753
0.8753
0.8753
0.8753
0.8753
0.8753
0.8753
0.8753
0.8753
0.8753
0.8753
0.8753
0.8753
0.8753
0.8753
0.8753
0.8753
0.8753
0.8753
0.8753
0.8753
0.8753
0.8753
0.8753
0.8753
0.8753
0.8753
0.8753
0.8753
0.8753
0.8753
0.8753
0.8753
0.8753
0.8753
0.8753
0.8753
0.8753
0.8753
0.8753
0.8753
0.8753
0.8753
0.8753
0.8753
0.8753
0.8753
0.8753
0.8753
0.8753
0.8753
0.8753
0.8753
0.8753
0.8753
0.8753
0.8753
0.8753
0.8753
0.8753
0.8753
0.8753
0.8753
0.8753
0.8753
0.8753
0.8753
0.8753
0.8753
0.8753
0.8753
0.8753
0.8753
0.8753
0.8753
0.8753
0.8753
0.8753
0.8753
0.8753
0.8753
0.8753
0.8753
0.8753
0.8753
0.8753
0.8753
0.8753
0.8753
0.8753
0.8753
0.8753
0.8753
0.8753
0.8753
0.8753
0.8753
0.8753
0.8753
0.8753
0.8753
0.8753
0.8753
0.8753
0.8753
0.8753
0.8753
0.8753
0.8753
0.8753
0.8753
0.8753
0.8753
0.8753
0.8753
0.8753
0.8753
0.8753
0.8753
0.8753
0.8753
0.8753
0.8753
0.8753
0.8753
0.8753
0.8753
0.8753
0.8753
0.8753
0.8753
0.8753
0.8753
0.8753
0.8753
0.8753
0.8753
0.8753
0.8753
0.8753
0.8753
0.8753
0.8753
0.8753
0.8753
0.8753
0.8753
0.8753
0.8753
0.8753
0.8753
0.8753
0.8753
0.8753
0.8753
0.8753
0.8753
0.8753
0.8753
0.8753
0.8753
0.8753
0.8753
0.8753
0.8753
0.8753
0.8753
0.8753
0.8753
0.8753
0.8753
0.8753
0.8753
0.8753
0.8753
0.8753
0.8753
0.8753
0.8753
0.8753
0.8753
0.8753
0.8753
0.8753
0.8753
0.8753
0.8753
0.8753
0.8753
0.8753
0.8753
0.8753
0.8753
0.8753
0.8753
0.8753
0.8753
0.8753
0.8753
0.8753
0.8753
0.8753
0.8753
0.8753
0.8753
0.8753
0.8753
0.8753
0.8753
0.8753
0.8753
0.8753
0.8753
0.8753
0.8753
0.8753
0.8753
0.8753
0.8753
0.8753
0.8753
0.8753
0.8753
0.8753
0.8753
0.8753
0.8753
0.8753
0.8753
0.8753
0.8753
0.8753
0.8753
0.8753
0.8753
0.8753
0.8753
0.8753
0.8753
0.8753
0.8753
0.8753
0.8753
0.8753
0.8753
0.8753
0.8753
0.8753
0.8753
0.8753
0.8753
0.8753
0.8753
0.8753
0.8753
0.8753
0.8753
0.8753
0.8753
0.8753
0.8753
0.8753
0.8753
0.8753
0.8753
0.8753
0.8753
0.8753
0.8753
0.8753
0.8753
0.8753
0.8753
0.8753
0.8753
0.8753
0.8753
0.8753
0.8753
0.8753
0.8753
0.8753
0.8753
0.8753
0.8753
0.8753
0.8753
0.8753
0.8753
0.8753
0.8753
0.8753
0.8753
0.8753
0.8753
0.8753
0.8753
0.8753
0.8753
0.8753
0.8753
0.8753
0.8753
0.8753
0.8753
0.8753
0.8753
0.8753
0.8753
0.8753
0.8753
0.8753
0.8753
0.8753
0.8753
0.8753
0.8753
0.8753
0.8753
0.8753
0.8753
0.8753
0.8753
0.8753
0.8753
0.8753
0.8753
0.8753
0.8753
0.8753
0.8753
0.8753
0.8753
0.8753
0.8753
0.8753
0.8753
0.8753
0.8753
0.8753
0.8753
0.8753
0.8753
0.8753
0.8753
0.8753
0.8753
0.8753
0.8753
0.8753
0.8753
0.8753
0.8753
0.8753
0.8753
0.8753
0.8753
0.8753
0.8753
0.8753
0.8753
0.8753
0.8753
0.8753
0.8753
0.8753
0.8753
0.8753
0.8753
0.8753
0.8753
0.8753
0.8753
0.8753
0.8753
0.8753
0.8753
0.8753
0.8753
0.8753
0.8753
0.8753
0.8753
0.8753
0.8753
0.8753
0.8753
0.8753
0.8753
0.8753
0.8753
0.8753
0.8753
0.8753
0.8753
0.8753
0.8753
0.8753
0.8753
0.8753
0.8753
0.8753
0.8753
0.8753
0.8753
0.8753
0.8753
0.8753
0.8753
0.8753
0.8753
0.8753
0.8753
0.8753
0.8753
0.8753
0.8753
0.8753
0.8753
0.8753
0.8753
0.8753
0.8753
0.8753
0.8753
0.8753
0.8753
0.8753
0.8753
0.8753
0.8753
0.8753
0.8753
0.8753
0.8753
0.8753
0.8753
0.8753
0.8753
0.8753
0.8753
0.8753
0.8753
0.8753
0.8753
0.8753
0.8753
0.8753
0.8753
0.8753
0.8753
0.8753
0.8753
0.8753
0.8753
0.8753
0.8753
0.8753
0.8753
0.8753
0.8753
0.8753
0.8753
0.8753
0.8753
0.8753
0.8753
0.8753
0.8753
0.8753
0.8753
0.8753
0.8753
0.8753
0.8753
0.8753
0.8753
0.8753
0.8753
0.8753
0.8753
0.8753
0.8753
0.8753
0.8753
0.8753
0.8753
0.8753
0.8753
0.8753
0.8753
0.8753
0.8753
0.8753
0.8753
0.8753
0.8753
0.8753
0.8753
0.8753
0.8753
0.8753
0.8753
0.8753
0.8753
0.8753
0.8753
0.8753
0.8753
0.8753
0.8753
0.8753
0.8753
0.8753
0.8753
0.8753
0.8753
0.8753
0.8753
0.8753
0.8753
0.8753
0.8753
0.8753
0.8753
0.8753
0.8753
0.8753
0.8753
0.8753
0.8753
0.8753
0.8753
0.8753
0.8753
0.8753
0.8753
0.8753
0.8753
0.8753
0.8753
0.8753
0.8753
0.8753
0.8753
0.8753
0.8753
0.8753
0.8753
0.8753
0.8753
0.8753
0.8753
0.8753
0.8753
0.8753
0.8753
0.8753
0.8753
0.8753
0.8753
0.8753
0.8753
0.8753
0.8753
0.8753
0.8753
0.8753
0.8753
0.8753
0.8753
0.8753
0.8753
0.8753
0.8753
0.8753
0.8753
0.8753
0.8753
0.8753
0.8753
0.8753
0.8753
0.8753
0.8753
0.8753
0.8753
0.8753
0.8753
0.8753
0.8753
0.8753
0.8753
0.8753
0.8753
0.8753
0.8753
0.8753
0.8753
0.8753
0.8753
0.8753
0.8753
0.8753
0.8753
0.8753
0.8753
0.8753
0.8753
0.8753
0.8753
0.8753
0.8753
0.8753
0.8753
0.8753
0.8753
0.8753
0.8753
0.8753
0.8753
0.8753
0.8753
0.8753
0.8753
0.8753
0.8753
0.8753
0.8753
0.8753
0.8753
0.8753
0.8753
0.8753
0.8753
0.8753
0.8753
0.8753
0.8753
0.8753
0.8753
0.8753
0.8753
0.8753
0.8753
0.8753
0.8753
0.8753
0.8753
0.8753
0.8753
0.8753
0.8753
0.8753
0.8753
0.8753
0.8753
0.8753
0.8753
0.8753
0.8753
0.8753
0.8753
0.8753
0.8753
0.8753
0.8753
0.8753
0.8753
0.8753
0.8753
0.8753
0.8753
0.8753
0.8753
0.8753
0.8753
0.8753
0.8753
0.8753
0.8753
0.8753
0.8753
0.8753
0.8753
0.8753
0.8753
0.8753
0.8753
0.8753
0.8753
0.8753
0.8753
0.8753
0.8753
0.8753
0.8753
0.8753
0.8753
0.8753
0.8753
0.8753
0.8753
0.8753
0.8753
0.8753
0.8753
0.8753
0.8753
0.8753
0.8753
0.8753
0.8753
0.8753
0.8753
0.8753
0.8753
0.8753
0.8753
0.8753
0.8753
0.8753
0.8753
0.8753
0.8753
0.8753
0.8753
0.8753
0.8753
0.8753
0.8753
0.8753
0.8753
0.8753
0.8753
0.8753
0.8753
0.8753
0.8753
0.8753
0.8753
0.8753
0.8753
0.8753
0.8753
0.8753
0.8753
0.8753
0.8753
0.8753
0.8753
0.8753
0.8753
0.8753
0.8753
0.8753
0.8753
0.8753
0.8753
0.8753
0.8753
0.8753
0.8753
0.8753
0.8753
0.8753
0.8753
0.8753
0.8753
0.8753
0.8753
0.8753
0.8753
0.8753
0.8753
0.8753
0.8753
0.8753
0.8753
0.8753
0.8753
0.8753
0.8753
0.8753
0.8753
0.8753
0.8753
0.8753
0.8753
0.8753
0.8753
0.8753
0.8753
0.8753
0.8753
0.8753
0.8753
0.8753
0.8753
0.8753
0.8753
0.8753
0.8753
0.8753
0.8753
0.8753
0.8753
0.8753
0.8753
0.8753
0.8753
0.8753
0.8753
0.8753
0.8753
0.8753
0.8753
0.8753
0.8753
0.8753
0.8753
0.8753
0.8753
0.8753
0.8753
0.8753
0.8753
0.8753
0.8753
0.8753
0.8753
0.8753
0.8753
0.8753
0.8753
0.8753
0.8753
0.8753
0.8753
0.8753
0.8753
0.8753
0.8753
0.8753
0.8753
0.8753
0.8753
0.8753
0.8753
0.8753
0.8753
0.8753
0.8753
0.8753
0.8753
0.8753
0.8753
0.8753
0.8753
0.8753
0.8753
0.8753
0.8753
0.8753
0.8753
0.8753
0.8753
0.8753
0.8753
0.8753
0.8753
0.8753
0.8753
0.8753
0.8753
0.8753
0.8753
0.8753
0.8753
0.8753
0.8753
0.8753
0.8753
0.8753
0.8753
0.8753
0.8753
0.8753
0.8753
0.8753
0.8753
0.8753
0.8753
0.8753
0.8753
0.8753
0.8753
0.8753
0.8753
0.8753
0.8753
0.8753
0.8753
0.8753
0.8753
0.8753
0.8753
0.8753
0.8753
0.8753
0.8753
0.8753
0.8753
0.8753
0.8753
0.8753
0.8753
0.8753
0.8753
0.8753
0.8753
0.8753
0.8753
0.8753
0.8753
0.8753
0.8753
0.8753
0.8753
0.8753
0.8753
0.8753
0.8753
0.8753
0.8753
0.8753
0.8753
0.8753
0.8753
0.8753
0.8753
0.8753
0.8753
0.8753
0.8753
0.8753
0.8753
0.8753
0.8753
0.8753
0.8753
0.8753
0.8753
0.8753
0.8753
0.8753
0.8753
0.8753
0.8753
0.8753
0.8753
0.8753
0.8753
0.8753
0.8753
0.8753
0.8753
0.8753
0.8753
0.8753
0.8753
0.8753
0.8753
0.8753
0.8753
0.8753
0.8753
0.8753
0.8753
0.8753
0.8753
0.8753
0.8753
0.8753
0.8753
0.8753
0.8753
0.8753
0.8753
0.8753
0.8753
0.8753
0.8753
0.8753
0.8753
0.8753
0.8753
0.8753
0.8753
0.8753
0.8753
0.8753
0.8753
0.8753
0.8753
0.8753
0.8753
0.8753
0.8753
0.8753
0.8753
0.8753
0.8753
0.8753
0.8753
0.8753
0.8753
0.8753
0.8753
0.8753
0.8753
0.8753
0.8753
0.8753
0.8753
0.8753
0.8753
0.8753
0.8753
0.8753
0.8753
0.8753
0.8753
0.8753
0.8753
0.8753
0.8753
0.8753
0.8753
0.8753
0.8753
0.8753
0.8753
0.8753
0.8753
0.8753
0.8753
0.8753
0.8753
0.8753
0.8753
0.8753
0.8753
0.8753
0.8753
0.8753
0.8753
0.8753
0.8753
0.8753
0.8753
0.8753
0.8753
0.8753
0.8753
0.8753
0.8753
0.8753
0.8753
0.8753
0.8753
0.8753
0.8753
0.8753
0.8753
0.8753
0.8753
0.8753
0.8753
0.8753
0.8753
0.8753
0.8753
0.8753
0.8753
0.8753
0.8753
0.8753
0.8753
0.8753
0.8753
0.8753
0.8753
0.8753
0.8753
0.8753
0.8753
0.8753
0.8753
0.8753
0.8753
0.8753
0.8753
0.8753
0.8753
0.8753
0.8753
0.8753
0.8753
0.8753
0.8753
0.8753
0.8753
0.8753
0.8753
0.8753
0.8753
0.8753
0.8753
0.8753
0.8753
0.8753
0.8753
0.8753
0.8753
0.8753
0.8753
0.8753
0.8753
0.8753
0.8753
0.8753
0.8753
0.8753
0.8753
0.8753
0.8753
0.8753
0.8753
0.8753
0.8753
0.8753
0.8753
0.8753
0.8753
0.8753
0.8753
0.8753
0.8753
0.8753
0.8753
0.8753
0.8753
0.8753
0.8753
0.8753
0.8753
0.8753
0.8753
0.8753
0.8753
0.8753
0.8753
0.8753
0.8753
0.8753
0.8753
0.8753
0.8753
0.8753
0.8753
0.8753
0.8753
0.8753
0.8753
0.8753
0.8753
0.8753
0.8753
0.8753
0.8753
0.8753
0.8753
0.8753
0.8753
0.8753
0.8753
0.8753
0.8753
0.8753
0.8753
0.8753
0.8753
0.8753
0.8753
0.8753
0.8753
0.8753
0.8753
0.8753
0.8753
0.8753
0.8753
0.8753
0.8753
0.8753
0.8753
0.8753
0.8753
0.8753
0.8753
0.8753
0.8753
0.8753
0.8753
0.8753
0.8753
0.8753
0.8753
0.8753
0.8753
0.8753
0.8753
0.8753
0.8753
0.8753
0.8753
0.8753
0.8753
0.8753
0.8753
0.8753
0.8753
0.8753
0.8753
0.8753
0.8753
0.8753
0.8753
0.8753
0.8753
0.8753
0.8753
0.8753
0.8753
0.8753
0.8753
0.8753
0.8753
0.8753
0.8753
0.8753
0.8753
0.8753
0.8753
0.8753
0.8753
0.8753
0.8753
0.8753
0.8753
0.8753
0.8753
0.8753
0.8753
0.8753
0.8753
0.8753
0.8753
0.8753
0.8753
0.8753
0.8753
0.8753
0.8753
0.8753
0.8753
0.8753
0.8753
0.8753
0.8753
0.8753
0.8753
0.8753
0.8753
0.8753
0.8753
0.8753
0.8753
0.8753
0.8753
0.8753
0.8753
0.8753
0.8753
0.8753
0.8753
0.8753
0.8753
0.8753
0.8753
0.8753
0.8753
0.8753
0.8753
0.8753
0.8753
0.8753
0.8753
0.8753
0.8753
0.8753
0.8753
0.8753
0.8753
0.8753
0.8753
0.8753
0.8753
0.8753
0.8753
0.8753
0.8753
0.8753
0.8753
0.8753
0.8753
0.8753
0.8753
0.8753
0.8753
0.8753
0.8753
0.8753
0.8753
0.8753
0.8753
0.8753
0.8753
0.8753
0.8753
0.8753
0.8753
0.8753
0.8753
0.8753
0.8753
0.8753
0.8753
0.8753
0.8753
0.8753
0.8753
0.8753
0.8753
0.8753
0.8753
0.8753
0.8753
0.8753
0.8753
0.8753
0.8753
0.8753
0.8753
0.8753
0.8753
0.8753
0.8753
0.8753
0.8753
0.8753
0.8753
0.8753
0.8753
0.8753
0.8753
0.8753
0.8753
0.8753
0.8753
0.8753
0.8753
0.8753
0.8753
0.8753
0.8753
0.8753
0.8753
0.8753
0.8753
0.8753
0.8753
0.8753
0.8753
0.8753
0.8753
0.8753
0.8753
0.8753
0.8753
0.8753
0.8753
0.8753
0.8753
0.8753
0.8753
0.8753
0.8753
0.8753
0.8753
0.8753
0.8753
0.8753
0.8753
0.8753
0.8753
0.8753
0.8753
0.8753
0.8753
0.8753
0.8753
0.8753
0.8753
0.8753
0.8753
0.8753
0.8753
0.8753
0.8753
0.8753
0.8753
0.8753
0.8753
0.8753
0.8753
0.8753
0.8753
0.8753
0.8753
0.8753
0.8753
0.8753
0.8753
0.8753
0.8753
0.8753
0.8753
0.8753
0.8753
0.8753
0.8753
0.8753
0.8753
0.8753
0.8753
0.8753
0.8753
0.8753
0.8753
0.8753
0.8753
0.8753
0.8753
0.8753
0.8753
0.8753
0.8753
0.8753
0.8753
0.8753
0.8753
0.8753
0.8753
0.8753
0.8753
0.8753
0.8753
0.8753
0.8753
0.8753
0.8753
0.8753
0.8753
0.8753
0.8753
0.8753
0.8753
0.8753
0.8753
0.8753
0.8753
0.8753
0.8753
0.8753
0.8753
0.8753
0.8753
0.8753
0.8753
0.8753
0.8753
0.8753
0.8753
0.8753
0.8753
0.8753
0.8753
0.8753
0.8753
0.8753
0.8753
0.8753
0.8753
0.8753
0.8753
0.8753
0.8753
0.8753
0.8753
0.8753
0.8753
0.8753
0.8753
0.8753
0.8753
0.8753
0.8753
0.8753
0.8753
0.8753
0.8753
0.8753
0.8753
0.8753
0.8753
0.8753
0.8753
0.8753
0.8753
0.8753
0.8753
0.8753
0.8753
0.8753
0.8753
0.8753
0.8753
0.8753
0.8753
0.8753
0.8753
0.8753
0.8753
0.8753
0.8753
0.8753
0.8753
0.8753
0.8753
0.8753
0.8753
0.8753
0.8753
0.8753
0.8753
0.8753
0.8753
0.8753
0.8753
0.8753
0.8753
0.8753
0.8753
0.8753
0.8753
0.8753
0.8753
0.8753
0.8753
0.8753
0.8753
0.8753
0.8753
0.8753
0.8753
0.8753
0.8753
0.8753
0.8753
0.8753
0.8753
0.8753
0.8753
0.8753
0.8753
0.8753
0.8753
0.8753
0.8753
0.8753
0.8753
0.8753
0.8753
0.8753
0.8753
0.8753
0.8753
0.8753
0.8753
0.8753
0.8753
0.8753
0.8753
0.8753
0.8753
0.8753
0.8753
0.8753
0.8753
0.8753
0.8753
0.8753
0.8753
0.8753
0.8753
0.8753
0.8753
0.8753
0.8753
0.8753
0.8753
0.8753
0.8753
0.8753
0.8753
0.8753
0.8753
0.8753
0.8753
0.8753
0.8753
0.8753
0.8753
0.8753
0.8753
0.8753
0.8753
0.8753
0.8753
0.8753
0.8753
0.8753
0.8753
0.8753
0.8753
0.8753
0.8753
0.8753
0.8753
0.8753
0.8753
0.8753
0.8753
0.8753
0.8753
0.8753
0.8753
0.8753
0.8753
0.8753
0.8753
0.8753
0.8753
0.8753
0.8753
0.8753
0.8753
0.8753
0.8753
0.8753
0.8753
0.8753
0.8753
0.8753
0.8753
0.8753
0.8753
0.8753
0.8753
0.8753
0.8753
0.8753
0.8753
0.8753
0.8753
0.8753
0.8753
0.8753
0.8753
0.8753
0.8753
0.8753
0.8753
0.8753
0.8753
0.8753
0.8753
0.8753
0.8753
0.8753
0.8753
0.8753
0.8753
0.8753
0.8753
0.8753
0.8753
0.8753
0.8753
0.8753
0.8753
0.8753
0.8753
0.8753
0.8753
0.8753
0.8753
0.8753
0.8753
0.8753
0.8753
0.8753
0.8753
0.8753
0.8753
0.8753
0.8753
0.8753
0.8753
0.8753
0.8753
0.8753
0.8753
0.8753
0.8753
0.8753
0.8753
0.8753
0.8753
0.8753
0.8753
0.8753
0.8753
0.8753
0.8753
0.8753
0.8753
0.8753
0.8753
0.8753
0.8753
0.8753
0.8753
0.8753
0.8753
0.8753
0.8753
0.8753
0.8753
0.8753
0.8753
0.8753
0.8753
0.8753
0.8753
0.8753
0.8753
0.8753
0.8753
0.8753
0.8753
0.8753
0.8753
0.8753
0.8753
0.8753
0.8753
0.8753
0.8753
0.8753
0.8753
0.8753
0.8753
0.8753
0.8753
0.8753
0.8753
0.8753
0.8753
0.8753
0.8753
0.8753
0.8753
0.8753
0.8753
0.8753
0.8753
0.8753
0.8753
0.8753
0.8753
0.8753
0.8753
0.8753
0.8753
0.8753
0.8753
0.8753
0.8753
0.8753
0.8753
0.8753
0.8753
0.8753
0.8753
0.8753
0.8753
0.8753
0.8753
0.8753
0.8753
0.8753
0.8753
0.8753
0.8753
0.8753
0.8753
0.8753
0.8753
0.8753
0.8753
0.8753
0.8753
0.8753
0.8753
0.8753
0.8753
0.8753
0.8753
0.8753
0.8753
0.8753
0.8753
0.8753
0.8753
0.8753
0.8753
0.8753
0.8753
0.8753
0.8753
0.8753
0.8753
0.8753
0.8753
0.8753
0.8753
0.8753
0.8753
0.8753
0.8753
0.8753
0.8753
0.8753
0.8753
0.8753
0.8753
0.8753
0.8753
0.8753
0.8753
0.8753
0.8753
0.8753
0.8753
0.8753
0.8753
0.8753
0.8753
0.8753
0.8753
0.8753
0.8753
0.8753
0.8753
0.8753
0.8753
0.8753
0.8753
0.8753
0.8753
0.8753
0.8753
0.8753
0.8753
0.8753
0.8753
0.8753
0.8753
0.8753
0.8753
0.8753
0.8753
0.8753
0.8753
0.8753
0.8753
0.8753
0.8753
0.8753
0.8753
0.8753
0.8753
0.8753
0.8753
0.8753
0.8753
0.8753
0.8753
0.8753
0.8753
0.8753
0.8753
0.8753
0.8753
0.8753
0.8753
0.8753
0.8753
0.8753
0.8753
0.8753
0.8753
0.8753
0.8753
0.8753
0.8753
0.8753
0.8753
0.8753
0.8753
0.8753
0.8753
0.8753
0.8753
0.8753
0.8753
0.8753
0.8753
0.8753
0.8753
0.8753
0.8753
0.8753
0.8753
0.8753
0.8753
0.8753
0.8753
0.8753
0.8753
0.8753
0.8753
0.8753
0.8753
0.8753
0.8753
0.8753
0.8753
0.8753
0.8753
0.8753
0.8753
0.8753
0.8753
0.8753
0.8753
0.8753
0.8753
0.8753
0.8753
0.8753
0.8753
0.8753
0.8753
0.8753
0.8753
0.8753
0.8753
0.8753
0.8753
0.8753
0.8753
0.8753
0.8753
0.8753
0.8753
0.8753
0.8753
0.8753
0.8753
0.8753
0.8753
0.8753
0.8753
0.8753
0.8753
0.8753
0.8753
0.8753
0.8753
0.8753
0.8753
0.8753
0.8753
0.8753
0.8753
0.8753
0.8753
0.8753
0.8753
0.8753
0.8753
0.8753
0.8753
0.8753
0.8753
0.8753
0.8753
0.8753
0.8753
0.8753
0.8753
0.8753
0.8753
0.8753
0.8753
0.8753
0.8753
0.8753
0.8753
0.8753
0.8753
0.8753
0.8753
0.8753
0.8753
0.8753
0.8753
0.8753
0.8753
0.8753
0.8753
0.8753
0.8753
0.8753
0.8753
0.8753
0.8753
0.8753
0.8753
0.8753
0.8753
0.8753
0.8753
0.8753
0.8753
0.8753
0.8753
0.8753
0.8753
0.8753
0.8753
0.8753
0.8753
0.8753
0.8753
0.8753
0.8753
0.8753
0.8753
0.8753
0.8753
0.8753
0.8753
0.8753
0.8753
0.8753
0.8753
0.8753
0.8753
0.8753
0.8753
0.8753
0.8753
0.8753
0.8753
0.8753
0.8753
0.8753
0.8753
0.8753
0.8753
0.8753
0.8753
0.8753
0.8753
0.8753
0.8753
0.8753
0.8753
0.8753
0.8753
0.8753
0.8753
0.8753
0.8753
0.8753
0.8753
0.8753
0.8753
0.8753
0.8753
0.8753
0.8753
0.8753
0.8753
0.8753
0.8753
0.8753
0.8753
0.8753
0.8753
0.8753
0.8753
0.8753
0.8753
0.8753
0.8753
0.8753
0.8753
0.8753
0.8753
0.8753
0.8753
0.8753
0.8753
0.8753
0.8753
0.8753
0.8753
0.8753
0.8753
0.8753
0.8753
0.8753
0.8753
0.8753
0.8753
0.8753
0.8753
0.8753
0.8753
0.8753
0.8753
0.8753
0.8753
0.8753
0.8753
0.8753
0.8753
0.8753
0.8753
0.8753
0.8753
0.8753
0.8753
0.8753
0.8753
0.8753
0.8753
0.8753
0.8753
0.8753
0.8753
0.8753
0.8753
0.8753
0.8753
0.8753
0.8753
0.8753
0.8753
0.8753
0.8753
0.8753
0.8753
0.8753
0.8753
0.8753
0.8753
0.8753
0.8753
0.8753
0.8753
0.8753
0.8753
0.8753
0.8753
0.8753
0.8753
0.8753
0.8753
0.8753
0.8753
0.8753
0.8753
0.8753
0.8753
0.8753
0.8753
0.8753
0.8753
0.8753
0.8753
0.8753
0.8753
0.8753
0.8753
0.8753
0.8753
0.8753
0.8753
0.8753
0.8753
0.8753
0.8753
0.8753
0.8753
0.8753
0.8753
0.8753
0.8753
0.8753
0.8753
0.8753
0.8753
0.8753
0.8753
0.8753
0.8753
0.8753
0.8753
0.8753
0.8753
0.8753
0.8753
0.8753
0.8753
0.8753
0.8753
0.8753
0.8753
0.8753
0.8753
0.8753
0.8753
0.8753
0.8753
0.8753
0.8753
0.8753
0.8753
0.8753
0.8753
0.8753
0.8753
0.8753
0.8753
0.8753
0.8753
0.8753
0.8753
0.8753
0.8753
0.8753
0.8753
0.8753
0.8753
0.8753
0.8753
0.8753
0.8753
0.8753
0.8753
0.8753
0.8753
0.8753
0.8753
0.8753
0.8753
0.8753
0.8753
0.8753
0.8753
0.8753
0.8753
0.8753
0.8753
0.8753
0.8753
0.8753
0.8753
0.8753
0.8753
0.8753
0.8753
0.8753
0.8753
0.8753
0.8753
0.8753
0.8753
0.8753
0.8753
0.8753
0.8753
0.8753
0.8753
0.8753
0.8753
0.8753
0.8753
0.8753
0.8753
0.8753
0.8753
0.8753
0.8753
0.8753
0.8753
0.8753
0.8753
0.8753
0.8753
0.8753
0.8753
0.8753
0.8753
0.8753
0.8753
0.8753
0.8753
0.8753
0.8753
0.8753
0.8753
0.8753
0.8753
0.8753
0.8753
0.8753
0.8753
0.8753
0.8753
0.8753
0.8753
0.8753
0.8753
0.8753
0.8753
0.8753
0.8753
0.8753
0.8753
0.8753
0.8753
0.8753
0.8753
0.8753
0.8753
0.8753
0.8753
0.8753
0.8753
0.8753
0.8753
0.8753
0.8753
0.8753
0.8753
0.8753
0.8753
0.8753
0.8753
0.8753
0.8753
0.8753
0.8753
0.8753
0.8753
0.8753
0.8753
0.8753
0.8753
0.8753
0.8753
0.8753
0.8753
0.8753
0.8753
0.8753
0.8753
0.8753
0.8753
0.8753
0.8753
0.8753
0.8753
0.8753
0.8753
0.8753
0.8753
0.8753
0.8753
0.8753
0.8753
0.8753
0.8753
0.8753
0.8753
0.8753
0.8753
0.8753
0.8753
0.8753
0.8753
0.8753
0.8753
0.8753
0.8753
0.8753
0.8753
0.8753
0.8753
0.8753
0.8753
0.8753
0.8753
0.8753
0.8753
0.8753
0.8753
0.8753
0.8753
0.8753
0.8753
0.8753
0.8753
0.8753
0.8753
0.8753
0.8753
0.8753
0.8753
0.8753
0.8753
0.8753
0.8753
0.8753
0.8753
0.8753
0.8753
0.8753
0.8753
0.8753
0.8753
0.8753
0.8753
0.8753
0.8753
0.8753
0.8753
0.8753
0.8753
0.8753
0.8753
0.8753
0.8753
0.8753
0.8753
0.8753
0.8753
0.8753
0.8753
0.8753
0.8753
0.8753
0.8753
0.8753
0.8753
0.8753
0.8753
0.8753
0.8753
0.8753
0.8753
0.8753
0.8753
0.8753
0.8753
0.8753
0.8753
0.8753
0.8753
0.8753
0.8753
0.8753
0.8753
0.8753
0.8753
0.8753
0.8753
0.8753
0.8753
0.8753
0.8753
0.8753
0.8753
0.8753
0.8753
0.8753
0.8753
0.8753
0.8753
0.8753
0.8753
0.8753
0.8753
0.8753
0.8753
0.8753
0.8753
0.8753
0.8753
0.8753
0.8753
0.8753
0.8753
0.8753
0.8753
0.8753
0.8753
0.8753
0.8753
0.8753
0.8753
0.8753
0.8753
0.8753
0.8753
0.8753
0.8753
0.8753
0.8753
0.8753
0.8753
0.8753
0.8753
0.8753
0.8753
0.8753
0.8753
0.8753
0.8753
0.8753
0.8753
0.8753
0.8753
0.8753
0.8753
0.8753
0.8753
0.8753
0.8753
0.8753
0.8753
0.8753
0.8753
0.8753
0.8753
0.8753
0.8753
0.8753
0.8753
0.8753
0.8753
0.8753
0.8753
0.8753
0.8753
0.8753
0.8753
0.8753
0.8753
0.8753
0.8753
0.8753
0.8753
0.8753
0.8753
0.8753
0.8753
0.8753
0.8753
0.8753
0.8753
0.8753
0.8753
0.8753
0.8753
0.8753
0.8753
0.8753
0.8753
0.8753
0.8753
0.8753
0.8753
0.8753
0.8753
0.8753
0.8753
0.8753
0.8753
0.8753
0.8753
0.8753
0.8753
0.8753
0.8753
0.8753
0.8753
0.8753
0.8753
0.8753
0.8753
0.8753
0.8753
0.8753
0.8753
0.8753
0.8753
0.8753
0.8753
0.8753
0.8753
0.8753
0.8753
0.8753
0.8753
0.8753
0.8753
0.8753
0.8753
0.8753
0.8753
0.8753
0.8753
0.8753
0.8753
0.8753
0.8753
0.8753
0.8753
0.8753
0.8753
0.8753
0.8753
0.8753
0.8753
0.8753
0.8753
0.8753
0.8753
0.8753
0.8753
0.8753
0.8753
0.8753
0.8753
0.8753
0.8753
0.8753
0.8753
0.8753
0.8753
0.8753
0.8753
0.8753
0.8753
0.8753
0.8753
0.8753
0.8753
0.8753
0.8753
0.8753
0.8753
0.8753
0.8753
0.8753
0.8753
0.8753
0.8753
0.8753
0.8753
0.8753
0.8753
0.8753
0.8753
0.8753
0.8753
0.8753
0.8753
0.8753
0.8753
0.8753
0.8753
0.8753
0.8753
0.8753
0.8753
0.8753
0.8753
0.8753
0.8753
0.8753
0.8753
0.8753
0.8753
0.8753
0.8753
0.8753
0.8753
0.8753
0.8753
0.8753
0.8753
0.8753
0.8753
0.8753
0.8753
0.8753
0.8753
0.8753
0.8753
0.8753
0.8753
0.8753
0.8753
0.8753
0.8753
0.8753
0.8753
0.8753
0.8753
0.8753
0.8753
0.8753
0.8753
0.8753
0.8753
0.8753
0.8753
0.8753
0.8753
0.8753
0.8753
0.8753
0.8753
0.8753
0.8753
0.8753
0.8753
0.8753
0.8753
0.8753
0.8753
0.8753
0.8753
0.8753
0.8753
0.8753
0.8753
0.8753
0.8753
0.8753
0.8753
0.8753
0.8753
0.8753
0.8753
0.8753
0.8753
0.8753
0.8753
0.8753
0.8753
0.8753
0.8753
0.8753
0.8753
0.8753
0.8753
0.8753
0.8753
0.8753
0.8753
0.8753
0.8753
0.8753
0.8753
0.8753
0.8753
0.8753
0.8753
0.8753
0.8753
0.8753
0.8753
0.8753
0.8753
0.8753
0.8753
0.8753
0.8753
0.8753
0.8753
0.8753
0.8753
0.8753
0.8753
0.8753
0.8753
0.8753
0.8753
0.8753
0.8753
0.8753
0.8753
0.8753
0.8753
0.8753
0.8753
0.8753
0.8753
0.8753
0.8753
0.8753
0.8753
0.8753
0.8753
0.8753
0.8753
0.8753
0.8753
0.8753
0.8753
0.8753
0.8753
0.8753
0.8753
0.8753
0.8753
0.8753
0.8753
0.8753
0.8753
0.8753
0.8753
0.8753
0.8753
0.8753
0.8753
0.8753
0.8753
0.8753
0.8753
0.8753
0.8753
0.8753
0.8753
0.8753
0.8753
0.8753
0.8753
0.8753
0.8753
0.8753
0.8753
0.8753
0.8753
0.8753
0.8753
0.8753
0.8753
0.8753
0.8753
0.8753
0.8753
0.8753
0.8753
0.8753
0.8753
0.8753
0.8753
0.8753
0.8753
0.8753
0.8753
0.8753
0.8753
0.8753
0.8753
0.8753
0.8753
0.8753
0.8753
0.8753
0.8753
0.8753
0.8753
0.8753
0.8753
0.8753
0.8753
0.8753
0.8753
0.8753
0.8753
0.8753
0.8753
0.8753
0.8753
0.8753
0.8753
0.8753
0.8753
0.8753
0.8753
0.8753
0.8753
0.8753
0.8753
0.8753
0.8753
0.8753
0.8753
0.8753
0.8753
0.8753
0.8753
0.8753
0.8753
0.8753
0.8753
0.8753
0.8753
0.8753
0.8753
0.8753
0.8753
0.8753
0.8753
0.8753
0.8753
0.8753
0.8753
0.8753
0.8753
0.8753
0.8753
0.8753
0.8753
0.8753
0.8753
0.8753
0.8753
0.8753
0.8753
0.8753
0.8753
0.8753
0.8753
0.8753
0.8753
0.8753
0.8753
0.8753
0.8753
0.8753
0.8753
0.8753
0.8753
0.8753
0.8753
0.8753
0.8753
0.8753
0.8753
0.8753
0.8753
0.8753
0.8753
0.8753
0.8753
0.8753
0.8753
0.8753
0.8753
0.8753
0.8753
0.8753
0.8753
0.8753
0.8753
0.8753
0.8753
0.8753
0.8753
0.8753
0.8753
0.8753
0.8753
0.8753
0.8753
0.8753
0.8753
0.8753
0.8753
0.8753
0.8753
0.8753
0.8753
0.8753
0.8753
0.8753
0.8753
0.8753
0.8753
0.8753
0.8753
0.8753
0.8753
0.8753
0.8753
0.8753
0.8753
0.8753
0.8753
0.8753
0.8753
0.8753
0.8753
0.8753
0.8753
0.8753
0.8753
0.8753
0.8753
0.8753
0.8753
0.8753
0.8753
0.8753
0.8753
0.8753
0.8753
0.8753
0.8753
0.8753
0.8753
0.8753
0.8753
0.8753
0.8753
0.8753
0.8753
0.8753
0.8753
0.8753
0.8753
0.8753
0.8753
0.8753
0.8753
0.8753
0.8753
0.8753
0.8753
0.8753
0.8753
0.8753
0.8753
0.8753
0.8753
0.8753
0.8753
0.8753
0.8753
0.8753
0.8753
0.8753
0.8753
0.8753
0.8753
0.8753
0.8753
0.8753
0.8753
0.8753
0.8753
0.8753
0.8753
0.8753
0.8753
0.8753
0.8753
0.8753
0.8753
0.8753
0.8753
0.8753
0.8753
0.8753
0.8753
0.8753
0.8753
0.8753
0.8753
0.8753
0.8753
0.8753
0.8753
0.8753
0.8753
0.8753
0.8753
0.8753
0.8753
0.8753
0.8753
0.8753
0.8753
0.8753
0.8753
0.8753
0.8753
0.8753
0.8753
0.8753
0.8753
0.8753
0.8753
0.8753
0.8753
0.8753
0.8753
0.8753
0.8753
0.8753
0.8753
0.8753
0.8753
0.8753
0.8753
0.8753
0.8753
0.8753
0.8753
0.8753
0.8753
0.8753
0.8753
0.8753
0.8753
0.8753
0.8753
0.8753
0.8753
0.8753
0.8753
0.8753
0.8753
0.8753
0.8753
0.8753
0.8753
0.8753
0.8753
0.8753
0.8753
0.8753
0.8753
0.8753
0.8753
0.8753
0.8753
0.8753
0.8753
0.8753
0.8753
0.8753
0.8753
0.8753
0.8753
0.8753
0.8753
0.8753
0.8753
0.8753
0.8753
0.8753
0.8753
0.8753
0.8753
0.8753
0.8753
0.8753
0.8753
0.8753
0.8753
0.8753
0.8753
0.8753
0.8753
0.8753
0.8753
0.8753
0.8753
0.8753
0.8753
0.8753
0.8753
0.8753
0.8753
0.8753
0.8753
0.8753
0.8753
0.8753
0.8753
0.8753
0.8753
0.8753
0.8753
0.8753
0.8753
0.8753
0.8753
0.8753
0.8753
0.8753
0.8753
0.8753
0.8753
0.8753
0.8753
0.8753
0.8753
0.8753
0.8753
0.8753
0.8753
0.8753
0.8753
0.8753
0.8753
0.8753
0.8753
0.8753
0.8753
0.8753
0.8753
0.8753
0.8753
0.8753
0.8753
0.8753
0.8753
0.8753
0.8753
0.8753
0.8753
0.8753
0.8753
0.8753
0.8753
0.8753
0.8753
0.8753
0.8753
0.8753
0.8753
0.8753
0.8753
0.8753
0.8753
0.8753
0.8753
0.8753
0.8753
0.8753
0.8753
0.8753
0.8753
0.8753
0.8753
0.8753
0.8753
0.8753
0.8753
0.8753
0.8753
0.8753
0.8753
0.8753
0.8753
0.8753
0.8753
0.8753
0.8753
0.8753
0.8753
0.8753
0.8753
0.8753
0.8753
0.8753
0.8753
0.8753
0.8753
0.8753
0.8753
0.8753
0.8753
0.8753
0.8753
0.8753
0.8753
0.8753
0.8753
0.8753
0.8753
0.8753
0.8753
0.8753
0.8753
0.8753
0.8753
0.8753
0.8753
0.8753
0.8753
0.8753
0.8753
0.8753
0.8753
0.8753
0.8753
0.8753
0.8753
0.8753
0.8753
0.8753
0.8753
0.8753
0.8753
0.8753
0.8753
0.8753
0.8753
0.8753
0.8753
0.8753
0.8753
0.8753
0.8753
0.8753
0.8753
0.8753
0.8753
0.8753
0.8753
0.8753
0.8753
0.8753
0.8753
0.8753
0.8753
0.8753
0.8753
0.8753
0.8753
0.8753
0.8753
0.8753
0.8753
0.8753
0.8753
0.8753
0.8753
0.8753
0.8753
0.8753
0.8753
0.8753
0.8753
0.8753
0.8753
0.8753
0.8753
0.8753
0.8753
0.8753
0.8753
0.8753
0.8753
0.8753
0.8753
0.8753
0.8753
0.8753
0.8753
0.8753
0.8753
0.8753
0.8753
0.8753
0.8753
0.8753
0.8753
0.8753
0.8753
0.8753
0.8753
0.8753
0.8753
0.8753
0.8753
0.8753
0.8753
0.8753
0.8753
0.8753
0.8753
0.8753
0.8753
0.8753
0.8753
0.8753
0.8753
0.8753
0.8753
0.8753
0.8753
0.8753
0.8753
0.8753
0.8753
0.8753
0.8753
0.8753
0.8753
0.8753
0.8753
0.8753
0.8753
0.8753
0.8753
0.8753
0.8753
0.8753
0.8753
0.8753
0.8753
0.8753
0.8753
0.8753
0.8753
0.8753
0.8753
0.8753
0.8753
0.8753
0.8753
0.8753
0.8753
0.8753
0.8753
0.8753
0.8753
0.8753
0.8753
0.8753
0.8753
0.8753
0.8753
0.8753
0.8753
0.8753
0.8753
0.8753
0.8753
0.8753
0.8753
0.8753
0.8753
0.8753
0.8753
0.8753
0.8753
0.8753
0.8753
0.8753
0.8753
0.8753
0.8753
0.8753
0.8753
0.8753
0.8753
0.8753
0.8753
0.8753
0.8753
0.8753
0.8753
0.8753
0.8753
0.8753
0.8753
0.8753
0.8753
0.8753
0.8753
0.8753
0.8753
0.8753
0.8753
0.8753
0.8753
0.8753
0.8753
0.8753
0.8753
0.8753
0.8753
0.8753
0.8753
0.8753
0.8753
0.8753
0.8753
0.8753
0.8753
0.8753
0.8753
0.8753
0.8753
0.8753
0.8753
0.8753
0.8753
0.8753
0.8753
0.8753
0.8753
0.8753
0.8753
0.8753
0.8753
0.8753
0.8753
0.8753
0.8753
0.8753
0.8753
0.8753
0.8753
0.8753
0.8753
0.8753
0.8753
0.8753
0.8753
0.8753
0.8753
0.8753
0.8753
0.8753
0.8753
0.8753
0.8753
0.8753
0.8753
0.8753
0.8753
0.8753
0.8753
0.8753
0.8753
0.8753
0.8753
0.8753
0.8753
0.8753
0.8753
0.8753
0.8753
0.8753
0.8753
0.8753
0.8753
0.8753
0.8753
0.8753
0.8753
0.8753
0.8753
0.8753
0.8753
0.8753
0.8753
0.8753
0.8753
0.8753
0.8753
0.8753
0.8753
0.8753
0.8753
0.8753
0.8753
0.8753
0.8753
0.8753
0.8753
0.8753
0.8753
0.8753
0.8753
0.8753
0.8753
0.8753
0.8753
0.8753
0.8753
0.8753
0.8753
0.8753
0.8753
0.8753
0.8753
0.8753
0.8753
0.8753
0.8753
0.8753
0.8753
0.8753
0.8753
0.8753
0.8753
0.8753
0.8753
0.8753
0.8753
0.8753
0.8753
0.8753
0.8753
0.8753
0.8753
0.8753
0.8753
0.8753
0.8753
0.8753
0.8753
0.8753
0.8753
0.8753
0.8753
0.8753
0.8753
0.8753
0.8753
0.8753
0.8753
0.8753
0.8753
0.8753
0.8753
0.8753
0.8753
0.8753
0.8753
0.8753
0.8753
0.8753
0.8753
0.8753
0.8753
0.8753
0.8753
0.8753
0.8753
0.8753
0.8753
0.8753
0.8753
0.8753
0.8753
0.8753
0.8753
0.8753
0.8753
0.8753
0.8753
0.8753
0.8753
0.8753
0.8753
0.8753
0.8753
0.8753
0.8753
0.8753
0.8753
0.8753
0.8753
0.8753
0.8753
0.8753
0.8753
0.8753
0.8753
0.8753
0.8753
0.8753
0.8753
0.8753
0.8753
0.8753
0.8753
0.8753
0.8753
0.8753
0.8753
0.8753
0.8753
0.8753
0.8753
0.8753
0.8753
0.8753
0.8753
0.8753
0.8753
0.8753
0.8753
0.8753
0.8753
0.8753
0.8753
0.8753
0.8753
0.8753
0.8753
0.8753
0.8753
0.8753
0.8753
0.8753
0.8753
0.8753
0.8753
0.8753
0.8753
0.8753
0.8753
0.8753
0.8753
0.8753
0.8753
0.8753
0.8753
0.8753
0.8753
0.8753
0.8753
0.8753
0.8753
0.8753
0.8753
0.8753
0.8753
0.8753
0.8753
0.8753
0.8753
0.8753
0.8753
0.8753
0.8753
0.8753
0.8753
0.8753
0.8753
0.8753
0.8753
0.8753
0.8753
0.8753
0.8753
0.8753
0.8753
0.8753
0.8753
0.8753
0.8753
0.8753
0.8753
0.8753
0.8753
0.8753
0.8753
0.8753
0.8753
0.8753
0.8753
0.8753
0.8753
0.8753
0.8753
0.8753
0.8753
0.8753
0.8753
0.8753
0.8753
0.8753
0.8753
0.8753
0.8753
0.8753
0.8753
0.8753
0.8753
0.8753
0.8753
0.8753
0.8753
0.8753
0.8753
0.8753
0.8753
0.8753
0.8753
0.8753
0.8753
0.8753
0.8753
0.8753
0.8753
0.8753
0.8753
0.8753
0.8753
0.8753
0.8753
0.8753
0.8753
0.8753
0.8753
0.8753
0.8753
0.8753
0.8753
0.8753
0.8753
0.8753
0.8753
0.8753
0.8753
0.8753
0.8753
0.8753
0.8753
0.8753
0.8753
0.8753
0.8753
0.8753
0.8753
0.8753
0.8753
0.8753
0.8753
0.8753
0.8753
0.8753
0.8753
0.8753
0.8753
0.8753
0.8753
0.8753
0.8753
0.8753
0.8753
0.8753
0.8753
0.8753
0.8753
0.8753
0.8753
0.8753
0.8753
0.8753
0.8753
0.8753
0.8753
0.8753
0.8753
0.8753
0.8753
0.8753
0.8753
0.8753
0.8753
0.8753
0.8753
0.8753
0.8753
0.8753
0.8753
0.8753
0.8753
0.8753
0.8753
0.8753
0.8753
0.8753
0.8753
0.8753
0.8753
0.8753
0.8753
0.8753
0.8753
0.8753
0.8753
0.8753
0.8753
0.8753
0.8753
0.8753
0.8753
0.8753
0.8753
0.8753
0.8753
0.8753
0.8753
0.8753
0.8753
0.8753
