0.1108
0.1171
0.1236
0.1305
0.1376
0.1449
0.1523
0.1599
0.1676
0.1754
0.1833
0.1913
0.1993
0.2075
0.2157
0.2240
0.2324
0.2409
0.2495
0.2582
0.2669
0.2758
0.2848
0.2939
0.3030
0.3123
0.3216
0.3309
0.3403
0.3497
0.3592
0.3686
0.3781
0.3876
0.3971
0.4065
0.4159
0.4253
0.4346
0.4439
0.4532
0.4624
0.4715
0.4806
0.4895
0.4985
0.5073
0.5160
0.5246
0.5331
0.5415
0.5497
0.5578
0.5658
0.5736
0.5812
0.5887
0.5961
0.6033
0.6103
0.6172
0.6240
0.6306
0.6370
0.6434
0.6495
0.6556
0.6615
0.6672
0.6729
0.6784
0.6838
0.6890
0.6942
0.6992
0.7041
0.7089
0.7135
0.7181
0.7225
0.7269
0.7311
0.7353
0.7393
0.7433
0.7472
0.7511
0.7549
0.7586
0.7622
0.7658
0.7694
0.7728
0.7762
0.7796
0.7828
0.7860
0.7892
0.7922
0.7952
0.7981
0.8010
0.8038
0.8066
0.8092
0.8119
0.8144
0.8170
0.8194
0.8218
0.8242
0.8265
0.8287
0.8309
0.8331
0.8352
0.8372
0.8392
0.8412
0.8431
0.8450
0.8468
0.8486
0.8503
0.8520
0.8537
0.8553
0.8568
0.8583
0.8598
0.8612
0.8626
0.8639
0.8653
0.8666
0.8678
0.8690
0.8702
0.8714
0.8725
0.8736
0.8747
0.8758
0.8768
0.8778
0.8788
0.8798
0.8807
0.8816
0.8824
0.8833
0.8841
0.8848
0.8856
0.8863
0.8870
0.8877
0.8883
0.8889
0.8895
0.8901
0.8906
0.8911
0.8916
0.8921
0.8926
0.8930
0.8934
0.8938
0.8942
0.8946
0.8949
0.8952
0.8956
0.8959
0.8962
0.8965
0.8968
0.8970
0.8973
0.8975
0.8978
0.8980
0.8983
0.8985
0.8988
0.8990
0.8992
0.8995
0.8997
0.8999
0.9001
0.9003
0.9005
0.9008
0.9010
0.9012
0.9014
0.9016
0.9018
0.9020
0.9021
0.9023
0.9025
0.9027
0.9028
0.9030
0.9032
0.9033
0.9035
0.9036
0.9037
0.9039
0.9040
0.9041
0.9042
0.9044
0.9045
0.9046
0.9047
0.9048
0.9049
0.9050
0.9051
0.9052
0.9052
0.9053
0.9054
0.9055
0.9055
0.9056
0.9057
0.9057
0.9058
0.9059
0.9059
0.9060
0.9060
0.9061
0.9061
0.9062
0.9062
0.9062
0.9063
0.9063
0.9063
0.9064
0.9064
0.9064
0.9065
0.9065
0.9065
0.9065
0.9066
0.9066
0.9066
0.9066
0.9067
0.9067
0.9067
0.9067
0.9067
0.9067
0.9068
0.9068
0.9068
0.9068
0.9068
0.9068
0.9068
0.9068
0.9068
0.9069
0.9069
0.9069
0.9069
0.9069
0.9069
0.9069
0.9069
0.9069
0.9069
0.9069
0.9069
0.9069
0.9069
0.9070
0.9070
0.9070
0.9070
0.9070
0.9070
0.9070
0.9070
0.9070
0.9070
0.9070
0.9070
0.9070
0.9070
0.9070
0.9070
0.9070
0.9070
0.9070
0.9070
0.9070
0.9070
0.9070
0.9070
0.9070
0.9070
0.9070
0.9070
0.9070
0.9070
0.9070
0.9070
0.9070
0.9070
0.9070
0.9070
0.9070
0.9070
0.9070
0.9070
0.9070
0.9070
0.9070
0.9070
0.9070
0.9070
0.9070
0.9070
0.9071
0.9071
0.9071
0.9071
0.9071
0.9071
0.9071
0.9071
0.9071
0.9071
0.9071
0.9071
0.9071
0.9071
0.9071
0.9071
0.9071
0.9071
0.9071
0.9071
0.9071
0.9071
0.9071
0.9071
0.9071
0.9071
0.9071
0.9071
0.9071
0.9071
0.9071
0.9071
0.9071
0.9071
0.9071
0.9071
0.9071
0.9071
0.9071
0.9071
0.9071
0.9071
0.9071
0.9071
0.9071
0.9071
0.9071
0.9071
0.9071
0.9071
0.9071
0.9071
0.9071
0.9071
0.9071
0.9071
0.9071
0.9071
0.9071
0.9071
0.9071
0.9071
0.9071
0.9071
0.9071
0.9071
0.9071
0.9071
0.9071
0.9071
0.9071
0.9071
0.9071
0.9071
0.9071
0.9071
0.9071
0.9071
0.9071
0.9071
0.9071
0.9071
0.9071
0.9071
0.9071
0.9071
0.9071
0.9071
0.9071
0.9071
0.9071
0.9071
0.9071
0.9071
0.9071
0.9071
0.9071
0.9071
0.9071
0.9071
0.9071
0.9071
0.9071
0.9071
0.9071
0.9071
0.9071
0.9071
0.9071
0.9071
0.9071
0.9071
0.9071
0.9071
0.9071
0.9071
0.9071
0.9071
0.9071
0.9071
0.9071
0.9071
0.9071
0.9071
0.9071
0.9071
0.9071
0.9071
0.9071
0.9071
0.9071
0.9071
0.9071
0.9071
0.9071
0.9071
0.9071
0.9071
0.9071
0.9071
0.9071
0.9071
0.9071
0.9071
0.9071
0.9071
0.9071
0.9071
0.9071
0.9071
0.9071
0.9071
0.9071
0.9071
0.9071
0.9071
0.9071
0.9071
0.9071
0.9071
0.9071
0.9071
0.9071
0.9071
0.9071
0.9071
0.9071
0.9071
0.9071
0.9071
0.9071
0.9071
0.9071
0.9071
0.9071
0.9071
0.9071
0.9071
0.9071
0.9071
0.9071
0.9071
0.9071
0.9071
0.9071
0.9071
0.9071
0.9071
0.9071
0.9071
0.9071
0.9071
0.9071
0.9071
0.9071
0.9071
0.9071
0.9071
0.9071
0.9071
0.9071
0.9071
0.9071
0.9071
0.9071
0.9071
0.9071
0.9071
0.9071
0.9071
0.9071
0.9071
0.9071
0.9071
0.9071
0.9071
0.9071
0.9071
0.9071
0.9071
0.9071
0.9071
0.9071
0.9071
0.9071
0.9071
0.9071
0.9071
0.9071
0.9071
0.9071
0.9071
0.9071
0.9071
0.9071
0.9071
0.9071
0.9071
0.9071
0.9071
0.9071
0.9071
0.9071
0.9071
0.9071
0.9071
0.9071
0.9071
0.9071
0.9071
0.9071
0.9071
0.9071
0.9071
0.9071
0.9071
0.9071
0.9071
0.9071
0.9071
0.9071
0.9071
0.9071
0.9071
0.9071
0.9071
0.9071
0.9071
0.9071
0.9071
0.9071
0.9071
0.9071
0.9071
0.9071
0.9071
0.9071
0.9071
0.9071
0.9071
0.9071
0.9071
0.9071
0.9071
0.9071
0.9071
0.9071
0.9071
0.9071
0.9071
0.9071
0.9071
0.9071
0.9071
0.9071
0.9071
0.9071
0.9071
0.9071
0.9071
0.9071
0.9071
0.9071
0.9071
0.9071
0.9071
0.9071
0.9071
0.9071
0.9071
0.9071
0.9071
0.9071
0.9071
0.9071
0.9071
0.9071
0.9071
0.9071
0.9071
0.9071
0.9071
0.9071
0.9071
0.9071
0.9071
0.9071
0.9071
0.9071
0.9071
0.9071
0.9071
0.9071
0.9071
0.9071
0.9071
0.9071
0.9071
0.9071
0.9071
0.9071
0.9071
0.9071
0.9071
0.9071
0.9071
0.9071
0.9071
0.9071
0.9071
0.9071
0.9071
0.9071
0.9071
0.9071
0.9071
0.9071
0.9071
0.9071
0.9071
0.9071
0.9071
0.9071
0.9071
0.9071
0.9071
0.9071
0.9071
0.9071
0.9071
0.9071
0.9071
0.9071
0.9071
0.9071
0.9071
0.9071
0.9071
0.9071
0.9071
0.9071
0.9071
0.9071
0.9071
0.9071
0.9071
0.9071
0.9071
0.9071
0.9071
0.9071
0.9071
0.9071
0.9071
0.9071
0.9071
0.9071
0.9071
0.9071
0.9071
0.9071
0.9071
0.9071
0.9071
0.9071
0.9071
0.9071
0.9071
0.9071
0.9071
0.9071
0.9071
0.9071
0.9071
0.9071
0.9071
0.9071
0.9071
0.9071
0.9071
0.9071
0.9071
0.9071
0.9071
0.9071
0.9071
0.9071
0.9071
0.9071
0.9071
0.9071
0.9071
0.9071
0.9071
0.9071
0.9071
0.9071
0.9071
0.9071
0.9071
0.9071
0.9071
0.9071
0.9071
0.9071
0.9071
0.9071
0.9071
0.9071
0.9071
0.9071
0.9071
0.9071
0.9071
0.9071
0.9071
0.9071
0.9071
0.9071
0.9071
0.9071
0.9071
0.9071
0.9071
0.9071
0.9071
0.9071
0.9071
0.9071
0.9071
0.9071
0.9071
0.9071
0.9071
0.9071
0.9071
0.9071
0.9071
0.9071
0.9071
0.9071
0.9071
0.9071
0.9071
0.9071
0.9071
0.9071
0.9071
0.9071
0.9071
0.9071
0.9071
0.9071
0.9071
0.9071
0.9071
0.9071
0.9071
0.9071
0.9071
0.9071
0.9071
0.9071
0.9071
0.9071
0.9071
0.9071
0.9071
0.9071
0.9071
0.9071
0.9071
0.9071
0.9071
0.9071
0.9071
0.9071
0.9071
0.9071
0.9071
0.9071
0.9071
0.9071
0.9071
0.9071
0.9071
0.9071
0.9071
0.9071
0.9071
0.9071
0.9071
0.9071
0.9071
0.9071
0.9071
0.9071
0.9071
0.9071
0.9071
0.9071
0.9071
0.9071
0.9071
0.9071
0.9071
0.9071
0.9071
0.9071
0.9071
0.9071
0.9071
0.9071
0.9071
0.9071
0.9071
0.9071
0.9071
0.9071
0.9071
0.9071
0.9071
0.9071
0.9071
0.9071
0.9071
0.9071
0.9071
0.9071
0.9071
0.9071
0.9071
0.9071
0.9071
0.9071
0.9071
0.9071
0.9071
0.9071
0.9071
0.9071
0.9071
0.9071
0.9071
0.9071
0.9071
0.9071
0.9071
0.9071
0.9071
0.9071
0.9071
0.9071
0.9071
0.9071
0.9071
0.9071
0.9071
0.9071
0.9071
0.9071
0.9071
0.9071
0.9071
0.9071
0.9071
0.9071
0.9071
0.9071
0.9071
0.9071
0.9071
0.9071
0.9071
0.9071
0.9071
0.9071
0.9071
0.9071
0.9071
0.9071
0.9071
0.9071
0.9071
0.9071
0.9071
0.9071
0.9071
0.9071
0.9071
0.9071
0.9071
0.9071
0.9071
0.9071
0.9071
0.9071
0.9071
0.9071
0.9071
0.9071
0.9071
0.9071
0.9071
0.9071
0.9071
0.9071
0.9071
0.9071
0.9071
0.9071
0.9071
0.9071
0.9071
0.9071
0.9071
0.9071
0.9071
0.9071
0.9071
0.9071
0.9071
0.9071
0.9071
0.9071
0.9071
0.9071
0.9071
0.9071
0.9071
0.9071
0.9071
0.9071
0.9071
0.9071
0.9071
0.9071
0.9071
0.9071
0.9071
0.9071
0.9071
0.9071
0.9071
0.9071
0.9071
0.9071
0.9071
0.9071
0.9071
0.9071
0.9071
0.9071
0.9071
0.9071
0.9071
0.9071
0.9071
0.9071
0.9071
0.9071
0.9071
0.9071
0.9071
0.9071
0.9071
0.9071
0.9071
0.9071
0.9071
0.9071
0.9071
0.9071
0.9071
0.9071
0.9071
0.9071
0.9071
0.9071
0.9071
0.9071
0.9071
0.9071
0.9071
0.9071
0.9071
0.9071
0.9071
0.9071
0.9071
0.9071
0.9071
0.9071
0.9071
0.9071
0.9071
0.9071
0.9071
0.9071
0.9071
0.9071
0.9071
0.9071
0.9071
0.9071
0.9071
0.9071
0.9071
0.9071
0.9071
0.9071
0.9071
0.9071
0.9071
0.9071
0.9071
0.9071
0.9071
0.9071
0.9071
0.9071
0.9071
0.9071
0.9071
0.9071
0.9071
0.9071
0.9071
0.9071
0.9071
0.9071
0.9071
0.9071
0.9071
0.9071
0.9071
0.9071
0.9071
0.9071
0.9071
0.9071
0.9071
0.9071
0.9071
0.9071
0.9071
0.9071
0.9071
0.9071
0.9071
0.9071
0.9071
0.9071
0.9071
0.9071
0.9071
0.9071
0.9071
0.9071
0.9071
0.9071
0.9071
0.9071
0.9071
0.9071
0.9071
0.9071
0.9071
0.9071
0.9071
0.9071
0.9071
0.9071
0.9071
0.9071
0.9071
0.9071
0.9071
0.9071
0.9071
0.9071
0.9071
0.9071
0.9071
0.9071
0.9071
0.9071
0.9071
0.9071
0.9071
0.9071
0.9071
0.9071
0.9071
0.9071
0.9071
0.9071
0.9071
0.9071
0.9071
0.9071
0.9071
0.9071
0.9071
0.9071
0.9071
0.9071
0.9071
0.9071
0.9071
0.9071
0.9071
0.9071
0.9071
0.9071
0.9071
0.9071
0.9071
0.9071
0.9071
0.9071
0.9071
0.9071
0.9071
0.9071
0.9071
0.9071
0.9071
0.9071
0.9071
0.9071
0.9071
0.9071
0.9071
0.9071
0.9071
0.9071
0.9071
0.9071
0.9071
0.9071
0.9071
0.9071
0.9071
0.9071
0.9071
0.9071
0.9071
0.9071
0.9071
0.9071
0.9071
0.9071
0.9071
0.9071
0.9071
0.9071
0.9071
0.9071
0.9071
0.9071
0.9071
0.9071
0.9071
0.9071
0.9071
0.9071
0.9071
0.9071
0.9071
0.9071
0.9071
0.9071
0.9071
0.9071
0.9071
0.9071
0.9071
0.9071
0.9071
0.9071
0.9071
0.9071
0.9071
0.9071
0.9071
0.9071
0.9071
0.9071
0.9071
0.9071
0.9071
0.9071
0.9071
0.9071
0.9071
0.9071
0.9071
0.9071
0.9071
0.9071
0.9071
0.9071
0.9071
0.9071
0.9071
0.9071
0.9071
0.9071
0.9071
0.9071
0.9071
0.9071
0.9071
0.9071
0.9071
0.9071
0.9071
0.9071
0.9071
0.9071
0.9071
0.9071
0.9071
0.9071
0.9071
0.9071
0.9071
0.9071
0.9071
0.9071
0.9071
0.9071
0.9071
0.9071
0.9071
0.9071
0.9071
0.9071
0.9071
0.9071
0.9071
0.9071
0.9071
0.9071
0.9071
0.9071
0.9071
0.9071
0.9071
0.9071
0.9071
0.9071
0.9071
0.9071
0.9071
0.9071
0.9071
0.9071
0.9071
0.9071
0.9071
0.9071
0.9071
0.9071
0.9071
0.9071
0.9071
0.9071
0.9071
0.9071
0.9071
0.9071
0.9071
0.9071
0.9071
0.9071
0.9071
0.9071
0.9071
0.9071
0.9071
0.9071
0.9071
0.9071
0.9071
0.9071
0.9071
0.9071
0.9071
0.9071
0.9071
0.9071
0.9071
0.9071
0.9071
0.9071
0.9071
0.9071
0.9071
0.9071
0.9071
0.9071
0.9071
0.9071
0.9071
0.9071
0.9071
0.9071
0.9071
0.9071
0.9071
0.9071
0.9071
0.9071
0.9071
0.9071
0.9071
0.9071
0.9071
0.9071
0.9071
0.9071
0.9071
0.9071
0.9071
0.9071
0.9071
0.9071
0.9071
0.9071
0.9071
0.9071
0.9071
0.9071
0.9071
0.9071
0.9071
0.9071
0.9071
0.9071
0.9071
0.9071
0.9071
0.9071
0.9071
0.9071
0.9071
0.9071
0.9071
0.9071
0.9071
0.9071
0.9071
0.9071
0.9071
0.9071
0.9071
0.9071
0.9071
0.9071
0.9071
0.9071
0.9071
0.9071
0.9071
0.9071
0.9071
0.9071
0.9071
0.9071
0.9071
0.9071
0.9071
0.9071
0.9071
0.9071
0.9071
0.9071
0.9071
0.9071
0.9071
0.9071
0.9071
0.9071
0.9071
0.9071
0.9071
0.9071
0.9071
0.9071
0.9071
0.9071
0.9071
0.9071
0.9071
0.9071
0.9071
0.9071
0.9071
0.9071
0.9071
0.9071
0.9071
0.9071
0.9071
0.9071
0.9071
0.9071
0.9071
0.9071
0.9071
0.9071
0.9071
0.9071
0.9071
0.9071
0.9071
0.9071
0.9071
0.9071
0.9071
0.9071
0.9071
0.9071
0.9071
0.9071
0.9071
0.9071
0.9071
0.9071
0.9071
0.9071
0.9071
0.9071
0.9071
0.9071
0.9071
0.9071
0.9071
0.9071
0.9071
0.9071
0.9071
0.9071
0.9071
0.9071
0.9071
0.9071
0.9071
0.9071
0.9071
0.9071
0.9071
0.9071
0.9071
0.9071
0.9071
0.9071
0.9071
0.9071
0.9071
0.9071
0.9071
0.9071
0.9071
0.9071
0.9071
0.9071
0.9071
0.9071
0.9071
0.9071
0.9071
0.9071
0.9071
0.9071
0.9071
0.9071
0.9071
0.9071
0.9071
0.9071
0.9071
0.9071
0.9071
0.9071
0.9071
0.9071
0.9071
0.9071
0.9071
0.9071
0.9071
0.9071
0.9071
0.9071
0.9071
0.9071
0.9071
0.9071
0.9071
0.9071
0.9071
0.9071
0.9071
0.9071
0.9071
0.9071
0.9071
0.9071
0.9071
0.9071
0.9071
0.9071
0.9071
0.9071
0.9071
0.9071
0.9071
0.9071
0.9071
0.9071
0.9071
0.9071
0.9071
0.9071
0.9071
0.9071
0.9071
0.9071
0.9071
0.9071
0.9071
0.9071
0.9071
0.9071
0.9071
0.9071
0.9071
0.9071
0.9071
0.9071
0.9071
0.9071
0.9071
0.9071
0.9071
0.9071
0.9071
0.9071
0.9071
0.9071
0.9071
0.9071
0.9071
0.9071
0.9071
0.9071
0.9071
0.9071
0.9071
0.9071
0.9071
0.9071
0.9071
0.9071
0.9071
0.9071
0.9071
0.9071
0.9071
0.9071
0.9071
0.9071
0.9071
0.9071
0.9071
0.9071
0.9071
0.9071
0.9071
0.9071
0.9071
0.9071
0.9071
0.9071
0.9071
0.9071
0.9071
0.9071
0.9071
0.9071
0.9071
0.9071
0.9071
0.9071
0.9071
0.9071
0.9071
0.9071
0.9071
0.9071
0.9071
0.9071
0.9071
0.9071
0.9071
0.9071
0.9071
0.9071
0.9071
0.9071
0.9071
0.9071
0.9071
0.9071
0.9071
0.9071
0.9071
0.9071
0.9071
0.9071
0.9071
0.9071
0.9071
0.9071
0.9071
0.9071
0.9071
0.9071
0.9071
0.9071
0.9071
0.9071
0.9071
0.9071
0.9071
0.9071
0.9071
0.9071
0.9071
0.9071
0.9071
0.9071
0.9071
0.9071
0.9071
0.9071
0.9071
0.9071
0.9071
0.9071
0.9071
0.9071
0.9071
0.9071
0.9071
0.9071
0.9071
0.9071
0.9071
0.9071
0.9071
0.9071
0.9071
0.9071
0.9071
0.9071
0.9071
0.9071
0.9071
0.9071
0.9071
0.9071
0.9071
0.9071
0.9071
0.9071
0.9071
0.9071
0.9071
0.9071
0.9071
0.9071
0.9071
0.9071
0.9071
0.9071
0.9071
0.9071
0.9071
0.9071
0.9071
0.9071
0.9071
0.9071
0.9071
0.9071
0.9071
0.9071
0.9071
0.9071
0.9071
0.9071
0.9071
0.9071
0.9071
0.9071
0.9071
0.9071
0.9071
0.9071
0.9071
0.9071
0.9071
0.9071
0.9071
0.9071
0.9071
0.9071
0.9071
0.9071
0.9071
0.9071
0.9071
0.9071
0.9071
0.9071
0.9071
0.9071
0.9071
0.9071
0.9071
0.9071
0.9071
0.9071
0.9071
0.9071
0.9071
0.9071
0.9071
0.9071
0.9071
0.9071
0.9071
0.9071
0.9071
0.9071
0.9071
0.9071
0.9071
0.9071
0.9071
0.9071
0.9071
0.9071
0.9071
0.9071
0.9071
0.9071
0.9071
0.9071
0.9071
0.9071
0.9071
0.9071
0.9071
0.9071
0.9071
0.9071
0.9071
0.9071
0.9071
0.9071
0.9071
0.9071
0.9071
0.9071
0.9071
0.9071
0.9071
0.9071
0.9071
0.9071
0.9071
0.9071
0.9071
0.9071
0.9071
0.9071
0.9071
0.9071
0.9071
0.9071
0.9071
0.9071
0.9071
0.9071
0.9071
0.9071
0.9071
0.9071
0.9071
0.9071
0.9071
0.9071
0.9071
0.9071
0.9071
0.9071
0.9071
0.9071
0.9071
0.9071
0.9071
0.9071
0.9071
0.9071
0.9071
0.9071
0.9071
0.9071
0.9071
0.9071
0.9071
0.9071
0.9071
0.9071
0.9071
0.9071
0.9071
0.9071
0.9071
0.9071
0.9071
0.9071
0.9071
0.9071
0.9071
0.9071
0.9071
0.9071
0.9071
0.9071
0.9071
0.9071
0.9071
0.9071
0.9071
0.9071
0.9071
0.9071
0.9071
0.9071
0.9071
0.9071
0.9071
0.9071
0.9071
0.9071
0.9071
0.9071
0.9071
0.9071
0.9071
0.9071
0.9071
0.9071
0.9071
0.9071
0.9071
0.9071
0.9071
0.9071
0.9071
0.9071
0.9071
0.9071
0.9071
0.9071
0.9071
0.9071
0.9071
0.9071
0.9071
0.9071
0.9071
0.9071
0.9071
0.9071
0.9071
0.9071
0.9071
0.9071
0.9071
0.9071
0.9071
0.9071
0.9071
0.9071
0.9071
0.9071
0.9071
0.9071
0.9071
0.9071
0.9071
0.9071
0.9071
0.9071
0.9071
0.9071
0.9071
0.9071
0.9071
0.9071
0.9071
0.9071
0.9071
0.9071
0.9071
0.9071
0.9071
0.9071
0.9071
0.9071
0.9071
0.9071
0.9071
0.9071
0.9071
0.9071
0.9071
0.9071
0.9071
0.9071
0.9071
0.9071
0.9071
0.9071
0.9071
0.9071
0.9071
0.9071
0.9071
0.9071
0.9071
0.9071
0.9071
0.9071
0.9071
0.9071
0.9071
0.9071
0.9071
0.9071
0.9071
0.9071
0.9071
0.9071
0.9071
0.9071
0.9071
0.9071
0.9071
0.9071
0.9071
0.9071
0.9071
0.9071
0.9071
0.9071
0.9071
0.9071
0.9071
0.9071
0.9071
0.9071
0.9071
0.9071
0.9071
0.9071
0.9071
0.9071
0.9071
0.9071
0.9071
0.9071
0.9071
0.9071
0.9071
0.9071
0.9071
0.9071
0.9071
0.9071
0.9071
0.9071
0.9071
0.9071
0.9071
0.9071
0.9071
0.9071
0.9071
0.9071
0.9071
0.9071
0.9071
0.9071
0.9071
0.9071
0.9071
0.9071
0.9071
0.9071
0.9071
0.9071
0.9071
0.9071
0.9071
0.9071
0.9071
0.9071
0.9071
0.9071
0.9071
0.9071
0.9071
0.9071
0.9071
0.9071
0.9071
0.9071
0.9071
0.9071
0.9071
0.9071
0.9071
0.9071
0.9071
0.9071
0.9071
0.9071
0.9071
0.9071
0.9071
0.9071
0.9071
0.9071
0.9071
0.9071
0.9071
0.9071
0.9071
0.9071
0.9071
0.9071
0.9071
0.9071
0.9071
0.9071
0.9071
0.9071
0.9071
0.9071
0.9071
0.9071
0.9071
0.9071
0.9071
0.9071
0.9071
0.9071
0.9071
0.9071
0.9071
0.9071
0.9071
0.9071
0.9071
0.9071
0.9071
0.9071
0.9071
0.9071
0.9071
0.9071
0.9071
0.9071
0.9071
0.9071
0.9071
0.9071
0.9071
0.9071
0.9071
0.9071
0.9071
0.9071
0.9071
0.9071
0.9071
0.9071
0.9071
0.9071
0.9071
0.9071
0.9071
0.9071
0.9071
0.9071
0.9071
0.9071
0.9071
0.9071
0.9071
0.9071
0.9071
0.9071
0.9071
0.9071
0.9071
0.9071
0.9071
0.9071
0.9071
0.9071
0.9071
0.9071
0.9071
0.9071
0.9071
0.9071
0.9071
0.9071
0.9071
0.9071
0.9071
0.9071
0.9071
0.9071
0.9071
0.9071
0.9071
0.9071
0.9071
0.9071
0.9071
0.9071
0.9071
0.9071
0.9071
0.9071
0.9071
0.9071
0.9071
0.9071
0.9071
0.9071
0.9071
0.9071
0.9071
0.9071
0.9071
0.9071
0.9071
0.9071
0.9071
0.9071
0.9071
0.9071
0.9071
0.9071
0.9071
0.9071
0.9071
0.9071
0.9071
0.9071
0.9071
0.9071
0.9071
0.9071
0.9071
0.9071
0.9071
0.9071
0.9071
0.9071
0.9071
0.9071
0.9071
0.9071
0.9071
0.9071
0.9071
0.9071
0.9071
0.9071
0.9071
0.9071
0.9071
0.9071
0.9071
0.9071
0.9071
0.9071
0.9071
0.9071
0.9071
0.9071
0.9071
0.9071
0.9071
0.9071
0.9071
0.9071
0.9071
0.9071
0.9071
0.9071
0.9071
0.9071
0.9071
0.9071
0.9071
0.9071
0.9071
0.9071
0.9071
0.9071
0.9071
0.9071
0.9071
0.9071
0.9071
0.9071
0.9071
0.9071
0.9071
0.9071
0.9071
0.9071
0.9071
0.9071
0.9071
0.9071
0.9071
0.9071
0.9071
0.9071
0.9071
0.9071
0.9071
0.9071
0.9071
0.9071
0.9071
0.9071
0.9071
0.9071
0.9071
0.9071
0.9071
0.9071
0.9071
0.9071
0.9071
0.9071
0.9071
0.9071
0.9071
0.9071
0.9071
0.9071
0.9071
0.9071
0.9071
0.9071
0.9071
0.9071
0.9071
0.9071
0.9071
0.9071
0.9071
0.9071
0.9071
0.9071
0.9071
0.9071
0.9071
0.9071
0.9071
0.9071
0.9071
0.9071
0.9071
0.9071
0.9071
0.9071
0.9071
0.9071
0.9071
0.9071
0.9071
0.9071
0.9071
0.9071
0.9071
0.9071
0.9071
0.9071
0.9071
0.9071
0.9071
0.9071
0.9071
0.9071
0.9071
0.9071
0.9071
0.9071
0.9071
0.9071
0.9071
0.9071
0.9071
0.9071
0.9071
0.9071
0.9071
0.9071
0.9071
0.9071
0.9071
0.9071
0.9071
0.9071
0.9071
0.9071
0.9071
0.9071
0.9071
0.9071
0.9071
0.9071
0.9071
0.9071
0.9071
0.9071
0.9071
0.9071
0.9071
0.9071
0.9071
0.9071
0.9071
0.9071
0.9071
0.9071
0.9071
0.9071
0.9071
0.9071
0.9071
0.9071
0.9071
0.9071
0.9071
0.9071
0.9071
0.9071
0.9071
0.9071
0.9071
0.9071
0.9071
0.9071
0.9071
0.9071
0.9071
0.9071
0.9071
0.9071
0.9071
0.9071
0.9071
0.9071
0.9071
0.9071
0.9071
0.9071
0.9071
0.9071
0.9071
0.9071
0.9071
0.9071
0.9071
0.9071
0.9071
0.9071
0.9071
0.9071
0.9071
0.9071
0.9071
0.9071
0.9071
0.9071
0.9071
0.9071
0.9071
0.9071
0.9071
0.9071
0.9071
0.9071
0.9071
0.9071
0.9071
0.9071
0.9071
0.9071
0.9071
0.9071
0.9071
0.9071
0.9071
0.9071
0.9071
0.9071
0.9071
0.9071
0.9071
0.9071
0.9071
0.9071
0.9071
0.9071
0.9071
0.9071
0.9071
0.9071
0.9071
0.9071
0.9071
0.9071
0.9071
0.9071
0.9071
0.9071
0.9071
0.9071
0.9071
0.9071
0.9071
0.9071
0.9071
0.9071
0.9071
0.9071
0.9071
0.9071
0.9071
0.9071
0.9071
0.9071
0.9071
0.9071
0.9071
0.9071
0.9071
0.9071
0.9071
0.9071
0.9071
0.9071
0.9071
0.9071
0.9071
0.9071
0.9071
0.9071
0.9071
0.9071
0.9071
0.9071
0.9071
0.9071
0.9071
0.9071
0.9071
0.9071
0.9071
0.9071
0.9071
0.9071
0.9071
0.9071
0.9071
0.9071
0.9071
0.9071
0.9071
0.9071
0.9071
0.9071
0.9071
0.9071
0.9071
0.9071
0.9071
0.9071
0.9071
0.9071
0.9071
0.9071
0.9071
0.9071
0.9071
0.9071
0.9071
0.9071
0.9071
0.9071
0.9071
0.9071
0.9071
0.9071
0.9071
0.9071
0.9071
0.9071
0.9071
0.9071
0.9071
0.9071
0.9071
0.9071
0.9071
0.9071
0.9071
0.9071
0.9071
0.9071
0.9071
0.9071
0.9071
0.9071
0.9071
0.9071
0.9071
0.9071
0.9071
0.9071
0.9071
0.9071
0.9071
0.9071
0.9071
0.9071
0.9071
0.9071
0.9071
0.9071
0.9071
0.9071
0.9071
0.9071
0.9071
0.9071
0.9071
0.9071
0.9071
0.9071
0.9071
0.9071
0.9071
0.9071
0.9071
0.9071
0.9071
0.9071
0.9071
0.9071
0.9071
0.9071
0.9071
0.9071
0.9071
0.9071
0.9071
0.9071
0.9071
0.9071
0.9071
0.9071
0.9071
0.9071
0.9071
0.9071
0.9071
0.9071
0.9071
0.9071
0.9071
0.9071
0.9071
0.9071
0.9071
0.9071
0.9071
0.9071
0.9071
0.9071
0.9071
0.9071
0.9071
0.9071
0.9071
0.9071
0.9071
0.9071
0.9071
0.9071
0.9071
0.9071
0.9071
0.9071
0.9071
0.9071
0.9071
0.9071
0.9071
0.9071
0.9071
0.9071
0.9071
0.9071
0.9071
0.9071
0.9071
0.9071
0.9071
0.9071
0.9071
0.9071
0.9071
0.9071
0.9071
0.9071
0.9071
0.9071
0.9071
0.9071
0.9071
0.9071
0.9071
0.9071
0.9071
0.9071
0.9071
0.9071
0.9071
0.9071
0.9071
0.9071
0.9071
0.9071
0.9071
0.9071
0.9071
0.9071
0.9071
0.9071
0.9071
0.9071
0.9071
0.9071
0.9071
0.9071
0.9071
0.9071
0.9071
0.9071
0.9071
0.9071
0.9071
0.9071
0.9071
0.9071
0.9071
0.9071
0.9071
0.9071
0.9071
0.9071
0.9071
0.9071
0.9071
0.9071
0.9071
0.9071
0.9071
0.9071
0.9071
0.9071
0.9071
0.9071
0.9071
0.9071
0.9071
0.9071
0.9071
0.9071
0.9071
0.9071
0.9071
0.9071
0.9071
0.9071
0.9071
0.9071
0.9071
0.9071
0.9071
0.9071
0.9071
0.9071
0.9071
0.9071
0.9071
0.9071
0.9071
0.9071
0.9071
0.9071
0.9071
0.9071
0.9071
0.9071
0.9071
0.9071
0.9071
0.9071
0.9071
0.9071
0.9071
0.9071
0.9071
0.9071
0.9071
0.9071
0.9071
0.9071
0.9071
0.9071
0.9071
0.9071
0.9071
0.9071
0.9071
0.9071
0.9071
0.9071
0.9071
0.9071
0.9071
0.9071
0.9071
0.9071
0.9071
0.9071
0.9071
0.9071
0.9071
0.9071
0.9071
0.9071
0.9071
0.9071
0.9071
0.9071
0.9071
0.9071
0.9071
0.9071
0.9071
0.9071
0.9071
0.9071
0.9071
0.9071
0.9071
0.9071
0.9071
0.9071
0.9071
0.9071
0.9071
0.9071
0.9071
0.9071
0.9071
0.9071
0.9071
0.9071
0.9071
0.9071
0.9071
0.9071
0.9071
0.9071
0.9071
0.9071
0.9071
0.9071
0.9071
0.9071
0.9071
0.9071
0.9071
0.9071
0.9071
0.9071
0.9071
0.9071
0.9071
0.9071
0.9071
0.9071
0.9071
0.9071
0.9071
0.9071
0.9071
0.9071
0.9071
0.9071
0.9071
0.9071
0.9071
0.9071
0.9071
0.9071
0.9071
0.9071
0.9071
0.9071
0.9071
0.9071
0.9071
0.9071
0.9071
0.9071
0.9071
0.9071
0.9071
0.9071
0.9071
0.9071
0.9071
0.9071
0.9071
0.9071
0.9071
0.9071
0.9071
0.9071
0.9071
0.9071
0.9071
0.9071
0.9071
0.9071
0.9071
0.9071
0.9071
0.9071
0.9071
0.9071
0.9071
0.9071
0.9071
0.9071
0.9071
0.9071
0.9071
0.9071
0.9071
0.9071
0.9071
0.9071
0.9071
0.9071
0.9071
0.9071
0.9071
0.9071
0.9071
0.9071
0.9071
0.9071
0.9071
0.9071
0.9071
0.9071
0.9071
0.9071
0.9071
0.9071
0.9071
0.9071
0.9071
0.9071
0.9071
0.9071
0.9071
0.9071
0.9071
0.9071
0.9071
0.9071
0.9071
0.9071
0.9071
0.9071
0.9071
0.9071
0.9071
0.9071
0.9071
0.9071
0.9071
0.9071
0.9071
0.9071
0.9071
0.9071
0.9071
0.9071
0.9071
0.9071
0.9071
0.9071
0.9071
0.9071
0.9071
0.9071
0.9071
0.9071
0.9071
0.9071
0.9071
0.9071
0.9071
0.9071
0.9071
0.9071
0.9071
0.9071
0.9071
0.9071
0.9071
0.9071
0.9071
0.9071
0.9071
0.9071
0.9071
0.9071
0.9071
0.9071
0.9071
0.9071
0.9071
0.9071
0.9071
0.9071
0.9071
0.9071
0.9071
0.9071
0.9071
0.9071
0.9071
0.9071
0.9071
0.9071
0.9071
0.9071
0.9071
0.9071
0.9071
0.9071
0.9071
0.9071
0.9071
0.9071
0.9071
0.9071
0.9071
0.9071
0.9071
0.9071
0.9071
0.9071
0.9071
0.9071
0.9071
0.9071
0.9071
0.9071
0.9071
0.9071
0.9071
0.9071
0.9071
0.9071
0.9071
0.9071
0.9071
0.9071
0.9071
0.9071
0.9071
0.9071
0.9071
0.9071
0.9071
0.9071
0.9071
0.9071
0.9071
0.9071
0.9071
0.9071
0.9071
0.9071
0.9071
0.9071
0.9071
0.9071
0.9071
0.9071
0.9071
0.9071
0.9071
0.9071
0.9071
0.9071
0.9071
0.9071
0.9071
0.9071
0.9071
0.9071
0.9071
0.9071
0.9071
0.9071
0.9071
0.9071
0.9071
0.9071
0.9071
0.9071
0.9071
0.9071
0.9071
0.9071
0.9071
0.9071
0.9071
0.9071
0.9071
0.9071
0.9071
0.9071
0.9071
0.9071
0.9071
0.9071
0.9071
0.9071
0.9071
0.9071
0.9071
0.9071
0.9071
0.9071
0.9071
0.9071
0.9071
0.9071
0.9071
0.9071
0.9071
0.9071
0.9071
0.9071
0.9071
0.9071
0.9071
0.9071
0.9071
0.9071
0.9071
0.9071
0.9071
0.9071
0.9071
0.9071
0.9071
0.9071
0.9071
0.9071
0.9071
0.9071
0.9071
0.9071
0.9071
0.9071
0.9071
0.9071
0.9071
0.9071
0.9071
0.9071
0.9071
0.9071
0.9071
0.9071
0.9071
0.9071
0.9071
0.9071
0.9071
0.9071
0.9071
0.9071
0.9071
0.9071
0.9071
0.9071
0.9071
0.9071
0.9071
0.9071
0.9071
0.9071
0.9071
0.9071
0.9071
0.9071
0.9071
0.9071
0.9071
0.9071
0.9071
0.9071
0.9071
0.9071
0.9071
0.9071
0.9071
0.9071
0.9071
0.9071
0.9071
0.9071
0.9071
0.9071
0.9071
0.9071
0.9071
0.9071
0.9071
0.9071
0.9071
0.9071
0.9071
0.9071
0.9071
0.9071
0.9071
0.9071
0.9071
0.9071
0.9071
0.9071
0.9071
0.9071
0.9071
0.9071
0.9071
0.9071
0.9071
0.9071
0.9071
0.9071
0.9071
0.9071
0.9071
0.9071
0.9071
0.9071
0.9071
0.9071
0.9071
0.9071
0.9071
0.9071
0.9071
0.9071
0.9071
0.9071
0.9071
0.9071
0.9071
0.9071
0.9071
0.9071
0.9071
0.9071
0.9071
0.9071
0.9071
0.9071
0.9071
0.9071
0.9071
0.9071
0.9071
0.9071
0.9071
0.9071
0.9071
0.9071
0.9071
0.9071
0.9071
0.9071
0.9071
0.9071
0.9071
0.9071
0.9071
0.9071
0.9071
0.9071
0.9071
0.9071
0.9071
0.9071
0.9071
0.9071
0.9071
0.9071
0.9071
0.9071
0.9071
0.9071
0.9071
0.9071
0.9071
0.9071
0.9071
0.9071
0.9071
0.9071
0.9071
0.9071
0.9071
0.9071
0.9071
0.9071
0.9071
0.9071
0.9071
0.9071
0.9071
0.9071
0.9071
0.9071
0.9071
0.9071
0.9071
0.9071
0.9071
0.9071
0.9071
0.9071
0.9071
0.9071
0.9071
0.9071
0.9071
0.9071
0.9071
0.9071
0.9071
0.9071
0.9071
0.9071
0.9071
0.9071
0.9071
0.9071
0.9071
0.9071
0.9071
0.9071
0.9071
0.9071
0.9071
0.9071
0.9071
0.9071
0.9071
0.9071
0.9071
0.9071
0.9071
0.9071
0.9071
0.9071
0.9071
0.9071
0.9071
0.9071
0.9071
0.9071
0.9071
0.9071
0.9071
0.9071
0.9071
0.9071
0.9071
0.9071
0.9071
0.9071
0.9071
0.9071
0.9071
0.9071
0.9071
0.9071
0.9071
0.9071
0.9071
0.9071
0.9071
0.9071
0.9071
0.9071
0.9071
0.9071
0.9071
0.9071
0.9071
0.9071
0.9071
0.9071
0.9071
0.9071
0.9071
0.9071
0.9071
0.9071
0.9071
0.9071
0.9071
0.9071
0.9071
0.9071
0.9071
0.9071
0.9071
0.9071
0.9071
0.9071
0.9071
0.9071
0.9071
0.9071
0.9071
0.9071
0.9071
0.9071
0.9071
0.9071
0.9071
0.9071
0.9071
0.9071
0.9071
0.9071
0.9071
0.9071
0.9071
0.9071
0.9071
0.9071
0.9071
0.9071
0.9071
0.9071
0.9071
0.9071
0.9071
0.9071
0.9071
0.9071
0.9071
0.9071
0.9071
0.9071
0.9071
0.9071
0.9071
0.9071
0.9071
0.9071
0.9071
0.9071
0.9071
0.9071
0.9071
0.9071
0.9071
0.9071
0.9071
0.9071
0.9071
0.9071
0.9071
0.9071
0.9071
0.9071
0.9071
0.9071
0.9071
0.9071
0.9071
0.9071
0.9071
0.9071
0.9071
0.9071
0.9071
0.9071
0.9071
0.9071
0.9071
0.9071
0.9071
0.9071
0.9071
0.9071
0.9071
0.9071
0.9071
0.9071
0.9071
0.9071
0.9071
0.9071
0.9071
0.9071
0.9071
0.9071
0.9071
0.9071
0.9071
0.9071
0.9071
0.9071
0.9071
0.9071
0.9071
0.9071
0.9071
0.9071
0.9071
0.9071
0.9071
0.9071
0.9071
0.9071
0.9071
0.9071
0.9071
0.9071
0.9071
0.9071
0.9071
0.9071
0.9071
0.9071
0.9071
0.9071
0.9071
0.9071
0.9071
0.9071
0.9071
0.9071
0.9071
0.9071
0.9071
0.9071
0.9071
0.9071
0.9071
0.9071
0.9071
0.9071
0.9071
0.9071
0.9071
0.9071
0.9071
0.9071
0.9071
0.9071
0.9071
0.9071
0.9071
0.9071
0.9071
0.9071
0.9071
0.9071
0.9071
0.9071
0.9071
0.9071
0.9071
0.9071
0.9071
0.9071
0.9071
0.9071
0.9071
0.9071
0.9071
0.9071
0.9071
0.9071
0.9071
0.9071
0.9071
0.9071
0.9071
0.9071
0.9071
0.9071
0.9071
0.9071
0.9071
0.9071
0.9071
0.9071
0.9071
0.9071
0.9071
0.9071
0.9071
0.9071
0.9071
0.9071
0.9071
0.9071
0.9071
0.9071
0.9071
0.9071
0.9071
0.9071
0.9071
0.9071
0.9071
0.9071
0.9071
0.9071
0.9071
0.9071
0.9071
0.9071
0.9071
0.9071
0.9071
0.9071
0.9071
0.9071
0.9071
0.9071
0.9071
0.9071
0.9071
0.9071
0.9071
0.9071
0.9071
0.9071
0.9071
0.9071
0.9071
0.9071
0.9071
0.9071
0.9071
0.9071
0.9071
0.9071
0.9071
0.9071
0.9071
0.9071
0.9071
0.9071
0.9071
0.9071
0.9071
0.9071
0.9071
0.9071
0.9071
0.9071
0.9071
0.9071
0.9071
0.9071
0.9071
0.9071
0.9071
0.9071
0.9071
0.9071
0.9071
0.9071
0.9071
0.9071
0.9071
0.9071
0.9071
0.9071
0.9071
0.9071
0.9071
0.9071
0.9071
0.9071
0.9071
0.9071
0.9071
0.9071
0.9071
0.9071
0.9071
0.9071
0.9071
0.9071
0.9071
0.9071
0.9071
0.9071
0.9071
0.9071
0.9071
0.9071
0.9071
0.9071
0.9071
0.9071
0.9071
0.9071
0.9071
0.9071
0.9071
0.9071
0.9071
0.9071
0.9071
0.9071
0.9071
0.9071
0.9071
0.9071
0.9071
0.9071
0.9071
0.9071
0.9071
0.9071
0.9071
0.9071
0.9071
0.9071
0.9071
0.9071
0.9071
0.9071
0.9071
0.9071
0.9071
0.9071
0.9071
0.9071
0.9071
0.9071
0.9071
0.9071
0.9071
0.9071
0.9071
0.9071
0.9071
0.9071
0.9071
0.9071
0.9071
0.9071
0.9071
0.9071
0.9071
0.9071
0.9071
0.9071
0.9071
0.9071
0.9071
0.9071
0.9071
0.9071
0.9071
0.9071
0.9071
0.9071
0.9071
0.9071
0.9071
0.9071
0.9071
0.9071
0.9071
0.9071
0.9071
0.9071
0.9071
0.9071
0.9071
0.9071
0.9071
0.9071
0.9071
0.9071
0.9071
0.9071
0.9071
0.9071
0.9071
0.9071
0.9071
0.9071
0.9071
0.9071
0.9071
0.9071
0.9071
0.9071
0.9071
0.9071
0.9071
0.9071
0.9071
0.9071
0.9071
0.9071
0.9071
0.9071
0.9071
0.9071
0.9071
0.9071
0.9071
0.9071
0.9071
0.9071
0.9071
0.9071
0.9071
0.9071
0.9071
0.9071
0.9071
0.9071
0.9071
0.9071
0.9071
0.9071
0.9071
0.9071
0.9071
0.9071
0.9071
0.9071
0.9071
0.9071
0.9071
0.9071
0.9071
0.9071
0.9071
0.9071
0.9071
0.9071
0.9071
0.9071
0.9071
0.9071
0.9071
0.9071
0.9071
0.9071
0.9071
0.9071
0.9071
0.9071
0.9071
0.9071
0.9071
0.9071
0.9071
0.9071
0.9071
0.9071
0.9071
0.9071
0.9071
0.9071
0.9071
0.9071
0.9071
0.9071
0.9071
0.9071
0.9071
0.9071
0.9071
0.9071
0.9071
0.9071
0.9071
0.9071
0.9071
0.9071
0.9071
0.9071
0.9071
0.9071
0.9071
0.9071
0.9071
0.9071
0.9071
0.9071
0.9071
0.9071
0.9071
0.9071
0.9071
0.9071
0.9071
0.9071
0.9071
0.9071
0.9071
0.9071
0.9071
0.9071
0.9071
0.9071
0.9071
0.9071
0.9071
0.9071
0.9071
0.9071
0.9071
0.9071
0.9071
0.9071
0.9071
0.9071
0.9071
0.9071
0.9071
0.9071
0.9071
0.9071
0.9071
0.9071
0.9071
0.9071
0.9071
0.9071
0.9071
0.9071
0.9071
0.9071
0.9071
0.9071
0.9071
0.9071
0.9071
0.9071
0.9071
0.9071
0.9071
0.9071
0.9071
0.9071
0.9071
0.9071
0.9071
0.9071
0.9071
0.9071
0.9071
0.9071
0.9071
0.9071
0.9071
0.9071
0.9071
0.9071
0.9071
0.9071
0.9071
0.9071
0.9071
0.9071
0.9071
0.9071
0.9071
0.9071
0.9071
0.9071
0.9071
0.9071
0.9071
0.9071
0.9071
0.9071
0.9071
0.9071
0.9071
0.9071
0.9071
0.9071
0.9071
0.9071
0.9071
0.9071
0.9071
0.9071
0.9071
0.9071
0.9071
0.9071
0.9071
0.9071
0.9071
0.9071
0.9071
0.9071
0.9071
0.9071
0.9071
0.9071
0.9071
0.9071
0.9071
0.9071
0.9071
0.9071
0.9071
0.9071
0.9071
0.9071
0.9071
0.9071
0.9071
0.9071
0.9071
0.9071
0.9071
0.9071
0.9071
0.9071
0.9071
0.9071
0.9071
0.9071
0.9071
0.9071
0.9071
0.9071
0.9071
0.9071
0.9071
0.9071
0.9071
0.9071
0.9071
0.9071
0.9071
0.9071
0.9071
0.9071
0.9071
0.9071
0.9071
0.9071
0.9071
0.9071
0.9071
0.9071
0.9071
0.9071
0.9071
0.9071
0.9071
0.9071
0.9071
0.9071
0.9071
0.9071
0.9071
0.9071
0.9071
0.9071
0.9071
0.9071
0.9071
0.9071
0.9071
0.9071
0.9071
0.9071
0.9071
0.9071
0.9071
0.9071
0.9071
0.9071
0.9071
0.9071
0.9071
0.9071
0.9071
0.9071
0.9071
0.9071
0.9071
0.9071
0.9071
0.9071
0.9071
0.9071
0.9071
0.9071
0.9071
0.9071
0.9071
0.9071
0.9071
0.9071
0.9071
0.9071
0.9071
0.9071
0.9071
0.9071
0.9071
0.9071
0.9071
0.9071
0.9071
0.9071
0.9071
0.9071
0.9071
0.9071
0.9071
0.9071
0.9071
0.9071
0.9071
0.9071
0.9071
0.9071
0.9071
0.9071
0.9071
0.9071
0.9071
0.9071
0.9071
0.9071
0.9071
0.9071
0.9071
0.9071
0.9071
0.9071
0.9071
0.9071
0.9071
0.9071
0.9071
0.9071
0.9071
0.9071
0.9071
0.9071
0.9071
0.9071
0.9071
0.9071
0.9071
0.9071
0.9071
0.9071
0.9071
0.9071
0.9071
0.9071
0.9071
0.9071
0.9071
0.9071
0.9071
0.9071
0.9071
0.9071
0.9071
0.9071
0.9071
0.9071
0.9071
0.9071
0.9071
0.9071
0.9071
0.9071
0.9071
0.9071
0.9071
0.9071
0.9071
0.9071
0.9071
0.9071
0.9071
0.9071
0.9071
0.9071
0.9071
0.9071
0.9071
0.9071
0.9071
0.9071
0.9071
0.9071
0.9071
0.9071
0.9071
0.9071
0.9071
0.9071
0.9071
0.9071
0.9071
0.9071
0.9071
0.9071
0.9071
0.9071
0.9071
0.9071
0.9071
0.9071
0.9071
0.9071
0.9071
0.9071
0.9071
0.9071
0.9071
0.9071
0.9071
0.9071
0.9071
0.9071
0.9071
0.9071
0.9071
0.9071
0.9071
0.9071
0.9071
0.9071
0.9071
0.9071
0.9071
0.9071
0.9071
0.9071
0.9071
0.9071
0.9071
0.9071
0.9071
0.9071
0.9071
0.9071
0.9071
0.9071
0.9071
0.9071
0.9071
0.9071
0.9071
0.9071
0.9071
0.9071
0.9071
0.9071
0.9071
0.9071
0.9071
0.9071
0.9071
0.9071
0.9071
0.9071
0.9071
0.9071
0.9071
0.9071
0.9071
0.9071
0.9071
0.9071
0.9071
0.9071
0.9071
0.9071
0.9071
0.9071
0.9071
0.9071
0.9071
0.9071
0.9071
0.9071
0.9071
0.9071
0.9071
0.9071
0.9071
0.9071
0.9071
0.9071
0.9071
0.9071
0.9071
0.9071
0.9071
0.9071
0.9071
0.9071
0.9071
0.9071
0.9071
0.9071
0.9071
0.9071
0.9071
0.9071
0.9071
0.9071
0.9071
0.9071
0.9071
0.9071
0.9071
0.9071
0.9071
0.9071
0.9071
0.9071
0.9071
0.9071
0.9071
0.9071
0.9071
0.9071
0.9071
0.9071
0.9071
0.9071
0.9071
0.9071
0.9071
0.9071
0.9071
0.9071
0.9071
0.9071
0.9071
0.9071
0.9071
0.9071
0.9071
0.9071
0.9071
0.9071
0.9071
0.9071
0.9071
0.9071
0.9071
0.9071
0.9071
0.9071
0.9071
0.9071
0.9071
0.9071
0.9071
0.9071
0.9071
0.9071
0.9071
0.9071
0.9071
0.9071
0.9071
0.9071
0.9071
0.9071
0.9071
0.9071
0.9071
0.9071
0.9071
0.9071
0.9071
0.9071
0.9071
0.9071
0.9071
0.9071
0.9071
0.9071
0.9071
0.9071
0.9071
0.9071
0.9071
0.9071
0.9071
0.9071
0.9071
0.9071
0.9071
0.9071
0.9071
0.9071
0.9071
0.9071
0.9071
0.9071
0.9071
0.9071
0.9071
0.9071
0.9071
0.9071
0.9071
0.9071
0.9071
0.9071
0.9071
0.9071
0.9071
0.9071
0.9071
0.9071
0.9071
0.9071
0.9071
0.9071
0.9071
0.9071
0.9071
0.9071
0.9071
0.9071
0.9071
0.9071
0.9071
0.9071
0.9071
0.9071
0.9071
0.9071
0.9071
0.9071
0.9071
0.9071
0.9071
0.9071
0.9071
0.9071
0.9071
0.9071
0.9071
0.9071
0.9071
0.9071
0.9071
0.9071
0.9071
0.9071
0.9071
0.9071
0.9071
0.9071
0.9071
0.9071
0.9071
0.9071
0.9071
0.9071
0.9071
0.9071
0.9071
0.9071
0.9071
0.9071
0.9071
0.9071
0.9071
0.9071
0.9071
0.9071
0.9071
0.9071
0.9071
0.9071
0.9071
0.9071
0.9071
0.9071
0.9071
0.9071
0.9071
0.9071
0.9071
0.9071
0.9071
0.9071
0.9071
0.9071
0.9071
0.9071
0.9071
0.9071
0.9071
0.9071
0.9071
0.9071
0.9071
0.9071
0.9071
0.9071
0.9071
0.9071
0.9071
0.9071
0.9071
0.9071
0.9071
0.9071
0.9071
0.9071
0.9071
0.9071
0.9071
0.9071
0.9071
0.9071
0.9071
0.9071
0.9071
0.9071
0.9071
0.9071
0.9071
0.9071
0.9071
0.9071
0.9071
0.9071
0.9071
0.9071
0.9071
0.9071
0.9071
0.9071
0.9071
0.9071
0.9071
0.9071
0.9071
0.9071
0.9071
0.9071
0.9071
0.9071
0.9071
0.9071
0.9071
0.9071
0.9071
0.9071
0.9071
0.9071
0.9071
0.9071
0.9071
0.9071
0.9071
0.9071
0.9071
0.9071
0.9071
0.9071
0.9071
0.9071
0.9071
0.9071
0.9071
0.9071
0.9071
0.9071
0.9071
0.9071
0.9071
0.9071
0.9071
0.9071
0.9071
0.9071
0.9071
0.9071
0.9071
0.9071
0.9071
0.9071
0.9071
0.9071
0.9071
0.9071
0.9071
0.9071
0.9071
0.9071
0.9071
0.9071
0.9071
0.9071
0.9071
0.9071
0.9071
0.9071
0.9071
0.9071
0.9071
0.9071
0.9071
0.9071
0.9071
0.9071
0.9071
0.9071
0.9071
0.9071
0.9071
0.9071
0.9071
0.9071
0.9071
0.9071
0.9071
0.9071
0.9071
0.9071
0.9071
0.9071
0.9071
0.9071
0.9071
0.9071
0.9071
0.9071
0.9071
0.9071
0.9071
0.9071
0.9071
0.9071
0.9071
0.9071
0.9071
0.9071
0.9071
0.9071
0.9071
0.9071
0.9071
0.9071
0.9071
0.9071
0.9071
0.9071
0.9071
0.9071
0.9071
0.9071
0.9071
0.9071
0.9071
0.9071
0.9071
0.9071
0.9071
0.9071
0.9071
0.9071
0.9071
0.9071
0.9071
0.9071
0.9071
0.9071
0.9071
0.9071
0.9071
0.9071
0.9071
0.9071
0.9071
0.9071
0.9071
0.9071
0.9071
0.9071
0.9071
0.9071
0.9071
0.9071
0.9071
0.9071
0.9071
0.9071
0.9071
0.9071
0.9071
0.9071
0.9071
0.9071
0.9071
0.9071
0.9071
0.9071
0.9071
0.9071
0.9071
0.9071
0.9071
0.9071
0.9071
0.9071
0.9071
0.9071
0.9071
0.9071
0.9071
0.9071
0.9071
0.9071
0.9071
0.9071
0.9071
0.9071
0.9071
0.9071
0.9071
0.9071
0.9071
0.9071
0.9071
0.9071
0.9071
0.9071
0.9071
0.9071
0.9071
0.9071
0.9071
0.9071
0.9071
0.9071
0.9071
0.9071
0.9071
0.9071
0.9071
0.9071
0.9071
0.9071
0.9071
0.9071
0.9071
0.9071
0.9071
0.9071
0.9071
0.9071
0.9071
0.9071
0.9071
0.9071
0.9071
0.9071
0.9071
0.9071
0.9071
0.9071
0.9071
0.9071
0.9071
0.9071
0.9071
0.9071
0.9071
0.9071
0.9071
0.9071
0.9071
0.9071
0.9071
0.9071
0.9071
0.9071
0.9071
0.9071
0.9071
0.9071
0.9071
0.9071
0.9071
0.9071
0.9071
0.9071
0.9071
0.9071
0.9071
0.9071
0.9071
0.9071
0.9071
0.9071
0.9071
0.9071
0.9071
0.9071
0.9071
0.9071
0.9071
0.9071
0.9071
0.9071
0.9071
0.9071
0.9071
0.9071
0.9071
0.9071
0.9071
0.9071
0.9071
0.9071
0.9071
0.9071
0.9071
0.9071
0.9071
0.9071
0.9071
0.9071
0.9071
0.9071
0.9071
0.9071
0.9071
0.9071
0.9071
0.9071
0.9071
0.9071
0.9071
0.9071
0.9071
0.9071
0.9071
0.9071
0.9071
0.9071
0.9071
0.9071
0.9071
0.9071
0.9071
0.9071
0.9071
0.9071
0.9071
0.9071
0.9071
0.9071
0.9071
0.9071
0.9071
0.9071
0.9071
0.9071
0.9071
0.9071
0.9071
0.9071
0.9071
0.9071
0.9071
0.9071
0.9071
0.9071
0.9071
0.9071
0.9071
0.9071
0.9071
0.9071
0.9071
0.9071
0.9071
0.9071
0.9071
0.9071
0.9071
0.9071
0.9071
0.9071
0.9071
0.9071
0.9071
0.9071
0.9071
0.9071
0.9071
0.9071
0.9071
0.9071
0.9071
0.9071
0.9071
0.9071
0.9071
0.9071
0.9071
0.9071
0.9071
0.9071
0.9071
0.9071
0.9071
0.9071
0.9071
0.9071
0.9071
0.9071
0.9071
0.9071
0.9071
0.9071
0.9071
0.9071
0.9071
0.9071
0.9071
0.9071
0.9071
0.9071
0.9071
0.9071
0.9071
0.9071
0.9071
0.9071
0.9071
0.9071
0.9071
0.9071
0.9071
0.9071
0.9071
0.9071
0.9071
0.9071
0.9071
0.9071
0.9071
0.9071
0.9071
0.9071
0.9071
0.9071
0.9071
0.9071
0.9071
0.9071
0.9071
0.9071
0.9071
0.9071
0.9071
0.9071
0.9071
0.9071
0.9071
0.9071
0.9071
0.9071
0.9071
0.9071
0.9071
0.9071
0.9071
0.9071
0.9071
0.9071
0.9071
0.9071
0.9071
0.9071
0.9071
0.9071
0.9071
0.9071
0.9071
0.9071
0.9071
0.9071
0.9071
0.9071
0.9071
0.9071
0.9071
0.9071
0.9071
0.9071
0.9071
0.9071
0.9071
0.9071
0.9071
0.9071
0.9071
0.9071
0.9071
0.9071
0.9071
0.9071
0.9071
0.9071
0.9071
0.9071
0.9071
0.9071
0.9071
0.9071
0.9071
0.9071
0.9071
0.9071
0.9071
0.9071
0.9071
0.9071
0.9071
0.9071
0.9071
0.9071
0.9071
0.9071
0.9071
0.9071
0.9071
0.9071
0.9071
0.9071
0.9071
0.9071
0.9071
0.9071
0.9071
0.9071
0.9071
0.9071
0.9071
0.9071
0.9071
0.9071
0.9071
0.9071
0.9071
0.9071
0.9071
0.9071
0.9071
0.9071
0.9071
0.9071
0.9071
0.9071
0.9071
0.9071
0.9071
0.9071
0.9071
0.9071
0.9071
0.9071
0.9071
0.9071
0.9071
0.9071
0.9071
0.9071
0.9071
0.9071
0.9071
0.9071
0.9071
0.9071
0.9071
0.9071
0.9071
0.9071
0.9071
0.9071
0.9071
0.9071
0.9071
0.9071
0.9071
0.9071
0.9071
0.9071
0.9071
0.9071
0.9071
0.9071
0.9071
0.9071
0.9071
0.9071
0.9071
0.9071
0.9071
0.9071
0.9071
0.9071
0.9071
0.9071
0.9071
0.9071
0.9071
0.9071
0.9071
0.9071
0.9071
0.9071
0.9071
0.9071
0.9071
0.9071
0.9071
0.9071
0.9071
0.9071
0.9071
0.9071
0.9071
0.9071
0.9071
0.9071
0.9071
0.9071
0.9071
0.9071
0.9071
0.9071
0.9071
0.9071
0.9071
0.9071
0.9071
0.9071
0.9071
0.9071
0.9071
0.9071
0.9071
0.9071
0.9071
0.9071
0.9071
0.9071
0.9071
0.9071
0.9071
0.9071
0.9071
0.9071
0.9071
0.9071
0.9071
0.9071
0.9071
0.9071
0.9071
0.9071
0.9071
0.9071
0.9071
0.9071
0.9071
0.9071
0.9071
0.9071
0.9071
0.9071
0.9071
0.9071
0.9071
0.9071
0.9071
0.9071
0.9071
0.9071
0.9071
0.9071
0.9071
0.9071
0.9071
0.9071
0.9071
0.9071
0.9071
0.9071
0.9071
0.9071
0.9071
0.9071
0.9071
0.9071
0.9071
0.9071
0.9071
0.9071
0.9071
0.9071
0.9071
0.9071
0.9071
0.9071
0.9071
0.9071
0.9071
0.9071
0.9071
0.9071
0.9071
0.9071
0.9071
0.9071
0.9071
0.9071
0.9071
0.9071
0.9071
0.9071
0.9071
0.9071
0.9071
0.9071
0.9071
0.9071
0.9071
0.9071
0.9071
0.9071
0.9071
0.9071
0.9071
0.9071
0.9071
0.9071
0.9071
0.9071
0.9071
0.9071
0.9071
0.9071
0.9071
0.9071
0.9071
0.9071
0.9071
0.9071
0.9071
0.9071
0.9071
0.9071
0.9071
0.9071
0.9071
0.9071
0.9071
0.9071
0.9071
0.9071
0.9071
0.9071
0.9071
0.9071
0.9071
0.9071
0.9071
0.9071
0.9071
0.9071
0.9071
0.9071
0.9071
0.9071
0.9071
0.9071
0.9071
0.9071
0.9071
0.9071
0.9071
0.9071
0.9071
0.9071
0.9071
0.9071
0.9071
0.9071
0.9071
0.9071
0.9071
0.9071
0.9071
0.9071
0.9071
0.9071
0.9071
0.9071
0.9071
0.9071
0.9071
0.9071
0.9071
0.9071
0.9071
0.9071
0.9071
0.9071
0.9071
0.9071
0.9071
0.9071
0.9071
0.9071
0.9071
0.9071
0.9071
0.9071
0.9071
0.9071
0.9071
0.9071
0.9071
0.9071
0.9071
0.9071
0.9071
0.9071
0.9071
0.9071
0.9071
0.9071
0.9071
0.9071
0.9071
0.9071
0.9071
0.9071
0.9071
0.9071
0.9071
0.9071
0.9071
0.9071
0.9071
0.9071
0.9071
0.9071
0.9071
0.9071
0.9071
0.9071
0.9071
0.9071
0.9071
0.9071
0.9071
0.9071
0.9071
0.9071
0.9071
0.9071
0.9071
0.9071
0.9071
0.9071
0.9071
0.9071
0.9071
0.9071
0.9071
0.9071
0.9071
0.9071
0.9071
0.9071
0.9071
0.9071
0.9071
0.9071
0.9071
0.9071
0.9071
0.9071
0.9071
0.9071
0.9071
0.9071
0.9071
0.9071
0.9071
0.9071
0.9071
0.9071
0.9071
0.9071
0.9071
0.9071
0.9071
0.9071
0.9071
0.9071
0.9071
0.9071
0.9071
0.9071
0.9071
0.9071
0.9071
0.9071
0.9071
0.9071
0.9071
0.9071
0.9071
0.9071
0.9071
0.9071
0.9071
0.9071
0.9071
0.9071
0.9071
0.9071
0.9071
0.9071
0.9071
0.9071
0.9071
0.9071
0.9071
0.9071
0.9071
0.9071
0.9071
0.9071
0.9071
0.9071
0.9071
0.9071
0.9071
0.9071
0.9071
0.9071
0.9071
0.9071
0.9071
0.9071
0.9071
0.9071
0.9071
0.9071
0.9071
0.9071
0.9071
0.9071
0.9071
0.9071
0.9071
0.9071
0.9071
0.9071
0.9071
0.9071
0.9071
0.9071
0.9071
0.9071
0.9071
0.9071
0.9071
0.9071
0.9071
0.9071
0.9071
0.9071
0.9071
0.9071
0.9071
0.9071
0.9071
0.9071
0.9071
0.9071
0.9071
0.9071
0.9071
0.9071
0.9071
0.9071
0.9071
0.9071
0.9071
0.9071
0.9071
0.9071
0.9071
0.9071
0.9071
0.9071
0.9071
0.9071
0.9071
0.9071
0.9071
0.9071
0.9071
0.9071
0.9071
0.9071
0.9071
0.9071
0.9071
0.9071
0.9071
0.9071
0.9071
0.9071
0.9071
0.9071
0.9071
0.9071
0.9071
0.9071
0.9071
0.9071
0.9071
0.9071
0.9071
0.9071
0.9071
0.9071
0.9071
0.9071
0.9071
0.9071
0.9071
0.9071
0.9071
0.9071
0.9071
0.9071
0.9071
0.9071
0.9071
0.9071
0.9071
0.9071
0.9071
0.9071
0.9071
0.9071
0.9071
0.9071
0.9071
0.9071
0.9071
0.9071
0.9071
0.9071
0.9071
0.9071
0.9071
0.9071
0.9071
0.9071
0.9071
0.9071
0.9071
0.9071
0.9071
0.9071
0.9071
0.9071
0.9071
0.9071
0.9071
0.9071
0.9071
0.9071
0.9071
0.9071
0.9071
0.9071
0.9071
0.9071
0.9071
0.9071
0.9071
0.9071
0.9071
0.9071
0.9071
0.9071
0.9071
0.9071
0.9071
0.9071
0.9071
0.9071
0.9071
0.9071
0.9071
0.9071
0.9071
0.9071
0.9071
0.9071
0.9071
0.9071
0.9071
0.9071
0.9071
0.9071
0.9071
0.9071
0.9071
0.9071
0.9071
0.9071
0.9071
0.9071
0.9071
0.9071
0.9071
0.9071
0.9071
0.9071
0.9071
0.9071
0.9071
0.9071
0.9071
0.9071
0.9071
0.9071
0.9071
0.9071
0.9071
0.9071
0.9071
0.9071
0.9071
0.9071
0.9071
0.9071
0.9071
0.9071
0.9071
0.9071
0.9071
0.9071
0.9071
0.9071
0.9071
0.9071
0.9071
0.9071
0.9071
0.9071
0.9071
0.9071
0.9071
0.9071
0.9071
0.9071
0.9071
0.9071
0.9071
0.9071
0.9071
0.9071
0.9071
0.9071
0.9071
0.9071
0.9071
0.9071
0.9071
0.9071
0.9071
0.9071
0.9071
0.9071
0.9071
0.9071
0.9071
0.9071
0.9071
0.9071
0.9071
0.9071
0.9071
0.9071
0.9071
0.9071
0.9071
0.9071
0.9071
0.9071
0.9071
0.9071
0.9071
0.9071
0.9071
0.9071
0.9071
0.9071
0.9071
0.9071
0.9071
0.9071
0.9071
0.9071
0.9071
0.9071
0.9071
0.9071
0.9071
0.9071
0.9071
0.9071
0.9071
0.9071
0.9071
0.9071
0.9071
0.9071
0.9071
0.9071
0.9071
0.9071
0.9071
0.9071
0.9071
0.9071
0.9071
0.9071
0.9071
0.9071
0.9071
0.9071
0.9071
0.9071
0.9071
0.9071
0.9071
0.9071
0.9071
0.9071
0.9071
0.9071
0.9071
0.9071
0.9071
0.9071
0.9071
0.9071
0.9071
0.9071
0.9071
0.9071
0.9071
0.9071
0.9071
0.9071
0.9071
0.9071
0.9071
0.9071
0.9071
0.9071
0.9071
0.9071
0.9071
0.9071
0.9071
0.9071
0.9071
0.9071
0.9071
0.9071
0.9071
0.9071
0.9071
0.9071
0.9071
0.9071
0.9071
0.9071
0.9071
0.9071
0.9071
0.9071
0.9071
0.9071
0.9071
0.9071
0.9071
0.9071
0.9071
0.9071
0.9071
0.9071
0.9071
0.9071
0.9071
0.9071
0.9071
0.9071
0.9071
0.9071
0.9071
0.9071
0.9071
0.9071
0.9071
0.9071
0.9071
0.9071
0.9071
0.9071
0.9071
0.9071
0.9071
0.9071
0.9071
0.9071
0.9071
0.9071
0.9071
0.9071
0.9071
0.9071
0.9071
0.9071
0.9071
0.9071
0.9071
0.9071
0.9071
0.9071
0.9071
0.9071
0.9071
0.9071
0.9071
0.9071
0.9071
0.9071
0.9071
0.9071
0.9071
0.9071
0.9071
0.9071
0.9071
0.9071
0.9071
0.9071
0.9071
0.9071
0.9071
0.9071
0.9071
0.9071
0.9071
0.9071
0.9071
0.9071
0.9071
0.9071
0.9071
0.9071
0.9071
0.9071
0.9071
0.9071
0.9071
0.9071
0.9071
0.9071
0.9071
0.9071
0.9071
0.9071
0.9071
0.9071
0.9071
0.9071
0.9071
0.9071
0.9071
0.9071
0.9071
0.9071
0.9071
0.9071
0.9071
0.9071
0.9071
0.9071
0.9071
0.9071
0.9071
0.9071
0.9071
0.9071
0.9071
0.9071
0.9071
0.9071
0.9071
0.9071
0.9071
0.9071
0.9071
0.9071
0.9071
0.9071
0.9071
0.9071
0.9071
0.9071
0.9071
0.9071
0.9071
0.9071
0.9071
0.9071
0.9071
0.9071
0.9071
0.9071
0.9071
0.9071
0.9071
0.9071
0.9071
0.9071
0.9071
0.9071
0.9071
0.9071
0.9071
0.9071
0.9071
0.9071
0.9071
0.9071
0.9071
0.9071
0.9071
0.9071
0.9071
0.9071
0.9071
0.9071
0.9071
0.9071
0.9071
0.9071
0.9071
0.9071
0.9071
0.9071
0.9071
0.9071
0.9071
0.9071
0.9071
0.9071
0.9071
0.9071
0.9071
0.9071
0.9071
0.9071
0.9071
0.9071
0.9071
0.9071
0.9071
0.9071
0.9071
0.9071
0.9071
0.9071
0.9071
0.9071
0.9071
0.9071
0.9071
0.9071
0.9071
0.9071
0.9071
0.9071
0.9071
0.9071
0.9071
0.9071
0.9071
0.9071
0.9071
0.9071
0.9071
0.9071
0.9071
0.9071
0.9071
0.9071
0.9071
0.9071
0.9071
0.9071
0.9071
0.9071
0.9071
0.9071
0.9071
0.9071
0.9071
0.9071
0.9071
0.9071
0.9071
0.9071
0.9071
0.9071
0.9071
0.9071
0.9071
0.9071
0.9071
0.9071
0.9071
0.9071
0.9071
0.9071
0.9071
0.9071
0.9071
0.9071
0.9071
0.9071
0.9071
0.9071
0.9071
0.9071
0.9071
0.9071
0.9071
0.9071
0.9071
0.9071
0.9071
0.9071
0.9071
0.9071
0.9071
0.9071
0.9071
0.9071
0.9071
0.9071
0.9071
0.9071
0.9071
0.9071
0.9071
0.9071
0.9071
0.9071
0.9071
0.9071
0.9071
0.9071
0.9071
0.9071
0.9071
0.9071
0.9071
0.9071
0.9071
0.9071
0.9071
0.9071
0.9071
0.9071
0.9071
0.9071
0.9071
0.9071
0.9071
0.9071
0.9071
0.9071
0.9071
0.9071
0.9071
0.9071
0.9071
0.9071
0.9071
0.9071
0.9071
0.9071
0.9071
0.9071
0.9071
0.9071
0.9071
0.9071
0.9071
0.9071
0.9071
0.9071
0.9071
0.9071
0.9071
0.9071
0.9071
0.9071
0.9071
0.9071
0.9071
0.9071
0.9071
0.9071
0.9071
0.9071
0.9071
0.9071
0.9071
0.9071
0.9071
0.9071
0.9071
0.9071
0.9071
0.9071
0.9071
0.9071
0.9071
0.9071
0.9071
0.9071
0.9071
0.9071
0.9071
0.9071
0.9071
0.9071
0.9071
0.9071
0.9071
0.9071
0.9071
0.9071
0.9071
0.9071
0.9071
0.9071
0.9071
0.9071
0.9071
0.9071
0.9071
0.9071
0.9071
0.9071
0.9071
0.9071
0.9071
0.9071
0.9071
0.9071
0.9071
0.9071
0.9071
0.9071
0.9071
0.9071
0.9071
0.9071
0.9071
0.9071
0.9071
0.9071
0.9071
0.9071
0.9071
0.9071
0.9071
0.9071
0.9071
0.9071
0.9071
0.9071
0.9071
0.9071
0.9071
0.9071
0.9071
0.9071
0.9071
0.9071
0.9071
0.9071
0.9071
0.9071
0.9071
0.9071
0.9071
0.9071
0.9071
0.9071
0.9071
0.9071
0.9071
0.9071
0.9071
0.9071
0.9071
0.9071
0.9071
0.9071
0.9071
0.9071
0.9071
0.9071
0.9071
0.9071
0.9071
0.9071
0.9071
0.9071
0.9071
0.9071
0.9071
0.9071
0.9071
0.9071
0.9071
0.9071
0.9071
0.9071
0.9071
0.9071
0.9071
0.9071
0.9071
0.9071
0.9071
0.9071
0.9071
0.9071
0.9071
0.9071
0.9071
0.9071
0.9071
0.9071
0.9071
0.9071
0.9071
0.9071
0.9071
0.9071
0.9071
0.9071
0.9071
0.9071
0.9071
0.9071
0.9071
0.9071
0.9071
0.9071
0.9071
0.9071
0.9071
0.9071
0.9071
0.9071
0.9071
0.9071
0.9071
0.9071
0.9071
0.9071
0.9071
0.9071
0.9071
0.9071
0.9071
0.9071
0.9071
0.9071
0.9071
0.9071
0.9071
0.9071
0.9071
0.9071
0.9071
0.9071
0.9071
0.9071
0.9071
0.9071
0.9071
0.9071
0.9071
0.9071
0.9071
0.9071
0.9071
0.9071
0.9071
0.9071
0.9071
0.9071
0.9071
0.9071
0.9071
0.9071
0.9071
0.9071
0.9071
0.9071
0.9071
0.9071
0.9071
0.9071
0.9071
0.9071
0.9071
0.9071
0.9071
0.9071
0.9071
0.9071
0.9071
0.9071
0.9071
0.9071
0.9071
0.9071
0.9071
0.9071
0.9071
0.9071
0.9071
0.9071
0.9071
0.9071
0.9071
0.9071
0.9071
0.9071
0.9071
0.9071
0.9071
0.9071
0.9071
0.9071
0.9071
0.9071
0.9071
0.9071
0.9071
0.9071
0.9071
0.9071
0.9071
0.9071
0.9071
0.9071
0.9071
0.9071
0.9071
0.9071
0.9071
0.9071
0.9071
0.9071
0.9071
0.9071
0.9071
0.9071
0.9071
0.9071
0.9071
0.9071
0.9071
0.9071
0.9071
0.9071
0.9071
0.9071
0.9071
0.9071
0.9071
0.9071
0.9071
0.9071
0.9071
0.9071
0.9071
0.9071
0.9071
0.9071
0.9071
0.9071
0.9071
0.9071
0.9071
0.9071
0.9071
0.9071
0.9071
0.9071
0.9071
0.9071
0.9071
0.9071
0.9071
0.9071
0.9071
0.9071
0.9071
0.9071
0.9071
0.9071
0.9071
0.9071
0.9071
0.9071
0.9071
0.9071
0.9071
0.9071
0.9071
0.9071
0.9071
0.9071
0.9071
0.9071
0.9071
0.9071
0.9071
0.9071
0.9071
0.9071
0.9071
0.9071
0.9071
0.9071
0.9071
0.9071
0.9071
0.9071
0.9071
0.9071
0.9071
0.9071
0.9071
0.9071
0.9071
0.9071
0.9071
0.9071
0.9071
0.9071
0.9071
0.9071
0.9071
0.9071
0.9071
0.9071
0.9071
0.9071
0.9071
0.9071
0.9071
0.9071
0.9071
0.9071
0.9071
0.9071
0.9071
0.9071
0.9071
0.9071
0.9071
0.9071
0.9071
0.9071
0.9071
0.9071
0.9071
0.9071
0.9071
0.9071
0.9071
0.9071
0.9071
0.9071
0.9071
0.9071
0.9071
0.9071
0.9071
0.9071
0.9071
0.9071
0.9071
0.9071
0.9071
0.9071
0.9071
0.9071
0.9071
0.9071
0.9071
0.9071
0.9071
0.9071
0.9071
0.9071
0.9071
0.9071
0.9071
0.9071
0.9071
0.9071
0.9071
0.9071
0.9071
0.9071
0.9071
0.9071
0.9071
0.9071
0.9071
0.9071
0.9071
0.9071
0.9071
0.9071
0.9071
0.9071
0.9071
0.9071
0.9071
0.9071
0.9071
0.9071
0.9071
0.9071
0.9071
0.9071
0.9071
0.9071
0.9071
0.9071
0.9071
0.9071
0.9071
0.9071
0.9071
0.9071
0.9071
0.9071
0.9071
0.9071
0.9071
0.9071
0.9071
0.9071
0.9071
0.9071
0.9071
0.9071
0.9071
0.9071
0.9071
0.9071
0.9071
0.9071
0.9071
0.9071
0.9071
0.9071
0.9071
0.9071
0.9071
0.9071
0.9071
0.9071
0.9071
0.9071
0.9071
0.9071
0.9071
0.9071
0.9071
0.9071
0.9071
0.9071
0.9071
0.9071
0.9071
0.9071
0.9071
0.9071
0.9071
0.9071
0.9071
0.9071
0.9071
0.9071
0.9071
0.9071
0.9071
0.9071
0.9071
0.9071
0.9071
0.9071
0.9071
0.9071
0.9071
0.9071
0.9071
0.9071
0.9071
0.9071
0.9071
0.9071
0.9071
0.9071
0.9071
0.9071
0.9071
0.9071
0.9071
0.9071
0.9071
0.9071
0.9071
0.9071
0.9071
0.9071
0.9071
0.9071
0.9071
0.9071
0.9071
0.9071
0.9071
0.9071
0.9071
0.9071
0.9071
0.9071
0.9071
0.9071
0.9071
0.9071
0.9071
0.9071
0.9071
0.9071
0.9071
0.9071
0.9071
0.9071
0.9071
0.9071
0.9071
0.9071
0.9071
0.9071
0.9071
0.9071
0.9071
0.9071
0.9071
0.9071
0.9071
0.9071
0.9071
0.9071
0.9071
0.9071
0.9071
0.9071
0.9071
0.9071
0.9071
0.9071
0.9071
0.9071
0.9071
0.9071
0.9071
0.9071
0.9071
0.9071
0.9071
0.9071
0.9071
0.9071
0.9071
0.9071
0.9071
0.9071
0.9071
0.9071
0.9071
0.9071
0.9071
0.9071
0.9071
0.9071
0.9071
0.9071
0.9071
0.9071
0.9071
0.9071
0.9071
0.9071
0.9071
0.9071
0.9071
0.9071
0.9071
0.9071
0.9071
0.9071
0.9071
0.9071
0.9071
0.9071
0.9071
0.9071
0.9071
0.9071
0.9071
0.9071
0.9071
0.9071
0.9071
0.9071
0.9071
0.9071
0.9071
0.9071
0.9071
0.9071
0.9071
0.9071
0.9071
0.9071
0.9071
0.9071
0.9071
0.9071
0.9071
0.9071
0.9071
0.9071
0.9071
0.9071
0.9071
0.9071
0.9071
0.9071
0.9071
0.9071
0.9071
0.9071
0.9071
0.9071
0.9071
0.9071
0.9071
0.9071
0.9071
0.9071
0.9071
0.9071
0.9071
0.9071
0.9071
0.9071
0.9071
0.9071
0.9071
0.9071
0.9071
0.9071
0.9071
0.9071
0.9071
0.9071
0.9071
0.9071
0.9071
0.9071
0.9071
0.9071
0.9071
0.9071
0.9071
0.9071
0.9071
0.9071
0.9071
0.9071
0.9071
0.9071
0.9071
0.9071
0.9071
0.9071
0.9071
0.9071
0.9071
0.9071
0.9071
0.9071
0.9071
0.9071
0.9071
0.9071
0.9071
0.9071
0.9071
0.9071
0.9071
0.9071
0.9071
0.9071
0.9071
0.9071
0.9071
0.9071
0.9071
0.9071
0.9071
0.9071
0.9071
0.9071
0.9071
0.9071
0.9071
0.9071
0.9071
0.9071
0.9071
0.9071
0.9071
0.9071
0.9071
0.9071
0.9071
0.9071
0.9071
0.9071
0.9071
0.9071
0.9071
0.9071
0.9071
0.9071
0.9071
0.9071
0.9071
0.9071
0.9071
0.9071
0.9071
0.9071
0.9071
0.9071
0.9071
0.9071
0.9071
0.9071
0.9071
0.9071
0.9071
0.9071
0.9071
0.9071
0.9071
0.9071
0.9071
0.9071
0.9071
0.9071
0.9071
0.9071
0.9071
0.9071
0.9071
0.9071
0.9071
0.9071
0.9071
0.9071
0.9071
0.9071
0.9071
0.9071
0.9071
0.9071
0.9071
0.9071
0.9071
0.9071
0.9071
0.9071
0.9071
0.9071
0.9071
0.9071
0.9071
0.9071
0.9071
0.9071
0.9071
0.9071
0.9071
0.9071
0.9071
0.9071
0.9071
0.9071
0.9071
0.9071
0.9071
0.9071
0.9071
0.9071
0.9071
0.9071
0.9071
0.9071
0.9071
0.9071
0.9071
0.9071
0.9071
0.9071
0.9071
0.9071
0.9071
0.9071
0.9071
0.9071
0.9071
0.9071
0.9071
0.9071
0.9071
0.9071
0.9071
0.9071
0.9071
0.9071
0.9071
0.9071
0.9071
0.9071
0.9071
0.9071
0.9071
0.9071
0.9071
0.9071
0.9071
0.9071
0.9071
0.9071
0.9071
0.9071
0.9071
0.9071
0.9071
0.9071
0.9071
0.9071
0.9071
0.9071
0.9071
0.9071
0.9071
0.9071
0.9071
0.9071
0.9071
0.9071
0.9071
0.9071
0.9071
0.9071
0.9071
0.9071
0.9071
0.9071
0.9071
0.9071
0.9071
0.9071
0.9071
0.9071
0.9071
0.9071
0.9071
0.9071
0.9071
0.9071
0.9071
0.9071
0.9071
0.9071
0.9071
0.9071
0.9071
0.9071
0.9071
0.9071
0.9071
0.9071
0.9071
0.9071
0.9071
0.9071
0.9071
0.9071
0.9071
0.9071
0.9071
0.9071
0.9071
0.9071
0.9071
0.9071
0.9071
0.9071
0.9071
0.9071
0.9071
0.9071
0.9071
0.9071
0.9071
0.9071
0.9071
0.9071
0.9071
0.9071
0.9071
0.9071
0.9071
0.9071
0.9071
0.9071
0.9071
0.9071
0.9071
0.9071
0.9071
0.9071
0.9071
0.9071
0.9071
0.9071
0.9071
0.9071
0.9071
0.9071
0.9071
0.9071
0.9071
0.9071
0.9071
0.9071
0.9071
0.9071
0.9071
0.9071
0.9071
0.9071
0.9071
0.9071
0.9071
0.9071
0.9071
0.9071
0.9071
0.9071
0.9071
0.9071
0.9071
0.9071
0.9071
0.9071
0.9071
0.9071
0.9071
0.9071
0.9071
0.9071
0.9071
0.9071
0.9071
0.9071
0.9071
0.9071
0.9071
0.9071
0.9071
0.9071
0.9071
0.9071
0.9071
0.9071
0.9071
0.9071
0.9071
0.9071
0.9071
0.9071
0.9071
0.9071
0.9071
0.9071
0.9071
0.9071
0.9071
0.9071
0.9071
0.9071
0.9071
0.9071
0.9071
0.9071
0.9071
0.9071
0.9071
0.9071
0.9071
0.9071
0.9071
0.9071
0.9071
0.9071
0.9071
0.9071
0.9071
0.9071
0.9071
0.9071
0.9071
0.9071
0.9071
0.9071
0.9071
0.9071
0.9071
0.9071
0.9071
0.9071
0.9071
0.9071
0.9071
0.9071
0.9071
0.9071
0.9071
0.9071
0.9071
0.9071
0.9071
0.9071
0.9071
0.9071
0.9071
0.9071
0.9071
0.9071
0.9071
0.9071
0.9071
0.9071
0.9071
0.9071
0.9071
0.9071
0.9071
0.9071
0.9071
0.9071
0.9071
0.9071
0.9071
0.9071
0.9071
0.9071
0.9071
0.9071
0.9071
0.9071
0.9071
0.9071
0.9071
0.9071
0.9071
0.9071
0.9071
0.9071
0.9071
0.9071
0.9071
0.9071
0.9071
0.9071
0.9071
0.9071
0.9071
0.9071
0.9071
0.9071
0.9071
0.9071
0.9071
0.9071
0.9071
0.9071
0.9071
0.9071
0.9071
0.9071
0.9071
0.9071
0.9071
0.9071
0.9071
0.9071
0.9071
0.9071
0.9071
0.9071
0.9071
0.9071
0.9071
0.9071
0.9071
0.9071
0.9071
0.9071
0.9071
0.9071
0.9071
0.9071
0.9071
0.9071
0.9071
0.9071
0.9071
0.9071
0.9071
0.9071
0.9071
0.9071
0.9071
0.9071
0.9071
0.9071
0.9071
0.9071
0.9071
0.9071
0.9071
0.9071
0.9071
0.9071
0.9071
0.9071
0.9071
0.9071
0.9071
0.9071
0.9071
0.9071
0.9071
0.9071
0.9071
0.9071
0.9071
0.9071
0.9071
0.9071
0.9071
0.9071
0.9071
0.9071
0.9071
0.9071
0.9071
0.9071
0.9071
0.9071
0.9071
0.9071
0.9071
0.9071
0.9071
0.9071
0.9071
0.9071
0.9071
0.9071
0.9071
0.9071
0.9071
0.9071
0.9071
0.9071
0.9071
0.9071
0.9071
0.9071
0.9071
0.9071
0.9071
0.9071
0.9071
0.9071
0.9071
0.9071
0.9071
0.9071
0.9071
0.9071
0.9071
0.9071
0.9071
0.9071
0.9071
0.9071
0.9071
0.9071
0.9071
0.9071
0.9071
0.9071
0.9071
0.9071
0.9071
0.9071
0.9071
0.9071
0.9071
0.9071
0.9071
0.9071
0.9071
0.9071
0.9071
0.9071
0.9071
0.9071
0.9071
0.9071
0.9071
0.9071
0.9071
0.9071
0.9071
0.9071
0.9071
0.9071
0.9071
0.9071
0.9071
0.9071
0.9071
0.9071
0.9071
0.9071
0.9071
0.9071
0.9071
0.9071
0.9071
0.9071
0.9071
0.9071
0.9071
0.9071
0.9071
0.9071
0.9071
0.9071
0.9071
0.9071
0.9071
0.9071
0.9071
0.9071
0.9071
0.9071
0.9071
0.9071
0.9071
0.9071
0.9071
0.9071
0.9071
0.9071
0.9071
0.9071
0.9071
0.9071
0.9071
0.9071
0.9071
0.9071
0.9071
0.9071
0.9071
0.9071
0.9071
0.9071
0.9071
0.9071
0.9071
0.9071
0.9071
0.9071
0.9071
0.9071
0.9071
0.9071
0.9071
0.9071
0.9071
0.9071
0.9071
0.9071
0.9071
0.9071
0.9071
0.9071
0.9071
0.9071
0.9071
0.9071
0.9071
0.9071
0.9071
0.9071
0.9071
0.9071
0.9071
0.9071
0.9071
0.9071
0.9071
0.9071
0.9071
0.9071
0.9071
0.9071
0.9071
0.9071
0.9071
0.9071
0.9071
0.9071
0.9071
0.9071
0.9071
0.9071
0.9071
0.9071
0.9071
0.9071
0.9071
0.9071
0.9071
0.9071
0.9071
0.9071
0.9071
0.9071
0.9071
0.9071
0.9071
0.9071
0.9071
0.9071
0.9071
0.9071
0.9071
0.9071
0.9071
0.9071
0.9071
0.9071
0.9071
0.9071
0.9071
0.9071
0.9071
0.9071
0.9071
0.9071
0.9071
0.9071
0.9071
0.9071
0.9071
0.9071
0.9071
0.9071
0.9071
0.9071
0.9071
0.9071
0.9071
0.9071
0.9071
0.9071
0.9071
0.9071
0.9071
0.9071
0.9071
0.9071
0.9071
0.9071
0.9071
0.9071
0.9071
0.9071
0.9071
0.9071
0.9071
0.9071
0.9071
0.9071
0.9071
0.9071
0.9071
0.9071
0.9071
0.9071
0.9071
0.9071
0.9071
0.9071
0.9071
0.9071
0.9071
0.9071
0.9071
0.9071
0.9071
0.9071
0.9071
0.9071
0.9071
0.9071
0.9071
0.9071
0.9071
0.9071
0.9071
0.9071
0.9071
0.9071
0.9071
0.9071
0.9071
0.9071
0.9071
0.9071
0.9071
0.9071
0.9071
0.9071
0.9071
0.9071
0.9071
0.9071
0.9071
0.9071
0.9071
0.9071
0.9071
0.9071
0.9071
0.9071
0.9071
0.9071
0.9071
0.9071
0.9071
0.9071
0.9071
0.9071
0.9071
0.9071
0.9071
0.9071
0.9071
0.9071
0.9071
0.9071
0.9071
0.9071
0.9071
0.9071
0.9071
0.9071
0.9071
0.9071
0.9071
0.9071
0.9071
0.9071
0.9071
0.9071
0.9071
0.9071
0.9071
0.9071
0.9071
0.9071
0.9071
0.9071
0.9071
0.9071
0.9071
0.9071
0.9071
0.9071
0.9071
0.9071
0.9071
0.9071
0.9071
0.9071
0.9071
0.9071
0.9071
0.9071
0.9071
0.9071
0.9071
0.9071
0.9071
0.9071
0.9071
0.9071
0.9071
0.9071
0.9071
0.9071
0.9071
0.9071
0.9071
0.9071
0.9071
0.9071
0.9071
0.9071
0.9071
0.9071
0.9071
0.9071
0.9071
0.9071
0.9071
0.9071
0.9071
0.9071
0.9071
0.9071
0.9071
0.9071
0.9071
0.9071
0.9071
0.9071
0.9071
0.9071
0.9071
0.9071
0.9071
0.9071
0.9071
0.9071
0.9071
0.9071
0.9071
0.9071
0.9071
0.9071
0.9071
0.9071
0.9071
0.9071
0.9071
0.9071
0.9071
0.9071
0.9071
0.9071
0.9071
0.9071
0.9071
0.9071
0.9071
0.9071
0.9071
0.9071
0.9071
0.9071
0.9071
0.9071
0.9071
0.9071
0.9071
0.9071
0.9071
0.9071
0.9071
0.9071
0.9071
0.9071
0.9071
0.9071
0.9071
0.9071
0.9071
0.9071
0.9071
0.9071
0.9071
0.9071
0.9071
0.9071
0.9071
0.9071
0.9071
0.9071
0.9071
0.9071
0.9071
0.9071
0.9071
0.9071
0.9071
0.9071
0.9071
0.9071
0.9071
0.9071
0.9071
0.9071
0.9071
0.9071
0.9071
0.9071
0.9071
0.9071
0.9071
0.9071
0.9071
0.9071
0.9071
0.9071
0.9071
0.9071
0.9071
0.9071
0.9071
0.9071
0.9071
0.9071
0.9071
0.9071
0.9071
0.9071
0.9071
0.9071
0.9071
0.9071
0.9071
0.9071
0.9071
0.9071
0.9071
0.9071
0.9071
0.9071
0.9071
0.9071
0.9071
0.9071
0.9071
0.9071
0.9071
0.9071
0.9071
0.9071
0.9071
0.9071
0.9071
0.9071
0.9071
0.9071
0.9071
0.9071
0.9071
0.9071
0.9071
0.9071
0.9071
0.9071
0.9071
0.9071
0.9071
0.9071
0.9071
0.9071
0.9071
0.9071
0.9071
0.9071
0.9071
0.9071
0.9071
0.9071
0.9071
0.9071
0.9071
0.9071
0.9071
0.9071
0.9071
0.9071
0.9071
0.9071
0.9071
0.9071
0.9071
0.9071
0.9071
0.9071
0.9071
0.9071
0.9071
0.9071
0.9071
0.9071
0.9071
0.9071
0.9071
0.9071
0.9071
0.9071
0.9071
0.9071
0.9071
0.9071
0.9071
0.9071
0.9071
0.9071
0.9071
0.9071
0.9071
0.9071
0.9071
0.9071
0.9071
0.9071
0.9071
0.9071
0.9071
0.9071
0.9071
0.9071
0.9071
0.9071
0.9071
0.9071
0.9071
0.9071
0.9071
0.9071
0.9071
0.9071
0.9071
0.9071
0.9071
0.9071
0.9071
0.9071
0.9071
0.9071
0.9071
0.9071
0.9071
0.9071
0.9071
0.9071
0.9071
0.9071
0.9071
0.9071
0.9071
0.9071
0.9071
0.9071
0.9071
0.9071
0.9071
0.9071
0.9071
0.9071
0.9071
0.9071
0.9071
0.9071
0.9071
0.9071
0.9071
0.9071
0.9071
0.9071
0.9071
0.9071
0.9071
0.9071
0.9071
0.9071
0.9071
0.9071
0.9071
0.9071
0.9071
0.9071
0.9071
0.9071
0.9071
0.9071
0.9071
0.9071
0.9071
0.9071
0.9071
0.9071
0.9071
0.9071
0.9071
0.9071
0.9071
0.9071
0.9071
0.9071
0.9071
0.9071
0.9071
0.9071
0.9071
0.9071
0.9071
0.9071
0.9071
0.9071
0.9071
0.9071
0.9071
0.9071
0.9071
0.9071
0.9071
0.9071
0.9071
0.9071
0.9071
0.9071
0.9071
0.9071
0.9071
0.9071
0.9071
0.9071
0.9071
0.9071
0.9071
0.9071
0.9071
0.9071
0.9071
0.9071
0.9071
0.9071
0.9071
0.9071
0.9071
0.9071
0.9071
0.9071
0.9071
0.9071
0.9071
0.9071
0.9071
0.9071
0.9071
0.9071
0.9071
0.9071
0.9071
0.9071
0.9071
0.9071
0.9071
0.9071
0.9071
0.9071
0.9071
0.9071
0.9071
0.9071
0.9071
0.9071
0.9071
0.9071
0.9071
0.9071
0.9071
0.9071
0.9071
0.9071
0.9071
0.9071
0.9071
0.9071
0.9071
0.9071
0.9071
0.9071
0.9071
0.9071
0.9071
0.9071
0.9071
0.9071
0.9071
0.9071
0.9071
0.9071
0.9071
0.9071
0.9071
0.9071
0.9071
0.9071
0.9071
0.9071
0.9071
0.9071
0.9071
0.9071
0.9071
0.9071
0.9071
0.9071
0.9071
0.9071
0.9071
0.9071
0.9071
0.9071
0.9071
0.9071
0.9071
0.9071
0.9071
0.9071
0.9071
0.9071
0.9071
0.9071
0.9071
0.9071
0.9071
0.9071
0.9071
0.9071
0.9071
0.9071
0.9071
0.9071
0.9071
0.9071
0.9071
0.9071
0.9071
0.9071
0.9071
0.9071
0.9071
0.9071
0.9071
0.9071
0.9071
0.9071
0.9071
0.9071
0.9071
0.9071
0.9071
0.9071
0.9071
0.9071
0.9071
0.9071
0.9071
0.9071
0.9071
0.9071
0.9071
0.9071
0.9071
0.9071
0.9071
0.9071
0.9071
0.9071
0.9071
0.9071
0.9071
0.9071
0.9071
0.9071
0.9071
0.9071
0.9071
0.9071
0.9071
0.9071
0.9071
0.9071
0.9071
0.9071
0.9071
0.9071
0.9071
0.9071
0.9071
0.9071
0.9071
0.9071
0.9071
0.9071
0.9071
0.9071
0.9071
0.9071
0.9071
0.9071
0.9071
0.9071
0.9071
0.9071
0.9071
0.9071
0.9071
0.9071
0.9071
0.9071
0.9071
0.9071
0.9071
0.9071
0.9071
0.9071
0.9071
0.9071
0.9071
0.9071
0.9071
0.9071
0.9071
0.9071
0.9071
0.9071
0.9071
0.9071
0.9071
0.9071
0.9071
0.9071
0.9071
0.9071
0.9071
0.9071
0.9071
0.9071
0.9071
0.9071
0.9071
0.9071
0.9071
0.9071
0.9071
0.9071
0.9071
0.9071
0.9071
0.9071
0.9071
0.9071
0.9071
0.9071
0.9071
0.9071
0.9071
0.9071
0.9071
0.9071
0.9071
0.9071
0.9071
0.9071
0.9071
0.9071
0.9071
0.9071
0.9071
0.9071
0.9071
0.9071
0.9071
0.9071
0.9071
0.9071
0.9071
0.9071
0.9071
0.9071
0.9071
0.9071
0.9071
0.9071
0.9071
0.9071
0.9071
0.9071
0.9071
0.9071
0.9071
0.9071
0.9071
0.9071
0.9071
0.9071
0.9071
0.9071
0.9071
0.9071
0.9071
0.9071
0.9071
0.9071
0.9071
0.9071
0.9071
0.9071
0.9071
0.9071
0.9071
0.9071
0.9071
0.9071
0.9071
0.9071
0.9071
0.9071
0.9071
0.9071
0.9071
0.9071
0.9071
0.9071
0.9071
0.9071
0.9071
0.9071
0.9071
0.9071
0.9071
0.9071
0.9071
0.9071
0.9071
0.9071
0.9071
0.9071
0.9071
0.9071
0.9071
0.9071
0.9071
0.9071
0.9071
0.9071
0.9071
0.9071
0.9071
0.9071
0.9071
0.9071
0.9071
0.9071
0.9071
0.9071
0.9071
0.9071
0.9071
0.9071
0.9071
0.9071
0.9071
0.9071
0.9071
0.9071
0.9071
0.9071
0.9071
0.9071
0.9071
0.9071
0.9071
0.9071
0.9071
0.9071
0.9071
0.9071
0.9071
0.9071
0.9071
0.9071
0.9071
0.9071
0.9071
0.9071
0.9071
0.9071
0.9071
0.9071
0.9071
0.9071
0.9071
0.9071
0.9071
0.9071
0.9071
0.9071
0.9071
0.9071
0.9071
0.9071
0.9071
0.9071
0.9071
0.9071
0.9071
0.9071
0.9071
0.9071
0.9071
0.9071
0.9071
0.9071
0.9071
0.9071
0.9071
0.9071
0.9071
0.9071
0.9071
0.9071
0.9071
0.9071
0.9071
0.9071
0.9071
0.9071
0.9071
0.9071
0.9071
0.9071
0.9071
0.9071
0.9071
0.9071
0.9071
0.9071
0.9071
0.9071
0.9071
0.9071
0.9071
0.9071
0.9071
0.9071
0.9071
0.9071
0.9071
0.9071
0.9071
0.9071
0.9071
0.9071
0.9071
0.9071
0.9071
0.9071
0.9071
0.9071
0.9071
0.9071
0.9071
0.9071
0.9071
0.9071
0.9071
0.9071
0.9071
0.9071
0.9071
0.9071
0.9071
0.9071
0.9071
0.9071
0.9071
0.9071
0.9071
0.9071
0.9071
0.9071
0.9071
0.9071
0.9071
0.9071
0.9071
0.9071
0.9071
0.9071
0.9071
0.9071
0.9071
0.9071
0.9071
0.9071
0.9071
0.9071
0.9071
0.9071
0.9071
0.9071
0.9071
0.9071
0.9071
0.9071
0.9071
0.9071
0.9071
0.9071
0.9071
0.9071
0.9071
0.9071
0.9071
0.9071
0.9071
0.9071
0.9071
0.9071
0.9071
0.9071
0.9071
0.9071
0.9071
0.9071
0.9071
0.9071
0.9071
0.9071
0.9071
0.9071
0.9071
0.9071
0.9071
0.9071
0.9071
0.9071
0.9071
0.9071
0.9071
0.9071
0.9071
0.9071
0.9071
0.9071
0.9071
0.9071
0.9071
0.9071
0.9071
0.9071
0.9071
0.9071
0.9071
0.9071
0.9071
0.9071
0.9071
0.9071
0.9071
0.9071
0.9071
0.9071
0.9071
0.9071
0.9071
0.9071
0.9071
0.9071
0.9071
0.9071
0.9071
0.9071
0.9071
0.9071
0.9071
0.9071
0.9071
0.9071
0.9071
0.9071
0.9071
0.9071
0.9071
0.9071
0.9071
0.9071
0.9071
0.9071
0.9071
0.9071
0.9071
0.9071
0.9071
0.9071
0.9071
0.9071
0.9071
0.9071
0.9071
0.9071
0.9071
0.9071
0.9071
0.9071
0.9071
0.9071
0.9071
0.9071
0.9071
0.9071
0.9071
0.9071
0.9071
0.9071
0.9071
0.9071
0.9071
0.9071
0.9071
0.9071
0.9071
0.9071
0.9071
0.9071
0.9071
0.9071
0.9071
0.9071
0.9071
0.9071
0.9071
0.9071
0.9071
0.9071
0.9071
0.9071
0.9071
0.9071
0.9071
0.9071
0.9071
0.9071
0.9071
0.9071
0.9071
0.9071
0.9071
0.9071
0.9071
0.9071
0.9071
0.9071
0.9071
0.9071
0.9071
0.9071
0.9071
0.9071
0.9071
0.9071
0.9071
0.9071
0.9071
0.9071
0.9071
0.9071
0.9071
0.9071
0.9071
0.9071
0.9071
0.9071
0.9071
0.9071
0.9071
0.9071
0.9071
0.9071
0.9071
0.9071
0.9071
0.9071
0.9071
0.9071
0.9071
0.9071
0.9071
0.9071
0.9071
0.9071
0.9071
0.9071
0.9071
0.9071
0.9071
0.9071
0.9071
0.9071
0.9071
0.9071
0.9071
0.9071
0.9071
0.9071
0.9071
0.9071
0.9071
0.9071
0.9071
0.9071
0.9071
0.9071
0.9071
0.9071
0.9071
0.9071
0.9071
0.9071
0.9071
0.9071
0.9071
0.9071
0.9071
0.9071
0.9071
0.9071
0.9071
0.9071
0.9071
0.9071
0.9071
0.9071
0.9071
0.9071
0.9071
0.9071
0.9071
0.9071
0.9071
0.9071
0.9071
0.9071
0.9071
0.9071
0.9071
0.9071
0.9071
0.9071
0.9071
0.9071
0.9071
0.9071
0.9071
0.9071
0.9071
0.9071
0.9071
0.9071
0.9071
0.9071
0.9071
0.9071
0.9071
0.9071
0.9071
0.9071
0.9071
0.9071
0.9071
0.9071
0.9071
0.9071
0.9071
0.9071
0.9071
0.9071
0.9071
0.9071
0.9071
0.9071
0.9071
0.9071
0.9071
0.9071
0.9071
0.9071
0.9071
0.9071
0.9071
0.9071
0.9071
0.9071
0.9071
0.9071
0.9071
0.9071
0.9071
0.9071
0.9071
0.9071
0.9071
0.9071
0.9071
0.9071
0.9071
0.9071
0.9071
0.9071
0.9071
0.9071
0.9071
0.9071
0.9071
0.9071
0.9071
0.9071
0.9071
0.9071
0.9071
0.9071
0.9071
0.9071
0.9071
0.9071
0.9071
0.9071
0.9071
0.9071
0.9071
0.9071
0.9071
0.9071
0.9071
0.9071
0.9071
0.9071
0.9071
0.9071
0.9071
0.9071
0.9071
0.9071
0.9071
0.9071
0.9071
0.9071
0.9071
0.9071
0.9071
0.9071
0.9071
0.9071
0.9071
0.9071
0.9071
0.9071
0.9071
0.9071
0.9071
0.9071
0.9071
0.9071
0.9071
0.9071
0.9071
0.9071
0.9071
0.9071
0.9071
0.9071
0.9071
0.9071
0.9071
0.9071
0.9071
0.9071
0.9071
0.9071
0.9071
0.9071
0.9071
0.9071
0.9071
0.9071
0.9071
0.9071
0.9071
0.9071
0.9071
0.9071
0.9071
0.9071
0.9071
0.9071
0.9071
0.9071
0.9071
0.9071
0.9071
0.9071
0.9071
0.9071
0.9071
0.9071
0.9071
0.9071
0.9071
0.9071
0.9071
0.9071
0.9071
0.9071
0.9071
0.9071
0.9071
0.9071
0.9071
0.9071
0.9071
0.9071
0.9071
0.9071
0.9071
0.9071
0.9071
0.9071
0.9071
0.9071
0.9071
0.9071
0.9071
0.9071
0.9071
0.9071
0.9071
0.9071
0.9071
0.9071
0.9071
0.9071
0.9071
0.9071
0.9071
0.9071
0.9071
0.9071
0.9071
0.9071
0.9071
0.9071
0.9071
0.9071
0.9071
0.9071
0.9071
0.9071
0.9071
0.9071
0.9071
0.9071
0.9071
0.9071
0.9071
0.9071
0.9071
0.9071
0.9071
0.9071
0.9071
0.9071
0.9071
0.9071
0.9071
0.9071
0.9071
0.9071
0.9071
0.9071
0.9071
0.9071
0.9071
0.9071
0.9071
0.9071
0.9071
0.9071
0.9071
0.9071
0.9071
0.9071
0.9071
0.9071
0.9071
0.9071
0.9071
0.9071
0.9071
0.9071
0.9071
0.9071
0.9071
0.9071
0.9071
0.9071
0.9071
0.9071
0.9071
0.9071
0.9071
0.9071
0.9071
0.9071
0.9071
0.9071
0.9071
0.9071
0.9071
0.9071
0.9071
0.9071
0.9071
0.9071
0.9071
0.9071
0.9071
0.9071
0.9071
0.9071
0.9071
0.9071
0.9071
0.9071
0.9071
0.9071
0.9071
0.9071
0.9071
0.9071
0.9071
0.9071
0.9071
0.9071
0.9071
0.9071
0.9071
0.9071
0.9071
0.9071
0.9071
0.9071
0.9071
0.9071
0.9071
0.9071
0.9071
0.9071
0.9071
0.9071
0.9071
0.9071
0.9071
0.9071
0.9071
0.9071
0.9071
0.9071
0.9071
0.9071
0.9071
0.9071
0.9071
0.9071
0.9071
0.9071
0.9071
0.9071
0.9071
0.9071
0.9071
0.9071
0.9071
0.9071
0.9071
0.9071
0.9071
0.9071
0.9071
0.9071
0.9071
0.9071
0.9071
0.9071
0.9071
0.9071
0.9071
0.9071
0.9071
0.9071
0.9071
0.9071
0.9071
0.9071
0.9071
0.9071
0.9071
0.9071
0.9071
0.9071
0.9071
0.9071
0.9071
0.9071
0.9071
0.9071
0.9071
0.9071
0.9071
0.9071
0.9071
0.9071
0.9071
0.9071
0.9071
0.9071
0.9071
0.9071
0.9071
0.9071
0.9071
0.9071
0.9071
0.9071
0.9071
0.9071
0.9071
0.9071
0.9071
0.9071
0.9071
0.9071
0.9071
0.9071
0.9071
0.9071
0.9071
0.9071
0.9071
0.9071
0.9071
0.9071
0.9071
0.9071
0.9071
0.9071
0.9071
0.9071
0.9071
0.9071
0.9071
0.9071
0.9071
0.9071
0.9071
0.9071
0.9071
0.9071
0.9071
0.9071
0.9071
0.9071
0.9071
0.9071
0.9071
0.9071
0.9071
0.9071
0.9071
0.9071
0.9071
0.9071
0.9071
0.9071
0.9071
0.9071
0.9071
0.9071
0.9071
0.9071
0.9071
0.9071
0.9071
0.9071
0.9071
0.9071
0.9071
0.9071
0.9071
0.9071
0.9071
0.9071
0.9071
0.9071
0.9071
0.9071
0.9071
0.9071
0.9071
0.9071
0.9071
0.9071
0.9071
0.9071
0.9071
0.9071
0.9071
0.9071
0.9071
0.9071
0.9071
0.9071
0.9071
0.9071
0.9071
0.9071
0.9071
0.9071
0.9071
0.9071
0.9071
0.9071
0.9071
0.9071
0.9071
0.9071
0.9071
0.9071
0.9071
0.9071
0.9071
0.9071
0.9071
0.9071
0.9071
0.9071
0.9071
0.9071
0.9071
0.9071
0.9071
0.9071
0.9071
0.9071
0.9071
0.9071
0.9071
0.9071
0.9071
0.9071
0.9071
0.9071
0.9071
0.9071
0.9071
0.9071
0.9071
0.9071
0.9071
0.9071
0.9071
0.9071
0.9071
0.9071
0.9071
0.9071
0.9071
0.9071
0.9071
0.9071
0.9071
0.9071
0.9071
0.9071
0.9071
0.9071
0.9071
0.9071
0.9071
0.9071
0.9071
0.9071
0.9071
0.9071
0.9071
0.9071
0.9071
0.9071
0.9071
0.9071
0.9071
0.9071
0.9071
0.9071
0.9071
0.9071
0.9071
0.9071
0.9071
0.9071
0.9071
0.9071
0.9071
0.9071
0.9071
0.9071
0.9071
0.9071
0.9071
0.9071
0.9071
0.9071
0.9071
0.9071
0.9071
0.9071
0.9071
0.9071
0.9071
0.9071
0.9071
0.9071
0.9071
0.9071
0.9071
0.9071
0.9071
0.9071
0.9071
0.9071
0.9071
0.9071
0.9071
0.9071
0.9071
0.9071
0.9071
0.9071
0.9071
0.9071
0.9071
0.9071
0.9071
0.9071
0.9071
0.9071
0.9071
0.9071
0.9071
0.9071
0.9071
0.9071
0.9071
0.9071
0.9071
0.9071
0.9071
0.9071
0.9071
0.9071
0.9071
0.9071
0.9071
0.9071
0.9071
0.9071
0.9071
0.9071
0.9071
0.9071
0.9071
0.9071
0.9071
0.9071
0.9071
0.9071
0.9071
0.9071
0.9071
0.9071
0.9071
0.9071
0.9071
0.9071
0.9071
0.9071
0.9071
0.9071
0.9071
0.9071
0.9071
0.9071
0.9071
0.9071
0.9071
0.9071
0.9071
0.9071
0.9071
0.9071
0.9071
0.9071
0.9071
0.9071
0.9071
0.9071
0.9071
0.9071
0.9071
0.9071
0.9071
0.9071
0.9071
0.9071
0.9071
0.9071
0.9071
0.9071
0.9071
0.9071
0.9071
0.9071
0.9071
0.9071
0.9071
0.9071
0.9071
0.9071
0.9071
0.9071
0.9071
0.9071
0.9071
0.9071
0.9071
0.9071
0.9071
0.9071
0.9071
0.9071
0.9071
0.9071
0.9071
0.9071
0.9071
0.9071
0.9071
0.9071
0.9071
0.9071
0.9071
0.9071
0.9071
0.9071
0.9071
0.9071
0.9071
0.9071
0.9071
0.9071
0.9071
0.9071
0.9071
0.9071
0.9071
0.9071
0.9071
0.9071
0.9071
0.9071
0.9071
0.9071
0.9071
0.9071
0.9071
0.9071
0.9071
0.9071
0.9071
0.9071
0.9071
0.9071
0.9071
0.9071
0.9071
0.9071
0.9071
0.9071
0.9071
0.9071
0.9071
0.9071
0.9071
0.9071
0.9071
0.9071
0.9071
0.9071
0.9071
0.9071
0.9071
0.9071
0.9071
0.9071
0.9071
0.9071
0.9071
0.9071
0.9071
0.9071
0.9071
0.9071
0.9071
0.9071
0.9071
0.9071
0.9071
0.9071
0.9071
0.9071
0.9071
0.9071
0.9071
0.9071
0.9071
0.9071
0.9071
0.9071
0.9071
0.9071
0.9071
0.9071
0.9071
0.9071
0.9071
0.9071
0.9071
0.9071
0.9071
0.9071
0.9071
0.9071
0.9071
0.9071
0.9071
0.9071
0.9071
0.9071
0.9071
0.9071
0.9071
0.9071
0.9071
0.9071
0.9071
0.9071
0.9071
0.9071
0.9071
0.9071
0.9071
0.9071
0.9071
0.9071
0.9071
0.9071
0.9071
0.9071
0.9071
0.9071
0.9071
0.9071
0.9071
0.9071
0.9071
0.9071
0.9071
0.9071
0.9071
0.9071
0.9071
0.9071
0.9071
0.9071
0.9071
0.9071
0.9071
0.9071
0.9071
0.9071
0.9071
0.9071
0.9071
0.9071
0.9071
0.9071
0.9071
0.9071
0.9071
0.9071
0.9071
0.9071
0.9071
0.9071
0.9071
0.9071
0.9071
0.9071
0.9071
0.9071
0.9071
0.9071
0.9071
0.9071
0.9071
0.9071
0.9071
0.9071
0.9071
0.9071
0.9071
0.9071
0.9071
0.9071
0.9071
0.9071
0.9071
0.9071
0.9071
0.9071
0.9071
0.9071
0.9071
0.9071
0.9071
0.9071
0.9071
0.9071
0.9071
0.9071
0.9071
0.9071
0.9071
0.9071
0.9071
0.9071
0.9071
0.9071
0.9071
0.9071
0.9071
0.9071
0.9071
0.9071
0.9071
0.9071
0.9071
0.9071
0.9071
0.9071
0.9071
0.9071
0.9071
0.9071
0.9071
0.9071
0.9071
0.9071
0.9071
0.9071
0.9071
0.9071
0.9071
0.9071
0.9071
0.9071
0.9071
0.9071
0.9071
0.9071
0.9071
0.9071
0.9071
0.9071
0.9071
0.9071
0.9071
0.9071
0.9071
0.9071
0.9071
0.9071
0.9071
0.9071
0.9071
0.9071
0.9071
0.9071
0.9071
0.9071
0.9071
0.9071
0.9071
0.9071
0.9071
0.9071
0.9071
0.9071
0.9071
0.9071
0.9071
0.9071
0.9071
0.9071
0.9071
0.9071
0.9071
0.9071
0.9071
0.9071
0.9071
0.9071
0.9071
0.9071
0.9071
0.9071
0.9071
0.9071
0.9071
0.9071
0.9071
0.9071
0.9071
0.9071
0.9071
0.9071
0.9071
0.9071
0.9071
0.9071
0.9071
0.9071
0.9071
0.9071
0.9071
0.9071
0.9071
0.9071
0.9071
0.9071
0.9071
0.9071
0.9071
0.9071
0.9071
0.9071
0.9071
0.9071
0.9071
0.9071
0.9071
0.9071
0.9071
0.9071
0.9071
0.9071
0.9071
0.9071
0.9071
0.9071
0.9071
0.9071
0.9071
0.9071
0.9071
0.9071
0.9071
0.9071
0.9071
0.9071
0.9071
0.9071
0.9071
0.9071
0.9071
0.9071
0.9071
0.9071
0.9071
0.9071
0.9071
0.9071
0.9071
0.9071
0.9071
0.9071
0.9071
0.9071
0.9071
0.9071
0.9071
0.9071
0.9071
0.9071
0.9071
0.9071
0.9071
0.9071
0.9071
0.9071
0.9071
0.9071
0.9071
0.9071
0.9071
0.9071
0.9071
0.9071
0.9071
0.9071
0.9071
0.9071
0.9071
0.9071
0.9071
0.9071
0.9071
0.9071
0.9071
0.9071
0.9071
0.9071
0.9071
0.9071
0.9071
0.9071
0.9071
0.9071
0.9071
0.9071
0.9071
0.9071
0.9071
0.9071
0.9071
0.9071
0.9071
0.9071
0.9071
0.9071
0.9071
0.9071
0.9071
0.9071
0.9071
0.9071
0.9071
0.9071
0.9071
0.9071
0.9071
0.9071
0.9071
0.9071
0.9071
0.9071
0.9071
0.9071
0.9071
0.9071
0.9071
0.9071
0.9071
0.9071
0.9071
0.9071
0.9071
0.9071
0.9071
0.9071
0.9071
0.9071
0.9071
0.9071
0.9071
0.9071
0.9071
0.9071
0.9071
0.9071
0.9071
0.9071
0.9071
0.9071
0.9071
0.9071
0.9071
0.9071
0.9071
0.9071
0.9071
0.9071
0.9071
0.9071
0.9071
0.9071
0.9071
0.9071
0.9071
0.9071
0.9071
0.9071
0.9071
0.9071
0.9071
0.9071
0.9071
0.9071
0.9071
0.9071
0.9071
0.9071
0.9071
0.9071
0.9071
