0.99198	8.86813e-04
0.97213	6.11644e-03
0.96254	8.09493e-03
0.95750	1.24699e-02
0.94681	1.62950e-02
0.92250	8.49029e-03
0.91067	2.18477e-02
0.91577	2.32626e-02
0.88742	2.18406e-02
0.89121	2.29761e-02
0.87384	2.13254e-02
0.85263	2.51890e-02
0.84533	2.44356e-02
0.79900	1.98577e-02
0.80865	3.92214e-02
0.78924	3.58493e-02
0.77754	2.90179e-02
0.76098	2.87829e-02
0.74215	3.69266e-02
0.71792	3.67370e-02
0.71991	3.31385e-02
0.70381	2.01226e-02
0.70247	3.36453e-02
0.66073	4.13672e-02
0.64492	5.81256e-02
0.60928	4.43869e-02
0.60716	3.77190e-02
0.57154	6.19535e-02
0.54635	3.14726e-02
0.52861	4.32672e-02
0.49892	4.40584e-02
0.44167	7.35445e-02
0.39080	6.19838e-02
0.39533	6.54493e-02
0.32853	7.79796e-02
0.30943	6.38155e-02
0.34663	5.41489e-02
0.28021	6.93923e-02
0.27519	8.86630e-02
0.27783	7.95944e-02
0.24523	8.85321e-02
0.15875	7.39911e-02
0.15099	6.99232e-02
0.15514	7.41083e-02
0.16811	6.40119e-02
0.13977	8.00907e-02
0.17747	6.02722e-02
0.12848	6.74627e-02
0.15498	5.94581e-02
0.18636	7.62572e-02
0.15611	7.04323e-02
0.16632	6.62986e-02
0.12908	4.24118e-02
0.13785	7.97199e-02
0.12044	5.81901e-02
0.12578	6.37914e-02
0.12398	5.88444e-02
0.10673	4.55561e-02
0.10023	6.54897e-02
0.11717	6.75043e-02
0.06997	3.48622e-02
0.08725	3.86770e-02
0.09544	3.63052e-02
0.08709	4.31038e-02
0.10735	3.13681e-02
0.09532	4.50022e-02
0.11151	4.60229e-02
0.09786	7.00604e-02
0.09328	5.09267e-02
0.09583	3.53560e-02
0.07641	3.11375e-02
0.09442	5.01512e-02
0.11345	3.67579e-02
0.08145	3.23807e-02
0.08922	4.35473e-02
0.10692	5.11671e-02
0.08604	4.09871e-02
0.07153	5.13751e-02
0.08024	3.39331e-02
0.09477	4.32378e-02
0.08072	4.28573e-02
0.06555	5.36309e-02
0.08845	3.72456e-02
0.09726	6.58767e-02
0.09908	3.77638e-02
0.09095	4.58461e-02
0.08077	3.92265e-02
0.09024	4.35063e-02
0.08991	4.55981e-02
0.07522	3.75540e-02
0.08756	5.26675e-02
0.07691	4.61596e-02
0.07588	3.74723e-02
0.09189	4.43745e-02
0.09318	2.96935e-02
0.05933	3.40921e-02
0.09810	2.59572e-02
0.05819	3.34082e-02
0.09191	3.27425e-02
