1.0000 2.0000
0.9799 1.9495
0.9599 1.9047
0.9399 1.8609
0.9199 1.8165
0.8999 1.7729
0.8799 1.7284
0.8599 1.6842
0.8399 1.6415
0.8199 1.5973
0.7999 1.5547
0.7799 1.5122
0.7599 1.4702
0.7399 1.4283
0.7199 1.3852
0.6999 1.3429
0.6799 1.3014
0.6599 1.2604
0.6399 1.2192
0.6199 1.1787
0.5999 1.1378
0.5799 1.0977
0.5599 1.0562
0.5399 1.0151
0.5199 0.9738
0.4999 0.9344
0.4799 0.8945
0.4596 0.8545
0.4399 0.8149
0.4199 0.7753
0.3999 0.7354
0.3799 0.6968
0.3599 0.6580
0.3399 0.6196
0.3199 0.5820
0.2995 0.5434
0.2799 0.5060
0.2598 0.4680
0.2396 0.4315
0.2192 0.3942
0.1997 0.3571
0.1799 0.3200
0.1599 0.2831
0.1398 0.2456
0.1193 0.2089
0.0993 0.1721
0.0793 0.1365
0.0593 0.1001
0.0395 0.0651
0.0198 0.0296
