1.0000 2.0000
0.9800 1.9504
0.9600 1.9055
0.9400 1.8618
0.9200 1.8175
0.9000 1.7736
0.8800 1.7305
0.8600 1.6872
0.8400 1.6440
0.8200 1.6011
0.8000 1.5586
0.7800 1.5152
0.7600 1.4723
0.7400 1.4297
0.7200 1.3871
0.7000 1.3446
0.6800 1.3025
0.6600 1.2610
0.6400 1.2190
0.6200 1.1775
0.6000 1.1364
0.5800 1.0959
0.5600 1.0555
0.5400 1.0152
0.5200 0.9748
0.5000 0.9343
0.4800 0.8947
0.4600 0.8549
0.4400 0.8155
0.4200 0.7758
0.4000 0.7374
0.3798 0.6988
0.3600 0.6608
0.3400 0.6221
0.3200 0.5835
0.3000 0.5457
0.2800 0.5080
0.2600 0.4701
0.2387 0.4320
0.2191 0.3945
0.1995 0.3570
0.1798 0.3194
0.1597 0.2826
0.1394 0.2460
0.1198 0.2092
0.0999 0.1739
0.0799 0.1378
0.0599 0.1017
0.0399 0.0655
0.0200 0.0304
