1.0000 2.0000
0.9800 1.9492
0.9600 1.9054
0.9400 1.8607
0.9200 1.8163
0.9000 1.7718
0.8800 1.7282
0.8600 1.6853
0.8400 1.6417
0.8199 1.5981
0.7999 1.5554
0.7799 1.5127
0.7599 1.4699
0.7399 1.4274
0.7199 1.3852
0.6999 1.3431
0.6799 1.3017
0.6599 1.2593
0.6399 1.2180
0.6199 1.1766
0.5998 1.1356
0.5799 1.0945
0.5599 1.0533
0.5399 1.0122
0.5199 0.9720
0.4999 0.9316
0.4799 0.8912
0.4599 0.8520
0.4399 0.8120
0.4197 0.7725
0.3991 0.7332
0.3791 0.6947
0.3592 0.6565
0.3392 0.6188
0.3189 0.5811
0.2992 0.5428
0.2785 0.5044
0.2590 0.4675
0.2392 0.4306
0.2182 0.3933
0.1981 0.3563
0.1778 0.3193
0.1582 0.2832
0.1386 0.2462
0.1189 0.2098
0.0989 0.1735
0.0793 0.1368
0.0597 0.1003
0.0398 0.0653
0.0199 0.0304
