0.98286	2.49610e-03
0.98209	1.93625e-03
0.98459	1.36964e-03
0.98382	1.83108e-03
0.98191	2.25193e-03
0.98069	1.96615e-03
0.97900	2.28546e-03
0.97789	3.17198e-03
0.97789	3.21134e-03
0.97545	2.01448e-03
0.97574	2.16003e-03
0.97383	2.29662e-03
0.97437	3.07488e-03
0.97353	3.43815e-03
0.97349	2.55146e-03
0.97137	3.31737e-03
0.97063	2.98660e-03
0.96954	4.08025e-03
0.96931	2.58436e-03
0.96853	3.70137e-03
0.96843	3.89594e-03
0.96630	3.00894e-03
0.96642	3.74715e-03
0.96315	3.74472e-03
0.96375	3.45758e-03
0.96224	3.69162e-03
0.96139	3.44336e-03
0.96305	3.14601e-03
0.96192	5.33157e-03
0.96118	4.51989e-03
0.95847	4.85664e-03
0.95695	4.51762e-03
0.95627	5.84969e-03
0.95711	4.19381e-03
0.95483	7.01960e-03
0.95785	4.11219e-03
0.95359	7.22430e-03
0.95485	3.77716e-03
0.95329	3.63081e-03
0.95211	6.99987e-03
0.95134	6.57879e-03
0.94872	6.46080e-03
0.94783	5.13894e-03
0.94654	5.49667e-03
0.94563	3.71569e-03
0.94683	8.58821e-03
0.94556	6.25547e-03
0.94461	7.26402e-03
0.94493	4.91296e-03
0.94244	5.66788e-03
0.94322	5.71698e-03
0.94138	5.33603e-03
0.93968	4.53778e-03
0.93674	5.97428e-03
0.93572	6.35649e-03
0.94055	7.77401e-03
0.93615	7.02912e-03
0.93790	5.98063e-03
0.93615	3.64987e-03
0.93375	4.18366e-03
0.93505	7.14604e-03
0.92997	6.19833e-03
0.92951	3.49169e-03
0.93174	4.98153e-03
0.93118	4.29176e-03
0.92613	3.43619e-03
0.92924	6.26375e-03
0.92964	6.88311e-03
0.92499	4.66851e-03
0.92662	5.47433e-03
0.92468	5.30604e-03
0.92360	5.47610e-03
0.92309	6.34461e-03
0.92072	7.60900e-03
0.92098	8.44373e-03
0.92364	6.61638e-03
0.92197	8.00165e-03
0.92145	5.81207e-03
0.91942	7.68424e-03
0.92007	3.57345e-03
0.91534	7.42153e-03
0.91325	8.34600e-03
0.91482	5.06281e-03
0.91521	7.13842e-03
0.91363	5.46254e-03
0.91221	7.92713e-03
0.91748	6.58491e-03
0.91847	7.50095e-03
0.90976	8.50550e-03
0.91302	7.34201e-03
0.90792	6.21596e-03
0.90621	5.88955e-03
0.90631	8.18266e-03
0.90848	9.77785e-03
0.90283	7.00729e-03
0.90299	6.69371e-03
0.90469	7.26709e-03
0.90252	6.68780e-03
0.90327	7.33307e-03
0.90731	6.20849e-03
0.89949	1.07532e-02
0.89901	7.24811e-03
0.90222	8.17839e-03
0.89867	8.93543e-03
0.89675	5.15687e-03
0.89514	1.29267e-02
0.89505	9.03268e-03
0.89518	5.57725e-03
0.89543	9.25713e-03
0.89214	1.05194e-02
0.89873	8.18427e-03
0.89434	7.25715e-03
0.89346	6.89372e-03
0.89313	6.50872e-03
0.88854	1.30062e-02
0.89033	1.09343e-02
0.88681	6.01893e-03
0.88995	8.82345e-03
0.88703	6.72972e-03
0.88626	6.59038e-03
0.88393	9.95403e-03
0.88804	1.18180e-02
0.88845	8.26681e-03
0.88314	9.55777e-03
0.88214	1.01997e-02
0.88626	7.01781e-03
0.88377	1.05247e-02
0.88248	7.59649e-03
0.88072	9.82596e-03
0.87977	8.49007e-03
0.88688	8.09781e-03
0.88523	9.82491e-03
0.88032	8.61674e-03
0.87656	6.85136e-03
0.88095	6.70312e-03
0.87897	7.56488e-03
0.88004	8.65586e-03
0.87716	9.22049e-03
0.87952	8.67900e-03
0.87233	6.99615e-03
0.88217	1.26130e-02
0.87783	1.22755e-02
0.87529	9.05115e-03
0.86805	1.04060e-02
0.87188	1.38423e-02
0.86924	8.46427e-03
0.87385	6.67686e-03
0.86795	8.04548e-03
0.86920	6.49899e-03
0.86809	7.15671e-03
0.86787	5.17553e-03
0.86353	1.06882e-02
0.86931	1.08257e-02
0.86590	1.26526e-02
0.86438	1.11929e-02
0.86101	1.10423e-02
0.86106	1.01491e-02
0.86003	1.07302e-02
0.86153	7.55042e-03
0.85632	7.96198e-03
0.85465	1.20519e-02
0.85923	1.05212e-02
0.86095	1.35178e-02
0.85079	7.15645e-03
0.85483	1.04429e-02
0.85688	9.84202e-03
0.85018	8.74024e-03
0.85529	1.04044e-02
0.85245	1.10501e-02
0.84912	6.84226e-03
0.85387	1.14946e-02
0.85549	1.00196e-02
0.85035	9.90663e-03
0.85245	8.78777e-03
0.85030	1.05021e-02
0.84418	9.67529e-03
0.84480	7.74988e-03
0.84571	1.40624e-02
0.84464	1.02396e-02
0.84326	1.14532e-02
0.83653	1.00226e-02
0.84385	1.04973e-02
0.84088	8.50918e-03
0.83631	1.09784e-02
0.83616	9.81396e-03
0.84558	1.84788e-02
0.83687	9.43175e-03
0.83811	8.58377e-03
0.83372	1.19965e-02
0.83783	7.62138e-03
0.83855	1.08367e-02
0.83236	1.27955e-02
0.83164	1.07657e-02
0.83770	8.95879e-03
0.83316	1.46229e-02
0.83295	7.72551e-03
0.84039	9.30151e-03
0.83328	1.06871e-02
0.83402	1.25478e-02
0.83121	1.04267e-02
0.82866	7.72039e-03
0.82163	1.03718e-02
0.83368	1.51019e-02
0.82758	1.10200e-02
0.83068	6.28304e-03
0.82477	1.16924e-02
0.82610	9.59868e-03
0.82381	1.16550e-02
0.82503	1.19657e-02
0.82623	1.10888e-02
0.82581	1.39203e-02
0.82589	1.32155e-02
0.82516	1.43238e-02
0.81727	1.16612e-02
0.82153	1.75044e-02
0.81635	1.34185e-02
0.81808	1.26214e-02
0.82737	1.23434e-02
0.81874	1.14087e-02
0.81914	1.22350e-02
0.81837	1.36485e-02
0.81463	1.01351e-02
0.81983	1.12563e-02
0.81775	1.22332e-02
0.81372	1.32404e-02
0.81299	1.34073e-02
0.81426	1.30314e-02
0.81212	1.14954e-02
0.81326	1.42734e-02
0.81040	1.69869e-02
0.81274	1.48866e-02
0.81081	1.39198e-02
0.80824	1.27832e-02
0.80376	1.38687e-02
0.81617	1.23381e-02
0.80756	1.73445e-02
0.80230	1.36281e-02
0.80263	1.75024e-02
0.80432	1.37278e-02
0.80019	1.54356e-02
0.80900	9.45261e-03
0.79802	1.23440e-02
0.80422	1.41948e-02
0.79684	1.75189e-02
0.80024	1.59606e-02
0.80168	1.40880e-02
0.79861	9.14597e-03
0.79501	8.88962e-03
0.79838	1.71980e-02
0.79530	1.47558e-02
0.79537	1.60179e-02
0.79645	1.52872e-02
0.79539	1.91888e-02
0.79484	7.29103e-03
0.79117	1.39756e-02
0.79068	1.57006e-02
0.78930	1.32564e-02
0.79167	1.41370e-02
0.78264	1.61491e-02
0.78672	9.34301e-03
0.79092	1.59655e-02
0.78875	1.59695e-02
0.78531	1.66782e-02
0.78517	1.32061e-02
0.77958	1.66852e-02
0.79007	1.48117e-02
0.78373	1.50762e-02
0.78313	1.94039e-02
0.77742	1.66327e-02
0.78066	1.44813e-02
0.77976	1.30971e-02
0.78102	1.91673e-02
0.77941	1.67179e-02
0.77970	2.03681e-02
0.77309	2.25922e-02
0.77532	1.01460e-02
0.77510	1.59087e-02
0.78172	1.40310e-02
0.77534	1.69256e-02
0.77614	1.85908e-02
0.76573	1.79270e-02
0.76855	1.41523e-02
0.76725	2.12491e-02
0.77182	2.00736e-02
0.76851	1.06927e-02
0.77046	1.67605e-02
0.76838	1.13142e-02
0.77016	1.30693e-02
0.76655	1.93802e-02
0.76436	1.31411e-02
0.77346	1.75598e-02
0.76487	1.71464e-02
0.76217	1.00848e-02
0.76861	1.29987e-02
0.76108	1.65586e-02
0.76268	1.19399e-02
0.76566	1.72020e-02
0.76565	1.09945e-02
0.76588	1.64666e-02
0.76268	1.52033e-02
0.76379	1.71391e-02
0.76425	1.11935e-02
0.75830	1.35822e-02
0.76093	1.53030e-02
0.74975	1.33140e-02
0.75497	1.20150e-02
0.75166	1.04546e-02
0.75384	1.96343e-02
0.75651	2.09733e-02
0.75545	1.19970e-02
0.74251	1.76695e-02
0.74002	1.39507e-02
0.74866	1.31031e-02
0.74829	1.89542e-02
0.75109	7.19708e-03
0.74360	9.90978e-03
0.74268	1.59483e-02
0.74609	1.29869e-02
0.74476	1.64539e-02
0.74573	1.83422e-02
0.74518	1.75235e-02
0.74551	1.58549e-02
0.74169	2.09847e-02
0.74481	1.16848e-02
0.73555	1.67337e-02
0.74320	1.44285e-02
0.73882	2.37194e-02
0.73959	1.60952e-02
0.73368	1.75314e-02
0.73506	1.41803e-02
0.72849	1.87577e-02
0.72421	1.38509e-02
0.73038	1.56320e-02
0.73191	1.45620e-02
0.73039	1.19242e-02
0.72329	1.47136e-02
0.72042	9.31048e-03
0.72428	1.32938e-02
0.73144	1.55842e-02
0.72152	1.48608e-02
0.71773	1.86095e-02
0.72088	1.99271e-02
0.73200	1.48987e-02
0.72448	1.32429e-02
0.71943	1.00325e-02
0.71819	1.12128e-02
0.72022	1.84220e-02
0.71893	7.38700e-03
0.71527	1.17906e-02
0.71519	1.18286e-02
0.72263	2.02388e-02
0.71549	1.60915e-02
0.72378	1.13459e-02
0.71110	1.44968e-02
0.71368	1.62156e-02
0.71879	1.69341e-02
0.70626	9.34182e-03
0.71417	9.35002e-03
0.71070	1.74223e-02
0.70559	1.24648e-02
0.71060	2.08783e-02
0.70422	1.79891e-02
0.70332	1.59014e-02
0.71107	1.47374e-02
0.71290	9.50172e-03
0.70541	1.41421e-02
0.69904	1.58610e-02
0.71102	2.30683e-02
0.70308	1.56704e-02
0.70440	1.20444e-02
0.70369	1.60864e-02
0.70313	1.74934e-02
0.70262	1.38522e-02
0.70357	1.67368e-02
0.69802	1.86449e-02
0.70613	1.45869e-02
0.69495	1.35344e-02
0.70458	1.36793e-02
0.70257	1.43459e-02
0.70694	1.00523e-02
0.69416	1.64320e-02
0.69501	1.66277e-02
0.69114	1.16675e-02
0.69355	1.84986e-02
0.69062	1.56942e-02
0.69892	1.06776e-02
0.68739	1.63053e-02
0.69600	1.52901e-02
0.68680	1.64336e-02
0.69033	1.47608e-02
0.68890	1.05456e-02
0.68339	1.09064e-02
0.68726	1.52190e-02
0.68399	1.45674e-02
0.68731	1.93593e-02
0.68460	1.94604e-02
0.67784	1.21335e-02
0.68982	1.43059e-02
0.68090	1.02917e-02
0.68204	1.40545e-02
0.68223	1.52787e-02
0.68651	1.02056e-02
0.68373	2.50658e-02
0.68007	2.12380e-02
0.68452	1.81163e-02
0.67702	1.27451e-02
0.67659	1.75515e-02
0.68293	1.54005e-02
0.68323	1.72880e-02
0.68017	1.82639e-02
0.67850	1.44197e-02
0.67832	2.33522e-02
0.67437	1.19799e-02
0.68306	2.11203e-02
0.67240	1.47779e-02
0.67545	2.08254e-02
0.67091	1.33817e-02
0.67536	1.74892e-02
0.66781	2.43903e-02
0.67173	1.81187e-02
0.67395	1.28412e-02
0.67811	1.82499e-02
0.66937	1.12680e-02
0.66978	1.70323e-02
0.67687	1.54937e-02
0.66615	1.30338e-02
0.66883	1.95565e-02
0.66481	1.21609e-02
0.66315	1.89349e-02
0.67206	1.31434e-02
0.66980	2.59908e-02
0.66806	1.73834e-02
0.65805	1.26903e-02
0.65728	1.67244e-02
0.65331	1.80240e-02
0.66294	9.26745e-03
0.65972	2.07586e-02
0.65232	1.41163e-02
0.65839	1.74859e-02
0.66342	1.96180e-02
0.65946	1.49751e-02
0.66518	1.59733e-02
0.65042	2.13765e-02
0.65536	2.44270e-02
0.65512	1.75417e-02
0.65974	1.49356e-02
0.65219	1.53688e-02
0.65894	1.57428e-02
0.65362	2.00914e-02
0.64843	1.82221e-02
0.65435	2.10652e-02
0.65646	2.23279e-02
0.65368	2.57436e-02
0.65229	1.72120e-02
0.64644	2.65975e-02
0.65401	1.70754e-02
0.64676	2.05475e-02
0.64950	2.33162e-02
0.64840	2.03312e-02
0.64842	2.41305e-02
0.64474	1.70639e-02
0.65103	1.97768e-02
0.64508	2.11314e-02
0.65364	2.04593e-02
0.64310	2.76761e-02
0.63893	1.61511e-02
0.63475	3.02622e-02
0.64441	2.65225e-02
0.64056	1.53805e-02
0.63802	1.71575e-02
0.63075	1.97094e-02
0.63408	1.80561e-02
0.64868	2.32750e-02
0.63736	2.05070e-02
0.64367	2.44934e-02
0.63942	1.76822e-02
0.64231	2.40672e-02
0.63857	2.51359e-02
0.62672	2.05880e-02
0.63128	2.93845e-02
0.63548	2.10700e-02
0.62799	3.25459e-02
0.62813	2.40961e-02
0.63281	2.76241e-02
0.63461	2.02836e-02
0.62807	2.24065e-02
0.63022	2.16888e-02
0.62877	2.04606e-02
0.63203	2.19093e-02
0.62949	2.19705e-02
0.63216	2.15691e-02
0.61467	2.04325e-02
0.62756	1.38151e-02
0.61855	2.30308e-02
0.62342	1.82239e-02
0.62213	1.77368e-02
0.62009	2.16017e-02
0.62606	2.51663e-02
0.61058	1.81728e-02
0.61036	2.13559e-02
0.62247	1.56820e-02
0.61513	1.67813e-02
0.60895	1.92399e-02
0.60664	2.13391e-02
0.61779	2.18328e-02
0.60830	2.30525e-02
0.60869	2.23399e-02
0.60262	2.85679e-02
0.61001	2.42913e-02
0.60502	2.11863e-02
0.60642	1.60804e-02
0.59955	1.80150e-02
0.61172	1.84917e-02
0.60487	1.55759e-02
0.59796	2.33528e-02
0.60174	2.27032e-02
0.60286	1.36484e-02
0.60281	2.15634e-02
0.60528	2.06776e-02
0.59889	1.88149e-02
0.60422	2.00562e-02
0.60794	1.47579e-02
0.60211	2.21013e-02
0.60365	8.12626e-03
0.60429	2.41825e-02
0.60947	2.17142e-02
0.60268	1.89303e-02
0.59393	1.60133e-02
0.60043	2.33097e-02
0.59659	1.77041e-02
0.58995	2.08445e-02
0.59622	1.90945e-02
0.60065	2.36171e-02
0.59350	1.52114e-02
0.60053	2.56602e-02
0.60274	2.20431e-02
0.59496	2.57785e-02
0.58840	1.81254e-02
0.58677	2.04315e-02
0.58686	2.19743e-02
0.58769	2.01426e-02
0.59008	2.10496e-02
0.58805	1.83569e-02
0.59960	1.72762e-02
0.58814	2.35290e-02
0.59765	1.71868e-02
0.59015	2.40117e-02
0.59242	1.52620e-02
0.59309	2.28906e-02
0.58373	2.62007e-02
0.58986	2.64657e-02
0.58447	1.88005e-02
0.58476	1.52257e-02
0.59134	2.64421e-02
0.58744	1.69907e-02
0.58448	2.50447e-02
0.58974	2.48398e-02
0.58054	1.49659e-02
0.57489	2.01469e-02
0.57450	1.46195e-02
0.57259	2.04692e-02
0.58063	1.23689e-02
0.58299	2.00993e-02
0.58021	1.92312e-02
0.57096	1.79961e-02
0.57179	2.00604e-02
0.57826	1.23556e-02
0.56920	2.46340e-02
0.57840	1.89387e-02
0.57006	1.23797e-02
0.56955	1.39197e-02
0.56465	2.17699e-02
0.57686	1.23383e-02
0.57083	1.61756e-02
0.57506	2.21386e-02
0.57567	1.40488e-02
0.57545	2.30249e-02
0.57026	1.61263e-02
0.56727	1.22985e-02
0.57127	1.30024e-02
0.57598	1.47504e-02
0.56825	1.73872e-02
0.56400	1.82295e-02
0.57413	1.26095e-02
0.56448	1.72986e-02
0.56809	1.76863e-02
0.56761	2.60639e-02
0.57214	2.43832e-02
0.56629	1.40197e-02
0.55984	1.32980e-02
0.56963	2.03859e-02
0.56028	1.81372e-02
0.56492	2.20145e-02
0.55889	2.39565e-02
0.56256	1.74349e-02
0.56169	1.89170e-02
0.55653	2.02641e-02
0.55764	1.98108e-02
0.56319	2.26975e-02
0.56514	1.50837e-02
0.56063	2.64251e-02
0.56326	1.56555e-02
0.55088	2.24302e-02
0.55395	2.00979e-02
0.55545	1.53520e-02
0.55950	2.54548e-02
0.55670	2.21169e-02
0.55619	2.46076e-02
0.56317	2.30555e-02
0.55667	2.94142e-02
0.56266	2.06807e-02
0.56707	1.75703e-02
0.55852	2.20296e-02
0.55012	1.95313e-02
0.55546	2.04419e-02
0.55099	2.13388e-02
0.55138	3.08406e-02
0.55781	1.76629e-02
0.55251	1.65198e-02
0.54988	1.11948e-02
0.55480	1.94131e-02
0.56493	2.31419e-02
0.54734	1.96740e-02
0.55973	1.26016e-02
0.54856	1.77842e-02
0.54940	1.35462e-02
0.54937	1.88020e-02
0.53698	2.22559e-02
0.54979	1.94637e-02
0.54270	2.14688e-02
0.56196	1.84713e-02
0.55497	2.39831e-02
0.55260	1.14785e-02
0.56033	2.23838e-02
0.55068	1.89887e-02
0.55107	1.96427e-02
0.54976	1.57308e-02
0.54637	1.11239e-02
0.55803	1.73540e-02
0.54935	1.75797e-02
0.54779	1.24865e-02
0.54724	1.18536e-02
0.54262	1.38320e-02
0.53783	1.86119e-02
0.54563	1.77558e-02
0.54708	1.94547e-02
0.53917	1.17682e-02
0.55481	1.92558e-02
0.54725	1.85660e-02
0.53740	1.42555e-02
0.54261	2.17546e-02
0.54120	1.66702e-02
0.54237	1.67189e-02
0.54696	2.51569e-02
0.53858	2.41497e-02
0.54360	1.52509e-02
0.53796	1.45568e-02
0.53935	8.13413e-03
0.53466	1.38350e-02
0.53631	1.85530e-02
0.53702	1.65771e-02
0.53715	1.95522e-02
0.53638	2.33340e-02
0.54080	1.60240e-02
0.54234	2.15572e-02
0.54714	2.37139e-02
0.53922	2.16324e-02
0.53366	1.63966e-02
0.52737	2.58498e-02
0.53535	1.90844e-02
0.52868	2.09488e-02
0.53367	1.63949e-02
0.53966	2.19340e-02
0.53325	2.38459e-02
0.52188	2.96492e-02
0.53713	2.60278e-02
0.52995	3.03801e-02
0.53717	1.79000e-02
0.52097	2.36327e-02
0.53119	2.29240e-02
0.53323	2.80319e-02
0.52806	2.46158e-02
0.52603	1.60342e-02
0.53477	2.19993e-02
0.52899	2.67956e-02
0.52685	2.50684e-02
0.53885	1.56150e-02
0.52989	2.47293e-02
0.53710	2.49187e-02
0.53688	2.00218e-02
0.52573	1.39559e-02
0.53516	2.14723e-02
0.52149	2.28209e-02
0.51873	2.16627e-02
0.53096	1.90755e-02
0.52631	1.93406e-02
0.52160	2.53908e-02
0.51924	2.20159e-02
0.52346	2.47858e-02
0.51461	3.41082e-02
0.53474	1.90135e-02
0.52248	2.48425e-02
0.51903	2.06696e-02
0.52526	2.11004e-02
0.52270	2.25995e-02
0.51904	1.61219e-02
0.52396	2.47886e-02
0.51172	3.14937e-02
0.51997	2.35184e-02
0.51599	3.07466e-02
0.51512	2.49662e-02
0.51582	1.50454e-02
0.51705	2.48116e-02
0.52192	2.48115e-02
0.51608	3.01184e-02
0.50669	2.23861e-02
0.52169	2.55607e-02
0.52648	1.99862e-02
0.51861	2.29925e-02
0.51682	2.15476e-02
0.51846	1.78396e-02
0.51984	2.60944e-02
0.51035	2.27792e-02
0.51398	2.65037e-02
0.51497	2.24795e-02
0.51997	1.60584e-02
0.52348	3.06702e-02
0.52109	2.50898e-02
0.51380	2.42238e-02
0.52583	1.71208e-02
0.52095	1.63335e-02
0.51183	1.73555e-02
0.51963	2.42306e-02
0.51461	3.13958e-02
0.51285	2.57392e-02
0.51188	2.04685e-02
0.51893	2.71525e-02
0.51413	2.22389e-02
0.50542	1.75769e-02
0.51849	2.46931e-02
0.50215	2.16268e-02
0.49843	2.29842e-02
0.50912	1.65102e-02
0.50948	2.96415e-02
0.50429	2.46046e-02
0.50935	2.92728e-02
0.50807	3.02939e-02
0.50718	2.36180e-02
0.49855	2.36688e-02
0.50379	2.97709e-02
0.50049	2.51330e-02
0.51076	2.09145e-02
0.50890	2.06178e-02
0.49629	3.64866e-02
0.50383	2.41370e-02
0.50564	2.86561e-02
0.49850	2.54145e-02
0.50301	2.30760e-02
0.49959	2.59198e-02
0.50326	1.00160e-02
0.49390	2.25000e-02
0.49879	2.10411e-02
0.50384	1.63809e-02
0.50344	2.39780e-02
0.49764	2.64635e-02
0.49038	2.27130e-02
0.50263	1.74101e-02
0.50597	2.25812e-02
0.49402	2.06665e-02
0.48874	1.95430e-02
0.49946	1.86035e-02
0.50190	2.44133e-02
0.50336	2.28372e-02
0.49074	2.12618e-02
0.49877	2.57992e-02
0.50200	2.55051e-02
0.49958	2.57606e-02
0.47792	2.31539e-02
0.49808	3.23152e-02
0.49381	1.94767e-02
0.50779	1.57311e-02
0.49861	2.25842e-02
0.49914	2.28385e-02
0.48894	1.83828e-02
0.49382	3.02522e-02
0.50811	3.31233e-02
0.49411	2.65058e-02
0.49383	2.62581e-02
0.49695	2.45193e-02
0.50014	2.94669e-02
0.49643	2.66809e-02
0.49376	2.56572e-02
0.49742	1.61228e-02
0.47501	2.28097e-02
0.48441	3.18995e-02
0.48541	2.51483e-02
0.49750	2.04975e-02
0.49126	2.50471e-02
0.49377	2.25064e-02
0.49140	2.19450e-02
0.48346	1.88276e-02
0.49379	2.03004e-02
0.49444	1.98296e-02
0.48111	2.23991e-02
0.49574	2.17993e-02
0.47633	2.21587e-02
0.48633	1.91467e-02
0.48459	1.84893e-02
0.49200	2.54861e-02
0.47778	2.32861e-02
0.47047	2.34717e-02
0.49223	2.88063e-02
0.48777	3.30169e-02
0.48751	1.86470e-02
0.47770	1.54322e-02
0.48485	2.13130e-02
0.47949	2.05983e-02
0.46547	3.10755e-02
0.47693	3.05391e-02
0.47393	2.67043e-02
0.48271	2.34976e-02
0.48531	1.74387e-02
0.48298	1.64760e-02
0.48139	2.10467e-02
0.47520	2.00377e-02
0.47984	2.79070e-02
0.48311	2.15299e-02
0.47895	2.61983e-02
0.48386	1.66503e-02
0.48067	1.19024e-02
0.48082	3.15100e-02
0.47778	1.83899e-02
0.47925	1.15087e-02
0.48014	3.42264e-02
0.47495	2.20505e-02
0.48650	2.01038e-02
0.47441	1.90036e-02
0.47942	1.86329e-02
0.46949	2.58759e-02
0.48792	1.95968e-02
0.47540	2.81529e-02
0.47442	1.66018e-02
0.48175	1.86656e-02
0.47797	2.66198e-02
0.47442	1.26083e-02
0.47954	3.02383e-02
0.47631	1.96225e-02
0.47961	3.25135e-02
0.47124	2.02469e-02
0.48351	2.57772e-02
0.47342	2.84267e-02
0.47007	2.23308e-02
0.47407	2.46924e-02
0.46044	1.66105e-02
0.47617	2.24094e-02
0.47362	2.17274e-02
0.47108	2.28211e-02
0.45718	2.07773e-02
0.46221	2.41897e-02
0.46598	2.20036e-02
0.46808	2.24304e-02
0.46559	2.09637e-02
0.46507	2.26170e-02
0.45730	2.21614e-02
0.46063	2.41824e-02
0.45309	3.38418e-02
0.46702	2.13785e-02
0.46207	2.82695e-02
0.46049	1.65579e-02
0.44827	3.08024e-02
0.46219	2.47691e-02
0.45727	2.35384e-02
0.45599	3.58153e-02
0.45152	2.22890e-02
0.46088	1.81150e-02
0.46415	1.76396e-02
0.46243	2.90386e-02
0.46189	2.26166e-02
0.44678	2.62075e-02
0.45852	2.35135e-02
0.45513	1.88712e-02
0.45762	2.47202e-02
0.46704	2.77761e-02
0.45594	1.36285e-02
0.45993	1.49658e-02
0.45696	1.88816e-02
0.44937	2.21038e-02
0.43876	2.90507e-02
0.45565	2.04023e-02
0.44686	2.71923e-02
0.46159	2.08051e-02
0.45053	1.84747e-02
0.45758	2.09816e-02
0.45185	2.92288e-02
0.45044	1.71855e-02
0.45162	2.77107e-02
0.44526	2.50830e-02
0.45938	3.24525e-02
0.45101	2.47149e-02
0.44907	1.62503e-02
0.44163	2.65752e-02
0.44105	2.63093e-02
0.44269	2.59215e-02
0.46232	2.24816e-02
0.45012	2.82585e-02
0.43910	2.33544e-02
0.45093	2.76573e-02
0.43031	3.40023e-02
0.43139	2.39561e-02
0.42612	2.10766e-02
0.42823	1.79918e-02
0.42117	1.94621e-02
0.42438	1.66554e-02
0.42231	1.86051e-02
0.42428	2.45271e-02
0.41608	2.57427e-02
0.41094	2.52636e-02
0.41129	2.47192e-02
0.41456	2.20201e-02
0.41967	2.73424e-02
0.40930	1.25806e-02
0.41561	1.88022e-02
0.41718	2.74888e-02
0.41114	1.81648e-02
0.41705	2.95773e-02
0.41536	2.76912e-02
0.42235	2.08085e-02
0.40996	2.34507e-02
0.40157	3.20750e-02
0.40817	3.57883e-02
0.40048	2.96126e-02
0.40481	2.74196e-02
0.40309	2.23462e-02
0.41177	2.40956e-02
0.39908	2.78843e-02
0.40702	2.53394e-02
0.40398	2.93406e-02
0.40480	3.21760e-02
0.40854	3.76378e-02
0.39859	3.06267e-02
0.41354	2.56840e-02
0.39997	2.86682e-02
0.40778	3.04599e-02
0.40372	3.04179e-02
0.40539	2.87734e-02
0.40369	3.26264e-02
0.40157	2.82222e-02
0.40001	3.45936e-02
0.41487	3.26280e-02
0.40603	2.45012e-02
0.40037	2.45268e-02
0.40114	3.56957e-02
0.40186	2.83734e-02
0.40156	2.92197e-02
0.39539	2.85472e-02
0.40905	3.85969e-02
0.40995	2.61569e-02
0.39738	2.10549e-02
0.40034	3.30079e-02
0.40537	3.40023e-02
0.39663	3.11549e-02
0.40608	2.81550e-02
0.40528	3.81605e-02
0.39714	2.53274e-02
0.38569	3.14246e-02
0.40578	3.33056e-02
0.39945	3.28705e-02
0.38951	1.96334e-02
0.39929	3.06242e-02
0.39297	3.17381e-02
0.38649	2.47989e-02
0.39694	2.81961e-02
0.38818	2.84074e-02
0.40531	3.90453e-02
0.38790	3.65280e-02
0.39294	2.64616e-02
0.39266	3.32108e-02
0.40121	3.17345e-02
0.38943	3.77571e-02
0.37937	3.71905e-02
0.38007	3.75776e-02
0.37597	2.93921e-02
0.37605	2.99101e-02
0.38388	3.63327e-02
0.36952	3.85030e-02
0.38796	2.68101e-02
0.37238	2.77806e-02
0.35500	3.55975e-02
0.34640	4.10503e-02
0.34556	5.42682e-02
0.33441	6.39137e-02
0.33041	4.64979e-02
0.32800	4.64201e-02
0.31587	4.94116e-02
0.31590	5.30208e-02
0.32481	5.54787e-02
0.32627	6.20260e-02
0.30755	5.55220e-02
0.28622	5.35493e-02
0.29413	5.55454e-02
0.31415	5.06349e-02
0.30802	5.03018e-02
0.31555	6.42556e-02
0.30967	5.33938e-02
0.31829	5.31026e-02
0.33536	5.09188e-02
0.33871	5.13104e-02
0.34640	4.51415e-02
0.36172	4.79494e-02
0.35258	4.71568e-02
0.35739	5.74762e-02
0.36524	4.38733e-02
0.36295	3.71815e-02
0.37688	3.94886e-02
0.38048	3.50250e-02
0.38521	4.24002e-02
0.39336	4.54020e-02
0.40220	4.14163e-02
0.40421	4.15277e-02
0.41590	4.66943e-02
0.41917	4.79347e-02
0.42990	3.49184e-02
0.43378	4.56410e-02
0.44024	3.74143e-02
0.44718	4.36650e-02
0.44676	4.08456e-02
0.45470	4.19188e-02
0.46051	3.86125e-02
0.45233	3.35767e-02
0.45914	3.61565e-02
0.48636	4.29487e-02
0.49218	3.43348e-02
0.49908	4.50609e-02
0.50044	4.56542e-02
0.50432	3.88869e-02
0.50843	3.89778e-02
0.51005	4.55544e-02
0.51338	4.64031e-02
0.52345	4.04199e-02
0.52198	3.63666e-02
0.52511	4.30421e-02
0.52161	4.96399e-02
0.53054	4.68682e-02
0.54951	3.19414e-02
0.54711	4.51512e-02
0.55448	4.01522e-02
0.55881	3.24276e-02
0.56852	3.22222e-02
0.56999	3.23958e-02
0.57685	3.07717e-02
0.57474	3.23567e-02
0.57995	3.18260e-02
0.58646	3.43588e-02
0.59205	2.75078e-02
0.59976	3.48581e-02
0.60893	3.26046e-02
0.60445	3.00060e-02
0.61116	4.48297e-02
0.61516	2.35832e-02
0.61277	2.26755e-02
0.62281	2.64950e-02
0.62499	2.87654e-02
0.63094	2.30587e-02
0.63579	3.54521e-02
0.64079	3.24361e-02
0.64437	3.38415e-02
0.65086	2.96495e-02
0.65345	2.91146e-02
0.66179	3.58600e-02
0.65811	3.45097e-02
0.65900	2.91702e-02
0.65437	3.78923e-02
0.66109	3.55242e-02
0.67381	3.29843e-02
0.66955	3.50758e-02
0.67758	3.22950e-02
0.67949	2.61438e-02
0.68409	2.74357e-02
0.68353	2.59443e-02
0.67685	2.44530e-02
0.68607	2.12483e-02
0.68667	2.50417e-02
0.69481	2.21416e-02
0.69600	2.40143e-02
0.69841	2.33309e-02
0.71067	2.50490e-02
0.71032	2.48837e-02
0.71361	2.64976e-02
0.71708	2.24661e-02
0.71264	2.37674e-02
0.71266	2.72285e-02
0.72307	1.50492e-02
0.71705	2.31895e-02
0.72387	2.05076e-02
0.72194	2.13908e-02
0.72316	2.72906e-02
0.73019	2.36766e-02
0.73192	2.54672e-02
0.73790	2.69480e-02
0.73480	1.88417e-02
0.73872	2.69805e-02
0.73634	2.93232e-02
0.73514	2.81703e-02
0.74909	2.84609e-02
0.74885	2.09901e-02
0.75112	2.40847e-02
0.75381	1.88364e-02
0.75634	2.20299e-02
0.75335	2.61388e-02
0.76566	1.86532e-02
0.76626	1.96309e-02
0.76613	2.95503e-02
0.76967	2.59007e-02
0.77733	2.23810e-02
0.78097	2.52972e-02
0.77994	2.50231e-02
0.77735	2.26581e-02
0.78993	2.04289e-02
0.78907	1.51841e-02
0.78645	2.22591e-02
0.79286	1.93888e-02
0.79388	1.61515e-02
0.79215	1.43295e-02
0.79858	1.78698e-02
0.79719	2.26854e-02
0.79406	1.93706e-02
0.79807	1.71265e-02
0.80203	1.74928e-02
0.80252	2.46311e-02
0.81047	1.71136e-02
0.81085	1.64494e-02
0.81359	1.78807e-02
0.81351	1.98495e-02
0.81589	2.19640e-02
0.81838	2.19558e-02
0.81696	2.06639e-02
0.81923	1.51747e-02
0.81972	1.91726e-02
0.82027	2.04831e-02
0.82556	1.39366e-02
0.82939	1.37900e-02
0.82503	1.33112e-02
0.83065	1.74746e-02
0.83241	2.15608e-02
0.82944	2.30549e-02
0.83199	1.72920e-02
0.83685	2.06704e-02
0.83416	1.98606e-02
0.83686	1.36667e-02
0.83818	1.88699e-02
0.84097	1.79309e-02
0.84337	1.27468e-02
0.84408	1.66013e-02
0.84923	1.30133e-02
0.84188	1.72718e-02
0.84547	1.76956e-02
0.84941	1.65820e-02
0.84909	1.56469e-02
0.85305	1.47517e-02
0.85709	1.86382e-02
0.85893	1.91102e-02
0.85448	2.02858e-02
0.86435	1.56536e-02
0.86062	1.25981e-02
0.85381	1.28469e-02
0.85456	1.15189e-02
0.86131	1.14568e-02
0.86479	1.54370e-02
0.86813	1.75435e-02
0.87109	1.48950e-02
0.87313	1.56723e-02
0.86988	1.56830e-02
0.86921	1.79706e-02
0.86814	1.49522e-02
0.87112	2.02702e-02
0.86805	1.90250e-02
0.87614	1.58681e-02
0.87407	1.80831e-02
0.88422	1.78603e-02
0.88225	1.37947e-02
0.88378	1.28511e-02
0.88457	1.53062e-02
0.88505	1.76231e-02
0.88826	1.47603e-02
0.89094	1.60419e-02
0.89689	1.57587e-02
0.89223	1.68068e-02
0.88903	1.69224e-02
0.88957	1.68341e-02
0.89291	1.69105e-02
0.89334	1.47174e-02
0.89898	1.63108e-02
0.89702	1.53691e-02
0.89892	1.69807e-02
0.89708	1.55316e-02
0.90041	1.90412e-02
0.90237	1.23516e-02
0.89936	1.41258e-02
0.89935	1.35868e-02
0.90201	1.38950e-02
0.90038	1.75756e-02
0.89970	1.76141e-02
0.90608	1.57980e-02
0.90593	1.52317e-02
0.90695	1.51088e-02
0.90510	1.53553e-02
0.90862	1.61234e-02
0.91069	1.34789e-02
0.90897	1.30323e-02
0.90939	1.69153e-02
0.91049	1.41379e-02
0.90932	1.58838e-02
0.91107	1.65037e-02
0.91458	1.65656e-02
0.91076	1.33812e-02
0.91334	1.34698e-02
0.91620	1.56315e-02
0.91620	1.06987e-02
0.91214	1.29192e-02
0.91370	1.09488e-02
0.91817	1.45623e-02
0.91908	1.44689e-02
0.91934	1.56539e-02
0.92298	1.18250e-02
0.91613	1.34862e-02
0.91911	1.32804e-02
0.91770	8.71566e-03
0.91847	1.39254e-02
0.92198	1.30132e-02
0.92372	9.28595e-03
0.92201	1.25175e-02
0.92645	9.12841e-03
0.92426	1.21885e-02
0.92293	1.39241e-02
0.92493	1.40207e-02
0.92620	9.97529e-03
0.92851	7.43674e-03
0.92724	9.71026e-03
0.92851	1.16176e-02
0.92828	1.13594e-02
0.92979	1.05999e-02
0.92873	8.22757e-03
0.93153	8.68375e-03
0.92724	1.13286e-02
0.93224	1.33149e-02
0.93086	1.10232e-02
0.93306	8.77065e-03
0.93160	1.27933e-02
0.93294	8.64139e-03
0.93318	6.52012e-03
0.93601	1.14201e-02
0.94037	1.03909e-02
0.93862	8.49705e-03
0.93883	6.72251e-03
0.94161	8.29716e-03
0.93740	9.16028e-03
0.93790	8.97872e-03
0.93849	8.90062e-03
0.93877	9.52928e-03
0.94041	8.09218e-03
0.94161	9.89205e-03
0.94108	7.83451e-03
0.94290	1.04242e-02
0.94498	6.96093e-03
0.94817	7.96490e-03
0.94665	9.75820e-03
0.94796	8.34953e-03
0.94749	7.31955e-03
0.94621	8.08469e-03
0.94738	5.19416e-03
0.94558	5.52497e-03
0.94738	7.01563e-03
0.94709	6.38460e-03
0.94822	7.74395e-03
0.94828	9.43164e-03
0.94700	6.29351e-03
0.94889	9.77094e-03
0.95008	9.19350e-03
0.95158	6.47618e-03
0.95023	7.31675e-03
0.94893	8.33340e-03
0.95208	8.77351e-03
0.95470	6.89530e-03
0.95311	5.76763e-03
0.95165	6.08036e-03
0.95318	9.09336e-03
0.95545	7.28883e-03
0.95695	4.95806e-03
0.95693	7.34724e-03
0.95498	7.07235e-03
0.95759	4.63111e-03
0.95856	4.90299e-03
0.95999	5.97086e-03
0.95706	3.57865e-03
0.95770	6.70769e-03
0.95908	5.06632e-03
0.95960	3.65626e-03
0.96020	6.64659e-03
0.96213	3.74536e-03
0.95719	3.54437e-03
0.96132	4.88340e-03
0.96228	4.86179e-03
0.96026	4.82021e-03
0.96133	5.02929e-03
0.96144	5.73018e-03
0.96115	4.33247e-03
0.96105	6.01265e-03
0.96269	6.30000e-03
0.96271	6.60517e-03
0.96441	3.36305e-03
0.96370	5.91320e-03
0.96511	3.01638e-03
0.96678	4.25304e-03
0.96399	3.70237e-03
0.96177	4.83582e-03
0.96400	3.76836e-03
0.96548	4.34736e-03
0.96680	3.58729e-03
0.96560	3.07252e-03
0.96514	5.69547e-03
0.96671	5.68269e-03
0.96523	4.16841e-03
0.96705	4.77709e-03
0.96851	3.33127e-03
0.96514	5.29302e-03
0.96590	5.41212e-03
0.96873	5.04789e-03
0.96891	3.75511e-03
0.96667	3.56082e-03
0.96699	3.63714e-03
0.96777	3.50430e-03
0.96818	2.60347e-03
0.96735	3.49342e-03
0.96711	4.09012e-03
0.96880	4.91033e-03
0.97062	2.99918e-03
0.97003	3.30549e-03
0.96977	3.43547e-03
0.96895	4.54818e-03
0.96881	4.38911e-03
0.97015	5.10120e-03
0.97315	2.73173e-03
0.97098	3.89832e-03
0.97080	4.26693e-03
0.97029	3.49997e-03
0.97170	4.51789e-03
0.97176	2.96090e-03
0.97164	2.79046e-03
0.97342	2.41616e-03
0.97310	3.17152e-03
0.97307	2.84619e-03
0.97260	5.08510e-03
0.97429	3.18919e-03
0.97296	3.18123e-03
0.97325	3.93730e-03
0.97348	3.31156e-03
0.97302	3.46678e-03
0.97291	3.22084e-03
0.97586	2.94812e-03
0.97357	4.24414e-03
0.97469	4.21863e-03
0.97423	2.81371e-03
0.97427	4.16295e-03
0.97596	3.66639e-03
0.97425	2.88990e-03
0.97603	2.92830e-03
0.97582	2.19393e-03
0.97813	2.38799e-03
0.97785	2.78878e-03
0.97604	2.17341e-03
0.97529	1.89569e-03
0.97722	2.20395e-03
0.97802	2.99232e-03
0.97883	3.03654e-03
0.97658	3.41694e-03
0.97798	2.43584e-03
0.97814	2.04515e-03
0.97814	2.05407e-03
0.97870	1.97725e-03
0.97704	3.06025e-03
0.97797	2.46742e-03
0.98092	2.95808e-03
0.97944	3.02064e-03
0.97860	3.12027e-03
0.98048	2.87364e-03
0.97968	3.02814e-03
0.97893	3.72012e-03
0.97957	2.37536e-03
0.97955	2.96734e-03
0.98025	1.09056e-03
0.98068	2.54311e-03
0.98018	2.85380e-03
0.97992	2.38554e-03
0.98148	3.08579e-03
0.97907	1.84282e-03
0.97966	2.07951e-03
0.97961	3.03469e-03
0.97960	2.26557e-03
0.98026	2.34106e-03
0.98132	3.02982e-03
0.98108	2.54807e-03
0.98008	1.23091e-03
0.98060	2.47857e-03
0.98034	1.12133e-03
0.98179	1.36762e-03
0.98162	1.72217e-03
0.98122	1.49183e-03
0.98014	1.30497e-03
0.98118	9.88193e-04
0.98106	1.17570e-03
0.98177	1.91258e-03
0.98152	2.11800e-03
0.98098	1.27586e-03
0.98175	1.66639e-03
0.98150	1.66012e-03
0.98300	1.92145e-03
0.98155	2.54611e-03
0.98187	1.41895e-03
0.98111	1.78583e-03
0.98222	1.25868e-03
0.98184	1.06216e-03
0.98103	1.22317e-03
0.98224	1.56489e-03
0.98187	1.62882e-03
0.98138	1.78252e-03
0.98171	1.08024e-03
0.98273	7.63410e-04
0.98243	1.56645e-03
0.98147	1.35431e-03
0.98011	1.75251e-03
0.98145	1.24188e-03
0.97981	1.55069e-03
0.98200	3.51621e-04
0.98114	1.62810e-03
0.98164	3.12948e-03
0.98431	2.82844e-03
0.98321	1.78603e-04
0.98266	1.35242e-04
0.98184	0.00000e+00
0.97916	0.00000e+00
0.98477	0.00000e+00
0.98390	0.00000e+00
0.98340	0.00000e+00
0.98386	0.00000e+00
0.97844	0.00000e+00
0.97844	0.00000e+00
0.97942	0.00000e+00
0.98170	0.00000e+00
0.98006	0.00000e+00
