0.98226	2.44222e-03
0.96132	9.50713e-03
0.95070	1.15534e-02
0.90099	1.62442e-02
0.88403	2.80810e-02
0.83679	2.83711e-02
0.78638	2.19280e-02
0.71605	5.39578e-02
0.65857	8.38195e-02
0.60562	7.12299e-02
0.50822	9.10628e-02
0.39181	1.24165e-01
0.30174	7.41018e-02
0.32717	9.84983e-02
0.26628	4.17690e-02
0.18169	7.01742e-02
0.21578	8.13556e-02
0.23477	7.60127e-02
0.21428	5.40007e-02
0.17004	6.29736e-02
0.16086	7.42360e-02
0.20849	8.08518e-02
0.15429	8.14338e-02
0.14753	4.92173e-02
0.09631	6.26586e-02
0.16177	1.03334e-01
0.15128	5.03276e-02
0.06651	4.46805e-02
0.10666	4.29208e-02
0.10851	4.98205e-02
0.11644	4.00837e-02
0.10180	5.78951e-02
0.11516	4.38167e-02
0.10077	3.94157e-02
0.10250	5.10890e-02
0.09245	4.56060e-02
0.11929	5.99355e-02
0.09496	3.82674e-02
0.09514	5.56293e-02
0.07960	4.43668e-02
0.09347	4.43000e-02
0.13758	7.86586e-02
0.09523	2.34795e-02
0.10813	6.04734e-02
0.09965	5.39763e-02
0.11751	3.79708e-02
0.11119	4.02350e-02
0.10440	3.74623e-02
0.12840	6.64468e-02
0.10003	4.34121e-02
0.07922	3.68650e-02
0.10566	4.96572e-02
0.08851	4.24557e-02
0.10047	3.27082e-02
0.11304	3.43943e-02
0.07564	4.38322e-02
0.07925	4.09426e-02
0.08762	6.33442e-02
0.08013	2.58649e-02
0.09201	4.70373e-02
0.08004	2.36803e-02
0.08476	4.55052e-02
0.12191	5.09638e-02
0.08803	3.06086e-02
0.08657	1.93461e-02
0.12451	8.46822e-02
0.07759	4.01637e-02
0.07655	3.96161e-02
0.08455	5.06901e-02
0.07299	2.87354e-02
0.09667	4.51105e-02
0.08264	4.13842e-02
0.07181	5.35817e-02
0.07441	3.40750e-02
0.10196	4.30374e-02
0.05804	1.97269e-02
0.08259	2.89968e-02
0.08444	4.20954e-02
0.08341	3.36518e-02
0.08952	3.99292e-02
0.10166	3.99089e-02
0.10124	3.90498e-02
0.07447	4.20943e-02
0.09028	4.04848e-02
0.07699	4.44929e-02
0.10212	3.77934e-02
0.11582	4.69133e-02
0.08717	4.38317e-02
0.08556	4.20114e-02
0.09516	4.21062e-02
0.09235	3.96276e-02
0.07908	5.01179e-02
0.11438	5.24648e-02
0.05891	2.33217e-02
0.09254	3.10042e-02
0.10431	3.52097e-02
0.07110	2.81151e-02
0.07504	3.94546e-02
0.07846	2.79549e-02
