0.99317	5.67063e-04
0.97818	7.23911e-03
0.96614	1.25016e-02
0.94250	1.11876e-02
0.93350	6.97892e-03
0.88907	1.20978e-02
0.86642	1.85611e-02
0.83399	2.89914e-02
0.79009	4.91358e-02
0.72426	3.55424e-02
0.68558	6.37166e-02
0.54715	1.21081e-01
0.48910	1.18967e-01
0.43208	9.06391e-02
0.34396	9.55080e-02
0.22633	1.29727e-01
0.19247	1.40613e-01
0.19327	8.19731e-02
0.17365	5.67165e-02
0.16812	1.06077e-01
0.17068	5.53230e-02
0.14585	6.23780e-02
0.13376	4.85070e-02
0.13442	6.35545e-02
0.13405	6.92706e-02
0.13219	6.39202e-02
0.13574	8.80146e-02
0.12240	6.04057e-02
0.10222	4.08735e-02
0.10943	4.59671e-02
0.11336	5.78757e-02
0.11035	4.79954e-02
0.13927	5.73839e-02
0.10280	4.35297e-02
0.08453	4.66917e-02
0.09299	3.45238e-02
0.10514	4.46023e-02
0.10866	3.74857e-02
0.10416	4.80967e-02
0.11051	5.60982e-02
0.11700	7.78023e-02
0.11045	5.80041e-02
0.14283	4.40779e-02
0.07406	4.15622e-02
0.08885	4.97134e-02
0.09995	3.93011e-02
0.06777	4.03992e-02
0.09683	5.04294e-02
0.11945	3.84505e-02
0.11813	5.45966e-02
0.14274	4.40245e-02
0.07812	3.83623e-02
0.10071	5.13090e-02
0.10176	4.78598e-02
0.09691	4.64817e-02
0.11790	4.26410e-02
0.10359	5.16917e-02
0.09192	4.01525e-02
0.07428	4.53904e-02
0.10587	4.94981e-02
0.08458	4.75653e-02
0.07625	3.90240e-02
0.08065	3.55684e-02
0.09438	5.11810e-02
0.06164	4.85096e-02
0.11663	6.67243e-02
0.10905	4.20078e-02
0.07962	3.73864e-02
0.08403	3.84431e-02
0.07324	4.48647e-02
0.07404	3.69885e-02
0.08540	4.17208e-02
0.06901	4.73551e-02
0.07595	3.61863e-02
0.07578	4.26239e-02
0.11796	5.44443e-02
0.07579	2.88333e-02
0.08653	4.03072e-02
0.10391	4.79980e-02
0.10098	4.19855e-02
0.10224	5.27544e-02
0.08455	4.29490e-02
0.08945	5.19848e-02
0.07872	2.80235e-02
0.08163	4.81133e-02
0.09704	5.69777e-02
0.09043	3.05282e-02
0.09871	6.00259e-02
0.10156	3.96909e-02
0.09276	5.18436e-02
0.09236	4.11281e-02
0.10282	4.74212e-02
0.08141	2.83533e-02
0.08259	3.74688e-02
0.08247	5.14098e-02
0.08751	4.69926e-02
0.08582	4.41303e-02
0.08520	3.81725e-02
0.08896	4.98870e-02
