0.2932
0.2953
0.2975
0.2995
0.3016
0.3036
0.3055
0.3074
0.3093
0.3111
0.3128
0.3145
0.3161
0.3177
0.3193
0.3207
0.3221
0.3234
0.3247
0.3259
0.3270
0.3280
0.3290
0.3298
0.3306
0.3313
0.3319
0.3325
0.3329
0.3333
0.3336
0.3338
0.3339
0.3340
0.3340
0.3339
0.3338
0.3336
0.3335
0.3333
0.3331
0.3329
0.3327
0.3324
0.3322
0.3319
0.3316
0.3312
0.3308
0.3303
0.3298
0.3292
0.3286
0.3279
0.3272
0.3264
0.3256
0.3248
0.3239
0.3230
0.3222
0.3213
0.3205
0.3199
0.3194
0.3190
0.3188
0.3187
0.3187
0.3187
0.3188
0.3189
0.3191
0.3194
0.3197
0.3201
0.3205
0.3211
0.3217
0.3225
0.3233
0.3243
0.3254
0.3266
0.3279
0.3294
0.3310
0.3327
0.3346
0.3366
0.3387
0.3409
0.3433
0.3458
0.3484
0.3511
0.3540
0.3571
0.3603
0.3637
0.3673
0.3711
0.3750
0.3790
0.3830
0.3871
0.3913
0.3954
0.3995
0.4035
0.4076
0.4116
0.4155
0.4193
0.4231
0.4268
0.4304
0.4340
0.4374
0.4408
0.4440
0.4472
0.4502
0.4532
0.4560
0.4588
0.4614
0.4639
0.4664
0.4687
0.4710
0.4731
0.4752
0.4771
0.4790
0.4808
0.4825
0.4841
0.4856
0.4870
0.4884
0.4897
0.4908
0.4919
0.4929
0.4938
0.4946
0.4953
0.4959
0.4965
0.4969
0.4972
0.4975
0.4976
0.4977
0.4977
0.4976
0.4974
0.4972
0.4969
0.4966
0.4963
0.4959
0.4955
0.4950
0.4945
0.4940
0.4934
0.4928
0.4921
0.4913
0.4904
0.4895
0.4885
0.4874
0.4862
0.4850
0.4838
0.4825
0.4812
0.4798
0.4785
0.4772
0.4759
0.4745
0.4732
0.4719
0.4705
0.4692
0.4678
0.4663
0.4649
0.4634
0.4620
0.4605
0.4589
0.4574
0.4558
0.4543
0.4527
0.4511
0.4495
0.4479
0.4463
0.4446
0.4430
0.4413
0.4396
0.4379
0.4361
0.4344
0.4326
0.4308
0.4290
0.4272
0.4254
0.4235
0.4217
0.4199
0.4181
0.4163
0.4145
0.4127
0.4110
0.4093
0.4077
0.4061
0.4045
0.4030
0.4016
0.4002
0.3988
0.3975
0.3962
0.3950
0.3938
0.3926
0.3915
0.3905
0.3895
0.3885
0.3877
0.3869
0.3862
0.3855
0.3851
0.3847
0.3845
0.3844
0.3846
0.3849
0.3855
0.3863
0.3874
0.3887
0.3903
0.3921
0.3939
0.3959
0.3980
0.4001
0.4022
0.4044
0.4066
0.4088
0.4110
0.4132
0.4154
0.4175
0.4197
0.4218
0.4238
0.4259
0.4279
0.4298
0.4317
0.4336
0.4354
0.4372
0.4389
0.4405
0.4421
0.4437
0.4451
0.4466
0.4479
0.4492
0.4505
0.4517
0.4528
0.4539
0.4549
0.4558
0.4567
0.4576
0.4583
0.4590
0.4597
0.4602
0.4608
0.4612
0.4616
0.4619
0.4621
0.4623
0.4624
0.4624
0.4623
0.4622
0.4620
0.4618
0.4614
0.4610
0.4605
0.4599
0.4593
0.4586
0.4579
0.4571
0.4562
0.4553
0.4543
0.4533
0.4523
0.4513
0.4503
0.4493
0.4483
0.4474
0.4466
0.4458
0.4450
0.4444
0.4437
0.4431
0.4425
0.4419
0.4413
0.4407
0.4401
0.4395
0.4388
0.4382
0.4375
0.4368
0.4360
0.4352
0.4344
0.4336
0.4328
0.4319
0.4311
0.4302
0.4293
0.4284
0.4276
0.4268
0.4260
0.4252
0.4245
0.4239
0.4234
0.4229
0.4226
0.4223
0.4221
0.4221
0.4220
0.4221
0.4222
0.4224
0.4226
0.4228
0.4231
0.4235
0.4238
0.4242
0.4245
0.4249
0.4253
0.4258
0.4262
0.4266
0.4271
0.4275
0.4280
0.4284
0.4289
0.4294
0.4299
0.4304
0.4310
0.4316
0.4322
0.4328
0.4334
0.4341
0.4347
0.4354
0.4361
0.4368
0.4375
0.4382
0.4389
0.4395
0.4401
0.4407
0.4413
0.4418
0.4423
0.4427
0.4431
0.4434
0.4437
0.4439
0.4441
0.4442
0.4442
0.4442
0.4441
0.4440
0.4437
0.4434
0.4431
0.4427
0.4422
0.4417
0.4411
0.4405
0.4398
0.4391
0.4384
0.4377
0.4370
0.4363
0.4355
0.4347
0.4339
0.4330
0.4320
0.4310
0.4299
0.4287
0.4275
0.4262
0.4248
0.4233
0.4217
0.4201
0.4184
0.4166
0.4148
0.4128
0.4109
0.4088
0.4067
0.4045
0.4023
0.4000
0.3977
0.3954
0.3930
0.3906
0.3882
0.3857
0.3833
0.3809
0.3785
0.3761
0.3738
0.3715
0.3692
0.3670
0.3649
0.3628
0.3608
0.3590
0.3572
0.3555
0.3540
0.3526
0.3514
0.3503
0.3495
0.3488
0.3484
0.3482
0.3482
0.3484
0.3488
0.3493
0.3500
0.3507
0.3515
0.3523
0.3532
0.3540
0.3549
0.3557
0.3566
0.3574
0.3581
0.3588
0.3595
0.3601
0.3607
0.3612
0.3616
0.3620
0.3624
0.3626
0.3629
0.3630
0.3631
0.3632
0.3632
0.3631
0.3630
0.3629
0.3628
0.3627
0.3625
0.3625
0.3624
0.3624
0.3625
0.3627
0.3630
0.3634
0.3640
0.3646
0.3653
0.3662
0.3671
0.3681
0.3691
0.3702
0.3713
0.3724
0.3735
0.3747
0.3759
0.3770
0.3782
0.3794
0.3806
0.3818
0.3829
0.3841
0.3853
0.3864
0.3876
0.3887
0.3898
0.3910
0.3920
0.3931
0.3942
0.3952
0.3962
0.3972
0.3982
0.3992
0.4001
0.4010
0.4019
0.4028
0.4036
0.4044
0.4052
0.4060
0.4067
0.4074
0.4081
0.4087
0.4093
0.4099
0.4104
0.4109
0.4114
0.4118
0.4122
0.4125
0.4128
0.4131
0.4133
0.4134
0.4136
0.4136
0.4136
0.4136
0.4135
0.4134
0.4132
0.4130
0.4127
0.4123
0.4119
0.4115
0.4110
0.4104
0.4098
0.4092
0.4085
0.4077
0.4070
0.4062
0.4053
0.4045
0.4036
0.4027
0.4018
0.4010
0.4001
0.3992
0.3984
0.3977
0.3970
0.3965
0.3961
0.3959
0.3958
0.3959
0.3960
0.3962
0.3965
0.3967
0.3970
0.3973
0.3976
0.3978
0.3981
0.3983
0.3986
0.3988
0.3989
0.3991
0.3992
0.3993
0.3993
0.3993
0.3992
0.3992
0.3990
0.3989
0.3987
0.3984
0.3982
0.3978
0.3975
0.3971
0.3967
0.3963
0.3958
0.3953
0.3948
0.3943
0.3938
0.3933
0.3928
0.3923
0.3918
0.3914
0.3910
0.3905
0.3902
0.3898
0.3895
0.3892
0.3889
0.3887
0.3884
0.3882
0.3879
0.3877
0.3875
0.3873
0.3871
0.3869
0.3867
0.3865
0.3863
0.3861
0.3860
0.3858
0.3856
0.3855
0.3854
0.3852
0.3851
0.3850
0.3848
0.3847
0.3845
0.3842
0.3839
0.3836
0.3832
0.3828
0.3822
0.3817
0.3810
0.3803
0.3795
0.3787
0.3778
0.3768
0.3758
0.3747
0.3736
0.3725
0.3713
0.3702
0.3690
0.3677
0.3665
0.3652
0.3640
0.3627
0.3614
0.3602
0.3590
0.3578
0.3567
0.3557
0.3548
0.3540
0.3533
0.3527
0.3521
0.3517
0.3513
0.3510
0.3507
0.3504
0.3503
0.3501
0.3501
0.3500
0.3501
0.3502
0.3504
0.3507
0.3510
0.3513
0.3518
0.3523
0.3528
0.3534
0.3540
0.3547
0.3554
0.3562
0.3570
0.3578
0.3586
0.3595
0.3604
0.3613
0.3623
0.3632
0.3643
0.3653
0.3664
0.3676
0.3688
0.3701
0.3715
0.3730
0.3746
0.3762
0.3780
0.3799
0.3819
0.3840
0.3862
0.3884
0.3907
0.3931
0.3955
0.3979
0.4004
0.4028
0.4053
0.4079
0.4104
0.4129
0.4155
0.4181
0.4207
0.4233
0.4260
0.4288
0.4317
0.4347
0.4377
0.4409
0.4441
0.4473
0.4505
0.4537
0.4568
0.4599
0.4630
0.4659
0.4688
0.4717
0.4744
0.4770
0.4796
0.4820
0.4844
0.4866
0.4888
0.4908
0.4928
0.4947
0.4964
0.4981
0.4997
0.5012
0.5027
0.5040
0.5053
0.5066
0.5078
0.5089
0.5099
0.5109
0.5118
0.5127
0.5135
0.5142
0.5148
0.5154
0.5159
0.5163
0.5166
0.5169
0.5170
0.5171
0.5171
0.5170
0.5168
0.5165
0.5161
0.5157
0.5151
0.5145
0.5138
0.5130
0.5122
0.5112
0.5102
0.5091
0.5079
0.5067
0.5053
0.5040
0.5025
0.5010
0.4994
0.4978
0.4961
0.4944
0.4926
0.4908
0.4890
0.4871
0.4853
0.4834
0.4816
0.4797
0.4779
0.4761
0.4743
0.4726
0.4709
0.4693
0.4677
0.4662
0.4647
0.4633
0.4619
0.4606
0.4593
0.4580
0.4568
0.4556
0.4544
0.4532
0.4520
0.4509
0.4497
0.4485
0.4474
0.4462
0.4450
0.4438
0.4425
0.4413
0.4400
0.4387
0.4374
0.4361
0.4347
0.4334
0.4320
0.4307
0.4293
0.4279
0.4266
0.4253
0.4241
0.4229
0.4219
0.4209
0.4200
0.4192
0.4185
0.4178
0.4172
0.4166
0.4161
0.4156
0.4151
0.4147
0.4143
0.4139
0.4136
0.4133
0.4130
0.4127
0.4124
0.4122
0.4119
0.4117
0.4115
0.4113
0.4112
0.4110
0.4108
0.4107
0.4105
0.4103
0.4102
0.4100
0.4098
0.4096
0.4094
0.4092
0.4089
0.4087
0.4085
0.4082
0.4079
0.4076
0.4073
0.4070
0.4067
0.4064
0.4061
0.4058
0.4055
0.4053
0.4051
0.4049
0.4047
0.4046
0.4045
0.4044
0.4043
0.4043
0.4042
0.4042
0.4041
0.4041
0.4040
0.4039
0.4038
0.4037
0.4036
0.4034
0.4033
0.4031
0.4029
0.4027
0.4025
0.4023
0.4020
0.4018
0.4015
0.4012
0.4009
0.4007
0.4004
0.4002
0.3999
0.3997
0.3995
