0.85409	1.51180e-02
0.84564	2.34418e-02
0.82977	2.65776e-02
0.81017	2.60056e-02
0.80391	3.64838e-02
0.80332	2.94209e-02
0.79604	3.03247e-02
0.78615	2.69891e-02
0.77263	4.00984e-02
0.75590	4.23171e-02
0.75056	3.94810e-02
0.73583	5.30284e-02
0.72040	4.35151e-02
0.71451	3.66785e-02
0.71134	4.33899e-02
0.69180	4.50737e-02
0.68606	5.41184e-02
0.69587	3.77662e-02
0.69707	4.59252e-02
0.68735	5.05000e-02
0.67636	4.70304e-02
0.67274	6.52869e-02
0.66321	6.38286e-02
0.65128	6.76533e-02
0.63539	6.59958e-02
0.63624	6.22908e-02
0.63273	5.76479e-02
0.64191	5.67868e-02
0.62915	8.61231e-02
0.65213	6.45041e-02
0.63606	5.23012e-02
0.63543	6.84874e-02
0.62070	7.17030e-02
0.62151	8.39914e-02
0.61297	7.76483e-02
0.62226	7.58882e-02
0.61307	8.04071e-02
0.62904	6.00628e-02
0.60404	5.80529e-02
0.58206	7.94290e-02
0.59114	8.61937e-02
0.55518	9.88632e-02
0.55447	1.15103e-01
0.57201	6.71862e-02
0.57690	9.87929e-02
0.59302	6.14076e-02
0.60104	4.77093e-02
0.60438	6.14572e-02
0.58776	4.84782e-02
0.56676	7.72187e-02
0.59843	5.01545e-02
0.58061	4.90833e-02
0.55244	7.84016e-02
0.58478	6.82798e-02
0.57897	4.45979e-02
0.57777	6.62873e-02
0.56451	7.80516e-02
0.59277	3.69768e-02
0.59128	2.57674e-02
0.58695	2.99399e-02
0.59077	3.86181e-02
0.60792	3.94092e-02
0.58600	3.89357e-02
0.59455	4.59094e-02
0.59063	3.55819e-02
0.59367	4.43608e-02
0.59301	2.61744e-02
0.57473	3.01391e-02
0.54360	3.46521e-02
0.56247	4.07388e-02
0.57287	2.71839e-02
0.56605	3.10824e-02
0.56023	4.38961e-02
0.55773	4.53970e-02
0.55937	3.46350e-02
0.58778	2.85485e-02
0.55869	4.50084e-02
0.55651	4.31974e-02
0.54600	4.64497e-02
0.56732	4.21105e-02
0.57184	5.23682e-02
0.57039	2.84846e-02
0.55936	2.72601e-02
0.55725	1.94176e-02
0.56445	3.53899e-02
0.55207	5.85033e-02
0.54873	4.06059e-02
0.54721	4.25582e-02
0.56939	2.15322e-02
0.56173	4.58577e-02
0.59010	2.79342e-02
0.53280	5.38062e-02
0.54698	5.30359e-02
0.56173	8.51086e-03
0.56359	3.56374e-02
0.53234	2.55235e-02
0.54540	4.32357e-02
0.55642	3.35944e-02
0.55114	4.23533e-02
0.52708	4.69210e-02
0.54043	5.40621e-02
0.52625	5.89186e-02
0.54201	2.82030e-02
0.52684	4.74879e-02
0.53501	7.16937e-02
0.51660	4.84661e-02
0.52991	4.70826e-02
0.52570	3.36303e-02
0.53225	4.31060e-02
0.50001	6.15810e-02
0.49638	5.01205e-02
0.51505	3.99755e-02
0.50109	3.73714e-02
0.49700	8.19717e-02
0.49073	6.39555e-02
0.49853	3.43413e-02
0.51147	3.97889e-02
0.49476	5.49738e-02
0.49589	1.88473e-02
0.49907	6.03669e-02
0.48517	3.62684e-02
0.49214	3.90480e-02
0.47953	1.78129e-02
0.46741	2.08509e-02
0.48341	2.15248e-02
0.48184	1.47999e-02
0.49760	2.07739e-02
0.47201	1.89663e-02
0.45397	3.45632e-02
0.46661	2.60589e-02
0.47181	1.86212e-02
0.49154	1.48315e-02
0.48016	1.48940e-02
0.47439	1.03295e-02
0.45271	1.83197e-02
0.44775	5.57576e-03
0.47289	9.93285e-04
0.45273	2.95915e-02
0.45344	9.69508e-03
0.46398	1.20621e-02
0.46192	9.73554e-03
0.46123	4.64236e-03
0.46004	1.58776e-02
0.45748	3.57026e-03
0.43827	1.59629e-02
0.47014	5.68760e-03
0.46103	1.94568e-02
0.46809	1.55872e-02
0.45009	1.71889e-02
0.45898	6.37859e-03
0.46294	2.48263e-02
0.45180	1.18374e-02
0.46173	1.09262e-02
0.47112	5.75362e-03
0.44188	4.99647e-03
0.48447	6.82203e-03
0.47452	2.16423e-02
0.47481	2.07906e-02
0.47580	1.81508e-02
0.44024	2.97751e-02
0.47126	1.14954e-02
0.45328	1.79986e-02
0.42910	1.04436e-02
0.48186	2.96300e-02
0.44470	1.07243e-02
0.46987	2.03832e-02
0.42896	4.61026e-02
0.44838	1.15693e-02
0.44540	2.07264e-02
0.42927	3.36980e-02
0.45702	1.02245e-03
0.44519	1.38868e-02
0.43405	1.94589e-02
0.43183	7.74671e-03
0.44104	2.79257e-02
0.42787	2.96620e-03
0.42555	1.27903e-02
0.42466	2.60764e-03
0.40652	4.58250e-03
0.44195	4.09247e-03
0.44158	6.33793e-03
0.43028	9.58882e-03
0.43173	8.62245e-03
0.44592	1.30930e-02
0.43019	2.85281e-02
0.44571	1.23194e-02
0.42401	4.34855e-03
0.44348	1.95526e-02
0.42699	8.84729e-03
0.45069	3.33567e-03
0.44221	1.14643e-02
0.44506	1.21099e-02
0.43359	5.89457e-03
0.41832	1.72279e-02
0.43975	1.63843e-02
0.45482	1.86903e-02
0.45793	1.74384e-03
0.45192	4.73444e-03
0.44643	8.63593e-04
0.45371	1.89238e-02
0.44764	4.82996e-03
0.45283	1.05408e-02
0.45960	3.76223e-04
0.44374	4.07910e-03
0.44520	5.75764e-03
0.43596	2.14277e-02
0.44166	2.05348e-02
0.45472	7.14691e-03
0.44998	3.85703e-02
0.43066	2.79174e-02
0.42999	1.01714e-02
0.43859	3.99334e-02
0.43098	1.19262e-02
0.42097	3.23989e-02
0.40570	2.06382e-02
0.41939	1.48463e-02
0.42979	1.27580e-02
0.41860	1.59373e-02
0.41623	1.13882e-02
0.42006	1.33342e-02
0.43729	3.13138e-03
0.43837	1.62752e-02
0.45064	3.83227e-02
0.43594	1.58675e-02
0.45028	3.03185e-02
0.42128	2.43574e-02
0.45139	2.50163e-02
0.42157	1.88250e-02
0.42101	3.01142e-03
0.41655	1.59297e-02
0.43136	2.00752e-02
0.44110	2.58906e-02
0.42316	1.07655e-02
0.41994	2.61576e-02
0.39170	2.09040e-02
0.41395	1.92906e-03
0.40964	4.79853e-03
0.43288	8.75559e-03
0.42278	2.89582e-03
0.42517	2.02713e-02
0.41466	7.81604e-03
0.42954	2.63953e-03
0.42238	1.26817e-02
0.42998	2.00813e-02
0.41573	1.75358e-02
0.42353	2.84359e-02
0.42055	2.71071e-03
0.41680	1.09446e-02
0.40079	2.16466e-02
0.41851	3.70196e-02
0.41288	1.04381e-02
0.42601	4.22213e-03
0.40546	2.22746e-02
0.42910	2.32711e-02
0.40730	4.63570e-03
0.41382	5.54451e-03
0.42061	2.02390e-02
0.41540	1.77845e-02
0.39618	8.65028e-03
0.42467	1.10044e-03
0.40878	1.39402e-02
0.40641	1.27300e-04
0.41492	1.27464e-02
0.39122	6.66665e-04
0.40286	6.71256e-03
0.40309	2.74428e-03
0.41445	3.05428e-02
0.42023	4.28895e-03
0.40192	1.77671e-02
0.40278	2.82736e-03
0.40295	1.12151e-03
0.39559	3.25968e-03
0.40184	2.77803e-02
0.39394	5.59961e-03
0.41540	1.63278e-02
0.40602	4.35564e-03
0.42529	6.95891e-05
0.39874	1.30258e-02
0.39017	8.41022e-03
0.39789	1.73688e-03
0.42322	7.04234e-03
0.40279	8.59146e-03
0.40251	2.49512e-02
0.40299	2.58102e-02
0.40611	1.55702e-03
0.40742	7.48330e-03
0.44095	3.40500e-03
0.40207	7.10568e-03
0.40740	9.57629e-03
0.39181	2.65789e-03
0.40309	1.22563e-02
0.40403	2.01196e-03
0.39720	5.15624e-04
0.38365	1.65736e-03
0.39373	1.65806e-02
0.38482	6.44392e-03
0.38468	2.22022e-02
0.39818	1.07180e-02
0.39124	2.84505e-04
0.37885	2.61950e-02
0.39413	6.56210e-03
0.39195	1.58114e-02
0.39153	2.35616e-02
0.40288	5.92654e-03
0.39006	2.07157e-02
0.40122	1.15242e-02
0.37253	7.58064e-03
0.37451	1.28344e-02
0.39016	7.70536e-03
0.37902	2.11281e-02
0.38197	4.27783e-03
0.37029	1.91427e-02
0.38089	2.69587e-03
0.37952	1.93297e-03
0.37141	6.35264e-03
0.36823	7.67972e-03
0.35578	2.80629e-03
0.38891	1.31896e-02
0.39082	9.26677e-03
0.38927	2.60702e-02
0.40190	1.11367e-02
0.39722	9.16211e-03
0.41317	5.25644e-03
0.38946	1.72705e-02
0.40677	1.78610e-02
0.38287	1.06498e-02
0.39335	5.21822e-03
0.37690	2.15023e-03
0.39920	9.55701e-03
0.39039	5.10324e-03
0.39771	2.57529e-03
0.38811	1.41058e-02
0.35974	1.77165e-02
0.40007	6.91658e-03
0.40412	1.53672e-02
0.38438	4.16128e-03
0.36852	6.00879e-03
0.41100	9.52538e-03
0.39189	4.54335e-03
0.39852	9.86788e-03
0.39065	1.08202e-02
0.39930	2.57707e-02
0.41234	1.98711e-02
0.39864	1.27083e-02
0.37997	3.34061e-04
0.39900	8.47808e-03
0.39596	2.14604e-03
0.40498	3.47515e-03
0.37168	4.92602e-03
0.39543	1.16887e-03
0.40292	2.07224e-02
0.37969	1.71027e-03
0.38318	6.87199e-03
0.38140	3.45185e-03
0.39605	5.34262e-03
0.39624	3.05609e-02
0.34928	1.58208e-02
0.36937	1.73624e-02
0.38244	1.76089e-02
0.38494	7.89521e-03
0.38319	1.41856e-02
0.35882	1.18127e-03
0.36419	1.03270e-02
0.38113	2.85102e-02
0.37412	1.03821e-03
0.38923	2.07458e-02
0.38992	7.26501e-03
0.37041	2.19641e-03
0.37470	1.45699e-02
0.38613	1.30250e-03
0.38312	1.61808e-02
0.37057	3.52311e-03
0.37726	1.09724e-03
0.37917	3.41673e-02
0.36898	1.27437e-02
0.37382	1.55358e-02
0.40671	6.72440e-03
0.39352	3.24142e-02
0.37745	8.56015e-03
0.35215	1.93865e-02
0.38152	2.48102e-02
0.37062	2.23820e-02
0.37198	1.33499e-02
0.37326	1.69622e-02
0.39006	2.81463e-02
0.39625	2.57578e-03
0.36973	4.34953e-03
0.38908	9.43799e-03
0.39328	1.41963e-03
0.39004	2.74452e-02
0.37327	2.08221e-02
0.37893	2.48142e-02
0.40219	6.57669e-03
0.38128	7.41320e-03
0.38121	2.50816e-02
0.38773	3.95975e-03
0.36488	3.57068e-03
0.38560	1.55742e-02
0.38598	1.17280e-02
0.37572	2.34975e-02
0.39091	1.63883e-02
0.39200	1.48698e-02
0.35270	1.76762e-02
0.37656	9.67658e-04
0.38840	3.32401e-05
0.39762	6.70138e-03
0.38275	2.48666e-02
0.36482	1.96750e-02
0.37921	2.92951e-02
0.38883	6.79834e-03
0.37749	1.31421e-02
0.39115	8.55347e-03
0.39278	1.20415e-02
0.40366	1.61954e-02
0.37635	2.12543e-04
0.39126	4.56605e-03
0.38933	2.42421e-03
0.39537	3.93975e-03
0.38064	4.00365e-03
0.38132	9.92755e-03
0.36993	6.21350e-03
0.39928	3.60770e-03
0.39781	1.12860e-02
0.39092	6.20366e-03
0.39197	1.34903e-02
0.39497	2.04077e-03
0.39091	5.69797e-03
0.38470	8.33020e-04
0.38773	3.03871e-03
0.39354	3.33820e-04
0.39562	1.19296e-02
0.39636	6.47380e-03
0.39072	1.24676e-02
0.38891	1.75108e-02
0.38763	3.01787e-02
0.39251	1.64188e-02
0.38286	4.24492e-03
0.39774	1.90390e-02
0.38942	5.95155e-03
0.36707	4.10059e-03
0.37346	4.51796e-03
0.37695	2.08719e-02
0.38745	4.49398e-03
0.37663	2.75992e-03
0.37981	5.91029e-04
0.38234	1.69416e-02
0.38440	1.08500e-02
0.37799	1.94508e-02
0.39243	1.34609e-02
0.37685	1.65989e-02
0.39153	1.27985e-03
0.40192	1.18160e-02
0.37863	2.93291e-03
0.36883	1.15132e-03
0.39216	3.56424e-02
0.37261	2.09451e-02
0.38209	2.50285e-03
0.37539	2.89772e-02
0.36527	5.73857e-03
0.37683	1.95961e-02
0.39306	8.76971e-03
0.38522	5.06296e-03
0.39164	4.10729e-03
0.38373	2.04075e-03
0.36125	1.20744e-03
0.39034	2.75321e-02
0.39127	4.24107e-04
0.38603	1.06948e-03
0.39253	9.55612e-03
0.35867	7.04173e-03
0.39734	3.13277e-03
0.37578	2.80253e-02
0.39203	1.83875e-03
0.39466	1.36156e-02
0.39678	6.69362e-03
0.38403	1.00023e-03
0.39362	4.30423e-04
0.37035	1.21354e-02
0.39238	4.63378e-04
0.39168	4.56355e-03
0.35245	6.92767e-03
0.38232	1.80291e-02
0.38955	2.42574e-02
0.39127	2.18146e-02
0.39044	8.70323e-03
0.38007	9.45522e-03
0.38072	8.53226e-03
0.37250	3.55008e-03
0.38750	1.23615e-02
0.38534	1.75026e-02
0.37117	1.85656e-02
0.36182	7.00027e-03
0.37301	1.05205e-02
0.38971	3.63383e-03
0.39739	8.57675e-03
0.37885	5.62380e-03
0.33716	2.15011e-02
0.37916	1.61178e-04
0.36159	1.03554e-02
0.39017	1.02660e-02
0.34964	1.80165e-02
0.37870	2.00710e-02
0.38798	1.10540e-02
0.37463	2.05538e-02
0.37208	1.20632e-03
0.38115	1.67242e-02
0.36877	1.59554e-02
0.39200	7.51301e-04
0.36878	1.32682e-02
0.36997	2.07341e-02
0.39040	1.45377e-02
0.34549	4.05018e-03
0.36611	2.62040e-02
0.36315	1.95044e-02
0.37305	3.16432e-03
0.36831	6.57612e-03
0.36465	1.37063e-02
0.36508	2.16832e-02
0.38931	3.56802e-03
0.36804	1.39289e-02
0.33004	5.13280e-04
0.33993	1.43960e-02
0.37681	8.14882e-03
0.36560	1.31055e-02
0.38867	2.04125e-02
0.35432	1.06260e-02
0.34976	1.99633e-02
0.34456	7.62343e-03
0.34656	2.99237e-02
0.36102	2.12432e-02
0.37327	1.99735e-02
0.35901	1.27601e-02
0.35341	1.14990e-02
0.34959	1.32675e-02
0.37346	1.19553e-02
0.35097	1.76649e-03
0.35199	6.26779e-03
0.33507	1.57206e-03
0.36278	2.39273e-02
0.35489	1.70713e-02
0.36009	5.23772e-03
0.37175	1.17970e-03
0.37288	1.46382e-02
0.34960	1.46222e-02
0.37751	2.04569e-02
0.34674	9.21103e-03
0.38817	2.48927e-02
0.36610	2.69581e-03
0.36253	1.53192e-02
0.35845	5.93477e-03
0.35920	1.84666e-02
0.37108	4.85399e-03
0.37455	3.81398e-03
0.33907	9.30018e-03
0.34969	1.20755e-02
0.34677	2.66447e-03
0.36401	1.63263e-04
0.36014	1.18545e-02
0.35710	1.50011e-02
0.37976	1.09943e-02
0.36145	1.37170e-02
0.35292	1.85017e-03
0.37431	8.73982e-03
0.36556	1.36483e-02
0.37113	3.16283e-02
0.36974	3.57903e-03
0.34782	7.54022e-04
0.36573	4.13949e-03
0.34252	3.41028e-02
0.34404	1.27156e-02
0.36297	1.47402e-02
0.36489	5.37420e-03
0.38330	9.84878e-03
0.36294	1.30163e-03
0.36377	1.19749e-02
0.37379	9.60523e-03
0.37040	1.02018e-02
0.38283	8.75718e-03
0.33285	7.86422e-03
0.37779	1.63887e-02
0.35744	2.89237e-03
0.36109	1.98795e-03
0.35584	1.35822e-02
0.33713	4.46986e-03
0.40590	1.26279e-02
0.37414	2.56411e-02
0.37394	1.66550e-02
0.35819	1.76718e-02
0.38556	2.67824e-04
0.38854	5.56447e-03
0.37922	2.15542e-02
0.37658	2.71511e-03
0.36894	1.49831e-02
0.36383	1.81050e-02
0.37744	1.71274e-02
0.37358	1.01282e-02
0.35667	1.79321e-02
0.37302	4.21891e-03
0.37720	1.34842e-02
0.37524	5.86482e-03
0.36704	1.27824e-02
0.34282	7.12044e-04
0.40032	3.71393e-03
0.35858	3.54986e-02
0.36344	4.02588e-03
0.36317	1.07862e-02
0.37650	6.13823e-04
0.39232	1.83070e-03
0.36310	2.86516e-03
0.39765	6.56702e-03
0.36715	6.53288e-03
0.37898	4.65274e-03
0.37474	1.75920e-02
0.38713	2.06854e-02
0.37244	4.74062e-03
0.39282	1.08206e-02
0.39320	1.64201e-02
0.36064	2.98957e-03
0.38055	1.21370e-02
0.36076	1.36775e-02
0.40042	1.33756e-02
0.39014	3.45001e-03
0.38776	3.34186e-03
0.38288	1.62232e-02
0.38822	6.44188e-03
0.38302	2.16729e-02
0.36206	1.38294e-02
0.36948	7.14591e-03
0.38618	2.94304e-02
0.37334	1.57258e-02
0.38928	1.05765e-03
0.37161	2.15456e-02
0.40145	9.18854e-03
0.38490	1.20961e-04
0.39878	1.56251e-03
0.39560	1.92420e-03
0.37386	3.10651e-02
0.38357	1.07080e-02
0.38051	7.22048e-03
0.39106	4.55127e-03
0.36650	2.63082e-03
0.35768	9.64194e-03
0.40331	4.59538e-03
0.37664	1.83014e-02
0.38496	3.59653e-03
0.37037	9.99798e-03
0.38850	1.82592e-02
0.37226	1.96463e-02
0.39122	7.94882e-03
0.36481	9.18886e-03
0.37376	2.84421e-02
0.36781	1.10808e-02
0.37556	9.72678e-03
0.39243	4.64688e-03
0.39949	1.40971e-02
0.38045	1.83782e-02
0.37853	1.85978e-02
0.38912	1.18716e-02
0.38917	3.21570e-04
0.37865	1.13698e-02
0.37884	3.06876e-02
0.39332	1.79447e-02
0.39274	1.16799e-03
0.37305	3.60865e-03
0.37584	2.71150e-02
0.37907	2.23341e-02
0.35582	9.24379e-03
0.38924	2.76753e-03
0.39065	1.73088e-03
0.37606	2.15400e-03
0.38390	1.70419e-02
0.39618	8.25357e-03
0.36706	1.90831e-02
0.38411	3.74875e-03
0.37429	4.22022e-03
0.39735	3.51310e-03
0.37494	1.19524e-02
0.41113	1.08209e-03
0.39041	1.93726e-02
0.37279	9.78941e-03
0.36814	7.03664e-04
0.38367	2.37707e-02
0.36905	2.11170e-03
0.37742	3.12094e-03
0.39053	8.37233e-03
0.38974	1.57292e-03
0.39112	2.72229e-03
0.37967	1.59490e-03
0.40398	4.61597e-03
0.37250	1.87116e-02
0.37895	9.05484e-03
0.39164	3.72538e-03
0.37621	1.07810e-02
0.36936	2.94838e-03
0.38939	1.27852e-02
0.39468	1.46368e-02
0.38276	1.15139e-03
0.39953	1.66320e-02
0.39040	5.04737e-03
0.37351	1.12820e-02
0.38843	9.19461e-04
0.36543	4.09091e-03
0.39979	1.84443e-02
0.39223	1.05604e-02
0.37480	4.05710e-04
0.38568	1.52682e-02
0.37400	9.33321e-03
0.37074	9.78515e-03
0.37173	9.67916e-03
0.37565	1.19066e-03
0.39484	2.97906e-03
0.37130	1.75479e-02
0.38080	1.34865e-02
0.38147	6.39309e-03
0.37269	3.15337e-03
0.34813	1.19765e-02
0.38289	4.07079e-02
0.37308	5.25937e-03
0.39966	3.08034e-03
0.36898	1.23986e-02
0.36846	1.06168e-02
0.36289	1.26497e-02
0.37976	1.03234e-02
0.38400	1.74482e-02
0.39116	2.29367e-02
0.38291	7.74630e-03
0.37900	2.41670e-02
0.38225	9.09954e-03
0.38466	2.23426e-02
0.38260	1.46129e-02
0.35800	1.87356e-02
0.36731	1.76885e-02
0.36326	1.44077e-02
0.35856	2.40514e-02
0.38627	3.97927e-03
0.37734	6.99527e-03
0.37144	7.75097e-03
0.36393	4.78356e-03
0.36370	7.38377e-03
0.39300	1.50482e-03
0.36045	2.70505e-05
0.37309	2.25632e-02
0.39657	1.53923e-02
0.36053	2.17256e-03
0.36723	1.77136e-02
0.37427	3.56500e-02
0.35172	1.54147e-02
0.36578	6.03188e-03
0.37829	2.15253e-02
0.35029	7.54930e-03
0.36627	5.09522e-03
0.36611	5.77895e-03
0.37788	1.00132e-02
0.36845	5.75947e-03
0.36535	1.56290e-02
0.36879	3.15029e-02
0.36764	6.91980e-03
0.35968	5.36473e-03
0.36850	2.13647e-02
0.35017	1.49144e-03
0.38091	8.06516e-03
0.37239	3.10607e-03
0.35769	1.76448e-02
0.35064	1.31544e-02
0.36494	4.33180e-03
0.36365	1.52684e-03
0.34848	2.02626e-02
0.34842	5.90648e-03
0.37283	1.04908e-02
0.36149	1.08702e-02
0.37562	1.16349e-02
0.35839	2.03605e-02
0.36103	1.84283e-02
0.35255	2.79858e-02
0.38107	2.95436e-02
0.36862	2.16245e-03
0.36610	2.60048e-02
0.37717	1.47683e-02
0.34811	2.37100e-02
0.37505	2.92792e-03
0.37055	4.49281e-03
0.34274	1.26022e-02
0.34261	1.38086e-02
0.37059	7.02130e-03
0.37699	9.22110e-03
0.37820	3.97153e-03
0.36615	8.79968e-03
0.36862	7.24962e-03
0.33101	9.30992e-03
0.36292	7.09709e-03
0.39469	1.04717e-02
0.36693	3.66072e-02
0.36582	2.82910e-02
0.35493	7.02437e-03
0.36244	2.47249e-02
0.37422	1.35442e-02
0.34980	3.18473e-03
0.34398	4.97213e-03
0.35996	1.06204e-02
0.35044	3.84989e-02
0.34571	1.04217e-02
0.35360	2.70237e-02
0.36690	2.94501e-03
0.36765	8.18292e-03
0.37718	1.47381e-03
0.38615	1.98839e-02
0.35692	4.93686e-02
0.38684	2.69556e-03
0.36548	1.92320e-02
0.37525	1.01812e-02
0.36194	5.78516e-03
0.38800	7.74027e-03
0.35187	8.96934e-03
0.36404	2.56325e-02
0.35725	3.30542e-02
0.37437	1.75271e-02
0.37235	2.56162e-02
0.36957	2.07297e-02
0.36459	2.48001e-03
0.36282	7.51754e-03
0.37727	2.75761e-03
0.33611	1.48245e-02
0.36865	1.97404e-02
0.34930	1.62049e-02
0.36164	1.19334e-02
0.35064	1.47042e-02
0.35241	2.41166e-02
0.36451	1.97236e-02
0.35184	1.55922e-02
0.35747	3.72090e-02
0.36968	1.36431e-02
0.35314	7.23986e-03
0.34776	7.32723e-03
0.34166	1.99194e-02
0.35170	9.15292e-03
0.34627	1.24675e-02
0.35567	4.06763e-03
0.35425	4.67256e-03
0.35636	1.24459e-03
0.36049	3.73851e-03
0.36392	2.65630e-03
0.37827	1.99230e-02
0.35712	8.69303e-03
0.34247	9.50507e-03
0.35363	3.06097e-02
0.34147	5.73850e-04
0.35086	1.39976e-02
0.36260	6.36358e-04
0.34230	1.03416e-02
0.33388	2.70641e-02
0.32474	1.57513e-02
0.34398	4.61356e-03
0.32825	2.07914e-02
0.34129	3.39432e-03
0.34277	1.07177e-02
0.34483	8.69900e-04
0.35994	9.50520e-03
0.36284	1.45826e-02
0.33149	1.02591e-03
0.32464	3.51116e-03
0.35076	1.49217e-03
0.34460	4.28630e-03
0.32826	2.42519e-02
0.35019	3.62724e-02
0.34836	1.74771e-02
0.35990	7.20483e-03
0.33505	6.10095e-03
0.35808	4.93604e-04
0.33898	7.30915e-03
0.33746	7.61003e-03
0.33745	2.02490e-04
0.32708	1.43708e-02
0.34944	3.53026e-03
0.34623	1.49859e-02
0.36046	8.92459e-03
0.31782	2.15465e-02
0.34534	1.94798e-03
0.32935	4.71238e-03
0.32658	2.36570e-02
0.35079	8.33938e-03
0.32667	1.30850e-02
0.33283	1.01256e-02
0.32201	1.00075e-03
0.35480	1.49440e-02
0.32368	4.82838e-03
0.32564	1.95138e-02
0.32866	1.28584e-02
0.30650	1.20316e-02
0.32981	1.83622e-02
0.32196	3.61197e-03
0.30237	5.66037e-03
0.33109	8.74923e-03
0.33535	1.80130e-02
0.32943	7.61073e-03
0.33065	2.61021e-02
0.30496	9.14795e-03
0.32394	1.27145e-02
0.30992	2.24050e-02
0.30902	6.20168e-03
0.32312	3.65860e-02
0.30213	4.64200e-03
0.32177	1.89505e-03
0.32670	2.17416e-02
0.29537	1.25301e-02
0.31158	1.80114e-02
0.32304	3.05364e-02
0.30371	2.25263e-03
0.29394	5.25319e-03
0.30396	4.71609e-04
0.31188	1.75363e-02
0.30604	6.86143e-03
0.32399	8.65026e-03
0.31744	1.36963e-02
0.28420	2.82485e-02
0.32537	1.10076e-04
0.31172	5.59370e-03
0.29231	1.43453e-02
0.30157	3.29513e-03
0.31293	1.51835e-02
0.29584	9.83601e-03
0.30344	9.05010e-03
0.31423	6.65207e-05
0.29416	3.99019e-03
0.29235	5.15505e-03
0.30892	2.40897e-02
0.30995	5.93401e-03
0.30525	1.62653e-02
0.30752	2.74274e-02
0.29736	1.88365e-02
0.28939	4.11477e-03
0.30713	2.86208e-02
0.29875	1.05342e-03
0.30053	1.18815e-02
0.32262	7.07656e-03
0.31732	1.50156e-02
0.31575	2.45509e-02
0.30780	2.56610e-03
0.30476	5.54924e-03
0.29504	1.77184e-02
0.31585	9.18204e-03
0.29991	3.04896e-02
0.28541	7.74670e-03
0.29493	5.32325e-03
0.30958	1.26057e-02
0.29952	1.29726e-03
0.29217	2.46092e-03
0.28886	4.93736e-03
0.31989	2.19273e-04
0.31132	6.61790e-03
0.28441	1.78003e-02
0.29622	6.17046e-03
0.29755	8.60889e-03
0.29406	1.18457e-02
0.29725	1.41705e-02
0.27002	3.48640e-03
0.29962	1.68580e-02
0.28953	4.68901e-03
0.27179	2.27265e-02
0.27859	4.53124e-04
0.31802	9.71552e-04
0.27921	7.76456e-05
0.29181	9.67317e-04
0.27222	7.80092e-03
0.30386	2.72938e-02
0.29446	1.14874e-02
0.28155	1.31745e-03
0.30577	1.20797e-02
0.29055	1.63177e-02
0.30105	2.58184e-02
0.31166	2.56973e-02
0.30017	7.70347e-03
0.26368	1.74782e-03
0.28411	1.48043e-02
0.28482	9.09240e-03
0.29020	6.41048e-03
0.30230	4.84696e-03
0.26909	9.75790e-04
0.28097	3.88787e-02
0.28065	2.66136e-03
0.29593	5.80753e-03
0.28264	1.29343e-02
0.28925	2.15008e-02
0.28895	2.81157e-03
0.28358	1.77613e-02
0.27413	5.30148e-03
0.27688	2.67194e-03
0.26426	1.25562e-03
0.28751	2.66583e-02
0.27460	5.22749e-03
0.25914	3.59047e-03
0.27845	4.06105e-03
0.28538	6.67453e-03
0.26656	5.15366e-03
0.27734	8.09497e-04
0.30903	2.90550e-03
0.24475	2.46726e-02
0.28630	9.73560e-03
0.28812	3.11868e-02
0.26164	2.11156e-03
0.25491	1.32567e-02
0.27918	1.57407e-02
0.28530	9.62270e-03
0.27199	3.68539e-03
0.29214	1.06719e-03
0.28939	3.23940e-03
0.28408	8.54606e-03
0.27580	2.07968e-02
0.28212	1.60777e-02
0.28581	1.97705e-02
0.28306	1.70194e-02
0.28884	2.28004e-02
0.28429	4.86142e-03
0.29256	3.40808e-03
0.29280	3.64502e-03
0.27550	9.45568e-03
0.29316	1.26876e-02
0.30371	2.13635e-03
0.31503	9.18488e-03
0.30305	1.63196e-02
0.28250	2.08299e-03
0.30609	1.34707e-03
0.29521	1.22256e-02
0.29979	1.77450e-02
0.29902	1.73201e-02
0.30793	1.56503e-02
0.32687	3.28811e-03
0.32474	1.15447e-03
0.31358	3.97403e-03
0.31702	4.59724e-03
0.30942	1.21947e-02
0.34126	3.66936e-03
0.32144	2.00144e-02
0.31055	9.12125e-03
0.31065	1.97071e-02
0.34506	1.17155e-02
0.34977	7.00033e-03
0.33854	8.77596e-04
0.33464	1.07275e-02
0.33606	4.35907e-03
0.33315	1.36845e-02
0.36554	9.32773e-03
0.33767	6.19724e-03
0.35928	1.28755e-03
0.35454	6.70272e-04
0.33943	1.99266e-02
0.35034	1.78300e-02
0.36038	7.78812e-03
0.34207	1.22041e-02
0.37747	4.66342e-03
0.36894	1.31844e-02
0.35806	1.12437e-02
0.36783	4.81810e-03
0.37327	1.02599e-02
0.37169	1.80089e-02
0.36872	1.28849e-02
0.34510	8.63162e-03
0.37427	1.04587e-02
0.38998	2.68746e-02
0.38087	1.34309e-03
0.38419	1.97737e-03
0.39423	1.62424e-02
0.39423	8.11185e-03
0.38712	1.52250e-02
0.40753	5.58520e-03
0.37656	2.11198e-02
0.40252	4.83838e-03
0.39141	1.16015e-02
0.35755	1.21462e-02
0.37670	8.65081e-03
0.39545	1.34082e-02
0.38782	2.15099e-02
0.40307	6.25927e-03
0.39916	1.01727e-02
0.39214	2.40629e-02
0.40462	2.22036e-02
0.41557	1.03664e-02
0.42301	2.83198e-03
0.41869	1.48164e-03
0.40251	2.97676e-03
0.40643	6.89557e-03
0.40655	2.35777e-03
0.40425	1.05421e-02
0.40191	1.51061e-03
0.40772	8.66099e-04
0.40021	1.32944e-02
0.42214	2.59996e-02
0.40147	1.57878e-03
0.44366	5.74354e-03
0.42275	1.42329e-02
0.44099	1.96286e-03
0.41870	2.03311e-02
0.42019	8.48288e-03
0.41112	1.75509e-02
0.41944	2.65471e-02
0.40723	2.76211e-02
0.41086	1.05773e-02
0.40039	1.12960e-04
0.43002	6.28236e-03
0.43520	1.09621e-03
0.43520	1.09621e-03
0.42736	2.58272e-03
0.42871	8.13077e-03
0.42400	9.11915e-03
0.43419	7.72126e-03
0.43485	3.22746e-05
0.42155	2.31589e-02
0.44298	1.72802e-03
0.42351	1.69230e-02
0.44735	2.27938e-02
0.45491	6.54732e-03
0.46847	2.93869e-03
0.43140	1.57387e-02
0.44214	3.36382e-03
0.44197	5.00415e-03
0.44903	1.20658e-02
0.45441	3.29715e-02
0.48832	9.35019e-04
0.44974	8.34884e-03
0.46242	3.78676e-03
0.46448	4.54059e-03
0.45936	5.87428e-04
0.47521	1.52641e-02
0.48202	1.58208e-02
0.46771	8.44546e-03
0.46111	1.59603e-03
0.45922	3.49166e-03
0.45950	1.13464e-02
0.48035	5.22497e-03
0.47947	6.11079e-03
0.46241	2.53852e-03
0.48281	5.82266e-03
0.47814	1.04898e-02
0.47775	8.81007e-03
0.48116	1.22259e-02
0.48311	8.29025e-03
0.49447	3.06778e-03
0.46710	2.56289e-03
0.46710	7.81379e-03
0.48598	5.07004e-03
0.49284	5.21334e-03
0.49087	3.23679e-03
0.47603	2.83215e-03
0.47711	1.74454e-03
0.49019	3.56143e-03
0.47578	1.53743e-02
0.47873	1.83201e-02
0.49928	2.68358e-03
0.49655	1.04467e-02
0.51764	9.80956e-03
0.51644	1.10076e-02
0.49116	1.63811e-02
0.50810	6.72784e-03
0.51553	2.00654e-02
0.51096	1.54982e-02
0.50166	6.19050e-03
0.50445	5.20578e-03
0.51855	1.93551e-02
0.52384	6.11365e-03
0.50569	1.71180e-02
0.52280	1.77133e-02
0.51875	1.32930e-02
0.51286	1.91778e-02
0.51512	1.88780e-02
0.51766	1.03671e-02
0.53128	5.08831e-04
0.52370	2.01697e-03
0.52794	6.25130e-03
0.52537	2.19030e-02
0.51176	1.09711e-02
0.52169	1.45200e-02
0.53620	1.87703e-02
0.53461	2.33256e-02
0.53176	9.95210e-03
0.54277	2.36644e-03
0.53701	1.33259e-02
0.54031	1.66285e-02
0.53261	5.29229e-03
0.53837	1.36266e-02
0.53555	5.16790e-03
0.53488	2.03429e-03
0.54056	1.46121e-03
0.55938	1.22596e-04
0.53884	1.14554e-02
0.54062	8.28216e-03
0.53669	6.44948e-03
0.54850	5.13763e-03
0.56106	2.60401e-03
0.55573	7.93208e-03
0.54248	1.20803e-02
0.55398	1.92126e-03
0.54829	6.29053e-03
0.55568	1.54661e-02
0.54665	1.54027e-02
0.54384	4.78131e-03
0.56312	1.13981e-03
0.55871	2.24774e-03
0.56459	1.08918e-03
0.54210	1.69263e-03
0.55557	1.51603e-02
0.56707	8.75290e-03
0.55856	2.05613e-02
0.55942	1.68514e-03
0.56429	1.02617e-02
0.58286	3.68338e-03
0.55671	1.84681e-02
0.57457	1.66552e-02
0.56889	1.01384e-02
0.57234	6.69501e-03
0.56295	2.68843e-03
0.55983	6.09855e-03
0.55940	1.63606e-03
0.56316	2.11743e-03
0.56782	2.54358e-03
0.56907	4.58076e-03
0.57274	9.26178e-03
0.57867	5.00502e-03
0.59058	7.79966e-03
0.56224	4.92258e-03
0.57422	2.40034e-03
0.58138	1.63745e-03
0.56800	4.38135e-03
0.57652	4.83505e-03
0.56661	1.71702e-03
0.56938	1.76167e-03
0.58369	1.28056e-02
0.56478	6.84767e-03
0.57539	9.60095e-03
0.56702	9.81001e-03
0.58224	1.89943e-03
0.57100	2.94121e-02
0.58192	2.31603e-04
0.58486	1.00336e-02
0.58536	1.00701e-02
0.57657	1.28017e-03
0.59226	1.21641e-02
0.59226	1.21641e-02
0.58968	5.72554e-03
0.58943	1.30836e-02
0.58852	1.21681e-02
0.57209	2.15046e-02
0.60476	1.19996e-02
0.59652	3.54437e-03
0.58806	7.22911e-03
0.60457	9.28004e-03
0.57819	8.77897e-03
0.59261	5.64089e-03
0.59297	1.31196e-02
0.60203	4.06504e-03
0.59492	3.04446e-03
0.59304	3.14016e-03
0.59227	2.37554e-03
0.60793	1.78817e-03
0.60099	5.33571e-03
0.60549	3.03522e-04
0.60688	1.69560e-03
0.60436	9.90507e-04
0.60062	2.75182e-03
0.60062	2.75182e-03
0.58887	4.97687e-03
0.61232	1.90607e-03
0.61066	2.38995e-04
0.59565	6.83176e-03
0.60897	6.48481e-03
0.61081	5.65612e-03
0.62332	9.27800e-03
0.63656	3.23520e-03
0.62146	4.71961e-03
0.62388	4.24855e-03
0.61795	5.27559e-03
0.60736	4.32676e-03
0.61112	8.09009e-03
0.61414	1.11072e-02
0.62031	2.69118e-02
0.63813	9.09162e-03
0.63376	9.17776e-05
0.62099	8.15451e-04
0.62997	4.94766e-03
0.64265	6.46746e-03
0.64237	1.72193e-02
0.63177	1.51720e-03
0.62814	4.93830e-03
0.63406	1.08567e-02
0.63697	1.37606e-02
0.62446	1.01105e-02
0.64786	1.62514e-03
0.63841	1.12669e-03
0.64341	3.87762e-03
0.66177	1.72912e-03
0.64418	1.56118e-03
0.64456	1.18990e-03
0.64928	1.24748e-02
0.65262	6.32452e-03
0.66368	1.04457e-02
0.66368	1.04457e-02
0.65137	1.64283e-02
0.65309	5.89231e-03
0.65686	9.02590e-03
0.66309	2.79263e-03
0.65099	1.20055e-02
0.66140	6.78956e-03
0.66066	1.34344e-02
0.66887	1.75515e-02
0.66634	5.11244e-03
0.66113	6.67499e-03
0.66980	1.68833e-02
0.67328	1.91640e-02
0.67005	4.81872e-03
0.66640	1.27354e-02
0.67207	7.06873e-03
0.67248	1.32514e-02
0.67088	2.06219e-02
0.66992	1.36755e-02
0.67980	1.72160e-02
0.66828	5.69694e-03
0.67175	2.23268e-03
0.68659	1.47222e-02
0.68723	1.26896e-02
0.67256	2.04610e-02
0.69203	5.20770e-04
0.68171	1.82855e-03
0.68934	9.45753e-03
0.69320	5.98101e-03
0.69431	7.09237e-03
0.68805	1.06578e-02
0.69758	1.06760e-02
0.68653	1.11516e-02
0.69847	1.11642e-02
0.69826	6.37211e-04
0.69672	2.82881e-03
0.69030	4.72809e-03
0.70469	4.02143e-03
0.69927	1.04745e-02
0.69350	2.50421e-02
0.71141	1.81084e-02
0.70292	1.20694e-02
0.70470	8.98965e-03
0.70596	1.43497e-02
0.71982	9.80210e-03
0.70681	1.74996e-02
0.70842	1.91074e-02
0.71956	1.14527e-02
0.70713	8.66887e-03
0.71477	1.63098e-02
0.71961	1.43192e-02
0.71623	1.77009e-02
0.72723	1.41915e-02
0.71603	3.05638e-03
0.72367	4.58596e-03
0.73241	1.29560e-02
0.73241	1.29560e-02
0.72977	1.39070e-02
0.72343	5.96138e-03
0.73773	1.23340e-02
0.74468	7.15296e-03
0.72872	1.10631e-03
0.73455	1.85756e-02
0.74084	1.22886e-02
0.74288	1.43353e-02
0.74207	1.51519e-02
0.72932	9.92718e-03
0.74942	1.54454e-02
0.75090	1.39717e-02
0.75037	1.48638e-02
0.74410	6.61610e-03
0.74541	2.59135e-02
0.73989	4.13513e-03
0.75954	4.50247e-03
0.73527	8.69251e-04
0.75220	1.85133e-02
0.74639	1.27005e-02
0.75022	1.65316e-02
0.75290	1.44425e-02
0.76153	5.69220e-03
0.76153	5.69220e-03
0.75377	1.89181e-02
0.75679	9.22090e-03
0.75972	6.29027e-03
0.76451	6.62727e-03
0.77237	4.86992e-03
0.76500	2.49918e-03
0.76100	1.44957e-02
0.76441	1.00936e-02
0.76789	9.31762e-03
0.77615	1.28246e-02
0.77586	1.25360e-02
0.77628	1.29565e-02
0.77368	6.83415e-03
0.77881	1.55131e-02
0.76932	1.23844e-02
0.77335	8.34956e-03
0.79186	1.07226e-02
0.78384	8.52741e-03
0.78541	8.73049e-03
0.78496	1.34098e-02
0.79061	7.75395e-03
0.79116	7.37378e-03
0.79511	3.07779e-03
0.78791	7.45661e-03
0.78463	7.94021e-03
0.79528	8.21485e-03
0.79471	4.33159e-03
0.78788	6.09303e-03
0.79336	1.09062e-02
0.79503	9.23671e-03
0.79434	9.91923e-03
0.79796	6.39896e-03
0.80685	1.52867e-02
0.80030	8.74283e-03
0.80308	1.16046e-02
0.80950	9.52378e-03
0.80783	1.11966e-02
0.80688	4.33575e-03
0.81120	1.09586e-02
0.81057	9.56278e-03
0.81387	1.31541e-02
0.81375	1.35024e-02
0.81270	7.88032e-03
0.81821	1.02131e-02
0.81862	1.66234e-03
0.81895	1.32422e-02
0.81647	1.03227e-02
0.82004	1.38914e-02
0.81531	8.44398e-03
0.81746	7.52297e-03
0.82548	1.01511e-02
0.82671	1.13741e-02
0.82671	1.13741e-02
0.81788	8.76919e-03
0.82701	1.63578e-02
0.82571	1.50614e-02
0.83041	6.12164e-03
0.83130	1.26212e-02
0.83251	8.12595e-03
0.82609	1.23105e-02
0.83179	6.61312e-03
0.83334	6.84381e-03
0.83558	1.06109e-02
0.83215	5.00005e-03
0.83658	8.94600e-03
0.83984	8.64935e-03
0.83731	6.11359e-03
0.84539	8.01278e-03
0.84279	7.14420e-03
0.84898	6.89665e-03
0.84595	6.31847e-03
0.84754	6.83888e-03
0.85505	0.00000e+00
0.85691	0.00000e+00
0.85616	0.00000e+00
0.85974	0.00000e+00
0.85974	0.00000e+00
0.86393	0.00000e+00
0.85996	0.00000e+00
0.86494	0.00000e+00
0.86649	0.00000e+00
0.86850	0.00000e+00
0.86904	0.00000e+00
