0.98522	2.87132e-03
0.97939	2.49837e-04
0.98288	3.77052e-04
0.98358	1.07077e-03
0.98412	7.25931e-04
0.98284	8.71611e-04
0.98388	6.85857e-04
0.98330	1.03148e-04
0.98161	1.42326e-03
0.98164	4.22028e-04
0.98024	1.96964e-03
0.98047	5.33098e-04
0.97412	3.05428e-03
0.97473	1.77394e-03
0.97146	4.75050e-05
0.97142	1.67493e-03
0.96749	1.48943e-03
0.96667	2.28408e-03
0.97003	3.56526e-03
0.96351	8.11756e-04
0.96438	4.39360e-03
0.96231	5.00242e-03
0.95736	2.49130e-03
0.96051	3.80893e-03
0.95914	6.73370e-04
0.95022	1.19746e-03
0.95424	1.06180e-03
0.94976	5.66113e-03
0.94560	3.10724e-03
0.94949	1.84746e-03
0.94625	9.25492e-04
0.94473	3.51737e-03
0.94618	8.79727e-04
0.94718	5.44651e-03
0.94223	1.36228e-03
0.94274	4.71777e-03
0.93651	3.94243e-03
0.94081	2.01713e-03
0.93323	1.11555e-03
0.93699	3.72836e-03
0.93232	4.06435e-04
0.93642	3.79545e-03
0.93340	1.06301e-02
0.93594	3.72630e-03
0.93202	6.92957e-03
0.93246	6.94927e-03
0.92949	5.93105e-03
0.93166	8.85675e-03
0.93200	5.99598e-03
0.92952	3.60439e-03
0.92613	7.03149e-03
0.92367	1.37087e-02
0.91839	1.16312e-02
0.92656	1.31390e-02
0.92135	7.05258e-03
0.92305	9.06025e-03
0.91859	6.21842e-03
0.91882	5.42724e-03
0.92196	4.67654e-03
0.92443	9.65071e-03
0.92534	4.06988e-03
0.92278	8.11419e-03
0.92564	4.65367e-03
0.92235	5.76285e-03
0.92889	1.22179e-02
0.92265	1.06150e-02
0.93066	1.23646e-02
0.92565	8.49956e-03
0.92128	9.37496e-03
0.91883	1.12041e-02
0.92297	8.18085e-03
0.92306	1.20710e-02
0.92340	1.49654e-02
0.91529	6.82209e-03
0.91682	1.43461e-02
0.91952	3.46831e-03
0.91607	9.27875e-03
0.91092	1.96775e-02
0.90832	1.81360e-02
0.90756	1.70809e-02
0.90928	9.89200e-03
0.91375	8.11275e-03
0.90713	1.29191e-02
0.92026	1.40032e-02
0.92133	1.11768e-02
0.91424	1.16740e-02
0.91227	1.35993e-02
0.91279	8.98184e-03
0.91081	1.39235e-02
0.91556	1.25668e-02
0.90859	1.15697e-02
0.90380	1.75311e-02
0.89574	1.44780e-02
0.89225	1.60880e-02
0.89949	2.06173e-02
0.90754	8.21031e-03
0.90443	1.84908e-02
0.89131	1.43998e-02
0.89438	9.64181e-03
0.89738	6.43549e-03
0.90313	1.37455e-02
0.90604	8.21942e-03
0.89904	1.32410e-02
0.90047	4.96892e-04
0.89529	2.28953e-03
0.89387	1.26154e-02
0.89079	7.10749e-03
0.90052	1.44878e-02
0.89854	1.17489e-02
0.89903	1.67351e-04
0.89567	1.01462e-02
0.88556	1.14007e-02
0.89298	1.58603e-02
0.90044	7.41430e-03
0.90037	1.05717e-02
0.90006	1.49438e-03
0.89545	4.78250e-03
0.89357	6.61078e-03
0.89680	1.45897e-03
0.89610	4.88594e-03
0.89488	4.17257e-03
0.88564	4.84440e-04
0.90006	5.78371e-03
0.88764	6.67416e-03
0.89485	1.33292e-03
0.89389	1.95526e-03
0.89168	7.51799e-03
0.89017	4.87152e-03
0.89702	1.87723e-03
0.88591	2.54528e-04
0.88973	3.97907e-03
0.88170	6.16267e-03
0.88727	6.11042e-03
0.88256	3.95504e-03
0.87715	9.38559e-03
0.88544	5.16439e-03
0.88177	3.23559e-03
0.87928	4.96943e-03
0.87850	6.01604e-03
0.87903	7.54316e-05
0.87162	4.84502e-03
0.87252	1.63472e-03
0.87351	2.43558e-03
0.87913	1.06242e-03
0.87233	9.36737e-03
0.86955	1.27664e-04
0.85344	3.15718e-03
0.87261	4.39737e-03
0.86954	4.64986e-03
0.85925	4.16638e-03
0.86102	7.87881e-04
0.87606	8.46707e-03
0.86247	4.28541e-03
0.85222	2.95001e-03
0.86238	1.70639e-03
0.85649	5.44818e-03
0.85266	3.11283e-03
0.85490	2.04124e-03
0.85482	8.94964e-03
0.85531	5.11200e-03
0.86018	3.39596e-03
0.84010	4.10881e-03
0.84201	6.67393e-03
0.85493	1.90760e-03
0.84829	3.05375e-03
0.85891	1.29457e-03
0.84516	4.07358e-03
0.84512	1.43987e-03
0.84801	6.23443e-04
0.84199	1.90859e-03
0.83419	1.72488e-03
0.83708	1.47609e-02
0.84752	1.38543e-03
0.84891	8.54447e-04
0.83844	7.55075e-03
0.84324	3.66143e-03
0.84312	4.56388e-03
0.84099	1.02519e-03
0.83115	8.58616e-03
0.84011	1.22511e-02
0.84023	1.25773e-02
0.83229	1.41600e-02
0.83903	1.54021e-02
0.83459	1.49406e-02
0.82757	1.16809e-02
0.83060	1.18060e-02
0.83836	1.69055e-02
0.83277	1.20053e-02
0.82816	1.55028e-02
0.83461	2.10612e-02
0.82508	7.01478e-03
0.82586	6.49887e-03
0.83139	1.35239e-02
0.83346	1.26176e-02
0.81688	1.84396e-02
0.81005	8.32305e-03
0.83050	2.72838e-03
0.83467	3.34262e-03
0.82109	5.62654e-03
0.82314	5.87596e-03
0.82404	7.62946e-03
0.81305	1.35625e-02
0.80936	1.08206e-02
0.82754	2.46261e-03
0.82047	1.68465e-02
0.81571	1.45621e-02
0.81587	1.61683e-02
0.82118	1.91593e-02
0.81420	2.54612e-02
0.82402	9.61342e-03
0.81279	1.19280e-02
0.81087	1.70055e-02
0.81804	1.24409e-02
0.81145	1.10915e-02
0.82158	1.23445e-02
0.80906	2.04654e-02
0.81592	1.16924e-02
0.82173	1.51873e-02
0.80075	1.50921e-02
0.81283	1.27199e-02
0.81798	1.59906e-02
0.81695	2.63481e-02
0.81638	1.65712e-02
0.81177	3.85703e-03
0.81202	1.92045e-02
0.80864	1.64886e-02
0.81016	1.95744e-02
0.79970	2.24515e-02
0.81333	2.11586e-02
0.80619	1.44683e-02
0.81420	2.61069e-02
0.81720	1.96725e-02
0.81067	2.18093e-02
0.81490	1.68698e-02
0.81444	2.44740e-02
0.81019	2.79599e-02
0.79658	2.61590e-02
0.79854	2.52528e-02
0.79924	3.32174e-02
0.81971	1.16361e-02
0.80051	2.77310e-02
0.80911	1.77781e-02
0.81146	2.50295e-02
0.80238	3.19214e-02
0.78549	4.19575e-02
0.79459	3.29302e-02
0.80642	3.28197e-02
0.79585	3.83575e-02
0.80230	2.41590e-02
0.79896	2.35512e-02
0.79859	1.95131e-02
0.80781	2.82780e-02
0.78522	3.03479e-02
0.79511	2.59134e-02
0.78593	2.95837e-02
0.78780	2.58786e-02
0.79056	4.05247e-02
0.79981	3.37116e-02
0.79999	3.68018e-02
0.79069	3.61335e-02
0.77335	4.06653e-02
0.80065	3.30229e-02
0.78806	2.46972e-02
0.78318	3.96559e-02
0.78427	2.10026e-02
0.78706	2.75805e-02
0.79978	2.88033e-02
0.79490	2.46047e-02
0.77821	3.31757e-02
0.79162	3.47325e-02
0.78593	2.72425e-02
0.78064	2.48802e-02
0.79369	2.97594e-02
0.79870	2.71528e-02
0.79321	2.44846e-02
0.78295	3.19443e-02
0.78617	1.72391e-02
0.79505	1.37321e-02
0.79186	2.94071e-02
0.78604	1.73483e-02
0.78869	2.55348e-02
0.78628	2.88276e-02
0.78653	2.64186e-02
0.78967	2.01669e-02
0.78562	1.73356e-02
0.77811	4.17433e-02
0.77926	3.16914e-02
0.79480	2.98526e-02
0.77605	1.72241e-02
0.78947	3.15248e-02
0.77854	1.69660e-02
0.78610	2.01744e-02
0.78449	2.75867e-02
0.78354	2.22787e-02
0.79045	2.38991e-02
0.79115	1.51338e-02
0.78241	8.29683e-03
0.79001	2.04677e-02
0.78574	8.39353e-03
0.77933	2.79559e-02
0.77960	1.54182e-02
0.78534	2.29873e-02
0.78204	2.10645e-02
0.78468	1.77727e-02
0.79182	2.80679e-02
0.77600	1.65784e-02
0.78659	1.81469e-02
0.77513	2.97394e-02
0.78089	2.69107e-02
0.77765	2.91626e-02
0.77929	1.53797e-02
0.78786	1.88903e-02
0.76986	2.60042e-02
0.77483	5.84883e-03
0.77034	2.79831e-02
0.78828	2.39933e-02
0.77990	1.44884e-02
0.79117	1.24506e-02
0.78510	2.19603e-02
0.77063	1.12383e-02
0.77967	1.78979e-02
0.77995	1.16051e-02
0.76669	1.41083e-02
0.76813	2.23644e-02
0.76609	2.63924e-02
0.75352	3.36518e-03
0.77310	3.03136e-03
0.78392	1.64026e-02
0.78175	2.16291e-02
0.76073	1.96015e-02
0.77963	2.46709e-02
0.77689	1.95360e-02
0.76525	2.19613e-02
0.76257	2.58516e-02
0.76283	2.35577e-02
0.76046	2.37947e-02
0.75580	2.39945e-02
0.75856	9.75153e-03
0.76133	6.32352e-03
0.77230	2.61611e-02
0.75472	1.65878e-02
0.75010	3.56714e-02
0.76998	2.71790e-02
0.74867	2.82768e-02
0.75253	3.04587e-02
0.74743	1.80804e-02
0.75458	4.06939e-02
0.74823	2.83612e-02
0.74372	2.31966e-02
0.76198	1.69655e-02
0.75334	2.17274e-02
0.74235	2.46141e-02
0.76132	8.58620e-03
0.75756	3.40561e-02
0.75542	2.20769e-02
0.76484	2.47399e-02
0.75745	2.41647e-02
0.74798	2.83215e-02
0.75962	3.22056e-02
0.75028	2.17932e-02
0.74724	2.29955e-02
0.77040	1.89132e-02
0.76015	2.41739e-02
0.75456	3.42678e-02
0.76493	1.04227e-02
0.76267	2.35049e-02
0.76305	2.71885e-02
0.74483	1.88864e-02
0.77298	1.25184e-02
0.74959	1.85137e-02
0.75008	2.45417e-02
0.76129	2.76128e-02
0.74676	2.46146e-02
0.74850	3.79923e-02
0.76468	1.66328e-02
0.75626	1.99168e-02
0.75639	1.54206e-02
0.74667	1.38983e-02
0.75695	2.29740e-02
0.75237	2.19466e-02
0.75509	1.82436e-02
0.74516	3.25686e-02
0.74843	1.87359e-02
0.74842	1.57689e-02
0.75146	9.39339e-03
0.75086	1.15970e-02
0.74647	1.62229e-02
0.74809	2.32819e-02
0.75236	2.47649e-02
0.74577	1.55568e-02
0.74175	2.29851e-02
0.73551	3.07199e-02
0.74211	2.79118e-02
0.72998	1.95509e-02
0.74730	9.39735e-03
0.74229	5.60427e-03
0.72518	1.03050e-02
0.74538	1.87941e-02
0.75621	9.23367e-03
0.73915	2.21295e-02
0.73774	8.86165e-03
0.73081	3.46016e-03
0.75256	2.20700e-02
0.73693	2.20503e-02
0.73959	3.32515e-02
0.73600	5.41467e-03
0.73491	3.49133e-02
0.74796	1.69702e-02
0.73638	1.05882e-02
0.72271	2.92303e-02
0.72491	2.67797e-02
0.73842	2.13648e-02
0.73505	1.11198e-02
0.72760	1.53219e-02
0.74293	3.45608e-02
0.73641	1.37508e-02
0.75883	2.50843e-02
0.73365	1.63218e-03
0.74218	5.14340e-03
0.72718	1.81244e-03
0.72627	8.36939e-03
0.72955	6.73811e-03
0.72995	1.26892e-02
0.73114	1.68932e-02
0.73070	3.79398e-03
0.73006	1.89281e-02
0.71100	1.16536e-02
0.73263	1.14456e-02
0.73614	1.09165e-02
0.72504	1.93140e-02
0.72915	5.66809e-03
0.72644	1.00885e-02
0.72230	1.56297e-02
0.72762	1.25732e-02
0.72219	1.21763e-02
0.73646	7.78810e-05
0.72585	1.56655e-02
0.71071	3.85287e-03
0.72502	1.03347e-03
0.71987	8.52173e-03
0.71272	1.49717e-02
0.71301	2.17436e-02
0.70325	5.07015e-03
0.73333	1.30096e-02
0.71741	6.18705e-03
0.70571	4.39529e-05
0.71358	6.50205e-03
0.71121	1.59684e-02
0.70652	1.88153e-02
0.70152	3.12680e-02
0.71268	1.28820e-02
0.72533	1.71501e-02
0.72248	5.72909e-04
0.70391	2.95563e-03
0.70465	8.92076e-03
0.71111	4.90161e-03
0.70670	3.50193e-03
0.72244	1.23899e-02
0.70475	2.96893e-03
0.70335	3.93242e-03
0.69790	6.08136e-03
0.70310	9.55079e-03
0.70502	9.12933e-03
0.70655	2.24234e-03
0.70470	3.18399e-03
0.72794	5.20438e-04
0.69996	3.12819e-03
0.72657	6.46887e-03
0.71975	4.11702e-03
0.69695	1.01834e-02
0.70127	9.75001e-03
0.69810	7.35430e-03
0.69730	5.88523e-03
0.69183	1.59162e-02
0.69265	7.80817e-03
0.69406	1.05145e-02
0.68754	1.88988e-02
0.69858	2.87881e-02
0.69399	1.85300e-02
0.70282	1.00826e-02
0.70206	1.69701e-02
0.71636	1.55035e-02
0.69705	1.61488e-02
0.70066	1.56755e-02
0.69971	1.79404e-02
0.68428	9.71040e-03
0.70168	1.60117e-02
0.70468	2.34832e-02
0.69487	1.03103e-02
0.69176	2.15007e-02
0.69529	2.80504e-03
0.70149	6.50770e-03
0.68365	2.69266e-03
0.69829	1.37618e-02
0.70587	1.09530e-02
0.70435	5.64126e-03
0.69661	1.57346e-03
0.69382	1.33006e-02
0.69869	1.16369e-02
0.68772	8.86394e-03
0.68176	1.34444e-02
0.69035	1.56706e-03
0.69857	1.19028e-02
0.68311	2.60153e-02
0.68769	3.19637e-03
0.69502	9.93283e-05
0.66974	5.86550e-03
0.68991	1.51941e-02
0.67681	1.02122e-02
0.68555	1.22453e-02
0.68852	1.38601e-02
0.68670	3.26091e-03
0.67796	2.55254e-02
0.67995	7.81775e-03
0.67539	8.94837e-03
0.67701	1.10933e-02
0.67837	3.28422e-02
0.68747	2.15781e-02
0.67980	1.94939e-03
0.68722	7.05531e-03
0.69259	7.07859e-03
0.69933	1.54826e-03
0.67576	2.47155e-03
0.67315	9.11437e-03
0.69660	1.89080e-03
0.67311	8.45637e-03
0.68662	1.44872e-03
0.66316	1.10309e-02
0.67363	7.73136e-03
0.67907	1.55138e-03
0.68940	7.17402e-03
0.67812	5.18928e-03
0.67189	4.97214e-03
0.67997	2.16457e-03
0.67702	4.54755e-03
0.67816	5.56886e-03
0.68383	3.13523e-03
0.69656	1.28751e-03
0.66900	5.62585e-03
0.67122	5.79040e-03
0.67935	1.06095e-02
0.67044	1.85346e-03
0.66338	6.47571e-03
0.66369	1.78297e-02
0.68725	1.34141e-03
0.68166	7.95237e-03
0.66411	8.26733e-03
0.69808	7.79543e-03
0.66770	2.84497e-03
0.68735	2.60634e-03
0.68664	5.44321e-03
0.65859	1.06536e-02
0.67253	5.65871e-03
0.68865	3.74178e-03
0.67499	3.26037e-03
0.67262	1.52887e-02
0.67630	1.30788e-02
0.66767	1.71799e-02
0.69135	3.97167e-03
0.67422	1.79447e-02
0.67832	2.38079e-02
0.69190	4.08031e-03
0.67271	8.71111e-03
0.69266	5.32189e-03
0.68385	1.41143e-02
0.67310	5.21395e-03
0.68085	1.14175e-03
0.67273	2.46785e-03
0.68148	2.49625e-02
0.67488	3.23150e-03
0.68178	7.18876e-03
0.67827	8.81253e-03
0.68380	3.33479e-03
0.68205	1.11228e-03
0.66262	1.69994e-04
0.69339	1.29764e-02
0.68162	8.35249e-03
0.69695	3.11953e-03
0.67430	1.19599e-03
0.68325	5.60397e-03
0.67871	8.42593e-03
0.68212	3.56173e-03
0.68269	1.32123e-03
0.67185	1.65557e-03
0.67088	8.30970e-03
0.68327	2.08885e-03
0.67403	1.26199e-03
0.67269	1.01264e-02
0.69379	1.31369e-04
0.67647	1.14599e-03
0.66326	2.42661e-02
0.68663	8.28411e-03
0.68609	9.77304e-03
0.66319	1.99100e-02
0.68117	4.64699e-03
0.67746	1.27974e-02
0.68998	1.00613e-02
0.67368	4.08076e-04
0.66818	3.86956e-03
0.67658	1.10416e-02
0.68806	1.45628e-02
0.70249	1.26017e-02
0.68538	6.29745e-03
0.67417	2.65366e-03
0.68778	1.31331e-02
0.67635	2.08740e-02
0.67747	3.19495e-03
0.67836	1.29749e-02
0.67198	1.76786e-03
0.68209	2.95452e-03
0.67128	6.09095e-03
0.67166	1.28248e-02
0.67352	2.31063e-03
0.66953	2.70714e-03
0.66730	6.75009e-03
0.66694	1.49616e-02
0.67793	1.12247e-02
0.67313	2.55615e-03
0.66545	1.49392e-03
0.66101	2.28336e-03
0.66668	2.86891e-03
0.65507	1.04797e-03
0.67289	1.16774e-02
0.66934	1.33433e-02
0.68265	1.13660e-02
0.67247	1.94565e-02
0.67220	5.73140e-03
0.67355	1.98672e-03
0.67828	3.15823e-03
0.65355	8.58011e-03
0.67663	1.66383e-03
0.67022	1.01565e-02
0.66038	2.15693e-03
0.67559	1.41672e-02
0.65699	1.39193e-02
0.67065	2.09740e-03
0.66584	1.89272e-02
0.65462	1.33935e-02
0.66786	1.61309e-02
0.64681	8.95979e-03
0.66896	1.32973e-02
0.66753	2.44532e-03
0.66557	7.04432e-03
0.66813	7.82748e-05
0.67537	1.41837e-02
0.67117	1.71317e-02
0.66127	1.17802e-02
0.68275	7.66170e-03
0.66112	1.64345e-02
0.66928	2.75574e-03
0.66168	1.06514e-02
0.65148	4.97853e-03
0.67206	1.97788e-02
0.67835	3.71346e-03
0.67129	3.54289e-03
0.65127	1.13568e-02
0.67135	9.60784e-04
0.67319	1.54328e-02
0.64899	1.04222e-02
0.65936	1.58462e-02
0.66188	1.12243e-02
0.65864	5.31667e-03
0.64598	2.68410e-03
0.67177	8.71948e-04
0.64860	1.17051e-02
0.65685	1.14455e-02
0.66365	3.30156e-03
0.66773	1.71163e-02
0.65174	1.34352e-02
0.65029	1.48577e-02
0.66682	5.15778e-03
0.66544	3.15189e-03
0.65902	2.06816e-02
0.65194	1.72098e-02
0.65891	3.84093e-03
0.67312	2.79460e-03
0.64792	4.06962e-03
0.64715	2.79026e-02
0.64248	1.61553e-02
0.65563	5.49381e-03
0.66814	9.32743e-04
0.65240	5.83851e-03
0.65883	1.00436e-02
0.66939	1.11556e-03
0.66379	1.81468e-02
0.64910	1.82792e-03
0.66405	1.91127e-03
0.64914	1.02836e-02
0.66541	2.13474e-02
0.64879	1.93773e-02
0.66029	2.29626e-02
0.62587	1.32918e-02
0.63625	2.66314e-02
0.64541	1.97260e-02
0.65778	9.41246e-04
0.64402	6.79963e-03
0.62885	9.11019e-03
0.63044	3.47214e-03
0.65401	2.96881e-03
0.62401	5.87070e-03
0.63974	2.44491e-02
0.64116	7.14671e-04
0.63969	4.94553e-03
0.64061	4.62534e-03
0.63713	8.95631e-04
0.63178	2.48497e-03
0.63008	4.23725e-03
0.64147	4.78654e-03
0.63131	4.16751e-04
0.64578	1.06239e-02
0.63168	1.06100e-02
0.63371	3.96148e-03
0.65100	1.41631e-02
0.64625	4.31507e-03
0.64078	5.35312e-03
0.65191	3.97704e-04
0.64815	3.72279e-04
0.64603	1.91420e-02
0.64396	4.24817e-03
0.63363	2.45976e-02
0.62909	5.62254e-03
0.63030	3.56041e-03
0.63791	5.68061e-03
0.62208	2.51349e-02
0.65222	3.07328e-02
0.63244	2.56038e-02
0.63212	9.81918e-03
0.65086	6.18713e-03
0.64032	1.64244e-02
0.63577	2.14083e-02
0.64682	1.99910e-02
0.62789	8.64036e-03
0.62563	2.57845e-02
0.63180	2.49485e-02
0.63311	2.13547e-02
0.64390	1.35029e-02
0.62866	3.07940e-02
0.63456	1.52398e-02
0.61531	2.14860e-02
0.62269	2.05581e-02
0.63255	1.49312e-02
0.61914	2.99644e-02
0.63302	1.39513e-02
0.64608	2.00652e-02
0.61887	2.89659e-02
0.63412	5.67415e-03
0.61137	1.13669e-02
0.60906	2.76804e-02
0.61855	1.65289e-02
0.61974	1.39765e-02
0.61642	3.37488e-02
0.60769	7.68390e-03
0.63341	1.00028e-02
0.62602	6.22706e-03
0.63483	1.01105e-02
0.62022	2.60374e-02
0.60075	1.63998e-02
0.60296	1.72072e-02
0.61240	2.60049e-02
0.61515	1.41546e-02
0.61969	3.07767e-02
0.61291	3.54377e-02
0.61611	1.26113e-02
0.61375	2.08719e-02
0.61491	1.95266e-02
0.61143	1.44851e-02
0.59968	2.75892e-02
0.59791	1.60943e-02
0.61980	2.12276e-02
0.62394	2.83257e-02
0.59832	1.81644e-02
0.60259	1.58680e-02
0.59489	6.47959e-03
0.61554	1.95891e-03
0.60148	1.79284e-02
0.62286	1.97240e-02
0.62098	2.75728e-02
0.60998	8.48216e-03
0.58697	1.21241e-02
0.62801	4.64827e-03
0.62733	2.85725e-02
0.59673	3.97110e-03
0.62036	1.32480e-02
0.61560	1.64607e-02
0.61545	3.31055e-03
0.60455	1.25853e-02
0.59990	1.03566e-02
0.59494	2.91892e-02
0.62262	5.32073e-03
0.61715	5.66616e-03
0.61730	1.51249e-02
0.60627	1.38334e-02
0.61982	2.86927e-02
0.61680	2.33308e-02
0.59089	3.87146e-02
0.60613	9.00787e-03
0.59453	2.08111e-02
0.59793	1.37176e-02
0.59214	3.18753e-02
0.61749	3.89922e-03
0.61108	2.42623e-02
0.60797	7.65391e-03
0.59762	1.09405e-02
0.59095	2.60552e-02
0.60552	1.07374e-02
0.62096	1.67566e-02
0.60229	2.35013e-02
0.61009	2.05349e-02
0.59451	1.41564e-02
0.61356	8.83115e-03
0.59837	2.43047e-02
0.59252	1.67555e-02
0.58758	1.06388e-02
0.59302	1.57421e-02
0.58373	1.99654e-02
0.59827	5.37238e-03
0.57916	2.76418e-02
0.60820	2.66416e-02
0.59565	2.04529e-02
0.60145	2.25507e-02
0.58358	1.11432e-02
0.59309	2.29536e-03
0.57918	1.59109e-02
0.59867	2.09829e-02
0.60118	9.84294e-04
0.57812	1.95237e-02
0.58068	1.76696e-02
0.58385	2.20916e-02
0.58075	2.37406e-02
0.59435	1.21917e-02
0.58634	1.97372e-02
0.57967	1.26892e-02
0.59714	9.20625e-04
0.57759	2.99565e-02
0.56213	3.19767e-02
0.57939	4.92456e-02
0.59070	3.19151e-02
0.57539	2.24879e-03
0.56066	1.25635e-02
0.57041	4.65373e-03
0.56419	7.46282e-03
0.56993	1.85781e-02
0.57273	1.64568e-03
0.57404	4.92801e-03
0.56643	1.53173e-02
0.57551	2.91271e-02
0.55156	1.80368e-02
0.56508	1.47165e-02
0.57788	1.30645e-02
0.58159	1.93362e-02
0.56823	9.66710e-03
0.57524	1.88104e-02
0.56769	5.92305e-03
0.57017	2.34811e-02
0.57948	2.80740e-02
0.58131	2.90722e-02
0.56689	1.98489e-02
0.56995	3.02644e-02
0.56782	3.69760e-02
0.55767	4.03702e-02
0.57714	1.02089e-02
0.57723	1.31058e-02
0.57858	1.95239e-03
0.57101	1.87736e-02
0.55853	1.43699e-02
0.56096	2.70084e-02
0.57364	1.54749e-02
0.54917	2.35571e-02
0.57120	3.64639e-02
0.56843	3.78048e-02
0.56473	1.10313e-02
0.55229	1.13541e-02
0.56248	2.13309e-02
0.58046	9.77348e-03
0.55004	2.99610e-02
0.58187	2.95300e-02
0.55310	2.06198e-02
0.57630	9.46153e-03
0.56210	2.79210e-02
0.56981	2.15972e-02
0.55070	1.35525e-02
0.57038	4.18041e-02
0.53517	1.64514e-02
0.55417	2.74956e-02
0.54858	1.11751e-02
0.55618	2.63989e-02
0.55298	3.18901e-02
0.55158	3.60824e-02
0.54469	2.70759e-02
0.55232	1.35146e-02
0.54135	3.23937e-02
0.56944	2.42494e-02
0.54933	1.93723e-02
0.56691	3.24812e-02
0.56242	2.66380e-02
0.56125	1.97042e-02
0.54455	3.22136e-02
0.55539	1.70186e-02
0.55504	4.27570e-03
0.55326	3.48755e-03
0.56473	2.56307e-03
0.54467	4.73629e-03
0.53789	2.60038e-02
0.55481	4.78185e-03
0.54593	9.57389e-03
0.54458	1.53244e-02
0.54483	2.07628e-02
0.55847	1.86014e-02
0.55394	1.64460e-02
0.55733	1.36832e-02
0.55030	1.03894e-02
0.53855	2.23562e-02
0.52903	2.73075e-02
0.56104	4.37557e-02
0.54497	1.98074e-02
0.54769	2.72382e-02
0.56329	3.72042e-03
0.53750	1.06271e-02
0.54071	2.76624e-02
0.54691	1.76968e-02
0.54567	3.05128e-02
0.54318	2.95337e-02
0.54817	2.35754e-02
0.55818	2.32134e-02
0.55243	2.64252e-02
0.56027	2.65289e-02
0.56253	4.15765e-03
0.53986	4.36230e-02
0.54036	2.91054e-02
0.56422	2.82219e-02
0.55836	1.11109e-02
0.54603	1.67706e-02
0.55974	2.50488e-02
0.54494	3.84170e-02
0.53754	2.77503e-02
0.55098	2.62017e-02
0.53170	1.28875e-02
0.54071	1.48198e-02
0.56201	1.64423e-02
0.54807	1.42178e-02
0.55332	3.56428e-02
0.53880	6.42976e-02
0.53077	3.03303e-02
0.55280	3.50707e-02
0.54099	3.87606e-02
0.54282	4.05843e-02
0.53900	2.43189e-02
0.54561	1.53023e-02
0.55805	1.58386e-02
0.53848	4.48212e-02
0.52535	5.06310e-03
0.54351	3.15705e-02
0.52879	1.10266e-02
0.54961	7.45159e-03
0.54446	2.11850e-02
0.53737	1.13053e-02
0.52374	2.96560e-02
0.52982	1.21347e-02
0.51703	2.27075e-02
0.53946	2.57637e-02
0.52910	3.48294e-02
0.52744	1.82913e-02
0.54202	2.16689e-02
0.54129	2.55719e-02
0.51702	3.46729e-02
0.53747	3.46564e-02
0.50982	1.92958e-02
0.50037	2.23222e-02
0.52592	1.83714e-02
0.53489	3.01233e-03
0.53230	3.56133e-02
0.52254	3.76875e-02
0.51963	3.70255e-02
0.53111	2.07032e-02
0.51309	2.26851e-02
0.52266	2.67417e-02
0.51074	3.96195e-02
0.53557	2.34028e-02
0.51835	2.67411e-02
0.51106	1.41314e-02
0.52873	3.13288e-02
0.52651	1.79161e-02
0.52060	2.71973e-02
0.50467	4.31854e-02
0.52561	2.09707e-02
0.53413	1.09032e-02
0.50443	2.61563e-02
0.51259	1.77598e-02
0.53039	1.25210e-02
0.51400	4.73771e-02
0.52593	1.91889e-02
0.52094	3.08686e-02
0.52331	3.14447e-02
0.50900	3.93671e-02
0.50789	3.49584e-02
0.50771	4.00998e-02
0.50655	2.06203e-02
0.50701	2.29098e-02
0.52001	2.86295e-02
0.53029	2.45996e-02
0.51540	4.74461e-03
0.53643	3.24674e-02
0.52894	2.68467e-02
0.52771	2.56155e-02
0.53268	3.05862e-02
0.53364	3.80584e-02
0.54014	3.15661e-02
0.54724	2.44598e-02
0.54306	3.34582e-02
0.54622	3.03007e-02
0.55641	3.26602e-02
0.55380	3.00511e-02
0.55331	3.05435e-02
0.55069	4.38372e-02
0.56350	3.62112e-02
0.57855	2.72648e-02
0.56535	1.57807e-02
0.56525	2.55948e-02
0.57351	2.21704e-02
0.59310	2.31696e-02
0.57982	3.20651e-02
0.58390	1.92788e-02
0.59492	1.91003e-02
0.58782	8.38492e-03
0.57951	1.43125e-02
0.58379	1.85863e-02
0.60107	2.81841e-02
0.60870	2.72267e-02
0.61493	2.09951e-02
0.61119	1.21195e-02
0.60085	2.24578e-02
0.61275	2.36797e-02
0.61242	2.33515e-02
0.63171	4.05360e-03
0.61065	1.10578e-02
0.61345	2.83861e-04
0.63251	2.12834e-02
0.62980	2.39872e-02
0.62831	2.16591e-02
0.63229	1.51199e-02
0.65632	1.48717e-03
0.63827	1.65628e-02
0.62816	2.66729e-02
0.63788	2.40813e-02
0.65305	1.62374e-02
0.66313	2.55417e-02
0.65077	1.95567e-02
0.67386	2.95551e-02
0.67386	2.95551e-02
0.66148	2.65302e-02
0.65786	2.29123e-02
0.66482	1.30628e-02
0.66829	1.82194e-02
0.67740	2.73282e-02
0.66902	3.57349e-04
0.66937	1.04211e-02
0.65550	3.50612e-02
0.66050	1.36402e-02
0.66050	1.36402e-02
0.67050	3.64167e-03
0.66658	6.29801e-03
0.68040	1.61074e-02
0.67282	1.69705e-02
0.68627	1.76900e-02
0.69569	1.61398e-02
0.69669	1.71457e-02
0.68910	1.71694e-02
0.70186	4.41131e-03
0.69924	1.04588e-02
0.69220	2.11395e-02
0.69269	2.06529e-02
0.69717	2.14139e-02
0.69672	2.09588e-02
0.70832	2.20679e-02
0.68706	1.12212e-02
0.71681	2.14176e-02
0.70251	2.56822e-02
0.71846	2.16068e-02
0.71183	1.49725e-02
0.71564	7.52093e-03
0.73452	2.45214e-02
0.71269	8.76846e-03
0.70842	1.30382e-02
0.71234	1.69554e-02
0.71570	2.32854e-02
0.72112	1.57848e-02
0.71977	2.01283e-02
0.72933	1.96833e-02
0.73416	3.61589e-03
0.72107	6.13036e-03
0.72795	5.44645e-03
0.74409	1.07775e-02
0.73906	1.31874e-02
0.72924	9.60413e-03
0.73440	1.14332e-02
0.74092	7.98191e-04
0.74379	1.80305e-02
0.74309	6.76966e-03
0.74143	1.23404e-02
0.75248	2.57671e-02
0.75000	2.82462e-02
0.75382	1.47102e-03
0.75142	4.95531e-03
0.74314	9.89859e-03
0.74088	1.69006e-02
0.75861	3.90915e-03
0.75926	1.56656e-03
0.75492	1.93428e-02
0.74718	2.06062e-02
0.75265	2.60767e-02
0.75595	7.67931e-03
0.76152	7.15997e-03
0.75669	6.73293e-04
0.76330	2.73110e-03
0.76375	9.22848e-03
0.76010	1.28757e-02
0.77302	1.78655e-02
0.75899	1.80832e-02
0.75293	1.11970e-02
0.77390	4.94722e-03
0.77390	4.94722e-03
0.75003	7.60593e-03
0.76047	1.09631e-02
0.77024	1.90544e-02
0.76558	1.48533e-02
0.77214	1.02522e-02
0.77676	2.24746e-03
0.77187	3.24568e-03
0.76924	5.87543e-03
0.77218	1.09688e-03
0.77708	1.14745e-02
0.77730	4.59958e-03
0.77288	1.86983e-04
0.76301	1.00611e-02
0.78007	1.73203e-02
0.77759	1.39828e-02
0.77593	6.12127e-03
0.77864	8.83213e-03
0.78324	4.23116e-03
0.79236	9.88870e-03
0.79492	1.18195e-02
0.80082	2.95928e-04
0.79152	8.44234e-03
0.79820	1.33721e-02
0.77184	1.99487e-02
0.79049	1.30318e-03
0.79653	1.88266e-02
0.79653	1.88266e-02
0.78664	8.93421e-03
0.79714	1.56867e-03
0.79972	2.72307e-02
0.79871	1.34082e-03
0.80524	8.87994e-03
0.80196	4.46031e-03
0.80533	6.80748e-03
0.81486	1.34235e-02
0.81164	1.74712e-02
0.80026	6.09218e-03
0.80521	9.70402e-03
0.80970	2.59279e-03
0.80873	3.55983e-03
0.81586	1.10442e-02
0.81580	1.09838e-02
0.80836	2.14070e-02
0.80682	1.31616e-02
0.82043	4.96731e-03
0.82619	8.73377e-03
0.81589	1.56484e-03
0.81547	7.98922e-03
0.82670	1.34246e-02
0.82418	2.54315e-03
0.81165	6.12791e-03
0.81491	3.93179e-03
0.81775	1.09036e-03
0.82958	4.33481e-03
0.82090	2.03132e-02
0.82629	4.83460e-03
0.82790	8.70837e-03
0.83344	5.02888e-03
0.82664	5.40512e-03
0.82514	6.86054e-04
0.84099	5.36557e-03
0.82185	7.78038e-03
0.82216	4.82923e-03
0.80922	8.83701e-03
0.82322	2.86500e-03
0.82273	5.49444e-03
0.83603	1.40348e-02
0.83204	1.78821e-03
0.83830	1.42124e-02
0.82749	3.40551e-03
0.82436	6.54244e-03
0.83187	7.04569e-03
0.82603	7.57370e-03
0.82868	1.02186e-02
0.82725	2.86413e-04
0.83433	7.31334e-03
0.82570	1.02566e-02
0.84028	1.14810e-02
0.83434	5.54187e-03
0.83200	6.07124e-03
0.82765	3.14102e-03
0.83908	1.46351e-02
0.83317	1.23080e-02
0.83593	6.04665e-03
0.83233	3.28604e-05
0.84286	1.05626e-02
0.83677	2.89505e-03
0.84466	6.36395e-03
0.84221	8.81856e-03
0.83355	6.30392e-04
0.82977	4.59021e-03
0.82934	3.35086e-03
0.82523	1.59071e-02
0.83654	4.60442e-03
0.82870	1.87563e-03
0.83454	9.20281e-03
0.84188	7.32407e-03
0.84078	6.23060e-03
0.83453	1.73739e-03
0.84256	2.72163e-03
0.84584	5.51202e-04
0.84019	4.12691e-03
0.84376	7.09372e-03
0.84918	1.67622e-03
0.84330	3.47012e-03
0.84125	3.43178e-04
0.83548	3.30829e-03
0.84368	4.88819e-03
0.83924	1.91413e-03
0.83944	2.78741e-03
0.83699	9.21941e-03
0.83907	3.66066e-03
0.83602	1.92027e-03
0.84294	4.99366e-03
0.84216	2.02235e-04
0.84389	2.18878e-03
0.84276	1.52002e-03
0.83231	1.37321e-03
0.84109	5.84794e-03
0.83625	7.86150e-03
0.84207	4.98495e-03
0.83979	2.34878e-03
0.84073	1.51490e-03
0.84512	2.87422e-03
0.83542	6.99206e-03
0.85271	1.76470e-03
0.84078	2.93835e-03
0.85798	7.25214e-03
0.85798	7.25214e-03
0.85235	1.61911e-03
0.85913	2.92973e-03
0.84293	1.09581e-02
0.85302	4.89013e-03
0.84842	9.48517e-03
0.84378	1.41295e-02
0.83999	1.03405e-02
0.85416	4.36109e-03
0.84467	2.53242e-05
0.85463	1.06565e-03
0.84700	8.09128e-04
0.84700	8.09128e-04
0.85423	8.04474e-03
0.84970	4.86908e-04
0.86555	8.01580e-03
0.84800	7.23586e-03
0.84377	3.54244e-03
0.86213	9.67262e-03
0.86125	1.57301e-02
0.85233	3.66706e-03
0.85819	9.52693e-03
0.84853	2.13515e-03
0.86220	3.02253e-03
0.85971	5.40373e-04
0.86220	1.94940e-03
0.85886	7.62309e-03
0.86000	1.35634e-02
0.86588	7.68172e-03
0.86252	1.21465e-02
0.86033	1.51569e-02
0.85460	8.39812e-03
0.86473	6.34637e-03
0.87934	6.24796e-03
0.86907	1.16669e-02
0.86290	5.06962e-03
0.87131	1.34853e-02
0.86317	1.30090e-02
0.87146	1.71734e-02
0.87808	1.63695e-02
0.87270	6.31042e-03
0.87776	1.13752e-02
0.87575	1.09036e-02
0.87482	1.22839e-02
0.87482	1.22839e-02
0.87302	1.04796e-02
0.87643	4.03617e-03
0.87520	1.01597e-02
0.87520	1.01621e-02
0.88646	3.68168e-03
0.88231	7.68265e-03
0.88389	1.48878e-02
0.88805	3.53664e-03
0.88248	9.11208e-03
0.88703	1.36631e-02
0.87599	1.01332e-02
0.88392	6.75509e-03
0.88770	2.55997e-03
0.88758	6.72842e-03
0.87698	9.37381e-04
0.87727	1.07101e-02
0.88943	7.48182e-03
0.88845	6.51063e-03
0.88931	5.46328e-03
0.89550	1.02639e-02
0.88444	9.56357e-03
0.88741	4.05158e-03
0.88490	6.55945e-03
0.89230	8.38549e-04
0.89182	2.51830e-03
0.88995	4.65974e-03
0.89821	3.15331e-03
0.90339	2.35690e-03
0.90421	3.17597e-03
0.90322	7.17526e-04
0.89942	1.43451e-02
0.89486	1.01866e-02
0.88794	1.03644e-02
0.88914	1.22184e-02
0.90887	9.43691e-03
0.90498	5.54510e-03
0.90076	9.32810e-03
0.90494	1.43977e-02
0.90731	9.39283e-03
0.90311	7.90961e-04
0.90060	1.03057e-02
0.90007	1.10564e-02
0.89948	1.44472e-02
0.90890	8.16448e-03
0.90095	1.61214e-02
0.90556	1.24162e-02
0.91338	1.27590e-02
0.91963	7.24250e-03
0.91495	4.76994e-03
0.91379	7.60847e-03
0.90453	4.32422e-03
0.91527	1.33642e-02
0.90706	1.24473e-02
0.91905	1.33125e-02
0.91247	1.32172e-02
0.91143	1.70057e-02
0.92093	6.53443e-03
0.92269	1.20418e-02
0.92469	8.24618e-03
0.91628	2.64759e-02
0.92477	1.22006e-02
0.92319	1.84560e-02
0.92362	1.77820e-02
0.91895	2.24491e-02
0.92613	1.52683e-02
0.92613	1.52683e-02
0.92178	1.90273e-02
0.92414	1.52456e-02
0.92351	1.63165e-02
0.93071	4.70930e-03
0.92712	1.27689e-02
0.92818	9.62171e-03
0.92616	1.11109e-02
0.92946	1.63092e-02
0.92918	1.21546e-02
0.93434	4.43400e-03
0.93808	1.55812e-02
0.93396	1.14555e-02
0.93226	1.04232e-02
0.93885	3.11683e-03
0.93844	1.32908e-02
0.93777	1.41448e-02
0.93959	1.59724e-02
0.93857	1.52208e-02
0.94459	1.70778e-02
0.94405	4.31893e-03
0.94428	4.08819e-03
0.94024	1.00565e-02
0.94375	1.35665e-02
0.94854	2.83473e-03
0.95291	7.20643e-03
0.94410	1.00193e-02
0.94349	9.41183e-03
0.94460	1.61987e-02
0.94823	8.46217e-03
0.94650	8.04669e-03
0.94986	1.32513e-02
0.94581	1.06030e-02
0.94902	1.67161e-02
0.94873	8.88671e-03
0.94635	1.12628e-02
0.94772	1.26329e-02
0.95197	8.37953e-03
0.95352	7.08800e-03
0.95047	1.68840e-02
0.95733	1.13066e-02
0.95591	1.77652e-02
0.95839	1.13321e-02
0.95975	8.09974e-03
0.96072	6.09952e-03
0.96351	8.88738e-03
0.96420	9.57718e-03
0.95880	1.44130e-02
0.96036	1.48371e-02
0.96183	1.69352e-02
0.96217	1.91135e-02
0.96544	1.68338e-02
0.96384	1.73385e-02
0.95902	0.00000e+00
0.95902	0.00000e+00
0.95721	0.00000e+00
0.95255	0.00000e+00
0.96323	0.00000e+00
0.95705	0.00000e+00
0.94842	0.00000e+00
0.94566	0.00000e+00
0.96001	0.00000e+00
0.96001	0.00000e+00
0.95648	0.00000e+00
0.95648	0.00000e+00
0.95678	0.00000e+00
0.96299	0.00000e+00
0.96371	0.00000e+00
0.96371	0.00000e+00
0.96980	0.00000e+00
0.96089	0.00000e+00
0.95646	0.00000e+00
0.96486	0.00000e+00
0.96554	0.00000e+00
0.96764	0.00000e+00
0.96471	0.00000e+00
0.96895	0.00000e+00
0.97050	0.00000e+00
0.97072	0.00000e+00
0.96186	0.00000e+00
0.96316	0.00000e+00
0.97482	0.00000e+00
0.97756	0.00000e+00
0.97756	0.00000e+00
0.97692	0.00000e+00
0.97191	0.00000e+00
0.97191	0.00000e+00
0.97191	0.00000e+00
0.97748	0.00000e+00
0.97987	0.00000e+00
0.98253	0.00000e+00
0.98483	0.00000e+00
