0.15027	5.79807e-02
0.13571	8.68277e-02
0.18330	1.24454e-01
0.15153	5.56028e-02
0.11059	6.51227e-02
0.13967	7.60974e-02
0.16290	6.08773e-02
0.15221	7.30514e-02
0.12181	4.70159e-02
0.12576	6.69348e-02
0.10374	4.74445e-02
0.11748	6.50371e-02
0.12191	5.67485e-02
0.13539	7.67884e-02
0.12017	3.58200e-02
0.12492	6.83612e-02
0.12161	6.17367e-02
0.13590	4.56819e-02
0.15075	6.78329e-02
0.16820	5.21251e-02
0.11530	7.50704e-02
0.09903	3.03017e-02
0.12409	6.02358e-02
0.14902	6.69828e-02
0.11821	7.13439e-02
0.09518	6.20936e-02
0.13387	7.50467e-02
0.10205	3.03426e-02
0.11754	4.36207e-02
0.07724	4.49259e-02
0.13175	5.94875e-02
0.10724	4.64291e-02
0.13425	5.67550e-02
0.11214	4.19556e-02
0.09661	4.65933e-02
0.09997	4.55691e-02
0.10693	4.51228e-02
0.13025	5.65500e-02
0.11922	5.21990e-02
0.09082	5.44121e-02
0.09835	4.92263e-02
0.12228	3.58160e-02
0.08796	5.28621e-02
0.13523	6.54649e-02
0.11635	3.93419e-02
0.11916	2.91969e-02
0.09369	5.26471e-02
0.08920	3.19087e-02
0.10206	4.78558e-02
0.11984	5.32009e-02
0.13235	6.32152e-02
0.11962	6.41084e-02
0.09631	4.28099e-02
0.11883	4.52571e-02
0.09632	3.36135e-02
0.12063	5.46775e-02
0.09704	4.90398e-02
0.09869	5.65205e-02
0.09146	4.31662e-02
0.08809	4.63225e-02
0.10222	5.28627e-02
0.10390	7.78924e-02
0.11777	5.21395e-02
0.09673	4.16995e-02
0.10967	4.17899e-02
0.10772	5.77818e-02
0.12236	7.82018e-02
0.10874	4.60435e-02
0.10040	2.92111e-02
0.09916	3.86032e-02
0.10466	5.08031e-02
0.13106	6.26309e-02
0.08558	4.04520e-02
0.08815	5.16398e-02
0.11670	5.80563e-02
0.10561	5.45874e-02
0.09294	3.68802e-02
0.11098	5.07544e-02
0.09958	4.94028e-02
0.11310	4.61338e-02
0.11593	4.45101e-02
0.09019	3.69471e-02
0.11128	5.02463e-02
0.07930	4.60592e-02
0.11527	6.21203e-02
0.10460	4.60823e-02
0.09458	4.59424e-02
0.11462	5.32283e-02
0.14471	4.96174e-02
0.11071	5.42355e-02
0.12330	6.45881e-02
0.11016	7.22150e-02
0.10862	7.31845e-02
0.12090	4.38509e-02
0.05673	3.35617e-02
0.13102	3.87532e-02
0.12402	6.56867e-02
0.10682	3.94909e-02
0.08073	4.92705e-02
0.08919	5.90346e-02
0.09281	4.94240e-02
0.09448	4.68588e-02
0.10337	5.00759e-02
0.09809	4.58131e-02
0.10348	5.61319e-02
0.08946	4.32686e-02
0.09534	5.21511e-02
0.09924	4.72379e-02
0.11690	5.52460e-02
0.12305	5.24299e-02
0.12305	5.24299e-02
0.11320	4.10358e-02
0.11731	4.10172e-02
0.10867	4.71572e-02
0.10536	4.53771e-02
0.11014	4.17097e-02
0.10168	4.11695e-02
0.10386	4.52210e-02
0.10800	4.49855e-02
0.11576	3.62759e-02
0.11783	3.64472e-02
0.10398	3.79540e-02
0.10398	3.79540e-02
0.10014	4.41725e-02
0.10788	5.50945e-02
0.09135	5.58131e-02
0.09135	5.58131e-02
0.09135	5.58131e-02
0.06753	3.19643e-02
0.11309	5.86319e-02
0.10026	5.40234e-02
0.09667	5.47531e-02
0.10776	4.70467e-02
0.09973	5.16587e-02
0.12765	7.51211e-02
0.14700	7.29919e-02
0.13331	8.58055e-02
0.13118	8.76093e-02
0.11824	7.51946e-02
0.09081	7.04360e-02
0.09344	5.88908e-02
0.09031	4.28356e-02
0.10137	4.28884e-02
0.10683	3.41883e-02
0.10426	2.94114e-02
0.10625	3.73559e-02
0.11117	3.63262e-02
0.14169	6.08633e-02
0.14741	6.09041e-02
0.14741	6.09041e-02
0.13833	6.44823e-02
0.11027	3.69865e-02
0.10723	5.54332e-02
0.09733	4.73417e-02
0.11501	5.11075e-02
0.11984	5.80455e-02
0.09993	5.73067e-02
0.09876	5.62706e-02
0.09982	5.63411e-02
0.10051	6.18702e-02
0.10051	6.18702e-02
0.10209	5.89160e-02
0.10209	5.89160e-02
0.10127	5.35220e-02
0.10470	5.51004e-02
0.11273	6.74427e-02
0.11273	6.74427e-02
0.11273	6.74427e-02
0.15072	6.89465e-02
0.17109	6.60090e-02
0.18621	4.82805e-02
0.15291	6.75307e-02
0.12696	5.94481e-02
0.12602	5.94138e-02
0.09943	6.85273e-02
0.09943	6.85273e-02
0.11568	7.97724e-02
0.09812	8.33926e-02
0.10334	8.07693e-02
0.11348	6.70039e-02
0.12554	6.78592e-02
0.11905	5.81232e-02
0.12773	5.45247e-02
0.13753	5.02206e-02
0.11588	5.54401e-02
0.12649	5.16843e-02
0.11044	4.49175e-02
0.10016	4.96104e-02
0.11561	7.77623e-02
0.12132	7.39110e-02
0.12920	8.04551e-02
0.11344	5.78284e-02
0.11142	5.39879e-02
0.12271	6.91257e-02
0.12336	6.90419e-02
0.13421	5.98220e-02
0.11674	7.08286e-02
0.12512	6.59764e-02
0.12648	6.90888e-02
0.14703	6.67411e-02
0.12101	7.39394e-02
0.12194	7.30269e-02
0.14583	8.27770e-02
0.14936	7.01576e-02
0.14552	7.93989e-02
0.12651	6.89432e-02
0.12091	6.78063e-02
0.11401	6.88508e-02
0.12297	7.33671e-02
0.10745	5.20878e-02
0.09765	4.44367e-02
0.11360	4.39481e-02
0.10109	4.64277e-02
0.11140	3.79407e-02
0.10577	4.08932e-02
0.10343	4.57138e-02
0.09747	4.82896e-02
0.08858	4.10520e-02
0.10948	6.21937e-02
0.10273	5.15841e-02
0.10115	5.13836e-02
0.10051	6.35817e-02
0.10396	6.33846e-02
0.09795	4.60087e-02
0.09763	5.61298e-02
0.10514	5.29013e-02
0.09383	5.98316e-02
0.12204	6.02599e-02
0.13071	7.38325e-02
0.12810	7.44889e-02
0.14403	7.42395e-02
0.11227	5.30191e-02
0.11368	5.22673e-02
0.11641	5.93782e-02
0.10607	5.34141e-02
0.08637	3.54450e-02
0.08749	3.63479e-02
0.09389	4.53484e-02
0.10812	5.96824e-02
0.10812	5.96824e-02
0.11470	5.31953e-02
0.11719	4.99939e-02
0.11024	4.52936e-02
0.11875	3.44984e-02
0.12444	3.65262e-02
0.12397	3.45467e-02
0.13484	3.74993e-02
0.12620	4.87466e-02
0.13512	4.31480e-02
0.12453	4.18485e-02
0.12970	2.98624e-02
0.10370	4.72679e-02
0.11228	4.50034e-02
0.10180	2.84350e-02
0.13394	8.89010e-02
0.13552	9.00897e-02
0.10830	4.11853e-02
0.09402	3.91783e-02
0.09547	3.52208e-02
0.08883	3.38771e-02
0.10362	4.42883e-02
0.11034	4.82109e-02
0.11136	4.07875e-02
0.09367	4.99213e-02
0.09155	4.13062e-02
0.11190	4.55255e-02
0.11183	4.55988e-02
0.13537	4.53704e-02
0.14915	2.99659e-02
0.13946	5.00504e-02
0.12888	5.73998e-02
0.12602	5.46644e-02
0.12501	6.61170e-02
0.10107	5.13537e-02
0.11496	5.76287e-02
0.10350	5.79219e-02
0.11163	4.85004e-02
0.11663	5.44663e-02
0.11249	5.65514e-02
0.11249	5.65514e-02
0.10162	3.46954e-02
0.12207	4.97642e-02
0.12316	5.23524e-02
0.12714	6.58162e-02
0.10112	5.59959e-02
0.09266	4.08033e-02
0.09877	3.62392e-02
0.09007	4.16534e-02
0.11583	6.74534e-02
0.11478	7.28773e-02
0.11177	7.49924e-02
0.11177	7.49924e-02
0.12732	7.24594e-02
0.12732	7.24594e-02
0.11797	6.78859e-02
0.14824	8.08858e-02
0.15384	8.60328e-02
0.15169	8.73619e-02
0.15424	8.53160e-02
0.14658	7.52929e-02
0.14661	7.52756e-02
0.13668	6.48568e-02
0.13653	6.48891e-02
0.10616	5.75469e-02
0.12877	6.76712e-02
0.12142	6.70774e-02
0.07970	4.74648e-02
0.07946	4.36926e-02
0.10845	6.95687e-02
0.11338	6.78888e-02
0.12704	5.91588e-02
0.11043	5.23234e-02
0.12294	3.91929e-02
0.12755	4.69280e-02
0.09837	4.71072e-02
0.11646	7.62855e-02
0.11575	7.63671e-02
0.09828	5.15413e-02
0.09848	5.14856e-02
0.12714	4.94891e-02
0.13211	4.50060e-02
0.11778	5.44243e-02
0.12858	4.34690e-02
0.11854	3.10086e-02
0.12170	3.03645e-02
0.10652	2.21278e-02
0.10107	3.15558e-02
0.09570	3.76009e-02
0.11157	2.89599e-02
0.09629	3.69521e-02
0.10650	4.90517e-02
0.11033	4.68830e-02
0.10570	4.87537e-02
0.11521	6.51658e-02
0.12852	7.82273e-02
0.12052	7.13989e-02
0.11861	7.78496e-02
0.12777	7.09076e-02
0.12474	6.92497e-02
0.09822	5.37662e-02
0.11318	6.95753e-02
0.12351	6.08844e-02
0.12171	4.79949e-02
0.12058	4.75850e-02
0.12550	3.75499e-02
0.11314	5.26575e-02
0.11232	6.30134e-02
0.12081	5.52649e-02
0.13773	6.06298e-02
0.14679	5.39354e-02
0.15493	5.28650e-02
0.16018	5.55690e-02
0.16186	5.91453e-02
0.14651	5.67313e-02
0.12202	6.62034e-02
0.10435	4.91540e-02
0.10796	4.53312e-02
0.11910	5.76503e-02
0.10719	5.45769e-02
0.10314	5.69720e-02
0.10187	5.20105e-02
0.10187	5.20105e-02
0.10187	5.20105e-02
0.09761	5.11551e-02
0.11653	5.60427e-02
0.13051	5.53329e-02
0.12792	5.79548e-02
0.11361	4.97713e-02
0.13666	6.81959e-02
0.13614	6.08807e-02
0.13426	6.15854e-02
0.15941	7.82943e-02
0.15248	8.10686e-02
0.16726	7.29688e-02
0.13915	3.04469e-02
0.12739	4.02928e-02
0.12822	3.89841e-02
0.12828	3.90610e-02
0.12828	3.90610e-02
0.14710	4.43019e-02
0.14710	4.43019e-02
0.12023	5.63940e-02
0.11814	6.84879e-02
0.10214	4.85592e-02
0.08921	5.29847e-02
0.10293	5.73736e-02
0.13040	6.36972e-02
0.13170	6.78613e-02
0.14335	7.63110e-02
0.11681	7.07016e-02
0.14802	5.29895e-02
0.14802	5.29895e-02
0.15225	6.20516e-02
0.14170	4.96388e-02
0.18707	3.41223e-02
0.14999	7.22273e-02
0.14999	7.22273e-02
0.17075	1.06592e-01
0.15260	1.31379e-01
0.15289	1.31462e-01
0.15289	1.31462e-01
0.15289	1.31462e-01
0.15289	1.31462e-01
0.13403	7.53482e-02
0.20230	4.32435e-02
0.20230	4.32435e-02
0.18930	4.12162e-02
0.18930	4.12162e-02
0.18930	4.12162e-02
0.18930	4.12162e-02
0.18930	4.12162e-02
0.18930	4.12162e-02
0.12253	4.26219e-02
0.10283	3.95046e-02
0.06635	3.03099e-03
0.06635	3.03099e-03
0.14190	7.25181e-02
0.10743	3.80421e-02
0.06039	8.99908e-03
0.06039	8.99908e-03
0.06039	8.99908e-03
0.16464	6.07132e-02
0.16464	6.07132e-02
0.16464	6.07132e-02
0.16464	6.07132e-02
0.16464	6.07132e-02
0.14836	7.69929e-02
0.14836	7.69929e-02
0.18046	4.48924e-02
0.18046	4.48924e-02
0.18046	4.48924e-02
0.18046	4.48924e-02
0.13244	3.13027e-03
0.13244	3.13027e-03
0.10560	2.37078e-02
0.10560	2.37078e-02
0.11656	3.46707e-02
0.11656	3.46707e-02
0.11656	3.46707e-02
0.11656	3.46707e-02
0.11428	3.23836e-02
0.11428	3.23836e-02
0.10615	2.42595e-02
0.08189	0.00000e+00
0.08189	0.00000e+00
0.08189	0.00000e+00
0.08189	0.00000e+00
0.27986	0.00000e+00
0.27986	0.00000e+00
0.27986	0.00000e+00
0.27986	0.00000e+00
0.27986	0.00000e+00
0.27986	0.00000e+00
0.27986	0.00000e+00
0.27986	0.00000e+00
0.14387	0.00000e+00
0.14387	0.00000e+00
0.14387	0.00000e+00
0.14387	0.00000e+00
0.14387	0.00000e+00
0.14387	0.00000e+00
0.14387	0.00000e+00
0.14387	0.00000e+00
0.14387	0.00000e+00
0.14387	0.00000e+00
0.14387	0.00000e+00
0.14387	0.00000e+00
0.14387	0.00000e+00
0.14387	0.00000e+00
0.14387	0.00000e+00
0.14387	0.00000e+00
0.14387	0.00000e+00
0.07314	0.00000e+00
0.06721	0.00000e+00
0.06721	0.00000e+00
0.06721	0.00000e+00
0.06721	0.00000e+00
0.06721	0.00000e+00
0.06721	0.00000e+00
0.06721	0.00000e+00
0.06721	0.00000e+00
0.06721	0.00000e+00
0.06721	0.00000e+00
0.08244	0.00000e+00
0.08244	0.00000e+00
0.08244	0.00000e+00
0.08244	0.00000e+00
0.08244	0.00000e+00
0.08244	0.00000e+00
0.08244	0.00000e+00
0.10092	0.00000e+00
0.10092	0.00000e+00
0.10092	0.00000e+00
0.10092	0.00000e+00
0.10092	0.00000e+00
0.10092	0.00000e+00
0.13057	0.00000e+00
0.10460	0.00000e+00
0.10460	0.00000e+00
0.10460	0.00000e+00
0.10460	0.00000e+00
0.19236	0.00000e+00
