0.91339	4.70582e-02
0.92651	1.73591e-02
0.91348	1.85034e-02
0.90722	1.86389e-02
0.89710	2.47802e-02
0.88841	2.63776e-02
0.87582	2.59472e-02
0.85407	2.56482e-02
0.84817	2.10754e-02
0.84914	4.10464e-02
0.82998	3.01280e-02
0.82264	2.26446e-02
0.80819	3.83291e-02
0.78938	3.29847e-02
0.78282	3.27238e-02
0.77786	4.60584e-02
0.75461	5.08508e-02
0.75720	3.95514e-02
0.73426	5.23518e-02
0.70846	5.32138e-02
0.71355	6.96381e-02
0.69479	5.03274e-02
0.65562	7.68392e-02
0.66579	6.04331e-02
0.63949	6.55365e-02
0.63887	7.21196e-02
0.62214	5.74687e-02
0.63222	6.25985e-02
0.59192	5.73442e-02
0.62432	7.33919e-02
0.56290	7.73704e-02
0.55756	8.42284e-02
0.53792	8.11411e-02
0.51878	5.78987e-02
0.52807	7.08446e-02
0.52843	4.94496e-02
0.50704	9.03852e-02
0.47039	8.25500e-02
0.46399	5.07184e-02
0.47214	6.85108e-02
0.46369	8.65448e-02
0.45559	5.95609e-02
0.45940	8.14842e-02
0.46675	6.87096e-02
0.42844	8.03547e-02
0.47114	9.33588e-02
0.43783	3.92011e-02
0.46414	1.09031e-01
0.40769	1.11209e-01
0.41876	6.98418e-02
0.41806	7.84491e-02
0.42566	6.92661e-02
0.42181	7.30996e-02
0.42225	5.92018e-02
0.43035	5.69596e-02
0.37882	5.43819e-02
0.42267	9.32194e-02
0.44805	5.79997e-02
0.41245	1.07413e-01
0.45519	5.42289e-02
0.44779	7.68687e-02
0.39740	1.10301e-01
0.35256	1.18221e-01
0.44145	8.89256e-02
0.40113	6.70798e-02
0.37771	1.15115e-01
0.39038	5.28831e-02
0.40885	9.89350e-02
0.39118	9.14142e-02
0.37216	1.02489e-01
0.38351	1.12356e-01
0.44448	7.30989e-02
0.39074	9.87027e-02
0.43015	1.08827e-01
0.43743	9.20599e-02
0.43696	9.24392e-02
0.43886	1.21289e-01
0.40801	1.32055e-01
0.44968	1.14444e-01
0.46106	1.03572e-01
0.43213	9.65346e-02
0.40311	1.09659e-01
0.40242	7.93391e-02
0.40400	1.35416e-01
0.40169	1.04045e-01
0.39534	9.37915e-02
0.38220	1.04308e-01
0.36500	8.65543e-02
0.39210	1.09952e-01
0.36863	7.82479e-02
0.32047	8.24107e-02
0.34191	6.16204e-02
0.34222	8.55746e-02
0.29968	6.20157e-02
0.27102	7.41089e-02
0.24830	8.07467e-02
0.23564	8.47046e-02
0.20000	6.75723e-02
0.20964	8.16831e-02
0.20084	1.01003e-01
0.19697	1.01665e-01
0.18161	9.71636e-02
0.17681	9.62994e-02
0.17269	1.01891e-01
0.17278	1.01793e-01
0.17504	1.00769e-01
0.17716	1.05343e-01
0.22231	1.27060e-01
0.21761	1.08164e-01
0.20605	1.04046e-01
0.18088	9.07780e-02
0.21758	1.02802e-01
0.18534	9.67804e-02
0.19486	8.93414e-02
0.19883	9.20707e-02
0.21262	8.58919e-02
0.22016	8.18879e-02
0.22617	8.15393e-02
0.23051	1.00035e-01
0.22764	9.30229e-02
0.29956	9.43201e-02
0.32456	1.13387e-01
0.34831	7.92919e-02
0.33069	5.89221e-02
0.33104	7.32471e-02
0.32079	7.37550e-02
0.34154	8.63171e-02
0.32186	1.13730e-01
0.31454	1.09628e-01
0.31454	1.09628e-01
0.34499	9.55730e-02
0.34313	1.17536e-01
0.34317	1.18461e-01
0.34076	1.18656e-01
0.36421	1.31279e-01
0.35060	1.35454e-01
0.34834	1.33262e-01
0.35183	1.35787e-01
0.36531	1.12220e-01
0.35661	1.22741e-01
0.35815	1.18773e-01
0.34947	1.16568e-01
0.37367	1.34903e-01
0.36482	1.28095e-01
0.35931	1.24523e-01
0.36955	1.29268e-01
0.39014	1.15336e-01
0.39405	1.12629e-01
0.38741	1.07563e-01
0.38851	1.08495e-01
0.39925	1.15633e-01
0.39128	1.24566e-01
0.40182	1.36153e-01
0.43184	1.35693e-01
0.42305	1.43952e-01
0.41812	1.32085e-01
0.42100	1.33145e-01
0.42170	1.34062e-01
0.42090	1.31636e-01
0.42483	1.35905e-01
0.42661	1.36722e-01
0.42446	1.47215e-01
0.43743	1.62851e-01
0.43382	1.57210e-01
0.42646	1.50602e-01
0.44696	1.44789e-01
0.46253	1.37651e-01
0.46912	1.05443e-01
0.48545	1.03859e-01
0.45756	1.36332e-01
0.46132	1.35611e-01
0.47352	1.33528e-01
0.47330	1.35052e-01
0.47661	1.41717e-01
0.46066	1.42375e-01
0.48528	1.24869e-01
0.48163	1.23500e-01
0.49733	1.28115e-01
0.49826	1.29733e-01
0.50786	1.38405e-01
0.51922	1.46353e-01
0.53883	1.19787e-01
0.53883	1.19787e-01
0.57219	8.89104e-02
0.56851	9.25365e-02
0.57723	8.00371e-02
0.57723	8.00371e-02
0.58634	6.99789e-02
0.58064	7.09718e-02
0.56392	8.50801e-02
0.56408	8.50429e-02
0.55837	8.48977e-02
0.55132	8.44361e-02
0.56164	8.01208e-02
0.57053	8.10762e-02
0.58786	8.36547e-02
0.58654	8.35773e-02
0.58601	8.32911e-02
0.60967	7.84861e-02
0.60219	7.50094e-02
0.61057	7.12861e-02
0.60875	7.27765e-02
0.60794	8.70262e-02
0.61804	8.41294e-02
0.60576	8.81107e-02
0.58433	8.81605e-02
0.60636	8.93654e-02
0.60726	8.56675e-02
0.60144	8.64466e-02
0.60987	8.12877e-02
0.62260	7.43149e-02
0.63136	6.75327e-02
0.62756	7.98380e-02
0.62166	7.68053e-02
0.63506	6.02138e-02
0.65959	5.18925e-02
0.65962	5.18728e-02
0.65757	5.48844e-02
0.65380	5.39802e-02
0.64458	6.87009e-02
0.66341	7.45374e-02
0.66218	6.62706e-02
0.66371	6.65440e-02
0.65321	6.49870e-02
0.65321	6.49870e-02
0.65214	6.41757e-02
0.65469	7.05811e-02
0.65984	6.92564e-02
0.67689	5.71661e-02
0.69180	4.98267e-02
0.69167	5.00319e-02
0.68299	6.23394e-02
0.69079	6.17067e-02
0.69901	5.43445e-02
0.70317	5.87095e-02
0.69778	5.61567e-02
0.71092	3.39177e-02
0.70754	3.79393e-02
0.71174	4.30078e-02
0.70892	3.20598e-02
0.70837	3.16088e-02
0.70148	3.81786e-02
0.69977	3.78757e-02
0.69983	3.44398e-02
0.70617	4.83331e-02
0.70912	5.19142e-02
0.71850	5.07666e-02
0.73079	4.89612e-02
0.73190	4.09047e-02
0.73181	3.88435e-02
0.74388	3.33330e-02
0.74408	3.20157e-02
0.74659	3.10553e-02
0.73829	4.78340e-02
0.74842	3.47328e-02
0.75818	3.65642e-02
0.76199	4.02432e-02
0.74616	3.65684e-02
0.74335	3.50973e-02
0.74730	3.58776e-02
0.74730	3.58776e-02
0.73589	4.23341e-02
0.74270	4.66146e-02
0.74962	4.46094e-02
0.76360	3.10071e-02
0.77432	2.71043e-02
0.76947	3.18179e-02
0.76495	4.47031e-02
0.76299	4.67782e-02
0.76371	4.76130e-02
0.76623	4.35001e-02
0.77695	2.93066e-02
0.77176	3.44188e-02
0.77108	2.93878e-02
0.77232	3.23139e-02
0.77229	3.23127e-02
0.76388	4.01249e-02
0.77148	2.81700e-02
0.77176	3.00120e-02
0.77054	3.62690e-02
0.76818	3.42993e-02
0.77502	4.27773e-02
0.77280	4.14738e-02
0.77890	3.76361e-02
0.78144	3.73831e-02
0.78047	3.93732e-02
0.78784	2.91117e-02
0.79056	2.66630e-02
0.79548	2.82945e-02
0.79470	2.15790e-02
0.79024	2.41952e-02
0.79137	2.18587e-02
0.79132	2.18580e-02
0.79224	2.17338e-02
0.79412	2.27735e-02
0.80544	3.60518e-02
0.80069	3.49523e-02
0.79048	3.30628e-02
0.79048	3.30628e-02
0.79298	3.38483e-02
0.79296	3.68758e-02
0.79533	3.84849e-02
0.80090	4.57248e-02
0.80221	3.85316e-02
0.80916	4.17212e-02
0.80684	3.99069e-02
0.80691	3.98921e-02
0.81562	4.20852e-02
0.81243	4.06100e-02
0.81754	3.43599e-02
0.81594	3.51713e-02
0.81136	4.44943e-02
0.81220	4.41726e-02
0.81220	4.41726e-02
0.81510	4.12513e-02
0.81991	4.08285e-02
0.82037	4.09176e-02
0.81684	4.34244e-02
0.82506	3.35328e-02
0.82089	4.43639e-02
0.82235	4.41880e-02
0.81378	4.27291e-02
0.82455	3.56557e-02
0.81349	4.29491e-02
0.82460	4.52707e-02
0.83264	3.80445e-02
0.82850	3.49700e-02
0.83087	3.64350e-02
0.83133	3.48687e-02
0.83521	3.08907e-02
0.83981	3.09601e-02
0.84471	3.30549e-02
0.84751	3.45684e-02
0.83535	3.82400e-02
0.83143	3.90432e-02
0.83444	4.47328e-02
0.84650	3.89768e-02
0.84272	3.90976e-02
0.83970	3.40509e-02
0.84632	2.47965e-02
0.84855	1.98493e-02
0.85364	2.54157e-02
0.84911	2.50555e-02
0.85359	2.72967e-02
0.85380	2.70395e-02
0.85240	2.62555e-02
0.85528	2.87222e-02
0.86060	2.93384e-02
0.86254	3.17780e-02
0.86632	3.61950e-02
0.87006	3.27354e-02
0.87054	2.83392e-02
0.87509	3.53799e-02
0.86638	2.69248e-02
0.86659	2.46307e-02
0.86614	2.08651e-02
0.86642	2.22854e-02
0.87102	2.85409e-02
0.87372	2.51634e-02
0.87547	2.06205e-02
0.87033	2.86189e-02
0.87037	2.86734e-02
0.87614	2.50818e-02
0.88975	1.67750e-02
0.88770	1.73316e-02
0.88286	2.24831e-02
0.87668	2.34090e-02
0.88110	3.01580e-02
0.87242	3.21206e-02
0.87630	2.70988e-02
0.88093	2.69996e-02
0.88354	2.71282e-02
0.89134	2.69320e-02
0.88907	2.37068e-02
0.88907	2.37068e-02
0.89350	3.02977e-02
0.88123	1.98920e-02
0.88239	1.99455e-02
0.88239	1.99455e-02
0.88923	8.30964e-03
0.88923	8.30964e-03
0.89359	1.37183e-02
0.89359	1.37183e-02
0.89630	1.40780e-02
0.88978	9.16191e-03
0.88978	9.16191e-03
0.88978	9.16191e-03
0.88978	9.16191e-03
0.89080	1.08946e-02
0.89080	1.08946e-02
0.88999	9.52387e-03
0.88999	9.52387e-03
0.88999	9.52387e-03
0.88999	9.52387e-03
0.89524	1.38628e-02
0.89688	1.32165e-02
0.90795	2.18832e-02
0.90285	2.87810e-02
0.90285	2.87810e-02
0.91479	2.26862e-02
0.92260	1.07952e-02
0.92260	1.07952e-02
0.92260	1.07952e-02
0.92302	1.06358e-02
0.90922	3.12131e-02
0.90922	3.12131e-02
0.92134	9.93371e-03
0.92158	9.90151e-03
0.92382	1.07472e-02
0.92544	1.61392e-02
0.91846	1.23533e-02
0.91846	1.23533e-02
0.92490	1.22280e-02
0.92490	1.22280e-02
0.93087	1.87181e-02
0.93013	1.96272e-02
0.93139	2.03292e-02
0.91942	1.37981e-02
0.91942	1.37981e-02
0.92084	1.23840e-02
0.90337	2.98502e-02
0.90423	3.07070e-02
0.87352	0.00000e+00
0.87352	0.00000e+00
0.87352	0.00000e+00
0.87352	0.00000e+00
0.87352	0.00000e+00
0.87352	0.00000e+00
0.88953	0.00000e+00
0.88953	0.00000e+00
0.88953	0.00000e+00
0.88953	0.00000e+00
0.88953	0.00000e+00
0.88953	0.00000e+00
0.88953	0.00000e+00
0.88953	0.00000e+00
0.89742	0.00000e+00
0.89742	0.00000e+00
0.89742	0.00000e+00
0.93274	0.00000e+00
