0.99220	1.40507e-03
0.97893	9.76004e-03
0.96968	9.83974e-03
0.96224	2.53608e-02
0.95149	3.22209e-02
0.94334	4.12415e-02
0.91296	6.83609e-02
0.90611	6.23259e-02
0.91548	5.87353e-02
0.88971	9.36445e-02
0.89882	4.10857e-02
0.88516	5.49978e-02
0.87414	7.70314e-02
0.86367	8.11721e-02
0.87243	6.21122e-02
0.86653	7.90578e-02
0.88113	6.95553e-02
0.86540	5.67016e-02
0.85232	5.68121e-02
0.85318	6.25318e-02
0.83827	5.68785e-02
0.82118	6.30928e-02
0.82964	4.90981e-02
0.80410	7.71577e-02
0.81023	6.36300e-02
0.81080	8.69092e-02
0.79253	7.91345e-02
0.81597	4.20221e-02
0.79473	6.41329e-02
0.78656	7.82491e-02
0.79267	5.11068e-02
0.79942	7.08626e-02
0.78731	7.88155e-02
0.79202	4.98317e-02
0.78264	5.74862e-02
0.79115	7.03958e-02
0.80284	5.67253e-02
0.78064	7.51569e-02
0.77794	7.67739e-02
0.77663	4.49398e-02
0.76955	7.00854e-02
0.74086	8.13079e-02
0.75058	5.95803e-02
0.75937	3.59748e-02
0.74445	5.62839e-02
0.73074	6.38866e-02
0.73541	5.54716e-02
0.72649	6.37439e-02
0.73412	5.12580e-02
0.73667	5.75969e-02
0.73351	5.75604e-02
0.73455	6.76593e-02
0.70272	5.94651e-02
0.71874	6.60014e-02
0.71989	4.09886e-02
0.71932	4.43205e-02
0.70687	6.04830e-02
0.70473	5.12927e-02
0.70061	6.43376e-02
0.67366	4.94800e-02
0.69279	5.68564e-02
0.71655	4.80045e-02
0.68325	8.21262e-02
0.68073	7.08647e-02
0.67826	4.39213e-02
0.66621	4.76627e-02
0.64665	4.21460e-02
0.64842	7.05878e-02
0.64434	9.66059e-02
0.65204	6.64766e-02
0.63915	4.94546e-02
0.62323	5.37215e-02
0.64636	5.87300e-02
0.61394	7.43562e-02
0.61464	6.66684e-02
0.61285	7.40101e-02
0.60640	6.61854e-02
0.62242	5.42048e-02
0.64533	5.00876e-02
0.59535	5.09121e-02
0.62895	4.40016e-02
0.62997	4.17440e-02
0.60038	5.86983e-02
0.58311	5.16582e-02
0.58246	3.44776e-02
0.57433	4.63109e-02
0.56292	5.81767e-02
0.57885	6.02659e-02
0.57965	6.42060e-02
0.57231	5.53999e-02
0.54794	4.05267e-02
0.56701	4.66536e-02
0.55147	4.65602e-02
0.53034	5.29537e-02
0.53504	3.56590e-02
0.53098	5.14971e-02
0.54759	8.07106e-02
0.50547	4.87659e-02
0.50338	5.28091e-02
0.54277	5.22857e-02
0.52781	4.85321e-02
0.54373	5.09998e-02
0.56427	5.51079e-02
0.57102	5.00612e-02
0.57102	5.00612e-02
0.57888	5.40632e-02
0.56761	5.26739e-02
0.58180	6.85150e-02
0.57712	6.81693e-02
0.57597	6.85262e-02
0.58872	7.18555e-02
0.60380	5.68416e-02
0.60214	5.51172e-02
0.57824	4.81553e-02
0.60706	5.84901e-02
0.61306	5.34790e-02
0.62238	4.40639e-02
0.63685	4.27346e-02
0.63685	4.27346e-02
0.60817	4.04629e-02
0.60641	3.30320e-02
0.61115	3.20683e-02
0.62168	3.35638e-02
0.64243	3.20130e-02
0.64243	3.20130e-02
0.64299	2.86738e-02
0.65261	2.35122e-02
0.65951	3.31240e-02
0.65951	3.31240e-02
0.65951	3.31240e-02
0.65583	3.60341e-02
0.64114	3.64601e-02
0.65235	4.46470e-02
0.65167	4.73953e-02
0.64399	4.92839e-02
0.63830	4.01098e-02
0.63830	4.01098e-02
0.64298	3.38702e-02
0.64157	3.28894e-02
0.64738	3.47161e-02
0.65311	3.70030e-02
0.65649	3.50617e-02
0.66313	3.12367e-02
0.67086	4.80371e-02
0.67669	4.81087e-02
0.68574	4.23907e-02
0.68565	4.52694e-02
0.68565	4.52694e-02
0.68510	4.73173e-02
0.68988	4.96125e-02
0.68428	4.96455e-02
0.68571	5.29959e-02
0.68410	5.43378e-02
0.69316	5.12782e-02
0.69326	5.14595e-02
0.68968	6.07275e-02
0.71201	5.67971e-02
0.70842	5.23841e-02
0.70635	5.18780e-02
0.71475	5.57405e-02
0.69587	5.16808e-02
0.71535	5.44432e-02
0.72048	4.39719e-02
0.72483	3.37340e-02
0.73301	4.75252e-02
0.73301	4.75252e-02
0.73861	4.19340e-02
0.72974	5.64811e-02
0.73672	5.11441e-02
0.74020	4.76484e-02
0.73287	3.97976e-02
0.72389	4.92481e-02
0.72646	4.48270e-02
0.72646	4.48270e-02
0.71528	4.46730e-02
0.72398	3.86746e-02
0.72847	4.36812e-02
0.73433	4.22481e-02
0.73433	4.22481e-02
0.73433	4.22481e-02
0.73959	5.02799e-02
0.73492	4.43205e-02
0.74528	5.13987e-02
0.74842	4.79967e-02
0.75634	5.38604e-02
0.76594	4.12276e-02
0.77739	4.16115e-02
0.76921	5.07200e-02
0.76259	5.16986e-02
0.76290	5.17040e-02
0.76372	5.20738e-02
0.75491	4.69787e-02
0.75132	4.80495e-02
0.75626	4.58327e-02
0.76536	5.51725e-02
0.77980	4.65291e-02
0.78286	5.05711e-02
0.78885	4.39184e-02
0.78726	4.39997e-02
0.78547	4.33860e-02
0.78047	4.25966e-02
0.78047	4.25966e-02
0.78578	5.02093e-02
0.78578	5.02093e-02
0.77169	4.73046e-02
0.78138	4.37982e-02
0.77973	4.54609e-02
0.78597	4.25536e-02
0.79065	3.12248e-02
0.78810	3.28805e-02
0.78920	3.78942e-02
0.79387	4.52849e-02
0.78597	4.98653e-02
0.78965	5.10923e-02
0.79416	4.79584e-02
0.80044	5.09971e-02
0.80577	5.43078e-02
0.80577	5.43078e-02
0.80371	4.53289e-02
0.79502	4.47229e-02
0.77982	3.98297e-02
0.78926	3.49616e-02
0.79880	4.29000e-02
0.79880	4.29000e-02
0.79609	3.58541e-02
0.80278	4.32151e-02
0.80278	4.32151e-02
0.80406	4.10808e-02
0.80885	3.85315e-02
0.80852	3.85481e-02
0.80824	3.88420e-02
0.80244	3.51001e-02
0.80371	3.63583e-02
0.80446	3.74355e-02
0.80592	3.55707e-02
0.80673	3.59465e-02
0.80219	3.36880e-02
0.81996	4.96049e-02
0.80572	3.99903e-02
0.80166	3.27506e-02
0.81002	2.88603e-02
0.81751	3.09794e-02
0.81835	2.99178e-02
0.82185	3.41127e-02
0.81848	3.91177e-02
0.81489	3.61123e-02
0.82730	3.38538e-02
0.81633	3.20118e-02
0.83156	3.68995e-02
0.83508	3.26362e-02
0.83508	3.26362e-02
0.82243	2.32462e-02
0.82663	2.58891e-02
0.83006	2.46901e-02
0.82665	2.25474e-02
0.83197	2.39957e-02
0.83428	3.28104e-02
0.83968	2.91922e-02
0.85037	2.40951e-02
0.84448	3.43297e-02
0.82817	4.35922e-02
0.83168	4.31134e-02
0.84497	1.61888e-02
0.84367	2.40120e-02
0.84059	2.16964e-02
0.83777	3.01698e-02
0.83441	2.90916e-02
0.85811	3.46074e-02
0.85955	3.31609e-02
0.85533	3.08726e-02
0.85469	3.08052e-02
0.85763	3.54344e-02
0.85687	3.61360e-02
0.85132	4.82099e-02
0.86099	3.43667e-02
0.85900	3.52032e-02
0.85900	3.52032e-02
0.87088	2.50735e-02
0.86247	2.93479e-02
0.85420	3.18497e-02
0.85420	3.18497e-02
0.85902	2.99155e-02
0.85830	3.35779e-02
0.86178	2.86202e-02
0.85932	3.04885e-02
0.86138	3.53948e-02
0.85573	3.39291e-02
0.85633	3.48909e-02
0.86217	3.23458e-02
0.86817	3.95075e-02
0.86817	3.95075e-02
0.87191	3.70994e-02
0.86238	3.87703e-02
0.85454	2.46435e-02
0.85405	2.82852e-02
0.85240	2.81768e-02
0.85286	2.85165e-02
0.86237	3.59597e-02
0.86237	3.59597e-02
0.86168	3.55328e-02
0.86907	2.41609e-02
0.86684	2.81707e-02
0.86265	2.94767e-02
0.86909	2.93168e-02
0.87402	3.06008e-02
0.87871	1.98347e-02
0.87473	1.89813e-02
0.87201	1.85891e-02
0.87457	1.87969e-02
0.86832	2.61818e-02
0.86832	2.61818e-02
0.86760	2.62680e-02
0.86470	2.35150e-02
0.87551	2.19329e-02
0.88906	2.51165e-02
0.89196	3.00454e-02
0.88963	2.93846e-02
0.88829	2.93223e-02
0.88923	2.35909e-02
0.88743	2.40170e-02
0.88083	3.09754e-02
0.87803	3.19472e-02
0.88520	3.60811e-02
0.89382	2.88656e-02
0.87980	3.29787e-02
0.88857	3.38680e-02
0.88737	3.31809e-02
0.88510	3.15998e-02
0.89346	2.25725e-02
0.89326	2.99069e-02
0.88952	4.35033e-02
0.88847	4.20245e-02
0.88456	3.81599e-02
0.88606	3.96702e-02
0.88795	4.23030e-02
0.89053	3.64725e-02
0.89130	3.59614e-02
0.88518	3.89728e-02
0.88779	3.61878e-02
0.89418	4.11206e-02
0.89686	3.05269e-02
0.90237	3.62294e-02
0.90328	3.79525e-02
0.90328	3.79525e-02
0.90389	3.84988e-02
0.91137	3.31754e-02
0.90832	3.88160e-02
0.91990	3.29855e-02
0.91834	3.42702e-02
0.92284	3.21075e-02
0.92740	2.47760e-02
0.92998	2.25340e-02
0.93407	2.24986e-02
0.93007	2.13191e-02
0.91402	3.58449e-02
0.91979	3.27714e-02
0.92264	3.09643e-02
0.92295	3.12415e-02
0.92198	3.56262e-02
0.93368	3.84279e-02
0.92807	3.55396e-02
0.92479	3.35856e-02
0.92252	3.48749e-02
0.92051	3.21593e-02
0.92781	3.45336e-02
0.92939	3.55659e-02
0.92475	3.21127e-02
0.92800	3.41354e-02
0.92800	3.41354e-02
0.92761	3.48702e-02
0.92401	3.24948e-02
0.92212	3.31676e-02
0.92212	3.31676e-02
0.92427	3.57991e-02
0.92398	3.34335e-02
0.92947	3.70023e-02
0.93538	4.74189e-02
0.93687	4.63351e-02
0.93813	4.83682e-02
0.93021	4.66053e-02
0.92306	4.77782e-02
0.92846	4.88552e-02
0.92783	4.89238e-02
0.92719	4.94576e-02
0.92719	4.94622e-02
0.92288	4.28701e-02
0.92296	4.29908e-02
0.91736	1.36819e-02
0.92069	1.71786e-02
0.92069	1.71786e-02
0.92181	1.70409e-02
0.91187	2.89011e-02
0.92204	1.35294e-02
0.91929	1.16083e-02
0.93577	2.19501e-02
0.93767	2.47164e-02
0.93767	2.47164e-02
0.93767	2.47164e-02
0.93767	2.47164e-02
0.93767	2.47164e-02
0.93335	2.42826e-02
0.94615	3.15296e-02
0.94254	2.96868e-02
0.94324	2.97379e-02
0.94899	2.79413e-02
0.95863	1.73665e-02
0.96016	1.60990e-02
0.95638	1.95361e-02
0.96036	1.94687e-02
0.95654	1.99521e-02
0.96421	1.54566e-02
0.94901	2.31510e-02
0.94901	2.31510e-02
0.95687	2.67195e-02
0.94537	1.83243e-02
0.94537	1.83243e-02
0.94537	1.83243e-02
0.94537	1.83243e-02
0.95464	2.00544e-02
0.95783	2.00497e-02
0.96031	2.10741e-02
0.96492	2.48631e-02
0.96492	2.48631e-02
0.96492	2.48631e-02
0.96491	2.48507e-02
0.95850	2.44703e-02
0.95890	2.39015e-02
0.95890	2.39015e-02
0.96396	1.23916e-02
0.96984	4.29532e-03
0.97583	4.82289e-03
0.97885	8.94483e-03
0.97881	8.88526e-03
0.97881	8.88526e-03
0.99159	9.42399e-04
