0.99050	2.25551e-03
0.98020	9.47392e-03
0.97419	9.91587e-03
0.96282	1.31767e-02
0.96423	1.62575e-02
0.95938	1.81503e-02
0.94680	1.63701e-02
0.92018	2.35211e-02
0.90714	2.75961e-02
0.91070	2.87867e-02
0.90298	2.75262e-02
0.87941	2.63958e-02
0.89146	2.46761e-02
0.87831	1.20534e-02
0.86095	2.78105e-02
0.85368	3.42400e-02
0.84407	3.76712e-02
0.82437	2.27111e-02
0.81810	3.06191e-02
0.80466	4.07379e-02
0.80506	3.96197e-02
0.81123	4.77921e-02
0.80394	6.04182e-02
0.80238	3.81737e-02
0.79268	3.36931e-02
0.79487	5.59378e-02
0.78190	5.20382e-02
0.78202	3.40082e-02
0.76332	5.04210e-02
0.75150	6.29534e-02
0.74690	4.47827e-02
0.73030	3.63034e-02
0.71058	6.79765e-02
0.68849	8.64030e-02
0.69942	7.88116e-02
0.66251	8.50760e-02
0.65602	7.21825e-02
0.65612	1.04380e-01
0.65364	7.18568e-02
0.62762	9.63928e-02
0.59738	7.96664e-02
0.63752	9.25575e-02
0.62980	8.89441e-02
0.61093	9.97265e-02
0.61139	9.83974e-02
0.61567	9.57919e-02
0.56519	6.18476e-02
0.56188	8.59866e-02
0.59271	1.08401e-01
0.57009	1.00728e-01
0.56094	1.00615e-01
0.57860	1.14893e-01
0.57756	8.80842e-02
0.60876	9.81022e-02
0.57836	1.12815e-01
0.56726	1.38971e-01
0.57312	1.08705e-01
0.58226	9.79585e-02
0.56628	1.17591e-01
0.55774	1.17634e-01
0.57028	7.35547e-02
0.55790	1.37144e-01
0.54959	1.10538e-01
0.51918	1.07346e-01
0.52513	9.79559e-02
0.50778	1.01189e-01
0.52248	1.02073e-01
0.52625	1.07682e-01
0.48762	1.34080e-01
0.47181	1.56702e-01
0.52417	1.13851e-01
0.54938	7.13900e-02
0.52039	7.01182e-02
0.52610	1.18099e-01
0.51992	1.00954e-01
0.54722	1.01414e-01
0.53279	6.59265e-02
0.53154	1.05219e-01
0.51261	1.31258e-01
0.54151	1.12798e-01
0.51237	1.10206e-01
0.54272	1.21847e-01
0.56680	1.03273e-01
0.52154	1.12357e-01
0.51670	1.12768e-01
0.56338	1.23283e-01
0.50298	1.22788e-01
0.53279	1.31050e-01
0.50056	1.30547e-01
0.50306	1.20339e-01
0.50253	7.30241e-02
0.49661	1.07070e-01
0.51768	1.28552e-01
0.47905	1.45775e-01
0.48825	1.02433e-01
0.50090	9.68150e-02
0.47761	1.30150e-01
0.47113	1.42014e-01
0.50459	1.07010e-01
0.52420	8.99577e-02
0.52997	9.42394e-02
0.54245	1.02855e-01
0.55666	1.00483e-01
0.56466	1.05900e-01
0.56258	1.02946e-01
0.56940	1.06145e-01
0.53135	1.76543e-01
0.54507	1.77545e-01
0.57135	1.90932e-01
0.57658	1.90015e-01
0.56602	1.86235e-01
0.57402	1.87484e-01
0.59213	1.53705e-01
0.59338	1.50918e-01
0.59338	1.50918e-01
0.63357	8.60102e-02
0.64250	8.72639e-02
0.64792	7.08039e-02
0.64435	1.00230e-01
0.64439	1.00230e-01
0.63945	9.57047e-02
0.64255	9.66570e-02
0.64124	9.66604e-02
0.63569	9.35418e-02
0.65015	9.62219e-02
0.64331	9.14949e-02
0.65131	9.40108e-02
0.65857	9.95565e-02
0.67254	1.10343e-01
0.69625	1.15703e-01
0.70317	1.13450e-01
0.69443	1.13581e-01
0.72964	8.68253e-02
0.71407	7.82524e-02
0.70860	7.41524e-02
0.72387	7.53114e-02
0.73985	5.71575e-02
0.75019	6.42005e-02
0.73487	8.69423e-02
0.73560	8.71821e-02
0.72431	7.94933e-02
0.73326	8.95224e-02
0.73326	8.95224e-02
0.74072	8.15606e-02
0.73962	7.96862e-02
0.75213	8.87069e-02
0.77214	8.99414e-02
0.77290	6.79552e-02
0.78821	5.62641e-02
0.78560	5.97192e-02
0.77782	7.03947e-02
0.78924	7.64142e-02
0.77781	7.50953e-02
0.78082	7.23577e-02
0.77628	7.32245e-02
0.78471	6.26337e-02
0.78422	6.18856e-02
0.78764	6.40534e-02
0.79675	5.62778e-02
0.79556	5.68439e-02
0.79413	5.54875e-02
0.79197	5.29639e-02
0.79535	5.17013e-02
0.80281	5.19072e-02
0.81436	4.58292e-02
0.82446	4.75160e-02
0.81923	4.32163e-02
0.81924	4.86224e-02
0.82671	5.94595e-02
0.83313	4.84346e-02
0.82860	5.69782e-02
0.82902	5.29548e-02
0.83607	5.58048e-02
0.84171	4.19592e-02
0.84477	3.69323e-02
0.84253	3.76526e-02
0.84237	4.23020e-02
0.84624	4.18811e-02
0.84213	5.21001e-02
0.84089	5.19984e-02
0.83505	4.42992e-02
0.84357	3.95473e-02
0.83986	4.37006e-02
0.83986	4.37006e-02
0.85011	4.63320e-02
0.85127	5.10943e-02
0.85670	4.99922e-02
0.87038	3.68873e-02
0.87126	3.98266e-02
0.87126	4.38027e-02
0.86533	4.70552e-02
0.86252	4.96222e-02
0.86378	4.85152e-02
0.85940	4.77222e-02
0.86096	4.27430e-02
0.86124	4.25518e-02
0.85943	4.23044e-02
0.85943	4.23044e-02
0.85917	3.97537e-02
0.86838	4.43920e-02
0.87308	4.45061e-02
0.86399	4.81993e-02
0.87079	4.74252e-02
0.87402	4.48465e-02
0.87163	3.97611e-02
0.87007	4.19384e-02
0.87608	4.32625e-02
0.87300	4.70858e-02
0.87314	4.72100e-02
0.87616	4.53227e-02
0.87975	4.27438e-02
0.88592	3.56520e-02
0.88592	3.56520e-02
0.88336	4.59803e-02
0.88684	4.65336e-02
0.89214	3.97949e-02
0.89896	3.35038e-02
0.89733	3.45443e-02
0.89299	3.39181e-02
0.89807	3.29915e-02
0.90409	3.40729e-02
0.90258	3.56228e-02
0.90499	3.22644e-02
0.90829	3.01956e-02
0.90650	3.14788e-02
0.90650	3.14788e-02
0.90675	2.84819e-02
0.90712	3.15284e-02
0.91057	3.15801e-02
0.91520	3.40339e-02
0.90871	3.21828e-02
0.90803	3.38277e-02
0.90942	3.54732e-02
0.91154	3.49878e-02
0.91068	3.55175e-02
0.91099	3.41293e-02
0.91099	3.41293e-02
0.91099	3.41293e-02
0.90892	3.76905e-02
0.90818	3.78358e-02
0.90800	3.77903e-02
0.91056	2.36652e-02
0.91599	2.57102e-02
0.91908	2.98432e-02
0.91962	2.92626e-02
0.91869	2.66831e-02
0.92308	2.48849e-02
0.91483	3.57009e-02
0.91391	3.53794e-02
0.92719	2.65835e-02
0.92984	2.21701e-02
0.92884	2.15740e-02
0.92900	1.83718e-02
0.92548	2.37704e-02
0.92364	2.26181e-02
0.92264	2.31711e-02
0.92166	2.04099e-02
0.92166	2.04099e-02
0.92168	2.04425e-02
0.91778	2.39270e-02
0.92046	2.16525e-02
0.91797	2.34362e-02
0.92234	2.28163e-02
0.92319	2.13827e-02
0.92391	2.09015e-02
0.92431	2.12329e-02
0.92436	2.12943e-02
0.92720	2.16073e-02
0.93116	2.36745e-02
0.92733	2.45219e-02
0.92540	2.38145e-02
0.92611	2.27265e-02
0.92943	2.21297e-02
0.92752	2.02176e-02
0.92778	2.09361e-02
0.92928	2.28134e-02
0.93061	2.23387e-02
0.93061	2.23387e-02
0.93132	2.72617e-02
0.92830	2.79952e-02
0.93024	2.85093e-02
0.93076	2.86784e-02
0.92989	3.12250e-02
0.92720	3.20201e-02
0.92874	3.32891e-02
0.93404	3.64662e-02
0.93891	3.09130e-02
0.93176	2.68453e-02
0.93176	2.68453e-02
0.93018	2.93261e-02
0.92908	2.78761e-02
0.93204	2.90539e-02
0.92726	3.00859e-02
0.93001	3.15385e-02
0.93948	1.95804e-02
0.93910	2.07758e-02
0.93883	2.19776e-02
0.93974	2.00174e-02
0.93974	2.00174e-02
0.94219	2.07834e-02
0.93999	1.86678e-02
0.93109	3.08681e-02
0.93453	2.83348e-02
0.93528	2.88059e-02
0.93978	1.84524e-02
0.93742	1.93982e-02
0.93742	1.93982e-02
0.93473	2.19173e-02
0.93386	1.84004e-02
0.93405	1.77702e-02
0.93807	2.02444e-02
0.93471	1.81214e-02
0.93218	1.80613e-02
0.93085	1.69635e-02
0.93089	1.72585e-02
0.93389	2.10704e-02
0.92896	2.88714e-02
0.94162	2.26862e-02
0.94320	1.99144e-02
0.94766	2.10956e-02
0.94766	2.10956e-02
0.94582	2.06542e-02
0.94413	2.05394e-02
0.94874	2.28784e-02
0.94720	2.32976e-02
0.94401	2.08180e-02
0.94628	2.17682e-02
0.94634	2.18161e-02
0.94528	2.09507e-02
0.94263	2.20757e-02
0.93896	2.19809e-02
0.94157	2.52638e-02
0.94607	2.07637e-02
0.94707	2.13605e-02
0.95003	2.33793e-02
0.95177	1.90076e-02
0.94889	2.15310e-02
0.94691	1.96507e-02
0.94373	2.16744e-02
0.94741	2.59192e-02
0.95044	2.80878e-02
0.94822	2.88006e-02
0.95280	2.65298e-02
0.95527	2.57205e-02
0.95556	2.58017e-02
0.95942	1.80256e-02
0.95832	2.31234e-02
0.95757	2.47540e-02
0.95510	2.66128e-02
0.95903	2.52614e-02
0.96232	2.54074e-02
0.96666	2.28219e-02
0.96401	2.53560e-02
0.96076	2.51555e-02
0.96614	1.87044e-02
0.96611	1.87368e-02
0.96391	1.76064e-02
0.96410	1.74310e-02
0.96261	1.68004e-02
0.96001	2.07875e-02
0.96355	2.07041e-02
0.96155	2.00723e-02
0.96232	2.24162e-02
0.96232	2.24162e-02
0.96628	1.89669e-02
0.96415	2.00990e-02
0.96287	2.10519e-02
0.96319	2.13626e-02
0.96300	1.72424e-02
0.96625	1.62235e-02
0.96866	1.44158e-02
0.96943	1.10223e-02
0.96943	1.10220e-02
0.97514	7.82482e-03
0.97325	7.24172e-03
0.97427	7.58199e-03
0.97431	7.54340e-03
0.97148	1.02223e-02
0.97196	8.47608e-03
0.96972	5.63413e-03
0.96973	5.63320e-03
0.97224	8.59237e-03
0.97356	1.01052e-02
0.97966	9.87757e-03
0.98200	9.05145e-03
0.97869	1.03433e-02
0.97493	1.13031e-02
0.97221	1.05482e-02
0.97269	1.07808e-02
0.97940	1.17875e-02
0.98069	9.72399e-03
0.98083	9.63385e-03
0.98485	7.59008e-03
0.97723	1.02441e-02
0.98207	9.92990e-03
0.98207	9.92990e-03
0.97818	9.80378e-03
0.97033	7.71509e-04
0.97473	8.45768e-03
0.98302	9.77259e-03
0.98121	1.01465e-02
0.98622	7.94020e-03
0.99108	1.02164e-03
0.99157	6.75828e-04
0.99151	6.97013e-04
0.99151	6.97013e-04
0.98511	9.53129e-03
0.98509	9.51971e-03
0.98193	1.02876e-02
0.98193	1.02876e-02
0.98193	1.02876e-02
0.98193	1.02876e-02
0.98189	1.02396e-02
0.97165	0.00000e+00
0.97165	0.00000e+00
0.97165	0.00000e+00
0.97165	0.00000e+00
0.97165	0.00000e+00
0.97165	0.00000e+00
0.99328	0.00000e+00
0.99328	0.00000e+00
0.99328	0.00000e+00
0.99307	0.00000e+00
0.99298	0.00000e+00
0.99298	0.00000e+00
0.99298	0.00000e+00
0.99298	0.00000e+00
0.99295	0.00000e+00
