0.97225	2.94639e-03
0.95811	1.12685e-02
0.95051	1.93030e-02
0.92282	3.09261e-02
0.91941	4.07632e-02
0.90540	1.80229e-02
0.89520	2.61930e-02
0.87215	2.75816e-02
0.85346	3.36373e-02
0.82162	5.18038e-02
0.80034	7.97275e-02
0.80018	4.36973e-02
0.76016	5.89777e-02
0.73181	8.46600e-02
0.72867	6.43089e-02
0.73239	9.31023e-02
0.73279	8.92901e-02
0.71725	1.25885e-01
0.69673	1.15663e-01
0.71001	9.19631e-02
0.69755	9.68206e-02
0.70084	1.19902e-01
0.67791	1.04855e-01
0.69769	1.13976e-01
0.68609	1.08012e-01
0.70392	1.00567e-01
0.70013	1.02124e-01
0.69650	1.36439e-01
0.68778	1.38577e-01
0.68335	1.04749e-01
0.68559	9.85727e-02
0.69206	1.07027e-01
0.69719	9.48461e-02
0.70627	8.21206e-02
0.69817	7.69360e-02
0.69192	9.31327e-02
0.70997	7.57169e-02
0.70657	1.20002e-01
0.73816	6.97553e-02
0.71392	5.30582e-02
0.73968	4.48357e-02
0.72347	6.27092e-02
0.72218	4.18474e-02
0.72428	6.61890e-02
0.74583	5.52717e-02
0.72866	3.46371e-02
0.72017	4.87861e-02
0.70017	3.52262e-02
0.71305	2.86607e-02
0.70443	4.22106e-02
0.69246	5.45041e-02
0.70053	3.16121e-02
0.70004	5.03389e-02
0.69907	4.00046e-02
0.68332	4.80274e-02
0.67650	5.49012e-02
0.68800	4.41173e-02
0.69387	3.54217e-02
0.66974	3.59764e-02
0.66506	4.21247e-02
0.66425	5.88829e-02
0.63279	6.48848e-02
0.65969	4.26315e-02
0.65395	4.65056e-02
0.64677	8.03430e-02
0.64587	5.21350e-02
0.63556	4.68335e-02
0.63092	5.88109e-02
0.65702	5.82884e-02
0.62255	4.00114e-02
0.57936	6.81905e-02
0.58862	7.43817e-02
0.61788	5.32199e-02
0.60940	4.68200e-02
0.60656	5.46632e-02
0.56346	4.88448e-02
0.58267	6.12392e-02
0.56970	5.06754e-02
0.57622	6.08572e-02
0.55689	5.12075e-02
0.54641	4.31143e-02
0.53965	7.96926e-02
0.52432	6.01736e-02
0.52650	4.24483e-02
0.52505	5.23701e-02
0.50218	7.10331e-02
0.49917	8.84064e-02
0.49641	6.86018e-02
0.48922	6.08861e-02
0.49302	7.11524e-02
0.46462	7.21382e-02
0.48796	4.52744e-02
0.45621	4.67023e-02
0.46093	6.10375e-02
0.45396	8.05107e-02
0.40711	9.22528e-02
0.39626	5.33491e-02
0.45825	7.01913e-02
0.41818	9.36409e-02
0.41921	5.74050e-02
0.42773	4.60284e-02
0.43053	4.79811e-02
0.43053	4.79811e-02
0.45603	6.76770e-02
0.45624	8.28902e-02
0.46134	7.87218e-02
0.46134	7.87218e-02
0.46306	7.92093e-02
0.47173	7.58913e-02
0.48911	4.72635e-02
0.50570	4.78667e-02
0.49861	4.88159e-02
0.49970	4.84066e-02
0.49356	4.69104e-02
0.49167	4.89650e-02
0.47020	6.98884e-02
0.47822	7.14167e-02
0.47486	6.82738e-02
0.50108	4.72363e-02
0.51813	6.44998e-02
0.51275	5.52846e-02
0.48704	5.35703e-02
0.52060	5.53611e-02
0.51795	5.29899e-02
0.52559	3.71300e-02
0.52698	3.92612e-02
0.51423	4.57494e-02
0.50713	3.72642e-02
0.51874	3.40147e-02
0.51874	3.40147e-02
0.52749	3.66424e-02
0.52244	6.43451e-02
0.51388	6.38100e-02
0.50088	7.27577e-02
0.49982	7.53806e-02
0.50396	6.63078e-02
0.50396	6.63078e-02
0.49944	6.24731e-02
0.51768	5.63340e-02
0.53483	5.89402e-02
0.52468	5.65798e-02
0.52260	5.64104e-02
0.53549	4.76045e-02
0.52377	5.96079e-02
0.53492	5.47872e-02
0.55248	5.54672e-02
0.54208	4.94656e-02
0.54252	5.10690e-02
0.54229	5.25770e-02
0.54566	5.74627e-02
0.53897	5.13150e-02
0.54176	5.75076e-02
0.53787	5.00623e-02
0.54142	5.30400e-02
0.54142	5.30400e-02
0.53311	4.53606e-02
0.54705	6.08371e-02
0.55505	5.80410e-02
0.55598	5.68286e-02
0.55529	5.67240e-02
0.55618	5.73467e-02
0.55782	5.20924e-02
0.56909	4.86345e-02
0.55845	6.82415e-02
0.55094	6.13725e-02
0.56121	6.69192e-02
0.56025	7.61140e-02
0.55466	6.88179e-02
0.57731	4.02554e-02
0.58774	3.45666e-02
0.58823	3.53263e-02
0.58964	2.82526e-02
0.59910	3.98062e-02
0.59126	3.02955e-02
0.58194	4.80804e-02
0.59682	3.19268e-02
0.59907	3.55640e-02
0.62313	3.46572e-02
0.62072	3.78567e-02
0.61061	3.83934e-02
0.61111	3.64298e-02
0.61111	3.64298e-02
0.60910	3.44392e-02
0.61631	4.71384e-02
0.61631	4.71384e-02
0.62083	6.31153e-02
0.61979	6.23212e-02
0.62817	6.44928e-02
0.63061	6.69926e-02
0.61407	4.35659e-02
0.61240	3.69480e-02
0.62720	3.00675e-02
0.62900	3.20009e-02
0.62756	3.12500e-02
0.63162	3.61584e-02
0.63291	3.74305e-02
0.63291	3.74305e-02
0.62565	4.64013e-02
0.63297	5.25427e-02
0.63649	6.23264e-02
0.62930	5.74197e-02
0.61853	7.01790e-02
0.62456	7.25201e-02
0.61978	7.02894e-02
0.62575	6.85689e-02
0.62824	7.00200e-02
0.62363	6.60809e-02
0.63212	6.30350e-02
0.63212	6.30350e-02
0.63385	6.34619e-02
0.63245	6.25954e-02
0.64399	5.28810e-02
0.66294	7.09673e-02
0.65304	9.23665e-02
0.63521	9.22338e-02
0.65373	9.11482e-02
0.65660	9.12042e-02
0.65347	8.18547e-02
0.66720	7.35909e-02
0.66806	7.08126e-02
0.65813	6.62497e-02
0.66274	6.72118e-02
0.66239	7.11942e-02
0.66349	7.41386e-02
0.67915	7.57813e-02
0.68217	7.96942e-02
0.67776	8.07583e-02
0.66121	7.03126e-02
0.66259	7.34353e-02
0.66259	7.34353e-02
0.66259	7.34353e-02
0.65948	6.98047e-02
0.67507	7.97510e-02
0.67668	8.10315e-02
0.67302	7.83915e-02
0.67302	7.83915e-02
0.66657	7.27352e-02
0.66760	7.47262e-02
0.66839	7.29325e-02
0.67088	7.07053e-02
0.68444	8.51113e-02
0.67024	8.00272e-02
0.67299	8.29336e-02
0.70291	8.31617e-02
0.70290	8.33529e-02
0.71002	7.86224e-02
0.69380	8.84237e-02
0.69665	9.00349e-02
0.70587	7.35944e-02
0.71079	9.51928e-02
0.71527	7.10410e-02
0.71042	7.15894e-02
0.71436	7.20252e-02
0.72346	5.46917e-02
0.70715	5.47627e-02
0.70166	5.68027e-02
0.70058	5.80358e-02
0.69752	4.57590e-02
0.71390	5.86574e-02
0.72427	5.66821e-02
0.72550	6.40199e-02
0.71992	5.80249e-02
0.71992	5.80249e-02
0.72394	5.86646e-02
0.72209	6.42397e-02
0.72748	6.44979e-02
0.73833	6.69294e-02
0.73808	7.60613e-02
0.74471	7.57349e-02
0.74768	7.09629e-02
0.74517	7.13089e-02
0.74884	4.97731e-02
0.75436	5.27631e-02
0.75436	5.27631e-02
0.75596	5.24062e-02
0.76233	5.30692e-02
0.76872	4.84430e-02
0.75775	6.30026e-02
0.76517	6.93354e-02
0.77025	5.60848e-02
0.76670	5.62175e-02
0.76670	5.62175e-02
0.77547	5.98769e-02
0.77547	5.98796e-02
0.77754	5.96215e-02
0.77684	5.58381e-02
0.77353	5.54448e-02
0.77011	6.30784e-02
0.77691	6.39140e-02
0.77691	6.39140e-02
0.77780	6.68661e-02
0.77972	6.88938e-02
0.78182	5.65892e-02
0.78136	4.86035e-02
0.77268	5.55107e-02
0.78104	5.52719e-02
0.77715	5.29041e-02
0.78171	5.90787e-02
0.78998	3.58471e-02
0.79713	3.23235e-02
0.78682	4.46260e-02
0.78978	4.22211e-02
0.79436	4.48821e-02
0.79634	4.92991e-02
0.80319	5.67342e-02
0.81405	5.25157e-02
0.81571	5.17225e-02
0.81879	5.26050e-02
0.81879	5.26050e-02
0.81566	5.60478e-02
0.81566	5.60478e-02
0.81566	5.60478e-02
0.81010	6.42027e-02
0.81952	6.27664e-02
0.82424	6.91137e-02
0.82151	6.03786e-02
0.82353	6.48434e-02
0.82625	5.97253e-02
0.82296	5.79457e-02
0.82499	5.88559e-02
0.82277	6.13078e-02
0.83020	5.14574e-02
0.84036	5.51381e-02
0.84300	5.54793e-02
0.84831	5.95769e-02
0.84395	6.30507e-02
0.84236	6.47497e-02
0.84205	6.46242e-02
0.85019	6.13285e-02
0.85019	6.13285e-02
0.85097	6.07324e-02
0.84584	7.48731e-02
0.83712	6.80418e-02
0.84609	6.45868e-02
0.84200	6.72086e-02
0.84729	6.65141e-02
0.84939	6.85044e-02
0.85282	6.50642e-02
0.86651	4.51127e-02
0.86681	4.49756e-02
0.86222	5.27914e-02
0.86514	5.58949e-02
0.86132	5.96347e-02
0.86143	6.31900e-02
0.85252	5.86724e-02
0.85175	6.04780e-02
0.86752	5.37845e-02
0.86253	5.30343e-02
0.87254	4.71914e-02
0.87417	5.54548e-02
0.88100	5.19689e-02
0.88440	4.71878e-02
0.87506	3.11967e-02
0.87627	3.18658e-02
0.87514	3.96213e-02
0.87821	3.47906e-02
0.87848	3.46407e-02
0.87393	3.58591e-02
0.87393	3.58591e-02
0.86741	4.15241e-02
0.87745	4.41527e-02
0.87745	4.41527e-02
0.89310	3.55902e-02
0.89310	3.55902e-02
0.89173	3.43211e-02
0.90419	4.45236e-02
0.90419	4.45236e-02
0.89992	5.10836e-02
0.89873	5.12035e-02
0.89873	5.12035e-02
0.89473	4.94213e-02
0.88788	4.18363e-02
0.88798	4.18823e-02
0.88497	3.79793e-02
0.89141	2.50027e-02
0.89032	3.41197e-02
0.90518	4.36869e-02
0.90518	4.36869e-02
0.90994	4.49269e-02
0.91114	4.07059e-02
0.91537	3.97656e-02
0.91536	3.98544e-02
0.91309	3.78659e-02
0.91710	4.04046e-02
0.92136	4.44464e-02
0.92574	4.47264e-02
0.92577	4.47116e-02
0.91912	4.50687e-02
0.91050	4.41724e-02
0.92104	4.66068e-02
0.92104	4.66068e-02
0.92104	4.66068e-02
0.92231	4.77740e-02
0.92370	4.53482e-02
0.92405	3.63393e-02
0.92338	3.47395e-02
0.93151	4.02867e-02
0.93151	4.02867e-02
0.93151	4.02867e-02
0.93397	4.14588e-02
0.93798	4.44788e-02
0.91446	4.35669e-02
0.91446	4.35669e-02
0.91440	4.34799e-02
0.91440	4.34799e-02
0.91440	4.34799e-02
0.89844	6.20367e-02
0.86102	3.96453e-02
0.86102	3.96453e-02
0.86102	3.96453e-02
0.86102	3.96453e-02
0.86102	3.96453e-02
0.86538	3.52885e-02
0.86256	3.24680e-02
0.86256	3.24680e-02
0.86256	3.24680e-02
0.89957	4.54781e-03
0.89957	4.54781e-03
0.91610	1.19817e-02
0.91610	1.19817e-02
0.91610	1.19817e-02
0.91610	1.19817e-02
0.91610	1.19817e-02
0.89884	2.92408e-02
0.89884	2.92408e-02
0.89884	2.92408e-02
0.91219	1.58898e-02
0.92703	3.07242e-02
0.92703	3.07242e-02
0.94112	1.66328e-02
0.94112	1.66328e-02
0.94112	1.66328e-02
0.94112	1.66328e-02
0.94112	1.66328e-02
0.93574	1.51422e-03
0.93574	1.51422e-03
0.93574	1.51422e-03
0.93574	1.51422e-03
0.93226	4.98878e-03
0.93226	4.98878e-03
0.93226	4.98878e-03
0.93239	4.86612e-03
0.93239	4.86612e-03
0.93239	4.86612e-03
0.95283	2.75806e-03
0.95283	2.75806e-03
0.95809	8.01862e-03
0.95499	4.91502e-03
0.95499	4.91502e-03
0.95499	4.91502e-03
0.96038	1.03015e-02
0.97072	0.00000e+00
0.97072	0.00000e+00
0.97072	0.00000e+00
0.97072	0.00000e+00
0.97426	0.00000e+00
