0.97585	3.13114e-03
0.95490	1.22074e-02
0.93874	1.48683e-02
0.92297	3.47520e-02
0.90300	3.44926e-02
0.88000	3.73190e-02
0.85165	4.83811e-02
0.82502	7.07702e-02
0.80161	9.69572e-02
0.80369	9.03526e-02
0.77450	1.16664e-01
0.74608	1.06494e-01
0.71193	1.30300e-01
0.71866	1.25849e-01
0.68902	1.30971e-01
0.70014	8.98336e-02
0.67759	1.13163e-01
0.70565	9.02678e-02
0.68166	1.04943e-01
0.68748	1.24829e-01
0.67458	1.08048e-01
0.65985	1.03369e-01
0.65563	1.46833e-01
0.66758	1.50106e-01
0.69973	1.11157e-01
0.68866	1.32139e-01
0.71119	6.90126e-02
0.69352	9.13080e-02
0.72010	7.77071e-02
0.70287	1.26602e-01
0.70390	1.05549e-01
0.71578	9.06890e-02
0.72642	7.36300e-02
0.71604	7.33942e-02
0.71862	5.76133e-02
0.71867	4.71467e-02
0.72569	3.93372e-02
0.71267	5.84633e-02
0.73551	5.27302e-02
0.71092	7.54124e-02
0.71145	6.09084e-02
0.71209	3.84205e-02
0.72016	3.52841e-02
0.74476	5.14600e-02
0.71711	4.97609e-02
0.74195	4.70627e-02
0.71544	5.66648e-02
0.71374	7.41678e-02
0.71083	6.67861e-02
0.69482	7.75649e-02
0.70728	6.74305e-02
0.68517	5.91001e-02
0.69336	7.46068e-02
0.69586	4.15128e-02
0.70468	5.44336e-02
0.67816	4.92927e-02
0.66736	5.68533e-02
0.67802	4.82173e-02
0.67069	4.42765e-02
0.66314	6.51259e-02
0.65937	4.00576e-02
0.65584	2.18730e-02
0.65156	5.37447e-02
0.64824	3.55021e-02
0.64689	4.50171e-02
0.66743	4.61224e-02
0.65363	4.96391e-02
0.62351	3.48494e-02
0.63178	3.84618e-02
0.61692	3.63471e-02
0.62300	4.39266e-02
0.60650	3.14012e-02
0.62574	3.50337e-02
0.60517	4.37909e-02
0.61359	5.01070e-02
0.58763	3.89718e-02
0.61921	5.05791e-02
0.55407	3.93376e-02
0.57596	3.48041e-02
0.57968	4.85241e-02
0.53152	6.57682e-02
0.57195	5.90172e-02
0.54729	4.80098e-02
0.56037	3.98330e-02
0.52781	5.86082e-02
0.52107	5.31526e-02
0.54221	6.76526e-02
0.53246	5.46902e-02
0.51244	8.39343e-02
0.52173	7.46245e-02
0.49320	4.70856e-02
0.50129	3.62449e-02
0.51555	6.66621e-02
0.47527	6.86022e-02
0.44991	6.77726e-02
0.45062	9.61761e-02
0.48083	3.55459e-02
0.46225	5.75534e-02
0.46413	7.11231e-02
0.48606	5.97454e-02
0.48402	6.38989e-02
0.48098	6.68525e-02
0.50013	6.74930e-02
0.50059	6.59357e-02
0.48761	5.02665e-02
0.49609	4.58625e-02
0.47012	5.63777e-02
0.47141	5.68947e-02
0.47633	5.28900e-02
0.48791	6.78168e-02
0.49149	6.08737e-02
0.49947	5.72524e-02
0.49656	5.88690e-02
0.49544	6.53385e-02
0.49405	6.67118e-02
0.49341	6.73686e-02
0.49519	6.56771e-02
0.47953	6.39966e-02
0.49025	6.83603e-02
0.48145	7.12779e-02
0.50004	5.63612e-02
0.49950	5.22484e-02
0.50432	4.37729e-02
0.51460	6.30037e-02
0.52091	6.79566e-02
0.52445	6.12016e-02
0.54459	6.38093e-02
0.54909	5.81092e-02
0.54909	5.81092e-02
0.54529	5.79958e-02
0.54051	5.82342e-02
0.54438	5.78773e-02
0.54440	5.78907e-02
0.56059	6.17960e-02
0.55434	6.26743e-02
0.55760	6.82681e-02
0.55886	6.66802e-02
0.56660	6.59219e-02
0.56623	7.28202e-02
0.56089	7.39205e-02
0.56033	7.11688e-02
0.53390	6.00184e-02
0.55589	6.39060e-02
0.53979	7.03749e-02
0.55303	8.32033e-02
0.55343	8.28796e-02
0.56222	8.41789e-02
0.55781	8.44248e-02
0.55422	9.00516e-02
0.56563	8.23875e-02
0.55530	6.17054e-02
0.55361	6.12475e-02
0.56239	6.66284e-02
0.57993	7.90249e-02
0.56104	8.25946e-02
0.57875	7.86437e-02
0.60010	8.21618e-02
0.60428	8.27784e-02
0.59853	7.54184e-02
0.59293	7.41659e-02
0.58519	7.38114e-02
0.58462	7.36806e-02
0.59981	5.00067e-02
0.59665	8.40155e-02
0.59460	8.15611e-02
0.58397	7.97776e-02
0.59085	7.19390e-02
0.59219	6.14209e-02
0.60035	6.46688e-02
0.60147	6.51755e-02
0.60253	6.58070e-02
0.59960	6.51170e-02
0.60399	6.36720e-02
0.60804	6.40124e-02
0.60187	6.19795e-02
0.60462	5.51607e-02
0.61388	5.90898e-02
0.62519	5.99393e-02
0.62586	6.99444e-02
0.61512	7.95144e-02
0.62262	7.29003e-02
0.61278	6.67465e-02
0.61876	6.04311e-02
0.61114	6.59216e-02
0.61393	6.75470e-02
0.61979	6.94216e-02
0.63528	8.83115e-02
0.64397	8.95018e-02
0.64268	7.06002e-02
0.64571	7.19109e-02
0.64105	4.85380e-02
0.63698	5.05035e-02
0.65377	5.36508e-02
0.64616	5.14698e-02
0.63694	5.81246e-02
0.64011	5.69046e-02
0.64911	6.06419e-02
0.67398	5.92803e-02
0.65806	6.62618e-02
0.66239	5.85727e-02
0.66257	5.78106e-02
0.66539	5.52706e-02
0.67836	5.08308e-02
0.67473	4.84575e-02
0.67418	4.86390e-02
0.67415	4.86512e-02
0.67018	5.14210e-02
0.67562	5.81150e-02
0.67182	5.98329e-02
0.68088	4.42736e-02
0.68088	4.42736e-02
0.68064	4.48571e-02
0.67748	4.44927e-02
0.67368	6.96890e-02
0.65904	6.08664e-02
0.65831	6.01395e-02
0.66120	6.42704e-02
0.66447	6.63350e-02
0.65409	5.89940e-02
0.66793	4.62330e-02
0.67466	3.72128e-02
0.68962	5.09018e-02
0.70742	5.63950e-02
0.71328	4.87303e-02
0.71247	5.32370e-02
0.69895	5.63479e-02
0.69933	5.23902e-02
0.69933	5.23902e-02
0.69933	5.23902e-02
0.71167	4.48131e-02
0.71333	4.62864e-02
0.71892	4.85720e-02
0.71634	4.84889e-02
0.71085	4.78849e-02
0.71938	5.15773e-02
0.71948	5.06569e-02
0.71263	4.78738e-02
0.71949	4.21196e-02
0.72323	4.24352e-02
0.73316	5.64376e-02
0.72953	6.33844e-02
0.72815	6.25977e-02
0.71881	5.17801e-02
0.72686	5.29238e-02
0.72684	5.29121e-02
0.72107	5.79700e-02
0.72567	5.34419e-02
0.73098	5.62251e-02
0.72605	6.22399e-02
0.72354	6.57107e-02
0.72485	6.22848e-02
0.72779	6.79954e-02
0.74204	5.30356e-02
0.75162	4.59409e-02
0.74637	5.32598e-02
0.74505	5.29392e-02
0.75541	4.65096e-02
0.75612	4.36029e-02
0.74865	3.64728e-02
0.73530	5.58113e-02
0.74787	5.17853e-02
0.74787	5.17853e-02
0.74301	6.00008e-02
0.74696	5.85469e-02
0.74002	6.07449e-02
0.75509	4.67101e-02
0.75849	4.79585e-02
0.75778	5.11950e-02
0.75594	4.67883e-02
0.75443	4.57514e-02
0.75587	4.73999e-02
0.75587	4.73999e-02
0.76290	4.82221e-02
0.76509	4.58042e-02
0.77845	5.53180e-02
0.78262	5.13573e-02
0.78846	5.27263e-02
0.78846	5.27263e-02
0.79142	5.09785e-02
0.79204	4.87183e-02
0.78467	6.27220e-02
0.79206	5.34470e-02
0.79446	5.62516e-02
0.79808	5.35143e-02
0.79583	5.05772e-02
0.79929	5.48512e-02
0.80788	5.62731e-02
0.81232	4.41697e-02
0.81309	4.29110e-02
0.80729	4.21290e-02
0.80141	4.72877e-02
0.80407	4.98106e-02
0.80598	5.19166e-02
0.80728	5.38104e-02
0.81077	5.85762e-02
0.80984	5.91414e-02
0.80984	5.91414e-02
0.80742	5.73521e-02
0.80075	4.93894e-02
0.79158	5.35427e-02
0.80552	5.18920e-02
0.81416	4.32170e-02
0.79868	5.52010e-02
0.79932	5.37548e-02
0.80200	4.93025e-02
0.80749	4.88708e-02
0.81283	5.39712e-02
0.81257	5.37377e-02
0.81755	5.72449e-02
0.81847	5.24139e-02
0.81413	5.48478e-02
0.81341	5.46755e-02
0.81887	5.37648e-02
0.82264	5.35433e-02
0.82544	5.45875e-02
0.83216	5.31441e-02
0.84007	4.31126e-02
0.83261	4.64398e-02
0.83261	4.64398e-02
0.84171	4.45036e-02
0.84581	3.74933e-02
0.84438	5.40917e-02
0.84214	5.19420e-02
0.84214	5.19420e-02
0.85010	5.77081e-02
0.84731	6.20496e-02
0.84876	6.19821e-02
0.85206	6.74330e-02
0.85481	6.76808e-02
0.86235	5.56849e-02
0.85811	6.08541e-02
0.85488	6.59716e-02
0.86817	5.94831e-02
0.87255	4.80429e-02
0.87385	5.44966e-02
0.87481	5.61647e-02
0.88041	6.05350e-02
0.86231	5.86877e-02
0.86956	6.53788e-02
0.87962	6.30661e-02
0.88168	6.17104e-02
0.87975	5.98060e-02
0.88232	6.35353e-02
0.88745	6.51637e-02
0.88622	5.92089e-02
0.87590	7.56726e-02
0.86586	7.45506e-02
0.85339	6.63705e-02
0.83424	4.85671e-02
0.83539	4.23235e-02
0.83797	3.88794e-02
0.85345	5.03869e-02
0.85219	4.95454e-02
0.85279	5.39572e-02
0.85279	5.39572e-02
0.86490	4.48332e-02
0.88339	3.97321e-02
0.88550	3.33500e-02
0.88933	3.61556e-02
0.87178	4.21898e-02
0.87593	4.75485e-02
0.87658	4.69159e-02
0.87649	4.69239e-02
0.88316	4.37372e-02
0.88316	4.37372e-02
0.89019	3.62276e-02
0.88730	3.22688e-02
0.89186	2.80237e-02
0.89224	2.77641e-02
0.89535	2.68196e-02
0.88787	4.59134e-02
0.88098	4.34478e-02
0.88999	4.72917e-02
0.89189	4.94970e-02
0.89843	5.69773e-02
0.89843	5.69773e-02
0.89843	5.69773e-02
0.89049	5.39012e-02
0.89766	5.11345e-02
0.90047	5.09844e-02
0.90552	5.66408e-02
0.91112	4.85727e-02
0.91279	5.10647e-02
0.91162	5.15295e-02
0.91711	4.83137e-02
0.90552	4.46712e-02
0.90448	4.42764e-02
0.90969	3.73968e-02
0.89346	1.95820e-02
0.89346	1.95820e-02
0.88700	2.48931e-02
0.88725	2.46256e-02
0.88725	2.46256e-02
0.91232	2.76906e-02
0.91463	2.46684e-02
0.92206	3.93651e-02
0.92206	3.93651e-02
0.92764	3.30400e-02
0.92406	3.66908e-02
0.90975	4.57107e-02
0.91475	5.14870e-02
0.89351	4.16010e-02
0.89351	4.16010e-02
0.89351	4.16010e-02
0.89351	4.16010e-02
0.89351	4.16010e-02
0.89351	4.16010e-02
0.89351	4.16010e-02
0.89351	4.16010e-02
0.91379	4.61787e-02
0.91379	4.61787e-02
0.90117	4.10974e-02
0.91420	2.56368e-02
0.91420	2.56368e-02
0.91420	2.56368e-02
0.91420	2.56368e-02
0.91794	2.20569e-02
0.91794	2.20569e-02
0.92587	1.75970e-02
0.91480	2.50185e-02
0.91480	2.50185e-02
0.91480	2.50185e-02
0.92854	3.32890e-02
0.93486	2.63468e-02
0.93494	2.63164e-02
0.94652	2.72923e-02
0.94681	2.74438e-02
0.94698	2.75342e-02
0.94776	2.82213e-02
0.93494	2.65475e-02
0.94154	1.99468e-02
0.95152	2.99248e-02
0.92288	0.00000e+00
0.92288	0.00000e+00
0.92288	0.00000e+00
0.92133	0.00000e+00
0.92133	0.00000e+00
0.93323	0.00000e+00
0.93323	0.00000e+00
0.92737	0.00000e+00
0.92737	0.00000e+00
0.92737	0.00000e+00
0.92737	0.00000e+00
0.92737	0.00000e+00
0.96157	0.00000e+00
0.96157	0.00000e+00
0.96157	0.00000e+00
0.96157	0.00000e+00
0.94740	0.00000e+00
0.94740	0.00000e+00
0.95373	0.00000e+00
0.95373	0.00000e+00
0.97276	0.00000e+00
