0.99201	1.29181e-03
0.98251	9.31619e-03
0.96611	1.58144e-02
0.96570	1.56610e-02
0.95491	1.79468e-02
0.93072	4.15464e-02
0.94678	2.80949e-02
0.93916	3.41578e-02
0.91629	5.25109e-02
0.90276	6.21277e-02
0.87324	7.73956e-02
0.87022	6.84992e-02
0.83752	8.91918e-02
0.80692	1.19170e-01
0.82457	1.11258e-01
0.83580	1.03625e-01
0.80788	1.30595e-01
0.79945	1.27900e-01
0.80100	1.31173e-01
0.80238	1.03994e-01
0.79954	9.77358e-02
0.81899	1.14764e-01
0.82872	8.73801e-02
0.84462	6.17582e-02
0.83391	6.93755e-02
0.83354	7.06965e-02
0.82147	6.30934e-02
0.84048	5.60385e-02
0.84360	7.46041e-02
0.82164	8.17363e-02
0.81846	7.82458e-02
0.83129	7.71852e-02
0.80768	7.21286e-02
0.80055	4.92660e-02
0.83001	5.89647e-02
0.80012	4.33154e-02
0.83159	4.79656e-02
0.81073	4.69049e-02
0.78985	6.32236e-02
0.80396	4.82211e-02
0.82505	3.46149e-02
0.79804	1.69421e-02
0.79900	4.05133e-02
0.81131	4.29669e-02
0.78915	3.29386e-02
0.78555	2.85405e-02
0.78898	3.44809e-02
0.79052	3.71588e-02
0.77646	2.46376e-02
0.76286	3.94257e-02
0.75422	4.33593e-02
0.77470	4.24241e-02
0.75911	4.75279e-02
0.74186	4.72215e-02
0.74879	4.08607e-02
0.74962	5.26737e-02
0.73389	5.11426e-02
0.72929	4.64813e-02
0.74985	5.62715e-02
0.72191	5.41307e-02
0.71812	4.67547e-02
0.71257	5.15434e-02
0.73212	5.66454e-02
0.70122	4.68290e-02
0.71224	5.04722e-02
0.70684	5.15223e-02
0.70303	2.86345e-02
0.70085	6.20822e-02
0.67512	6.37105e-02
0.67899	5.68056e-02
0.67508	5.15289e-02
0.69394	5.04923e-02
0.66097	3.64642e-02
0.64191	5.12657e-02
0.67089	4.92944e-02
0.63674	4.68485e-02
0.62782	6.22483e-02
0.65002	5.46143e-02
0.63205	4.22864e-02
0.64695	4.24398e-02
0.62300	5.15115e-02
0.61209	4.42342e-02
0.62854	4.81138e-02
0.61999	5.16387e-02
0.60286	3.63428e-02
0.60433	4.71374e-02
0.59217	7.00461e-02
0.56524	4.81882e-02
0.58349	5.78343e-02
0.57438	6.24677e-02
0.57132	5.17788e-02
0.57911	4.76136e-02
0.54502	4.47247e-02
0.55556	4.74604e-02
0.56301	3.74788e-02
0.54647	4.88425e-02
0.56390	7.26288e-02
0.52159	6.11795e-02
0.52899	3.93395e-02
0.54664	5.40229e-02
0.54442	5.78110e-02
0.54442	5.78110e-02
0.54756	5.89106e-02
0.55275	5.55976e-02
0.56432	4.71862e-02
0.56303	4.76842e-02
0.57283	4.77760e-02
0.55223	3.55557e-02
0.56553	3.94206e-02
0.57821	3.70688e-02
0.59479	3.58417e-02
0.59369	3.76674e-02
0.60671	3.40628e-02
0.60526	3.66489e-02
0.59144	3.86392e-02
0.59722	3.37867e-02
0.60143	3.42466e-02
0.60796	3.93531e-02
0.61411	3.16610e-02
0.60468	2.54478e-02
0.60837	2.77917e-02
0.60197	3.34625e-02
0.61318	2.79810e-02
0.61318	2.79810e-02
0.61610	3.05949e-02
0.61247	3.04122e-02
0.62245	3.44535e-02
0.62902	3.39190e-02
0.63361	3.75063e-02
0.63039	4.15159e-02
0.63089	4.29075e-02
0.62941	4.27005e-02
0.62759	4.47652e-02
0.61484	4.19594e-02
0.62169	4.41219e-02
0.64277	4.30665e-02
0.64375	4.58070e-02
0.64375	4.58070e-02
0.64310	4.78620e-02
0.63812	3.80915e-02
0.65773	5.41666e-02
0.65773	5.41666e-02
0.66358	5.12763e-02
0.66534	4.69543e-02
0.66415	4.81162e-02
0.65665	4.24022e-02
0.66128	4.14102e-02
0.65363	3.73589e-02
0.65564	4.62930e-02
0.67507	5.41331e-02
0.67455	4.84981e-02
0.67455	4.84981e-02
0.67617	4.52926e-02
0.66512	4.51295e-02
0.66512	4.51295e-02
0.69783	3.17989e-02
0.69658	3.80777e-02
0.71300	3.40269e-02
0.70073	3.24926e-02
0.69602	3.17360e-02
0.69382	3.15483e-02
0.69975	3.48158e-02
0.68576	3.79192e-02
0.69356	4.70828e-02
0.70352	4.63272e-02
0.70395	4.74171e-02
0.69783	5.05923e-02
0.69665	4.99860e-02
0.69418	4.87619e-02
0.69720	5.11706e-02
0.70793	4.05603e-02
0.72001	4.18412e-02
0.72183	4.17306e-02
0.72729	3.81891e-02
0.72716	3.58053e-02
0.72502	3.34087e-02
0.71879	3.74859e-02
0.73462	2.96500e-02
0.73843	3.29432e-02
0.74441	2.11249e-02
0.73306	5.12088e-02
0.73284	5.42451e-02
0.72255	5.65609e-02
0.72260	3.75237e-02
0.72471	3.33537e-02
0.72022	2.79448e-02
0.72192	3.24210e-02
0.71463	2.15607e-02
0.71822	1.80107e-02
0.72606	2.91468e-02
0.73241	4.50520e-02
0.73637	4.66981e-02
0.76748	5.02515e-02
0.75583	5.22594e-02
0.76121	5.10430e-02
0.77106	4.45975e-02
0.76556	4.49651e-02
0.76556	4.49651e-02
0.76362	3.80549e-02
0.75997	3.36675e-02
0.77045	2.89451e-02
0.76086	2.93190e-02
0.75913	3.03053e-02
0.75698	2.96796e-02
0.76777	2.43039e-02
0.76777	2.43039e-02
0.75955	3.56781e-02
0.75996	2.27820e-02
0.75996	2.27820e-02
0.76982	2.68391e-02
0.77012	2.69705e-02
0.76467	2.52912e-02
0.76427	2.50280e-02
0.76391	3.42828e-02
0.77692	3.39842e-02
0.77419	3.48357e-02
0.76795	3.13827e-02
0.77136	3.30572e-02
0.76965	3.12864e-02
0.77911	3.41091e-02
0.77911	3.41091e-02
0.77064	3.66082e-02
0.76478	3.42282e-02
0.77170	4.22907e-02
0.76532	3.46525e-02
0.79420	3.42999e-02
0.79846	3.58318e-02
0.81024	3.66400e-02
0.80434	3.38455e-02
0.81208	3.67509e-02
0.79691	4.11746e-02
0.79445	4.18313e-02
0.79445	4.18313e-02
0.80055	3.36894e-02
0.80055	3.36894e-02
0.80652	3.47810e-02
0.81209	2.97048e-02
0.80814	2.79683e-02
0.80280	2.80698e-02
0.80973	3.17312e-02
0.80102	3.01780e-02
0.80132	3.01369e-02
0.80902	3.25158e-02
0.80602	2.95656e-02
0.82021	2.23582e-02
0.81388	3.08044e-02
0.81597	2.41116e-02
0.81580	2.53371e-02
0.81307	2.48537e-02
0.81339	1.95204e-02
0.82010	2.97573e-02
0.82200	1.69161e-02
0.82701	1.32852e-02
0.82969	1.79267e-02
0.82893	1.51062e-02
0.83540	1.87464e-02
0.83909	2.44807e-02
0.83556	1.88176e-02
0.83675	1.87228e-02
0.83661	1.90109e-02
0.83661	1.90109e-02
0.83740	1.81207e-02
0.83802	1.95520e-02
0.83047	2.91702e-02
0.83341	3.59348e-02
0.83331	3.90529e-02
0.84040	3.12658e-02
0.83959	3.04558e-02
0.83998	3.20186e-02
0.83998	3.20186e-02
0.82718	2.50866e-02
0.82617	2.59717e-02
0.82622	3.12188e-02
0.82622	3.12188e-02
0.82622	3.12188e-02
0.83407	3.26308e-02
0.83390	3.28690e-02
0.83168	3.33436e-02
0.83644	3.04992e-02
0.83432	2.71869e-02
0.83432	2.71869e-02
0.83432	2.71869e-02
0.84114	2.68462e-02
0.84633	2.57157e-02
0.84304	3.02156e-02
0.83542	3.74706e-02
0.83916	3.54486e-02
0.84934	2.86988e-02
0.84411	2.62004e-02
0.84557	2.40489e-02
0.85083	3.26681e-02
0.84581	3.36784e-02
0.85331	2.71584e-02
0.85618	2.47952e-02
0.85015	2.91476e-02
0.85931	3.77086e-02
0.85931	3.77086e-02
0.86927	3.79148e-02
0.86773	3.93001e-02
0.85588	4.32697e-02
0.86057	4.45387e-02
0.85686	4.21436e-02
0.86906	3.99545e-02
0.87466	3.39114e-02
0.88080	2.96234e-02
0.88504	2.98406e-02
0.88182	2.40070e-02
0.87516	3.07792e-02
0.87101	2.72806e-02
0.86849	2.78442e-02
0.87276	3.45334e-02
0.88263	2.93103e-02
0.87917	3.40170e-02
0.88299	3.34945e-02
0.87555	2.99515e-02
0.88038	3.97270e-02
0.87797	4.02004e-02
0.88290	4.33865e-02
0.87836	4.37407e-02
0.88364	4.74473e-02
0.88958	4.69641e-02
0.89323	3.97031e-02
0.88818	1.56426e-02
0.89503	2.00072e-02
0.89382	2.41417e-02
0.89363	2.38645e-02
0.89363	2.38645e-02
0.89460	2.48720e-02
0.89459	2.48757e-02
0.88934	2.74179e-02
0.88934	2.74179e-02
0.90100	2.69602e-02
0.90126	2.70728e-02
0.89853	2.69219e-02
0.90278	2.15660e-02
0.90812	2.34515e-02
0.90938	2.30038e-02
0.91416	2.05276e-02
0.91416	2.05276e-02
0.91537	2.06444e-02
0.91260	2.26285e-02
0.91049	2.25458e-02
0.90989	2.31637e-02
0.90989	2.31637e-02
0.90989	2.31637e-02
0.91025	3.51099e-02
0.91822	3.12210e-02
0.91822	3.12210e-02
0.90962	2.29272e-02
0.90706	2.34172e-02
0.91132	2.65985e-02
0.91229	2.75387e-02
0.91437	2.76674e-02
0.91660	2.77866e-02
0.92048	3.21702e-02
0.92076	3.48192e-02
0.92933	3.80732e-02
0.92689	3.23556e-02
0.92482	3.16758e-02
0.92778	2.23068e-02
0.93114	2.42115e-02
0.93300	2.36627e-02
0.93124	2.35445e-02
0.93017	2.25541e-02
0.93017	2.25541e-02
0.93441	2.45866e-02
0.93485	2.50501e-02
0.93485	2.50501e-02
0.93585	2.99936e-02
0.94342	2.37831e-02
0.94763	2.57516e-02
0.93631	2.98455e-02
0.93631	2.98455e-02
0.93474	3.13333e-02
0.93658	3.29050e-02
0.93658	3.29050e-02
0.93764	3.30654e-02
0.94152	3.59897e-02
0.93510	3.79616e-02
0.94075	4.27598e-02
0.94075	4.27598e-02
0.94631	4.01335e-02
0.94712	4.07708e-02
0.94764	4.10323e-02
0.95106	3.53802e-02
0.95729	3.24089e-02
0.95141	3.13610e-02
0.95142	3.13800e-02
0.94377	2.69277e-02
0.94251	2.74291e-02
0.94850	2.71160e-02
0.94618	2.66068e-02
0.94355	3.14365e-02
0.94961	3.48600e-02
0.94549	3.52053e-02
0.95485	2.13929e-02
0.95485	2.13929e-02
0.95485	2.13929e-02
0.94984	1.53678e-02
0.95383	2.18624e-02
0.94978	2.39060e-02
0.94978	2.39060e-02
0.95282	2.26805e-02
0.95282	2.26784e-02
0.94299	1.26462e-02
0.94299	1.26462e-02
0.94376	1.31059e-02
0.94386	1.32323e-02
0.94386	1.32323e-02
0.94780	1.06532e-02
0.94780	1.06532e-02
0.94793	1.04579e-02
0.95530	1.84820e-02
0.93777	4.54898e-02
0.94054	4.09096e-02
0.95391	2.02898e-02
0.96130	2.44929e-02
0.96130	2.44929e-02
0.96130	2.44929e-02
0.96762	2.70495e-02
0.96750	2.24130e-02
0.96582	2.18056e-02
0.95730	1.85424e-02
0.95557	2.09927e-02
0.97481	1.18424e-02
0.95499	1.45761e-02
0.95499	1.45761e-02
0.95499	1.45761e-02
0.95499	1.45761e-02
0.95499	1.45761e-02
0.95489	1.46721e-02
0.95489	1.46721e-02
0.95489	1.46721e-02
0.95489	1.46721e-02
0.95489	1.46721e-02
0.96488	2.46588e-02
0.94022	0.00000e+00
0.94022	0.00000e+00
0.94022	0.00000e+00
0.95359	0.00000e+00
0.95359	0.00000e+00
0.95359	0.00000e+00
0.95359	0.00000e+00
0.95359	0.00000e+00
0.95359	0.00000e+00
0.95359	0.00000e+00
0.95359	0.00000e+00
0.95359	0.00000e+00
0.95359	0.00000e+00
0.95359	0.00000e+00
0.95359	0.00000e+00
0.95359	0.00000e+00
0.95359	0.00000e+00
0.95359	0.00000e+00
0.93454	0.00000e+00
0.93454	0.00000e+00
0.93454	0.00000e+00
0.93454	0.00000e+00
0.93863	0.00000e+00
0.93863	0.00000e+00
0.93863	0.00000e+00
0.93863	0.00000e+00
0.93749	0.00000e+00
0.93749	0.00000e+00
0.98896	0.00000e+00
0.98896	0.00000e+00
0.98896	0.00000e+00
0.98896	0.00000e+00
0.98896	0.00000e+00
0.98896	0.00000e+00
0.98896	0.00000e+00
0.98896	0.00000e+00
0.98896	0.00000e+00
0.98896	0.00000e+00
0.98896	0.00000e+00
0.98896	0.00000e+00
0.98896	0.00000e+00
0.99133	0.00000e+00
0.99133	0.00000e+00
0.99133	0.00000e+00
0.99133	0.00000e+00
0.99132	0.00000e+00
