0.3140
0.3151
0.3162
0.3172
0.3183
0.3192
0.3201
0.3210
0.3218
0.3226
0.3233
0.3240
0.3246
0.3252
0.3257
0.3262
0.3266
0.3270
0.3274
0.3277
0.3280
0.3282
0.3284
0.3286
0.3287
0.3289
0.3290
0.3291
0.3292
0.3293
0.3293
0.3294
0.3294
0.3294
0.3294
0.3293
0.3293
0.3292
0.3290
0.3288
0.3286
0.3284
0.3281
0.3277
0.3274
0.3269
0.3265
0.3260
0.3255
0.3250
0.3245
0.3239
0.3233
0.3228
0.3222
0.3215
0.3209
0.3203
0.3197
0.3190
0.3184
0.3177
0.3170
0.3163
0.3156
0.3148
0.3140
0.3132
0.3123
0.3115
0.3105
0.3096
0.3086
0.3075
0.3065
0.3053
0.3042
0.3030
0.3017
0.3004
0.2991
0.2977
0.2963
0.2948
0.2933
0.2918
0.2902
0.2886
0.2870
0.2853
0.2836
0.2820
0.2803
0.2786
0.2769
0.2753
0.2737
0.2721
0.2705
0.2690
0.2675
0.2661
0.2647
0.2633
0.2619
0.2606
0.2593
0.2580
0.2568
0.2556
0.2544
0.2533
0.2522
0.2512
0.2502
0.2493
0.2484
0.2477
0.2470
0.2463
0.2458
0.2453
0.2450
0.2447
0.2445
0.2444
0.2443
0.2444
0.2445
0.2447
0.2450
0.2453
0.2457
0.2461
0.2466
0.2471
0.2477
0.2484
0.2491
0.2499
0.2508
0.2519
0.2532
0.2547
0.2565
0.2584
0.2605
0.2627
0.2649
0.2672
0.2695
0.2718
0.2740
0.2763
0.2786
0.2809
0.2831
0.2853
0.2875
0.2897
0.2919
0.2940
0.2961
0.2981
0.3002
0.3022
0.3041
0.3061
0.3080
0.3098
0.3116
0.3134
0.3151
0.3168
0.3185
0.3201
0.3216
0.3232
0.3246
0.3261
0.3275
0.3288
0.3301
0.3314
0.3326
0.3338
0.3349
0.3360
0.3371
0.3382
0.3392
0.3403
0.3417
0.3433
0.3449
0.3465
0.3480
0.3495
0.3509
0.3522
0.3535
0.3547
0.3559
0.3569
0.3579
0.3588
0.3595
0.3602
0.3608
0.3614
0.3618
0.3621
0.3623
0.3625
0.3625
0.3625
0.3623
0.3621
0.3618
0.3614
0.3609
0.3603
0.3597
0.3589
0.3581
0.3572
0.3562
0.3552
0.3541
0.3529
0.3517
0.3504
0.3490
0.3476
0.3461
0.3446
0.3431
0.3415
0.3399
0.3384
0.3368
0.3352
0.3337
0.3323
0.3309
0.3297
0.3285
0.3275
0.3267
0.3260
0.3254
0.3249
0.3244
0.3241
0.3238
0.3236
0.3235
0.3234
0.3233
0.3233
0.3234
0.3235
0.3236
0.3237
0.3239
0.3241
0.3243
0.3245
0.3247
0.3249
0.3252
0.3254
0.3256
0.3258
0.3260
0.3262
0.3264
0.3265
0.3267
0.3268
0.3269
0.3270
0.3271
0.3271
0.3272
0.3272
0.3272
0.3272
0.3271
0.3271
0.3271
0.3271
0.3271
0.3272
0.3273
0.3276
0.3279
0.3284
0.3291
0.3305
0.3324
0.3346
0.3370
0.3395
0.3419
0.3444
0.3468
0.3493
0.3517
0.3542
0.3566
0.3590
0.3614
0.3637
0.3660
0.3684
0.3706
0.3729
0.3751
0.3773
0.3795
0.3816
0.3837
0.3858
0.3878
0.3898
0.3917
0.3936
0.3954
0.3971
0.3988
0.4004
0.4020
0.4035
0.4049
0.4062
0.4075
0.4086
0.4097
0.4107
0.4116
0.4124
0.4131
0.4137
0.4142
0.4146
0.4149
0.4151
0.4153
0.4153
0.4152
0.4150
0.4147
0.4143
0.4138
0.4133
0.4126
0.4119
0.4110
0.4101
0.4092
0.4081
0.4070
0.4058
0.4046
0.4034
0.4021
0.4008
0.3995
0.3981
0.3968
0.3955
0.3942
0.3929
0.3917
0.3905
0.3893
0.3882
0.3871
0.3861
0.3850
0.3840
0.3830
0.3821
0.3811
0.3802
0.3793
0.3785
0.3776
0.3768
0.3761
0.3753
0.3747
0.3740
0.3734
0.3728
0.3723
0.3718
0.3712
0.3707
0.3702
0.3697
0.3691
0.3686
0.3680
0.3673
0.3667
0.3660
0.3652
0.3644
0.3635
0.3626
0.3617
0.3607
0.3596
0.3585
0.3574
0.3562
0.3550
0.3537
0.3523
0.3510
0.3496
0.3481
0.3467
0.3452
0.3436
0.3421
0.3405
0.3388
0.3372
0.3355
0.3338
0.3321
0.3304
0.3287
0.3269
0.3252
0.3235
0.3219
0.3210
0.3205
0.3203
0.3201
0.3201
0.3203
0.3207
0.3214
0.3224
0.3238
0.3256
0.3275
0.3296
0.3319
0.3342
0.3365
0.3389
0.3412
0.3435
0.3458
0.3481
0.3503
0.3525
0.3547
0.3567
0.3587
0.3607
0.3626
0.3644
0.3661
0.3678
0.3694
0.3710
0.3724
0.3738
0.3751
0.3763
0.3774
0.3785
0.3794
0.3803
0.3812
0.3819
0.3826
0.3832
0.3837
0.3842
0.3846
0.3850
0.3853
0.3855
0.3858
0.3860
0.3862
0.3864
0.3866
0.3868
0.3871
0.3873
0.3876
0.3879
0.3882
0.3885
0.3888
0.3891
0.3894
0.3898
0.3901
0.3904
0.3907
0.3910
0.3913
0.3916
0.3919
0.3922
0.3924
0.3927
0.3930
0.3933
0.3935
0.3938
0.3941
0.3943
0.3946
0.3948
0.3950
0.3953
0.3955
0.3957
0.3959
0.3961
0.3963
0.3965
0.3966
0.3968
0.3969
0.3970
0.3971
0.3972
0.3973
0.3974
0.3974
0.3975
0.3975
0.3975
0.3975
0.3975
0.3975
0.3974
0.3974
0.3973
0.3972
0.3971
0.3970
0.3968
0.3967
0.3965
0.3963
0.3961
0.3959
0.3956
0.3953
0.3950
0.3947
0.3944
0.3940
0.3936
0.3932
0.3928
0.3923
0.3919
0.3914
0.3909
0.3904
0.3898
0.3893
0.3887
0.3881
0.3875
0.3869
0.3863
0.3856
0.3850
0.3843
0.3837
0.3830
0.3823
0.3816
0.3809
0.3803
0.3796
0.3789
0.3782
0.3775
0.3768
0.3761
0.3754
0.3747
0.3740
0.3733
0.3726
0.3719
0.3712
0.3705
0.3699
0.3692
0.3686
0.3681
0.3675
0.3671
0.3668
0.3666
0.3666
0.3667
0.3670
0.3674
0.3679
0.3686
0.3692
0.3699
0.3706
0.3713
0.3720
0.3727
0.3734
0.3740
0.3747
0.3753
0.3758
0.3763
0.3768
0.3773
0.3777
0.3781
0.3785
0.3788
0.3791
0.3793
0.3795
0.3797
0.3799
0.3800
0.3801
0.3802
0.3802
0.3802
0.3802
0.3802
0.3801
0.3801
0.3800
0.3799
0.3797
0.3796
0.3794
0.3793
0.3791
0.3789
0.3787
0.3785
0.3783
0.3781
0.3779
0.3777
0.3776
0.3774
0.3772
0.3771
0.3769
0.3768
0.3767
0.3767
0.3766
0.3766
0.3766
0.3767
0.3768
0.3769
0.3770
0.3772
0.3774
0.3776
0.3779
0.3783
0.3786
0.3790
0.3795
0.3800
0.3805
0.3811
0.3817
0.3824
0.3831
0.3839
0.3847
0.3855
0.3864
0.3873
0.3883
0.3892
0.3903
0.3913
0.3924
0.3935
0.3946
0.3957
0.3968
0.3979
0.3991
0.4002
0.4013
0.4024
0.4035
0.4046
0.4057
0.4067
0.4078
0.4088
0.4097
0.4107
0.4116
0.4125
0.4133
0.4141
0.4149
0.4156
0.4163
0.4170
0.4176
0.4182
0.4187
0.4192
0.4196
0.4200
0.4203
0.4206
0.4208
0.4210
0.4211
0.4212
0.4211
0.4211
0.4209
0.4207
0.4205
0.4201
0.4197
0.4192
0.4187
0.4180
0.4173
0.4165
0.4156
0.4147
0.4136
0.4125
0.4113
0.4100
0.4086
0.4071
0.4056
0.4039
0.4022
0.4004
0.3985
0.3966
0.3945
0.3925
0.3904
0.3883
0.3862
0.3841
0.3822
0.3804
0.3787
0.3771
0.3755
0.3740
0.3726
0.3712
0.3700
0.3688
0.3679
0.3672
0.3668
0.3667
0.3669
0.3673
0.3680
0.3688
0.3697
0.3706
0.3716
0.3727
0.3737
0.3747
0.3757
0.3767
0.3776
0.3785
0.3794
0.3802
0.3810
0.3817
0.3824
0.3831
0.3837
0.3842
0.3847
0.3852
0.3856
0.3860
0.3863
0.3866
0.3868
0.3870
0.3871
0.3872
0.3872
0.3872
0.3872
0.3871
0.3870
0.3868
0.3866
0.3863
0.3860
0.3856
0.3852
0.3847
0.3842
0.3837
0.3831
0.3824
0.3818
0.3811
0.3803
0.3795
0.3787
0.3779
0.3770
0.3762
0.3753
0.3745
0.3737
0.3729
0.3722
0.3716
0.3711
0.3707
0.3705
0.3704
0.3704
0.3705
0.3707
0.3710
0.3713
0.3717
0.3722
0.3727
0.3733
0.3739
0.3745
0.3752
0.3760
0.3767
0.3775
0.3782
0.3790
0.3798
0.3806
0.3814
0.3822
0.3829
0.3837
0.3844
0.3851
0.3857
0.3863
0.3869
0.3875
0.3880
0.3884
0.3888
0.3892
0.3895
0.3897
0.3899
0.3900
0.3901
0.3901
0.3901
0.3899
0.3898
0.3896
0.3893
0.3890
0.3886
0.3882
0.3877
0.3872
0.3867
0.3861
0.3855
0.3850
0.3844
0.3838
0.3833
0.3828
0.3823
0.3819
0.3816
0.3815
0.3814
0.3815
0.3818
0.3822
0.3827
0.3834
0.3843
0.3853
0.3864
0.3876
0.3888
0.3902
0.3916
0.3931
0.3946
0.3961
0.3977
0.3993
0.4009
0.4026
0.4043
0.4060
0.4077
0.4094
0.4112
0.4130
0.4148
0.4166
0.4185
0.4204
0.4223
0.4242
0.4262
0.4282
0.4303
0.4324
0.4345
0.4366
0.4388
0.4410
0.4432
0.4454
0.4477
0.4499
0.4522
0.4545
0.4569
0.4592
0.4615
0.4638
0.4661
0.4684
0.4706
0.4729
0.4751
0.4773
0.4794
0.4815
0.4836
0.4856
0.4875
0.4895
0.4913
0.4931
0.4949
0.4966
0.4982
0.4998
0.5013
0.5027
0.5041
0.5054
0.5066
0.5078
0.5089
0.5099
0.5109
0.5117
0.5125
0.5133
0.5139
0.5145
0.5150
0.5154
0.5157
0.5160
0.5161
