0.2917
0.2948
0.2980
0.3012
0.3044
0.3077
0.3111
0.3145
0.3179
0.3213
0.3247
0.3281
0.3316
0.3350
0.3384
0.3417
0.3451
0.3484
0.3517
0.3549
0.3581
0.3613
0.3644
0.3674
0.3705
0.3734
0.3764
0.3793
0.3822
0.3850
0.3879
0.3907
0.3935
0.3963
0.3991
0.4019
0.4046
0.4073
0.4100
0.4126
0.4151
0.4176
0.4201
0.4224
0.4247
0.4269
0.4290
0.4311
0.4331
0.4350
0.4368
0.4386
0.4403
0.4419
0.4434
0.4449
0.4463
0.4477
0.4490
0.4502
0.4514
0.4525
0.4536
0.4547
0.4557
0.4567
0.4577
0.4586
0.4596
0.4604
0.4613
0.4621
0.4629
0.4636
0.4643
0.4650
0.4656
0.4661
0.4667
0.4671
0.4676
0.4680
0.4683
0.4686
0.4689
0.4691
0.4694
0.4695
0.4697
0.4698
0.4699
0.4700
0.4701
0.4701
0.4702
0.4702
0.4702
0.4703
0.4703
0.4703
0.4703
0.4704
0.4704
0.4704
0.4704
0.4705
0.4705
0.4705
0.4705
0.4705
0.4705
0.4705
0.4705
0.4704
0.4704
0.4703
0.4702
0.4700
0.4698
0.4696
0.4693
0.4690
0.4687
0.4683
0.4678
0.4672
0.4666
0.4660
0.4652
0.4644
0.4635
0.4626
0.4616
0.4605
0.4593
0.4581
0.4570
0.4558
0.4548
0.4540
0.4533
0.4528
0.4524
0.4521
0.4517
0.4513
0.4508
0.4502
0.4496
0.4489
0.4481
0.4473
0.4464
0.4455
0.4446
0.4439
0.4434
0.4434
0.4440
0.4454
0.4475
0.4502
0.4534
0.4568
0.4605
0.4643
0.4681
0.4720
0.4758
0.4797
0.4835
0.4872
0.4909
0.4945
0.4980
0.5015
0.5049
0.5082
0.5115
0.5146
0.5176
0.5206
0.5235
0.5262
0.5289
0.5314
0.5339
0.5363
0.5385
0.5406
0.5427
0.5446
0.5464
0.5481
0.5497
0.5512
0.5526
0.5539
0.5551
0.5562
0.5573
0.5582
0.5592
0.5600
0.5609
0.5617
0.5626
0.5634
0.5643
0.5652
0.5660
0.5668
0.5675
0.5683
0.5689
0.5695
0.5700
0.5704
0.5707
0.5709
0.5711
0.5712
0.5712
0.5710
0.5709
0.5706
0.5702
0.5697
0.5692
0.5685
0.5678
0.5669
0.5660
0.5650
0.5639
0.5627
0.5614
0.5600
0.5586
0.5570
0.5554
0.5537
0.5519
0.5500
0.5481
0.5461
0.5440
0.5418
0.5396
0.5373
0.5349
0.5325
0.5300
0.5275
0.5249
0.5222
0.5195
0.5168
0.5140
0.5111
0.5082
0.5053
0.5023
0.4993
0.4962
0.4931
0.4900
0.4868
0.4836
0.4803
0.4770
0.4737
0.4703
0.4668
0.4633
0.4598
0.4562
0.4526
0.4489
0.4452
0.4415
0.4377
0.4338
0.4299
0.4260
0.4221
0.4180
0.4140
0.4099
0.4058
0.4017
0.3976
0.3934
0.3892
0.3850
0.3808
0.3767
0.3725
0.3684
0.3644
0.3604
0.3565
0.3528
0.3492
0.3459
0.3428
0.3400
0.3375
0.3354
0.3336
0.3321
0.3309
0.3300
0.3293
0.3289
0.3289
0.3295
0.3305
0.3317
0.3332
0.3348
0.3364
0.3382
0.3400
0.3420
0.3439
0.3459
0.3480
0.3501
0.3523
0.3545
0.3567
0.3589
0.3611
0.3633
0.3656
0.3678
0.3700
0.3722
0.3744
0.3765
0.3786
0.3807
0.3827
0.3846
0.3866
0.3884
0.3902
0.3920
0.3936
0.3952
0.3968
0.3982
0.3996
0.4010
0.4022
0.4034
0.4045
0.4055
0.4065
0.4074
0.4082
0.4089
0.4096
0.4103
0.4109
0.4115
0.4120
0.4126
0.4131
0.4137
0.4144
0.4151
0.4159
0.4168
0.4178
0.4189
0.4202
0.4215
0.4229
0.4243
0.4259
0.4275
0.4291
0.4308
0.4326
0.4343
0.4361
0.4379
0.4397
0.4415
0.4433
0.4452
0.4470
0.4487
0.4505
0.4523
0.4540
0.4557
0.4573
0.4589
0.4605
0.4620
0.4635
0.4649
0.4662
0.4675
0.4687
0.4699
0.4709
0.4719
0.4728
0.4736
0.4744
0.4750
0.4755
0.4760
0.4763
0.4766
0.4767
0.4768
0.4767
0.4766
0.4763
0.4760
0.4756
0.4752
0.4746
0.4741
0.4736
0.4731
0.4726
0.4723
0.4721
0.4721
0.4723
0.4726
0.4731
0.4736
0.4742
0.4749
0.4756
0.4763
0.4770
0.4777
0.4783
0.4788
0.4794
0.4798
0.4802
0.4806
0.4809
0.4811
0.4812
0.4813
0.4813
0.4813
0.4811
0.4809
0.4807
0.4803
0.4799
0.4794
0.4789
0.4783
0.4776
0.4769
0.4761
0.4752
0.4743
0.4733
0.4723
0.4713
0.4702
0.4691
0.4679
0.4668
0.4656
0.4644
0.4632
0.4620
0.4608
0.4596
0.4584
0.4573
0.4562
0.4551
0.4541
0.4531
0.4522
0.4514
0.4506
0.4499
0.4493
0.4488
0.4484
0.4481
0.4479
0.4478
0.4478
0.4479
0.4482
0.4486
0.4491
0.4497
0.4504
0.4512
0.4521
0.4531
0.4542
0.4554
0.4566
0.4579
0.4593
0.4607
0.4621
0.4635
0.4650
0.4665
0.4679
0.4694
0.4709
0.4723
0.4737
0.4751
0.4765
0.4778
0.4792
0.4806
0.4820
0.4837
0.4856
0.4876
0.4896
0.4917
0.4936
0.4955
0.4973
0.4989
0.5005
0.5019
0.5032
0.5044
0.5055
0.5064
0.5072
0.5078
0.5083
0.5087
0.5090
0.5091
0.5091
0.5090
0.5087
0.5083
0.5078
0.5071
0.5063
0.5054
0.5044
0.5033
0.5021
0.5007
0.4993
0.4977
0.4961
0.4943
0.4925
0.4906
0.4886
0.4866
0.4844
0.4823
0.4801
0.4779
0.4759
0.4741
0.4729
0.4727
0.4732
0.4742
0.4753
0.4766
0.4779
0.4793
0.4807
0.4821
0.4835
0.4850
0.4865
0.4879
0.4894
0.4909
0.4924
0.4938
0.4953
0.4967
0.4981
0.4995
0.5009
0.5022
0.5035
0.5048
0.5060
0.5072
0.5083
0.5094
0.5105
0.5115
0.5124
0.5133
0.5141
0.5149
0.5156
0.5162
0.5167
0.5172
0.5176
0.5180
0.5182
0.5184
0.5185
0.5185
0.5184
0.5182
0.5180
0.5177
0.5172
0.5167
0.5161
0.5154
0.5147
0.5138
0.5129
0.5119
0.5109
0.5097
0.5086
0.5073
0.5060
0.5047
0.5034
0.5020
0.5006
0.4992
0.4978
0.4964
0.4951
0.4937
0.4924
0.4910
0.4898
0.4885
0.4873
0.4862
0.4852
0.4842
0.4833
0.4825
0.4819
0.4813
0.4808
0.4804
0.4801
0.4798
0.4796
0.4793
0.4791
0.4788
0.4786
0.4782
0.4779
0.4775
0.4771
0.4766
0.4761
0.4755
0.4748
0.4741
0.4733
0.4725
0.4716
0.4706
0.4696
0.4685
0.4673
0.4661
0.4648
0.4634
0.4620
0.4605
0.4589
0.4572
0.4555
0.4537
0.4519
0.4500
0.4480
0.4459
0.4438
0.4416
0.4394
0.4372
0.4349
0.4326
0.4303
0.4281
0.4259
0.4238
0.4218
0.4200
0.4183
0.4167
0.4152
0.4138
0.4125
0.4111
0.4098
0.4085
0.4072
0.4058
0.4045
0.4031
0.4017
0.4003
0.3988
0.3973
0.3958
0.3943
0.3927
0.3911
0.3895
0.3878
0.3868
0.3885
0.3904
0.3923
0.3942
0.3960
0.3978
0.3996
0.4014
0.4032
0.4049
0.4066
0.4083
0.4100
0.4117
0.4133
0.4149
0.4166
0.4182
0.4198
0.4214
0.4230
0.4247
0.4263
0.4279
0.4295
0.4310
0.4326
0.4341
0.4356
0.4370
0.4384
0.4398
0.4411
0.4423
0.4435
0.4446
0.4457
0.4467
0.4477
0.4486
0.4495
0.4503
0.4511
0.4519
0.4526
0.4533
0.4540
0.4547
0.4554
0.4560
0.4567
0.4573
0.4579
0.4586
0.4592
0.4597
0.4603
0.4608
0.4613
0.4617
0.4621
0.4625
0.4628
0.4630
0.4632
0.4633
0.4634
0.4634
0.4634
0.4632
0.4630
0.4628
0.4624
0.4620
0.4615
0.4610
0.4603
0.4596
0.4588
0.4580
0.4570
0.4560
0.4550
0.4538
0.4526
0.4513
0.4499
0.4485
0.4470
0.4455
0.4439
0.4422
0.4405
0.4387
0.4369
0.4351
0.4332
0.4312
0.4293
0.4273
0.4253
0.4233
0.4213
0.4194
0.4174
0.4155
0.4136
0.4118
0.4100
0.4082
0.4066
0.4050
0.4035
0.4021
0.4007
0.3995
0.3983
0.3973
0.3964
0.3957
0.3951
0.3947
0.3945
0.3944
0.3945
0.3948
0.3953
0.3960
0.3967
0.3977
0.3987
0.3999
0.4011
0.4025
0.4040
0.4056
0.4075
0.4097
0.4122
0.4152
0.4186
0.4223
0.4262
0.4302
0.4342
0.4383
0.4423
0.4463
0.4502
0.4541
0.4578
0.4615
0.4650
0.4685
0.4718
0.4749
0.4780
0.4809
0.4836
0.4862
0.4886
0.4909
0.4930
0.4950
0.4968
0.4984
0.4998
0.5011
0.5022
0.5031
0.5038
0.5044
0.5048
0.5051
0.5051
0.5050
0.5048
0.5044
0.5038
0.5031
0.5022
0.5012
0.5000
0.4987
0.4973
0.4958
0.4942
0.4925
0.4908
0.4890
0.4873
0.4857
0.4842
0.4828
0.4816
0.4803
0.4791
0.4780
0.4770
0.4760
0.4751
0.4744
0.4738
0.4734
0.4731
0.4728
0.4727
0.4726
0.4726
0.4725
0.4725
0.4725
0.4726
0.4726
0.4726
0.4726
0.4726
0.4725
0.4725
0.4724
0.4724
0.4723
0.4722
0.4721
0.4719
0.4717
0.4715
0.4713
0.4710
0.4708
0.4704
0.4701
0.4697
0.4692
0.4688
0.4683
0.4677
0.4672
0.4665
0.4659
0.4652
0.4645
0.4637
0.4629
0.4620
0.4612
0.4602
0.4593
0.4583
0.4573
0.4562
0.4551
0.4540
0.4529
0.4517
0.4506
0.4494
0.4482
0.4471
0.4461
0.4454
0.4451
0.4453
0.4460
0.4471
0.4483
