0.2803
0.2949
0.3101
0.3260
0.3425
0.3598
0.3776
0.3961
0.4152
0.4349
0.4552
0.4759
0.4972
0.5188
0.5408
0.5630
0.5853
0.6076
0.6297
0.6516
0.6729
0.6937
0.7138
0.7330
0.7513
0.7687
0.7851
0.8005
0.8150
0.8287
0.8415
0.8535
0.8649
0.8756
0.8856
0.8951
0.9040
0.9124
0.9203
0.9277
0.9346
0.9410
0.9469
0.9523
0.9572
0.9616
0.9655
0.9689
0.9718
0.9743
0.9764
0.9782
0.9797
0.9809
0.9820
0.9828
0.9835
0.9841
0.9845
0.9849
0.9852
0.9855
0.9857
0.9859
0.9860
0.9862
0.9863
0.9863
0.9864
0.9865
0.9865
0.9866
0.9866
0.9866
0.9866
0.9867
0.9867
0.9867
0.9867
0.9867
0.9867
0.9867
0.9867
0.9867
0.9867
0.9867
0.9867
0.9868
0.9868
0.9868
0.9868
0.9868
0.9868
0.9868
0.9868
0.9868
0.9868
0.9868
0.9868
0.9868
0.9868
0.9868
0.9868
0.9868
0.9868
0.9868
0.9868
0.9868
0.9868
0.9868
0.9868
0.9868
0.9868
0.9868
0.9868
0.9868
0.9868
0.9868
0.9868
0.9868
0.9868
0.9868
0.9868
0.9868
0.9868
0.9868
0.9868
0.9868
0.9868
0.9868
0.9868
0.9868
0.9868
0.9868
0.9868
0.9868
0.9868
0.9868
0.9868
0.9868
0.9868
0.9868
0.9868
0.9868
0.9868
0.9868
0.9868
0.9868
0.9868
0.9868
0.9868
0.9868
0.9868
0.9868
0.9868
0.9868
0.9868
0.9868
0.9868
0.9868
0.9868
0.9868
0.9868
0.9868
0.9868
0.9868
0.9868
0.9868
0.9868
0.9868
0.9868
0.9868
0.9868
0.9868
0.9868
0.9868
0.9868
0.9868
0.9868
0.9868
0.9868
0.9868
0.9868
0.9868
0.9868
0.9868
0.9868
0.9868
0.9868
0.9868
0.9868
0.9868
0.9868
0.9868
0.9868
0.9868
0.9868
0.9868
0.9868
0.9868
0.9868
0.9868
0.9868
0.9868
0.9868
0.9868
0.9868
0.9868
0.9868
0.9868
0.9868
0.9868
0.9868
0.9868
0.9868
0.9868
0.9868
0.9868
0.9868
0.9868
0.9868
0.9868
0.9868
0.9868
0.9868
0.9868
0.9868
0.9868
0.9868
0.9868
0.9868
0.9868
0.9868
0.9868
0.9868
0.9868
0.9868
0.9868
0.9868
0.9868
0.9868
0.9868
0.9868
0.9868
0.9868
0.9868
0.9868
0.9868
0.9868
0.9868
0.9868
0.9868
0.9868
0.9868
0.9868
0.9868
0.9868
0.9868
0.9868
0.9868
0.9868
0.9868
0.9868
0.9868
0.9868
0.9868
0.9868
0.9868
0.9868
0.9868
0.9868
0.9868
0.9868
0.9868
0.9868
0.9868
0.9868
0.9868
0.9868
0.9868
0.9868
0.9868
0.9868
0.9868
0.9868
0.9868
0.9868
0.9868
0.9868
0.9868
0.9868
0.9868
0.9868
0.9868
0.9868
0.9868
0.9868
0.9868
0.9868
0.9868
0.9868
0.9868
0.9868
0.9868
0.9868
0.9868
0.9868
0.9868
0.9868
0.9868
0.9868
0.9868
0.9868
0.9868
0.9868
0.9868
0.9868
0.9868
0.9868
0.9868
0.9868
0.9868
0.9868
0.9868
0.9868
0.9868
0.9868
0.9868
0.9868
0.9868
0.9868
0.9868
0.9868
0.9868
0.9868
0.9868
0.9868
0.9868
0.9868
0.9868
0.9868
0.9868
0.9868
0.9868
0.9868
0.9868
0.9868
0.9868
0.9868
0.9868
0.9868
0.9868
0.9868
0.9868
0.9868
0.9868
0.9868
0.9868
0.9868
0.9868
0.9868
0.9868
0.9868
0.9868
0.9868
0.9868
0.9868
0.9868
0.9868
0.9868
0.9868
0.9868
0.9868
0.9868
0.9868
0.9868
0.9868
0.9868
0.9868
0.9868
0.9868
0.9868
0.9868
0.9868
0.9868
0.9868
0.9868
0.9868
0.9868
0.9868
0.9868
0.9868
0.9868
0.9868
0.9868
0.9868
0.9868
0.9868
0.9868
0.9868
0.9868
0.9868
0.9868
0.9868
0.9868
0.9868
0.9868
0.9868
0.9868
0.9868
0.9868
0.9868
0.9868
0.9868
0.9868
0.9868
0.9868
0.9868
0.9868
0.9868
0.9868
0.9868
0.9868
0.9868
0.9868
0.9868
0.9868
0.9868
0.9868
0.9868
0.9868
0.9868
0.9868
0.9868
0.9868
0.9868
0.9868
0.9868
0.9868
0.9868
0.9868
0.9868
0.9868
0.9868
0.9868
0.9868
0.9868
0.9868
0.9868
0.9868
0.9868
0.9868
0.9868
0.9868
0.9868
0.9868
0.9868
0.9868
0.9868
0.9868
0.9868
0.9868
0.9868
0.9868
0.9868
0.9868
0.9868
0.9868
0.9868
0.9868
0.9868
0.9868
0.9868
0.9868
0.9868
0.9868
0.9868
0.9868
0.9868
0.9868
0.9868
0.9868
0.9868
0.9868
0.9868
0.9868
0.9868
0.9868
0.9868
0.9868
0.9868
0.9868
0.9868
0.9868
0.9868
0.9868
0.9868
0.9868
0.9868
0.9868
0.9868
0.9868
0.9868
0.9868
0.9868
0.9868
0.9868
0.9868
0.9868
0.9868
0.9868
0.9868
0.9868
0.9868
0.9868
0.9868
0.9868
0.9868
0.9868
0.9868
0.9868
0.9868
0.9868
0.9868
0.9868
0.9868
0.9868
0.9868
0.9868
0.9868
0.9868
0.9868
0.9868
0.9868
0.9868
0.9868
0.9868
0.9868
0.9868
0.9868
0.9868
0.9868
0.9868
0.9868
0.9868
0.9868
0.9868
0.9868
0.9868
0.9868
0.9868
0.9868
0.9868
0.9868
0.9868
0.9868
0.9868
0.9868
0.9868
0.9868
0.9868
0.9868
0.9868
0.9868
0.9868
0.9868
0.9868
0.9868
0.9868
0.9868
0.9868
0.9868
0.9868
0.9868
0.9868
0.9868
0.9868
0.9868
0.9868
0.9868
0.9868
0.9868
0.9868
0.9868
0.9868
0.9868
0.9868
0.9868
0.9868
0.9868
0.9868
0.9868
0.9868
0.9868
0.9868
0.9868
0.9868
0.9868
0.9868
0.9868
0.9868
0.9868
0.9868
0.9868
0.9868
0.9868
0.9868
0.9868
0.9868
0.9868
0.9868
0.9868
0.9868
0.9868
0.9868
0.9868
0.9868
0.9868
0.9868
0.9868
0.9868
0.9868
0.9868
0.9868
0.9868
0.9868
0.9868
0.9868
0.9868
0.9868
0.9868
0.9868
0.9868
0.9868
0.9868
0.9868
0.9868
0.9868
0.9868
0.9868
0.9868
0.9868
0.9868
0.9868
0.9868
0.9868
0.9868
0.9868
0.9868
0.9868
0.9868
0.9868
0.9868
0.9868
0.9868
0.9868
0.9868
0.9868
0.9868
0.9868
0.9868
0.9868
0.9868
0.9868
0.9868
0.9868
0.9868
0.9868
0.9868
0.9868
0.9868
0.9868
0.9868
0.9868
0.9868
0.9868
0.9868
0.9868
0.9868
0.9868
0.9868
0.9868
0.9868
0.9868
0.9868
0.9868
0.9868
0.9868
0.9868
0.9868
0.9868
0.9868
0.9868
0.9868
0.9868
0.9868
0.9868
0.9868
0.9868
0.9868
0.9868
0.9868
0.9868
0.9868
0.9868
0.9868
0.9868
0.9868
0.9868
0.9868
0.9868
0.9868
0.9868
0.9868
0.9868
0.9868
0.9868
0.9868
0.9868
0.9868
0.9868
0.9868
0.9868
0.9868
0.9868
0.9868
0.9868
0.9868
0.9868
0.9868
0.9868
0.9868
0.9868
0.9868
0.9868
0.9868
0.9868
0.9868
0.9868
0.9868
0.9868
0.9868
0.9868
0.9868
0.9868
0.9868
0.9868
0.9868
0.9868
0.9868
0.9868
0.9868
0.9868
0.9868
0.9868
0.9868
0.9868
0.9868
0.9868
0.9868
0.9868
0.9868
0.9868
0.9868
0.9868
0.9868
0.9868
0.9868
0.9868
0.9868
0.9868
0.9868
0.9868
0.9868
0.9868
0.9868
0.9868
0.9868
0.9868
0.9868
0.9868
0.9868
0.9868
0.9868
0.9868
0.9868
0.9868
0.9868
0.9868
0.9868
0.9868
0.9868
0.9868
0.9868
0.9868
0.9868
0.9868
0.9868
0.9868
0.9868
0.9868
0.9868
0.9868
0.9868
0.9868
0.9868
0.9868
0.9868
0.9868
0.9868
0.9868
0.9868
0.9868
0.9868
0.9868
0.9868
0.9868
0.9868
0.9868
0.9868
0.9868
0.9868
0.9868
0.9868
0.9868
0.9868
0.9868
0.9868
0.9868
0.9868
0.9868
0.9868
0.9868
0.9868
0.9868
0.9868
0.9868
0.9868
0.9868
0.9868
0.9868
0.9868
0.9868
0.9868
0.9868
0.9868
0.9868
0.9868
0.9868
0.9868
0.9868
0.9868
0.9868
0.9868
0.9868
0.9868
0.9868
0.9868
0.9868
0.9868
0.9868
0.9868
0.9868
0.9868
0.9868
0.9868
0.9868
0.9868
0.9868
0.9868
0.9868
0.9868
0.9868
0.9868
0.9868
0.9868
0.9868
0.9868
0.9868
0.9868
0.9868
0.9868
0.9868
0.9868
0.9868
0.9868
0.9868
0.9868
0.9868
0.9868
0.9868
0.9868
0.9868
0.9868
0.9868
0.9868
0.9868
0.9868
0.9868
0.9868
0.9868
0.9868
0.9868
0.9868
0.9868
0.9868
0.9868
0.9868
0.9868
0.9868
0.9868
0.9868
0.9868
0.9868
0.9868
0.9868
0.9868
0.9868
0.9868
0.9868
0.9868
0.9868
0.9868
0.9868
0.9868
0.9868
0.9868
0.9868
0.9868
0.9868
0.9868
0.9868
0.9868
0.9868
0.9868
0.9868
0.9868
0.9868
0.9868
0.9868
0.9868
0.9868
0.9868
0.9868
0.9868
0.9868
0.9868
0.9868
0.9868
0.9868
0.9868
0.9868
0.9868
0.9868
0.9868
0.9868
0.9868
0.9868
0.9868
0.9868
0.9868
0.9868
0.9868
0.9868
0.9868
0.9868
0.9868
0.9868
0.9868
0.9868
0.9868
0.9868
0.9868
0.9868
0.9868
0.9868
0.9868
0.9868
0.9868
0.9868
0.9868
0.9868
0.9868
0.9868
0.9868
0.9868
0.9868
0.9868
0.9868
0.9868
0.9868
0.9868
0.9868
0.9868
0.9868
0.9868
0.9868
0.9868
0.9868
0.9868
