0.97072	4.49532e-03
0.95343	1.04677e-02
0.93580	2.16603e-02
0.90375	3.98881e-02
0.88514	3.45415e-02
0.87021	3.18004e-02
0.82325	3.05589e-02
0.81306	4.00386e-02
0.77047	6.24933e-02
0.73248	6.67907e-02
0.73102	1.00318e-01
0.71247	1.16309e-01
0.70239	1.26668e-01
0.70693	1.13514e-01
0.67017	1.27888e-01
0.67084	1.26446e-01
0.68095	1.05885e-01
0.70226	8.16926e-02
0.69623	8.32106e-02
0.70616	1.06748e-01
0.69568	1.11320e-01
0.69373	1.21653e-01
0.68969	1.33099e-01
0.69222	1.12974e-01
0.70864	1.01942e-01
0.66416	1.11410e-01
0.70365	1.05987e-01
0.69506	1.06190e-01
0.71696	6.05013e-02
0.72113	5.11136e-02
0.72193	6.47759e-02
0.72170	7.08156e-02
0.71182	6.81804e-02
0.73790	5.79445e-02
0.73910	4.99465e-02
0.73441	3.17414e-02
0.73369	4.27419e-02
0.73821	2.99062e-02
0.72415	4.51719e-02
0.70309	3.07952e-02
0.72695	3.50503e-02
0.69634	5.05997e-02
0.70862	3.36195e-02
0.72652	3.98764e-02
0.70004	4.01672e-02
0.69158	5.36254e-02
0.69981	5.58780e-02
0.67768	4.77893e-02
0.70185	3.85813e-02
0.70782	5.89165e-02
0.66933	3.90809e-02
0.69321	5.85445e-02
0.69523	5.39862e-02
0.65931	4.65901e-02
0.65492	8.06798e-02
0.66268	5.19954e-02
0.67127	4.77673e-02
0.68727	4.13482e-02
0.66974	6.10380e-02
0.63944	6.84401e-02
0.65430	6.26242e-02
0.65714	5.17347e-02
0.63381	6.24406e-02
0.63994	5.46604e-02
0.64214	5.24513e-02
0.64549	4.64842e-02
0.61126	4.34804e-02
0.63258	4.00469e-02
0.60755	3.95062e-02
0.62190	5.02638e-02
0.60667	4.99990e-02
0.59660	5.00034e-02
0.59851	4.11351e-02
0.61123	3.61187e-02
0.59498	6.06115e-02
0.55205	5.98003e-02
0.57058	7.21647e-02
0.56139	5.90474e-02
0.55828	6.95677e-02
0.52591	6.33025e-02
0.53486	3.15330e-02
0.54783	6.66817e-02
0.53812	5.37022e-02
0.51884	5.24650e-02
0.50329	6.68677e-02
0.50765	6.37307e-02
0.53728	5.09037e-02
0.50804	7.51907e-02
0.47357	9.72776e-02
0.46776	3.55936e-02
0.47480	7.34395e-02
0.46342	8.33722e-02
0.44045	3.55180e-02
0.46612	9.31136e-02
0.44470	5.64962e-02
0.44019	6.95185e-02
0.44660	5.94418e-02
0.44864	4.14134e-02
0.42302	4.41903e-02
0.45068	7.14105e-02
0.43526	6.87583e-02
0.43703	7.08161e-02
0.45691	6.40976e-02
0.46068	7.35546e-02
0.46497	5.96967e-02
0.47011	6.24997e-02
0.47116	6.16915e-02
0.45679	6.44242e-02
0.45679	6.44242e-02
0.46164	6.30865e-02
0.46545	7.45140e-02
0.47814	8.01543e-02
0.46953	7.25091e-02
0.45397	7.82325e-02
0.46142	7.58371e-02
0.46318	7.64570e-02
0.47653	7.30134e-02
0.48193	7.07839e-02
0.50267	6.79266e-02
0.49407	6.94550e-02
0.48818	6.64928e-02
0.49421	6.17627e-02
0.50014	6.19220e-02
0.51291	6.00765e-02
0.51291	6.00765e-02
0.50892	5.54379e-02
0.51998	5.55279e-02
0.50810	5.17975e-02
0.50929	6.27934e-02
0.50201	6.02385e-02
0.50466	5.87623e-02
0.50292	5.59398e-02
0.50292	5.59398e-02
0.49322	5.73846e-02
0.49019	5.86014e-02
0.50144	5.26416e-02
0.49177	5.69318e-02
0.49500	5.67791e-02
0.50217	7.41099e-02
0.51087	8.17484e-02
0.48773	8.05022e-02
0.49957	7.59428e-02
0.50194	7.63893e-02
0.52621	8.45739e-02
0.54388	6.69751e-02
0.51981	5.29442e-02
0.52764	6.22886e-02
0.52475	7.67192e-02
0.54664	5.61239e-02
0.54272	6.97406e-02
0.53923	7.02068e-02
0.54178	6.72737e-02
0.54178	6.72737e-02
0.54345	6.05009e-02
0.54584	6.02316e-02
0.55215	5.68825e-02
0.56910	4.81314e-02
0.56413	4.92315e-02
0.55920	4.69264e-02
0.55722	4.43657e-02
0.55518	4.96983e-02
0.55477	7.25903e-02
0.56680	7.36386e-02
0.57154	7.32762e-02
0.57950	7.27622e-02
0.58222	6.78795e-02
0.56561	8.76437e-02
0.54837	8.75032e-02
0.56291	7.27352e-02
0.56673	7.18545e-02
0.58033	5.40109e-02
0.58033	5.40109e-02
0.58671	6.00541e-02
0.59001	5.48596e-02
0.60581	6.47985e-02
0.59406	5.10849e-02
0.59063	5.12773e-02
0.58472	5.17892e-02
0.59431	6.44747e-02
0.59935	6.03613e-02
0.58833	5.93611e-02
0.59986	6.87946e-02
0.59460	6.41637e-02
0.59551	6.28405e-02
0.58647	7.24289e-02
0.61368	8.02337e-02
0.62728	7.33766e-02
0.63270	8.43659e-02
0.63000	7.92046e-02
0.61866	5.17722e-02
0.61924	6.19821e-02
0.61768	6.30301e-02
0.61842	6.29924e-02
0.62605	7.21859e-02
0.60636	5.89183e-02
0.64540	6.67662e-02
0.65564	5.89959e-02
0.66177	6.37533e-02
0.66254	5.89722e-02
0.66480	5.19136e-02
0.64477	5.43797e-02
0.65373	5.83616e-02
0.65177	5.48100e-02
0.64767	5.29238e-02
0.64966	5.42951e-02
0.65259	5.76907e-02
0.66854	5.80661e-02
0.67110	5.96860e-02
0.65800	7.26248e-02
0.66913	6.20338e-02
0.66913	6.20338e-02
0.65827	5.66040e-02
0.65618	5.28755e-02
0.66036	4.67185e-02
0.66131	3.75134e-02
0.65603	4.29034e-02
0.67861	4.22306e-02
0.68362	4.37538e-02
0.69165	3.22074e-02
0.69838	4.13363e-02
0.67813	4.98041e-02
0.66749	5.64005e-02
0.68025	6.52637e-02
0.68468	4.73337e-02
0.68560	5.42231e-02
0.68853	5.55393e-02
0.69539	6.47932e-02
0.69923	5.61235e-02
0.70111	5.82910e-02
0.70111	5.82910e-02
0.70835	5.86737e-02
0.70274	5.65246e-02
0.71370	6.67332e-02
0.71587	6.82911e-02
0.72536	5.98303e-02
0.71993	6.21456e-02
0.72936	4.59076e-02
0.72936	4.59076e-02
0.73493	4.80920e-02
0.73493	4.80920e-02
0.72387	5.96830e-02
0.71867	5.65453e-02
0.72888	5.64992e-02
0.73238	5.38997e-02
0.73981	5.50645e-02
0.73528	6.39004e-02
0.72896	6.81123e-02
0.73594	7.06935e-02
0.73727	7.12236e-02
0.74705	6.34985e-02
0.76175	6.37546e-02
0.76287	6.11727e-02
0.76656	5.87500e-02
0.75897	6.98492e-02
0.75897	6.98492e-02
0.75414	6.48978e-02
0.75700	6.34808e-02
0.74917	6.62079e-02
0.74449	6.59155e-02
0.74449	6.59155e-02
0.76426	5.13447e-02
0.76460	5.15790e-02
0.76054	5.76670e-02
0.75468	5.78663e-02
0.76134	6.15380e-02
0.76040	6.16478e-02
0.76720	5.87158e-02
0.75667	7.42751e-02
0.75411	7.46442e-02
0.75411	7.46442e-02
0.75233	6.69236e-02
0.75785	5.61394e-02
0.76563	5.44997e-02
0.78164	4.96941e-02
0.78195	4.97403e-02
0.79064	3.25438e-02
0.80000	3.87658e-02
0.80229	3.88257e-02
0.80223	3.63654e-02
0.80215	4.62056e-02
0.79886	4.27181e-02
0.79627	3.59400e-02
0.79143	3.08085e-02
0.79549	3.34349e-02
0.79428	3.94801e-02
0.80475	3.75160e-02
0.80476	3.13112e-02
0.80308	2.81992e-02
0.79408	4.38744e-02
0.79651	3.66840e-02
0.79669	3.53243e-02
0.80722	3.73112e-02
0.81082	4.48178e-02
0.81092	4.69317e-02
0.80711	4.22759e-02
0.80630	4.33082e-02
0.81144	4.91419e-02
0.81095	5.03745e-02
0.80564	5.73037e-02
0.81911	5.84388e-02
0.82642	5.12424e-02
0.82688	5.13446e-02
0.83560	4.68945e-02
0.84057	4.18287e-02
0.82971	3.82062e-02
0.83917	3.73188e-02
0.84051	4.18694e-02
0.84025	4.45383e-02
0.84071	5.45190e-02
0.85199	4.28527e-02
0.85111	4.04531e-02
0.85193	4.06212e-02
0.84829	4.29229e-02
0.85001	4.24392e-02
0.85505	3.92583e-02
0.85372	4.18168e-02
0.85494	4.35911e-02
0.85498	4.19163e-02
0.86059	4.07511e-02
0.86298	4.42364e-02
0.86511	4.33591e-02
0.86036	4.99230e-02
0.86176	5.16440e-02
0.86176	5.16440e-02
0.86441	5.36988e-02
0.86737	5.50861e-02
0.87103	5.06334e-02
0.87058	5.01181e-02
0.86939	4.96806e-02
0.87264	4.62128e-02
0.87380	4.41559e-02
0.87693	4.84551e-02
0.87701	4.51237e-02
0.88404	4.98772e-02
0.88252	5.21230e-02
0.88502	5.26461e-02
0.89117	4.76349e-02
0.89298	4.83255e-02
0.89699	4.25480e-02
0.89606	3.82422e-02
0.89323	4.00928e-02
0.89598	4.43356e-02
0.90206	3.76455e-02
0.90192	3.76736e-02
0.88978	3.42269e-02
0.90248	3.35067e-02
0.90139	4.30185e-02
0.90139	4.30185e-02
0.90856	3.72137e-02
0.91162	3.95180e-02
0.91301	4.01068e-02
0.90788	3.91815e-02
0.90511	3.79604e-02
0.91252	3.74233e-02
0.91098	3.96061e-02
0.91412	4.17391e-02
0.91710	3.60417e-02
0.92442	3.34496e-02
0.91957	3.35724e-02
0.91765	4.98195e-02
0.91711	5.12890e-02
0.92062	5.07181e-02
0.93194	3.07511e-02
0.92588	2.80523e-02
0.92335	2.91842e-02
0.92868	3.38935e-02
0.93196	2.30184e-02
0.93960	2.70389e-02
0.94442	2.40468e-02
0.93867	2.56424e-02
0.93176	2.41459e-02
0.93177	2.41394e-02
0.93177	2.41394e-02
0.93846	1.84106e-02
0.93591	2.18120e-02
0.93728	2.37279e-02
0.92598	1.54999e-02
0.92764	1.73268e-02
0.92764	1.73268e-02
0.93403	9.66304e-03
0.93403	9.66304e-03
0.93952	1.03053e-02
0.93952	1.03053e-02
0.94638	1.70265e-02
0.93670	9.46912e-03
0.93670	9.46912e-03
0.91420	1.30303e-02
0.91420	1.30303e-02
0.91420	1.30303e-02
0.91420	1.30303e-02
0.91420	1.30303e-02
0.92851	1.27243e-03
0.92851	1.27243e-03
0.92851	1.27243e-03
0.92851	1.27243e-03
0.92851	1.27243e-03
0.92851	1.27243e-03
0.94258	1.27970e-02
0.94258	1.27970e-02
0.95404	1.33140e-03
0.95404	1.33140e-03
0.95404	1.33140e-03
0.93968	1.56955e-02
0.97231	1.85593e-04
0.97231	1.85593e-04
0.97231	1.85593e-04
0.97231	1.85593e-04
0.97231	1.85593e-04
0.96245	1.00460e-02
0.96245	1.00460e-02
0.96245	1.00460e-02
0.97233	1.58910e-04
0.97249	0.00000e+00
0.97256	0.00000e+00
