0.99467	1.06101e-03
0.97908	8.55443e-03
0.97482	9.80641e-03
0.95919	2.11198e-02
0.94222	2.44833e-02
0.94150	3.21974e-02
0.91269	4.98475e-02
0.92156	4.41858e-02
0.91777	5.65978e-02
0.89495	6.26242e-02
0.89171	7.47129e-02
0.85030	1.02926e-01
0.83594	1.36918e-01
0.84060	5.90343e-02
0.83783	6.59994e-02
0.82009	6.90207e-02
0.79793	7.51042e-02
0.79275	8.95901e-02
0.81118	7.56118e-02
0.80907	9.25639e-02
0.80216	5.84756e-02
0.80809	5.85561e-02
0.79529	5.59895e-02
0.80865	6.22624e-02
0.78974	7.58890e-02
0.81702	5.77313e-02
0.80082	7.90474e-02
0.80114	6.28634e-02
0.78119	4.73248e-02
0.79278	5.65853e-02
0.75649	7.63845e-02
0.76722	6.02712e-02
0.79496	4.58330e-02
0.79521	3.51934e-02
0.79925	4.86341e-02
0.78944	3.71227e-02
0.81293	4.78950e-02
0.80000	4.51089e-02
0.78147	5.46006e-02
0.80505	5.05114e-02
0.81910	4.48615e-02
0.79502	5.44479e-02
0.77801	5.83423e-02
0.78760	4.20439e-02
0.79566	5.83316e-02
0.78211	7.75566e-02
0.78758	5.59888e-02
0.77505	7.31052e-02
0.78931	6.33873e-02
0.78511	5.74669e-02
0.77720	4.80497e-02
0.77737	6.19419e-02
0.78814	5.67497e-02
0.76789	5.12896e-02
0.76879	4.78198e-02
0.76566	4.54456e-02
0.76117	5.06041e-02
0.77062	5.21005e-02
0.74509	6.54738e-02
0.75286	4.89163e-02
0.76059	4.92610e-02
0.73954	7.26794e-02
0.75421	6.11381e-02
0.74963	3.62435e-02
0.75493	5.99998e-02
0.73906	4.58443e-02
0.73363	2.97614e-02
0.74098	4.96770e-02
0.73193	4.88192e-02
0.72036	5.48354e-02
0.69358	4.78883e-02
0.71951	5.40971e-02
0.67335	5.95030e-02
0.70578	4.88818e-02
0.67779	4.11911e-02
0.68375	6.62473e-02
0.66281	6.83971e-02
0.69025	4.78038e-02
0.64300	5.79047e-02
0.66661	5.35158e-02
0.63679	8.50383e-02
0.64608	9.00886e-02
0.63033	6.62434e-02
0.61848	9.23337e-02
0.63546	5.59145e-02
0.59315	7.12106e-02
0.61483	4.55034e-02
0.59384	5.95129e-02
0.59595	5.33942e-02
0.56761	5.02196e-02
0.58119	8.49322e-02
0.55200	6.35563e-02
0.58346	8.08645e-02
0.58136	6.72649e-02
0.54684	6.30043e-02
0.58431	5.67345e-02
0.52368	7.90495e-02
0.51665	9.60723e-02
0.55465	5.45505e-02
0.56174	5.53760e-02
0.56462	5.31300e-02
0.54707	8.17769e-02
0.54044	7.67469e-02
0.54773	8.31993e-02
0.56098	8.67418e-02
0.57032	8.80975e-02
0.59114	9.82969e-02
0.57852	9.79204e-02
0.56612	8.98206e-02
0.56187	8.61617e-02
0.58687	5.94219e-02
0.60648	7.64879e-02
0.59434	6.64004e-02
0.59693	6.20277e-02
0.59807	4.35036e-02
0.59846	4.16934e-02
0.61292	5.77824e-02
0.61292	5.77824e-02
0.63363	6.01782e-02
0.61489	6.13352e-02
0.61104	6.49922e-02
0.60942	6.46674e-02
0.60770	6.48507e-02
0.61582	6.78599e-02
0.63208	6.86804e-02
0.63749	6.65505e-02
0.62499	7.29846e-02
0.62210	7.31432e-02
0.63337	6.75073e-02
0.63337	6.75073e-02
0.63472	6.77812e-02
0.63561	6.91049e-02
0.63218	6.26253e-02
0.64724	5.02137e-02
0.64713	5.01925e-02
0.64709	5.02349e-02
0.65276	6.60058e-02
0.65276	6.60058e-02
0.66715	6.66742e-02
0.68580	4.52651e-02
0.67314	3.56592e-02
0.68117	4.73879e-02
0.68013	5.37161e-02
0.69542	4.90282e-02
0.68609	7.07372e-02
0.69566	4.99996e-02
0.69729	4.66377e-02
0.70571	3.73876e-02
0.68990	4.65664e-02
0.68816	4.55230e-02
0.69922	6.30517e-02
0.69922	6.30517e-02
0.69801	6.55436e-02
0.69645	4.63505e-02
0.69585	4.09319e-02
0.69809	3.00741e-02
0.70559	3.02870e-02
0.70874	3.33076e-02
0.72097	4.10715e-02
0.72033	4.37578e-02
0.70854	3.74133e-02
0.70556	4.01766e-02
0.70883	4.07682e-02
0.71366	2.93522e-02
0.71211	2.83558e-02
0.70557	3.02996e-02
0.71927	4.18066e-02
0.71697	3.99235e-02
0.71898	4.60826e-02
0.72277	4.88429e-02
0.71337	4.75226e-02
0.71644	4.96883e-02
0.71644	4.96883e-02
0.72102	3.52703e-02
0.71326	2.77564e-02
0.71851	3.74922e-02
0.72994	4.45266e-02
0.73806	5.48476e-02
0.73884	5.27887e-02
0.73309	5.71015e-02
0.72310	3.54953e-02
0.73990	4.23376e-02
0.73035	4.05585e-02
0.72560	4.26062e-02
0.72927	4.80724e-02
0.72927	4.80724e-02
0.73219	4.96801e-02
0.73398	4.01105e-02
0.74011	4.17008e-02
0.74021	4.16457e-02
0.73833	4.17209e-02
0.73718	4.21385e-02
0.73718	4.21385e-02
0.74633	4.37505e-02
0.73391	3.35929e-02
0.72946	2.74588e-02
0.74411	4.22156e-02
0.74738	4.36013e-02
0.75460	4.31108e-02
0.74898	3.52567e-02
0.74820	3.07374e-02
0.73855	2.84412e-02
0.72505	3.99506e-02
0.73691	4.96412e-02
0.75233	3.50491e-02
0.75624	4.08894e-02
0.76310	3.71278e-02
0.77049	4.14076e-02
0.77049	4.14076e-02
0.76583	4.61132e-02
0.76210	3.76225e-02
0.75110	2.95372e-02
0.76203	2.25703e-02
0.76508	2.27759e-02
0.75852	1.67235e-02
0.75599	1.76042e-02
0.75755	3.01160e-02
0.76168	3.04653e-02
0.76429	2.81960e-02
0.75384	3.90755e-02
0.75381	3.90761e-02
0.75868	3.84325e-02
0.76242	4.05782e-02
0.76447	5.05952e-02
0.77524	5.50581e-02
0.76795	4.84387e-02
0.76650	4.88959e-02
0.76407	5.25789e-02
0.77828	5.48457e-02
0.78193	5.13120e-02
0.77934	4.76196e-02
0.78962	3.82113e-02
0.79898	3.14725e-02
0.81309	2.68447e-02
0.81309	2.68447e-02
0.81057	2.55334e-02
0.80535	2.45341e-02
0.80535	2.45341e-02
0.80130	3.02601e-02
0.79843	2.33748e-02
0.79843	2.33748e-02
0.81162	2.99560e-02
0.81231	2.95267e-02
0.81472	3.00368e-02
0.80384	2.56955e-02
0.80272	2.49374e-02
0.80497	3.34157e-02
0.80254	3.75209e-02
0.79695	4.36238e-02
0.80430	4.40244e-02
0.80793	3.05562e-02
0.80525	3.25363e-02
0.80827	3.73275e-02
0.81143	4.05529e-02
0.81724	2.71429e-02
0.82888	3.00241e-02
0.82915	3.02570e-02
0.82965	3.10703e-02
0.83616	2.89191e-02
0.83329	3.91858e-02
0.84159	3.52912e-02
0.84020	3.49361e-02
0.83746	3.28517e-02
0.83717	3.24374e-02
0.83752	3.68144e-02
0.83751	3.68231e-02
0.83425	3.70877e-02
0.84142	3.85011e-02
0.83788	3.52892e-02
0.83501	3.55656e-02
0.84693	3.23248e-02
0.82924	3.69077e-02
0.83612	4.02564e-02
0.83985	4.37375e-02
0.83551	3.88371e-02
0.83706	4.03190e-02
0.83890	3.80400e-02
0.84629	4.01330e-02
0.85477	3.40787e-02
0.84883	3.74166e-02
0.85448	3.71737e-02
0.85394	3.80259e-02
0.84104	4.58601e-02
0.86694	4.73097e-02
0.87027	4.34955e-02
0.87853	3.49861e-02
0.87118	3.57543e-02
0.87774	2.54884e-02
0.87721	2.51239e-02
0.87440	3.12832e-02
0.87511	3.23584e-02
0.87327	3.24375e-02
0.87856	2.88636e-02
0.88890	2.12528e-02
0.88542	2.04612e-02
0.88294	2.32862e-02
0.87819	2.57914e-02
0.87006	2.86678e-02
0.87669	2.89888e-02
0.87821	2.81053e-02
0.88811	2.78071e-02
0.88586	3.01159e-02
0.88776	3.18060e-02
0.89363	2.49505e-02
0.89118	2.55677e-02
0.88774	3.00263e-02
0.87856	2.54398e-02
0.86689	3.37078e-02
0.86013	3.06607e-02
0.86588	3.67762e-02
0.89001	3.28303e-02
0.88720	2.94352e-02
0.87892	3.01372e-02
0.87969	3.02616e-02
0.87306	2.45699e-02
0.87494	2.52670e-02
0.87447	3.37889e-02
0.87876	3.38878e-02
0.87679	3.76180e-02
0.87679	3.76180e-02
0.88012	3.36779e-02
0.87995	3.35815e-02
0.88486	3.70382e-02
0.88554	2.93188e-02
0.89299	2.63879e-02
0.89191	2.60848e-02
0.89621	2.21763e-02
0.90394	2.97942e-02
0.90066	3.05910e-02
0.90142	3.27154e-02
0.89516	3.18159e-02
0.89838	3.53194e-02
0.89422	3.79241e-02
0.89721	3.75697e-02
0.90262	3.44855e-02
0.90262	3.44855e-02
0.90682	3.13870e-02
0.90635	3.17154e-02
0.90677	3.15790e-02
0.90952	3.05912e-02
0.90972	3.06109e-02
0.90972	3.06109e-02
0.90972	3.06109e-02
0.91770	2.94660e-02
0.91583	2.90414e-02
0.91717	2.91887e-02
0.92094	2.87819e-02
0.91802	2.67366e-02
0.92009	2.71459e-02
0.92009	2.71459e-02
0.92021	2.80658e-02
0.92801	2.35760e-02
0.93272	2.29985e-02
0.93248	2.24672e-02
0.92691	2.53385e-02
0.93344	3.18947e-02
0.93508	2.93349e-02
0.93508	2.93349e-02
0.93524	2.93216e-02
0.93674	2.72418e-02
0.93079	3.21728e-02
0.93140	3.09170e-02
0.93315	2.99583e-02
0.93068	3.00455e-02
0.93376	3.07978e-02
0.94099	2.88766e-02
0.95244	1.68985e-02
0.95062	1.48617e-02
0.95062	1.48617e-02
0.94567	1.94303e-02
0.94755	2.11008e-02
0.94417	2.22463e-02
0.94485	1.95314e-02
0.94773	2.25954e-02
0.94590	2.09424e-02
0.94831	2.16450e-02
0.95200	1.87995e-02
0.95839	2.62005e-02
0.95137	2.07782e-02
0.94900	1.66748e-02
0.94962	1.66652e-02
0.95198	2.06797e-02
0.95493	1.33219e-02
0.95740	1.77218e-02
0.95221	1.19899e-02
0.94982	1.44931e-02
0.95264	1.97608e-02
0.94291	2.14679e-02
0.95318	1.99737e-02
0.95348	9.42033e-03
0.95477	1.08821e-02
0.95781	9.48154e-03
0.96214	1.65279e-02
0.96227	1.63710e-02
0.95746	1.88125e-02
0.95703	1.91744e-02
0.95307	2.03279e-02
0.95307	2.03279e-02
0.95647	1.92976e-02
0.95829	1.97587e-02
0.95291	2.14357e-02
0.95117	2.23449e-02
0.96132	2.46956e-02
0.94972	1.46371e-02
0.94972	1.46371e-02
0.95966	1.80174e-02
0.95966	1.80174e-02
0.95966	1.80174e-02
0.95966	1.80174e-02
0.96394	2.41025e-02
0.96394	2.41025e-02
0.96444	2.44722e-02
0.95427	1.96175e-02
0.97256	6.66250e-03
0.97377	6.11902e-03
0.97377	6.11902e-03
0.97377	6.11902e-03
0.97377	6.11902e-03
0.97377	6.11902e-03
0.97377	6.11902e-03
0.96652	1.53886e-02
0.96652	1.53886e-02
0.97830	4.41414e-03
0.97514	4.83258e-03
0.98061	6.47544e-03
0.98331	8.48409e-03
0.97387	2.15091e-02
0.98447	6.97199e-03
0.98447	6.97035e-03
0.98041	4.84320e-03
0.98041	4.84320e-03
0.97167	3.90160e-03
0.97203	3.54447e-03
0.97203	3.54447e-03
0.98533	9.76096e-03
0.98533	9.76096e-03
0.98533	9.76096e-03
0.98533	9.76096e-03
0.98533	9.76096e-03
0.99452	4.86102e-04
0.99403	0.00000e+00
0.95857	0.00000e+00
0.95857	0.00000e+00
0.95857	0.00000e+00
0.95857	0.00000e+00
0.95857	0.00000e+00
0.95857	0.00000e+00
0.95857	0.00000e+00
0.95857	0.00000e+00
0.95857	0.00000e+00
0.95857	0.00000e+00
0.95857	0.00000e+00
0.95857	0.00000e+00
0.95857	0.00000e+00
0.97462	0.00000e+00
0.97462	0.00000e+00
0.97462	0.00000e+00
0.99459	0.00000e+00
