0.99470	5.72455e-04
0.98456	9.57492e-03
0.97362	1.15570e-02
0.96105	2.04117e-02
0.96238	1.99992e-02
0.95348	3.41753e-02
0.91985	4.08003e-02
0.90950	5.99816e-02
0.89283	8.13467e-02
0.88875	8.93695e-02
0.85513	1.29833e-01
0.88602	5.81495e-02
0.87469	6.56940e-02
0.86180	6.44049e-02
0.85310	8.37104e-02
0.87117	7.93099e-02
0.83583	9.87656e-02
0.84506	9.58885e-02
0.83259	1.13516e-01
0.81741	1.49703e-01
0.80133	1.36806e-01
0.82970	8.86536e-02
0.84396	3.29888e-02
0.82085	5.26194e-02
0.85408	4.31205e-02
0.84979	3.88466e-02
0.83594	2.53915e-02
0.84089	2.73451e-02
0.83432	4.37435e-02
0.84161	4.62015e-02
0.81950	4.07315e-02
0.82260	4.43932e-02
0.81247	4.09262e-02
0.80444	7.35325e-02
0.80396	4.35648e-02
0.78490	7.14596e-02
0.80363	6.26965e-02
0.80213	4.48803e-02
0.78801	4.83003e-02
0.80925	4.08984e-02
0.79284	3.44481e-02
0.79552	4.36404e-02
0.80408	5.05968e-02
0.79344	2.60153e-02
0.78479	4.24196e-02
0.78969	5.26134e-02
0.77056	3.28819e-02
0.78753	2.61378e-02
0.78933	3.51932e-02
0.75508	4.10473e-02
0.76507	3.21588e-02
0.76785	2.43381e-02
0.76329	3.56874e-02
0.74911	4.86730e-02
0.75697	3.52901e-02
0.75417	2.99034e-02
0.75156	4.14125e-02
0.75207	5.19800e-02
0.73622	3.58344e-02
0.73557	4.77519e-02
0.72425	5.42517e-02
0.70990	4.40230e-02
0.72020	2.40991e-02
0.70971	3.05339e-02
0.70979	3.57319e-02
0.69075	5.55645e-02
0.70364	4.41769e-02
0.70599	4.27847e-02
0.69788	5.09908e-02
0.70104	5.35845e-02
0.68862	2.92888e-02
0.66784	5.45843e-02
0.67194	4.33564e-02
0.66094	5.60640e-02
0.66971	5.28338e-02
0.66245	6.69226e-02
0.63613	5.19120e-02
0.65255	4.94248e-02
0.62219	5.46192e-02
0.62289	5.25875e-02
0.63138	6.26038e-02
0.60325	5.54755e-02
0.61974	5.60689e-02
0.63041	7.18188e-02
0.61257	5.82588e-02
0.60000	4.80168e-02
0.57962	4.62417e-02
0.60517	3.33497e-02
0.57360	4.85277e-02
0.56054	7.65196e-02
0.56522	3.74148e-02
0.54554	6.97864e-02
0.55705	6.57055e-02
0.53354	4.67494e-02
0.54602	6.44757e-02
0.52785	4.77990e-02
0.55470	8.44781e-02
0.52774	6.06892e-02
0.53067	5.48900e-02
0.52801	7.37913e-02
0.54800	6.23205e-02
0.56541	6.20571e-02
0.56761	6.13970e-02
0.57507	4.18526e-02
0.57848	4.62980e-02
0.57093	3.94039e-02
0.56996	3.93209e-02
0.56900	4.09011e-02
0.57404	4.60387e-02
0.59229	4.05653e-02
0.58384	5.90723e-02
0.58184	5.56002e-02
0.58432	5.63849e-02
0.59186	6.53444e-02
0.59186	6.53444e-02
0.58571	6.94935e-02
0.58160	7.06780e-02
0.58636	6.69589e-02
0.58636	6.69589e-02
0.58636	6.69589e-02
0.57686	6.67929e-02
0.58439	5.43462e-02
0.61064	6.01607e-02
0.60696	5.67284e-02
0.63173	5.77216e-02
0.63669	6.01615e-02
0.62786	4.98389e-02
0.61657	5.01775e-02
0.63403	4.84488e-02
0.63673	5.05837e-02
0.63796	5.39343e-02
0.64276	5.35195e-02
0.62613	7.62860e-02
0.62613	7.62860e-02
0.64989	4.51775e-02
0.64365	6.19425e-02
0.66087	5.01208e-02
0.65849	4.00050e-02
0.66425	3.55507e-02
0.67982	3.73611e-02
0.66752	4.41962e-02
0.67666	5.12373e-02
0.67257	5.11469e-02
0.66259	4.92317e-02
0.66242	4.91663e-02
0.66732	5.63868e-02
0.66982	4.60771e-02
0.67524	3.28812e-02
0.68910	3.37176e-02
0.68651	3.84398e-02
0.68651	3.84398e-02
0.68440	3.80553e-02
0.67645	5.33953e-02
0.68686	4.35254e-02
0.68357	3.67468e-02
0.69184	3.23811e-02
0.68123	3.31384e-02
0.68486	4.70055e-02
0.69442	4.62347e-02
0.70092	4.76094e-02
0.70067	3.48482e-02
0.69532	3.45385e-02
0.70350	4.84725e-02
0.70448	5.94697e-02
0.71003	5.52452e-02
0.71965	6.89622e-02
0.73300	6.50468e-02
0.71927	5.45665e-02
0.71048	4.95929e-02
0.73302	5.66556e-02
0.73302	5.66556e-02
0.72466	4.47085e-02
0.75980	4.68303e-02
0.76054	4.59904e-02
0.75759	4.58785e-02
0.75487	4.74163e-02
0.75270	4.52684e-02
0.73362	4.57232e-02
0.73038	4.63090e-02
0.73436	4.59367e-02
0.73864	3.44914e-02
0.75542	4.73552e-02
0.74691	3.97916e-02
0.74399	3.57226e-02
0.74442	2.64223e-02
0.75321	2.04855e-02
0.76294	2.93257e-02
0.76336	2.92961e-02
0.76378	2.90889e-02
0.77318	3.85261e-02
0.77761	4.65075e-02
0.76036	4.10183e-02
0.75710	4.22196e-02
0.75972	2.61707e-02
0.75972	2.61707e-02
0.76975	2.70238e-02
0.76235	2.93476e-02
0.76036	2.31511e-02
0.77545	3.15103e-02
0.78533	4.19012e-02
0.79223	4.57955e-02
0.79142	4.59601e-02
0.79141	4.69415e-02
0.77257	4.61750e-02
0.76592	5.03419e-02
0.77369	5.46553e-02
0.76090	3.87534e-02
0.76818	3.45594e-02
0.76818	3.45594e-02
0.77485	3.62793e-02
0.78444	5.31968e-02
0.77815	3.71780e-02
0.78652	2.89318e-02
0.79079	3.07249e-02
0.80569	2.74927e-02
0.80573	2.74946e-02
0.80555	2.98840e-02
0.80625	2.88066e-02
0.79354	3.16918e-02
0.79462	3.15080e-02
0.79509	3.08944e-02
0.80371	4.10056e-02
0.79829	4.11084e-02
0.79829	4.11084e-02
0.79994	4.26673e-02
0.80288	4.66022e-02
0.81272	4.66549e-02
0.82595	4.01103e-02
0.81007	3.94478e-02
0.80353	3.33043e-02
0.80534	3.56625e-02
0.81290	4.60336e-02
0.81675	4.41125e-02
0.81348	3.82753e-02
0.81246	3.68944e-02
0.81012	3.72448e-02
0.80960	3.72782e-02
0.81229	3.74630e-02
0.81229	3.74630e-02
0.80619	4.66771e-02
0.80314	4.42461e-02
0.80592	4.59976e-02
0.81619	4.77149e-02
0.82518	4.53359e-02
0.82790	3.83423e-02
0.82607	3.73872e-02
0.83226	4.17657e-02
0.84261	4.40386e-02
0.84515	3.93393e-02
0.83906	4.02923e-02
0.84387	3.32642e-02
0.83295	2.62258e-02
0.82934	2.91349e-02
0.82690	3.35436e-02
0.83187	3.63168e-02
0.83529	3.04558e-02
0.82871	1.78637e-02
0.82921	3.27374e-02
0.82460	3.77457e-02
0.82553	3.57280e-02
0.83740	3.88311e-02
0.83524	3.89567e-02
0.83287	3.56552e-02
0.82918	3.19662e-02
0.83974	3.91551e-02
0.83983	3.92312e-02
0.84019	3.87162e-02
0.84420	4.25159e-02
0.84698	4.53378e-02
0.84084	5.06564e-02
0.84454	4.53919e-02
0.85585	3.96607e-02
0.85375	2.16380e-02
0.85077	2.64331e-02
0.85077	2.64331e-02
0.85198	2.86734e-02
0.86070	3.74240e-02
0.86627	3.44353e-02
0.87082	2.85231e-02
0.86900	3.10158e-02
0.87739	3.82707e-02
0.87727	4.46133e-02
0.87497	4.10560e-02
0.86487	3.82706e-02
0.85927	3.68761e-02
0.86848	5.03836e-02
0.86764	4.61889e-02
0.86594	4.66590e-02
0.87088	4.64314e-02
0.87279	4.94049e-02
0.88841	4.13214e-02
0.89011	4.00453e-02
0.89060	3.94488e-02
0.89613	4.01901e-02
0.88406	4.58761e-02
0.88666	4.62575e-02
0.88778	4.57914e-02
0.89059	4.43070e-02
0.88644	4.37341e-02
0.87891	4.93715e-02
0.88293	4.48967e-02
0.88563	4.98413e-02
0.88832	4.80128e-02
0.88831	4.80123e-02
0.88871	4.62915e-02
0.89042	3.27520e-02
0.88755	3.35096e-02
0.89230	3.38118e-02
0.89226	3.37433e-02
0.89795	3.77666e-02
0.90330	3.96078e-02
0.90330	3.96078e-02
0.90000	4.31313e-02
0.89754	4.33102e-02
0.90324	4.07273e-02
0.88998	2.56252e-02
0.88915	2.59924e-02
0.88580	2.88276e-02
0.88486	2.89611e-02
0.88896	2.59980e-02
0.88970	2.48364e-02
0.89422	3.82727e-02
0.89216	3.85131e-02
0.89300	4.05005e-02
0.90356	4.07061e-02
0.90698	4.25177e-02
0.91543	3.29734e-02
0.91558	3.21739e-02
0.91756	3.37277e-02
0.91703	3.37706e-02
0.92057	3.52859e-02
0.91424	3.69618e-02
0.91778	3.55423e-02
0.93401	3.18634e-02
0.92359	3.94818e-02
0.91284	3.77493e-02
0.91175	3.79304e-02
0.90801	3.22590e-02
0.90266	3.10456e-02
0.90657	3.25246e-02
0.92052	3.67887e-02
0.92411	4.05113e-02
0.92400	4.13138e-02
0.93263	3.16821e-02
0.93263	3.16821e-02
0.92818	4.12254e-02
0.93118	3.72641e-02
0.93840	3.08062e-02
0.94385	2.94314e-02
0.94385	2.94314e-02
0.93885	2.98493e-02
0.94113	2.97851e-02
0.94022	2.99165e-02
0.94156	2.53296e-02
0.94156	2.53296e-02
0.94480	2.94441e-02
0.94781	2.90729e-02
0.94229	3.09359e-02
0.94182	3.57117e-02
0.94625	3.62450e-02
0.93928	3.33616e-02
0.94323	3.04798e-02
0.94434	3.13285e-02
0.94434	3.13285e-02
0.94434	3.13285e-02
0.93885	2.95348e-02
0.93905	2.94900e-02
0.93379	2.63723e-02
0.93370	2.63797e-02
0.93370	2.63797e-02
0.93257	2.56019e-02
0.93324	2.96398e-02
0.93788	3.73057e-02
0.93788	3.73057e-02
0.93788	3.73057e-02
0.93993	3.98866e-02
0.93117	3.60227e-02
0.93117	3.60227e-02
0.95267	2.71516e-02
0.95028	2.44911e-02
0.94931	2.44812e-02
0.95300	2.82059e-02
0.95681	3.05782e-02
0.95482	2.87445e-02
0.95406	3.10469e-02
0.94700	2.93997e-02
0.94309	2.90375e-02
0.94660	3.04759e-02
0.94660	3.04759e-02
0.95614	1.46778e-02
0.96008	2.06828e-02
0.95818	1.29790e-02
0.95865	1.30450e-02
0.95665	2.33952e-02
0.94685	2.35525e-02
0.95231	2.17861e-02
0.96617	2.62214e-02
0.96148	2.48095e-02
0.95805	2.19542e-02
0.95805	2.19542e-02
0.95343	2.84948e-02
0.95091	3.20619e-02
0.95753	3.77265e-02
0.91980	1.42369e-02
0.94080	6.76069e-03
0.94607	1.49458e-03
0.94607	1.49458e-03
0.95595	8.38682e-03
0.95457	9.76150e-03
0.95457	9.76150e-03
0.95457	9.76150e-03
0.95457	9.76150e-03
0.95457	9.76150e-03
0.95457	9.76150e-03
0.95457	9.76150e-03
0.96808	2.32668e-02
0.95809	3.32587e-02
0.95809	3.32587e-02
0.95809	3.32587e-02
0.95809	3.32587e-02
0.95809	3.32587e-02
0.95295	2.91038e-02
0.95295	2.91038e-02
0.96350	3.17537e-02
0.96125	3.40067e-02
0.96125	3.40067e-02
0.96123	3.39849e-02
0.92724	0.00000e+00
0.92724	0.00000e+00
0.93497	0.00000e+00
0.93497	0.00000e+00
0.93497	0.00000e+00
0.93497	0.00000e+00
0.93497	0.00000e+00
0.94727	0.00000e+00
0.97068	0.00000e+00
0.97068	0.00000e+00
0.99049	0.00000e+00
0.99356	0.00000e+00
0.99356	0.00000e+00
0.99356	0.00000e+00
0.99356	0.00000e+00
0.99356	0.00000e+00
0.99356	0.00000e+00
0.99350	0.00000e+00
