0.0879
0.0519
0.0813
0.1197
0.1539
0.1488
0.0674
0.1496
0.1132
0.0884
0.1353
0.1435
0.1097
0.0800
0.0718
0.1326
0.1218
0.1194
0.0729
0.1606
0.1347
0.1882
0.1455
0.1197
0.1283
0.0844
0.1156
0.0633
0.1035
0.1517
0.0781
0.1028
0.1140
0.1230
0.0677
0.1111
0.1851
0.1117
0.1035
0.1459
0.0953
0.1234
0.0529
0.1202
0.1713
0.0933
0.0941
0.1927
0.0677
0.1072
0.0651
0.1118
0.1330
0.0992
0.1145
0.1231
0.1590
0.0623
0.0815
0.1347
0.1556
0.0548
0.0964
0.1364
0.1186
0.1414
0.1122
0.1408
0.1147
0.1191
0.1339
0.1065
0.0479
0.0743
0.1503
0.1432
0.0920
0.0741
0.0698
0.1572
0.1116
0.0967
0.1425
0.1628
0.1497
0.1425
0.1157
0.1160
0.1208
0.1010
0.1362
0.0813
0.1101
0.1995
0.1397
0.1474
0.1529
0.1095
0.1137
0.0879
0.0896
0.1622
0.1410
0.1351
0.1254
0.1830
0.1480
0.1294
0.0947
0.0605
0.0717
0.0877
0.0982
0.0934
0.1875
0.1618
0.1589
0.2236
0.2005
0.1357
0.1056
0.1358
0.1011
0.1124
0.1204
0.1310
0.1263
0.0726
0.1281
0.1149
0.1018
0.1081
0.0922
0.0784
0.1608
0.1655
0.0716
0.1019
0.0687
0.1487
0.1342
0.0942
0.1039
0.1460
0.1404
0.0845
0.1178
0.1056
0.1253
0.0838
0.1293
0.1070
0.1405
0.0595
0.1284
0.1492
0.1009
0.1325
0.1495
0.1632
0.1002
0.1458
0.1144
0.1038
0.1019
0.1724
0.1147
0.0356
0.0755
0.1761
0.0870
0.1001
0.0857
0.0978
0.1497
0.1761
0.1282
0.1659
0.0952
0.1850
0.0297
0.0416
0.0476
0.1517
0.1220
0.1666
0.0891
0.1113
0.1133
0.0520
0.1403
0.1737
0.1137
0.0398
0.0550
0.1232
0.1141
0.1058
0.1571
0.1018
0.1320
0.1430
0.0938
0.0908
0.0769
0.1657
0.0794
0.0742
0.0463
0.0749
0.1119
0.1777
0.0993
0.1277
0.1106
0.1528
0.1504
0.2137
0.1109
0.1219
0.1771
0.1776
0.0851
0.0977
0.0828
0.0667
0.1018
0.1095
0.1181
0.0988
0.0557
0.1473
0.0603
0.1737
0.1262
0.2030
0.1752
0.0497
0.2036
0.1452
0.0916
0.1668
0.1627
0.1615
0.1004
0.0409
0.0743
0.1869
0.1966
0.1557
0.1046
0.1568
0.0554
0.1017
0.1383
0.0982
0.1490
0.1465
0.0797
0.1252
0.0798
0.0515
0.1186
0.0981
0.1865
0.0780
0.1570
0.1349
0.1446
0.1393
0.0857
0.2411
0.1998
0.1302
0.2160
0.1415
0.1275
0.0889
0.1953
0.1060
0.0608
0.1462
0.0856
0.0590
0.0824
0.1176
0.1754
0.1344
0.0509
0.1089
0.0589
0.0748
0.0872
0.1027
0.0988
0.1321
0.1637
0.0898
0.0734
0.1595
0.1209
0.1179
0.1271
0.1270
0.1325
0.1813
0.0581
0.1375
0.1444
0.1247
0.1025
0.1309
0.0974
0.0941
0.0349
0.0503
0.1009
0.1274
0.0348
0.2025
0.1415
0.1516
0.1670
0.0860
0.1007
0.1421
0.0487
0.1188
0.1297
0.1195
0.1217
0.0600
0.0692
0.0495
0.1129
0.1709
0.1320
0.2059
0.1310
0.0689
0.1209
0.1258
0.1907
0.1035
0.1317
0.1276
0.1571
0.1136
0.1935
0.1003
0.1141
0.1055
0.1230
0.0866
0.1665
0.1007
0.0984
0.0898
0.1387
0.1004
0.1186
0.0798
0.1698
0.1781
0.1697
0.1003
0.1352
0.0565
0.1448
0.1321
0.1917
0.0683
0.0563
0.0709
0.0993
0.1112
0.1336
0.1057
0.1241
0.2003
0.1544
0.0788
0.0893
0.0973
0.1454
0.1126
0.2186
0.0791
0.0674
0.1357
0.1103
0.0649
0.0470
0.1136
0.1130
0.1378
0.1347
0.1081
0.0944
0.1012
0.1160
0.0480
0.1202
0.0689
0.1408
0.1626
0.1368
0.1065
0.1446
0.0384
0.1518
0.1432
0.1389
0.1093
0.1011
0.1046
0.1845
0.1088
0.1215
0.1235
0.0987
0.1345
0.1349
0.1605
0.1225
0.1167
0.1714
0.1670
0.0578
0.0924
0.0498
0.0639
0.0595
0.0603
0.1059
0.1091
0.1480
0.1026
0.0390
0.0685
0.0838
0.1399
0.1342
0.1410
0.1424
0.0575
0.2101
0.1646
0.1510
0.1017
0.0676
0.1557
0.1012
0.1950
0.0987
0.1732
0.0994
0.1070
0.0258
0.2298
0.1693
0.1383
0.0950
0.0456
0.0611
0.1584
0.0997
0.0923
0.0958
0.1348
0.0514
0.1391
0.0934
0.1230
0.1505
0.1167
0.1352
0.0496
0.1021
0.1210
0.0861
0.1810
0.1182
0.0991
0.1229
0.0776
0.1479
0.1108
0.0347
0.1130
0.0725
0.1073
0.0893
0.0450
0.1364
0.1175
0.1362
0.0741
0.1323
0.0702
0.1041
0.1443
0.1688
0.1945
0.1121
0.1277
0.0750
0.1405
0.1241
0.2312
0.0771
0.1570
0.1197
0.1135
0.1228
0.0760
0.0800
0.0623
0.1658
0.0398
0.1448
0.1284
0.1084
0.1186
0.0583
0.0570
0.1039
0.0902
0.0631
0.1404
0.0551
0.0607
0.1065
0.0758
0.1151
0.1253
0.1934
0.1166
0.1261
0.0747
0.1134
0.1373
0.1219
0.0833
0.1433
0.1287
0.0885
0.1094
0.1299
0.1065
0.1151
0.1502
0.1290
0.0917
0.0846
0.0730
0.1111
0.2088
0.0815
0.1631
0.0596
0.1467
0.1315
0.1590
0.0996
0.0913
0.0973
0.0849
0.1279
0.1523
0.1694
0.1128
0.1160
0.1377
0.2152
0.1247
0.0647
0.1163
0.0914
0.0631
0.0498
0.1247
0.1288
0.1613
0.0438
0.0911
0.1394
0.1792
0.1798
0.1815
0.0798
0.1974
0.1590
0.0624
0.0695
0.2100
0.2028
0.1951
0.0894
0.2108
0.1085
0.1072
0.1515
0.1835
0.0769
0.0674
0.0417
0.0951
0.1058
0.1672
0.0881
0.1090
0.0659
0.0830
0.0716
0.1546
0.1978
0.1482
0.1011
0.0875
0.1089
0.0849
0.1270
0.1038
0.0719
0.0494
0.1400
0.1091
0.1037
0.1307
0.0965
0.1193
0.1784
0.2079
0.0672
0.0984
0.1463
0.0730
0.1886
0.1514
0.0987
0.0569
0.0766
0.0753
0.0635
0.0945
0.1300
0.1704
0.1114
0.0934
0.1697
0.0961
0.1056
0.1712
0.1061
0.1550
0.1727
0.1253
0.1747
0.0835
0.1734
0.1546
0.1195
0.0811
0.1873
0.0570
0.0662
0.0534
0.1981
0.1033
0.0815
0.0748
0.1207
0.0262
0.1463
0.1486
0.1053
0.1545
0.0567
0.1180
0.0790
0.1501
0.2073
0.1531
0.1732
0.0731
0.0962
0.0988
0.1176
0.0659
0.1503
0.2125
0.0840
0.1849
0.1424
0.1513
0.1101
0.1171
0.2066
0.0993
0.1250
0.0903
0.0925
0.1654
0.1441
0.0458
0.0965
0.1176
0.1491
0.1818
0.0665
0.0959
0.1155
0.1197
0.0451
0.1060
0.1521
0.0890
0.1514
0.1488
0.1482
0.0708
0.1234
0.0645
0.1453
0.0840
0.1791
0.1506
0.1717
0.0657
0.1330
0.0389
0.1626
0.2119
0.1446
0.0529
0.1206
0.1070
0.0824
0.1672
0.1079
0.1257
0.1645
0.1874
0.0982
0.1513
0.1109
0.0677
0.1230
0.1293
0.0721
0.1214
0.1334
0.1092
0.0710
0.0916
0.1210
0.0782
0.0944
0.1379
0.1075
0.1376
0.0896
0.1521
0.1152
0.0990
0.0917
0.1642
0.1715
0.1106
0.0839
0.1121
0.1414
0.1592
0.1090
0.1829
0.0542
0.1408
0.1254
0.0853
0.0816
0.1073
0.1725
0.1149
0.1142
0.1061
0.1853
0.1266
0.1131
0.1459
0.0885
0.0884
0.1658
0.1445
0.0755
0.0801
0.0458
0.1162
0.1192
0.1545
0.2058
0.1249
0.0800
0.0326
0.1063
0.1356
0.0872
0.1008
0.0270
0.0888
0.0967
0.2100
0.1462
0.1292
0.1829
0.1518
0.0801
0.0347
0.0840
0.2201
0.1390
0.0843
0.0868
0.1609
0.0904
0.1673
0.1423
0.1795
0.1145
0.1257
0.1729
0.0881
0.1115
0.1307
0.0615
0.0846
0.0287
0.0994
0.0831
0.0531
0.1422
0.2032
0.0877
0.1581
0.1936
0.0653
0.0637
0.1232
0.1182
0.1126
0.0799
0.0915
0.1092
0.1368
0.1459
0.1444
0.0699
0.1051
0.1587
0.0596
0.0646
0.1814
0.1168
0.1088
0.0507
0.1840
0.0986
0.0325
0.1571
0.1401
0.0685
0.1009
0.0998
0.1256
0.0795
0.1376
0.1165
0.0822
0.1361
0.0725
0.1120
0.1782
0.1447
0.0909
0.1260
0.1242
0.1052
0.1123
0.1471
0.1941
0.1066
0.2061
0.1465
0.1037
0.0852
0.0896
0.1140
0.0947
0.1509
0.1408
0.0983
0.1322
0.0786
0.1740
0.1180
0.0870
0.1446
0.0942
0.0826
0.1491
0.1015
0.0986
0.0394
0.1057
0.0933
0.1706
0.0435
0.1383
0.1126
0.1598
0.1486
0.2213
0.1610
0.0724
0.0914
0.1285
0.1069
0.0879
0.0879
0.1352
0.1192
0.1020
0.0881
0.1461
0.1026
0.1225
0.0705
0.1104
0.0868
0.1208
0.0980
0.0491
0.1400
0.0812
0.1257
0.1399
0.1656
0.1176
0.1752
0.1528
0.1783
0.1678
0.0570
0.0329
0.0948
0.1161
0.1478
0.1311
0.1757
0.1770
0.0880
0.0836
0.1083
0.1300
0.0586
0.1060
0.0825
0.0893
0.1285
0.1435
0.1056
0.0843
0.0837
0.0875
0.0792
0.0904
0.1437
0.1889
0.0548
0.1199
0.1427
0.1126
0.1740
0.0987
0.0676
0.1137
0.1689
0.1864
0.1500
0.1425
0.0618
0.1386
0.1724
0.1404
0.1226
0.1473
0.1218
0.1244
0.0837
0.1348
