1.0000 2.0000
0.9286 1.6667
0.8571 1.4000
0.8571 1.1889
0.8571 1.0111
0.5357 0.8000
0.4643 0.6778
0.4643 0.5556
0.3929 0.4889
0.3929 0.4000
0.3929 0.3111
0.3929 0.2778
0.3929 0.2222
0.2679 0.1667
0.2679 0.1333
0.2679 0.1000
0.2679 0.0667
0.2679 0.0667
0.2679 0.0333
0.2679 0.0333
0.1964 0.0000
0.1964 0.0000
0.1964 0.0000
0.1964 0.0000
0.1964 0.0000
0.1964 0.0000
0.1964 0.0000
0.1964 0.0000
0.1964 0.0000
0.1964 0.0000
0.1964 0.0000
0.1964 0.0000
0.1964 0.0000
0.1964 0.0000
0.1964 0.0000
0.1964 0.0000
0.1964 0.0000
0.1964 0.0000
0.1964 0.0000
0.1964 0.0000
0.1964 0.0000
0.1964 0.0000
0.1964 0.0000
0.1964 0.0000
0.1964 0.0000
0.1964 0.0000
0.1964 0.0000
0.1964 0.0000
0.1964 0.0000
0.0000 0.0000
