0.84823	4.48401e-02
0.84263	2.67402e-02
0.79522	5.80740e-02
0.74690	3.60398e-02
0.71406	5.53092e-02
0.64537	1.11898e-01
0.58814	1.01408e-01
0.57850	1.02442e-01
0.53833	1.18688e-01
0.52496	1.54150e-01
0.50900	1.07673e-01
0.45133	1.04487e-01
0.51662	1.03657e-01
0.44096	1.29173e-01
0.45502	1.45199e-01
0.44584	8.79035e-02
0.42685	1.35705e-01
0.46473	7.92232e-02
0.43666	9.08529e-02
0.44857	5.55911e-02
0.48676	1.00352e-01
0.44239	1.23241e-01
0.46103	1.10136e-01
0.42857	1.30683e-01
0.46292	1.26600e-01
0.47301	1.10197e-01
0.44914	1.23422e-01
0.41565	1.23459e-01
0.46372	7.72374e-02
0.45038	9.83895e-02
0.44592	8.55894e-02
0.45966	7.52506e-02
0.46182	7.10373e-02
0.43759	5.66094e-02
0.44890	8.59404e-02
0.48495	6.68925e-02
0.46723	7.27824e-02
0.45729	8.59764e-02
0.47010	6.41263e-02
0.46856	7.07413e-02
0.48217	4.90281e-02
0.46845	8.33327e-02
0.45310	4.61588e-02
0.49059	3.67306e-02
0.45735	4.99673e-02
0.45019	6.35309e-02
0.48886	5.23686e-02
0.42446	5.16019e-02
0.45652	5.41906e-02
0.45332	7.60670e-02
0.43468	4.85065e-02
0.41121	5.17454e-02
0.43621	6.06932e-02
0.43545	3.84469e-02
0.41908	5.81425e-02
0.42500	3.17723e-02
0.40842	4.66466e-02
0.40719	5.59987e-02
0.41884	5.79672e-02
0.40971	4.88785e-02
0.41424	7.20151e-02
0.44009	6.31623e-02
0.42444	4.50987e-02
0.40642	7.65813e-02
0.45309	4.45893e-02
0.41573	6.78521e-02
0.43657	5.07162e-02
0.41412	4.98136e-02
0.46869	5.51138e-02
0.43030	4.78534e-02
0.42938	4.77163e-02
0.44245	6.06377e-02
0.42126	3.80642e-02
0.41267	5.81608e-02
0.42748	4.02569e-02
0.41500	6.55155e-02
0.42586	7.24627e-02
0.43912	5.51658e-02
0.41407	6.44347e-02
0.42517	5.89252e-02
0.43326	5.14222e-02
0.40385	7.02592e-02
0.43136	5.36418e-02
0.40030	4.08099e-02
0.38983	4.57664e-02
0.36716	3.48608e-02
0.42477	6.02752e-02
0.35302	7.29717e-02
0.36207	5.96423e-02
0.40502	5.29297e-02
0.34433	7.69734e-02
0.38365	6.60085e-02
0.35505	6.58469e-02
0.33585	5.74620e-02
0.33547	6.16278e-02
0.31184	5.89490e-02
0.30960	8.23370e-02
0.33536	3.98453e-02
0.29191	8.62388e-02
0.33063	4.32469e-02
0.34986	6.46820e-02
0.38003	5.65634e-02
0.36304	6.23199e-02
0.37524	6.86893e-02
0.35977	7.72354e-02
0.34649	7.10651e-02
0.34100	7.38701e-02
0.33711	7.34931e-02
0.33290	6.72639e-02
0.33290	6.72639e-02
0.35722	8.99714e-02
0.34247	8.65249e-02
0.34927	8.36848e-02
0.35193	8.44203e-02
0.35532	7.58115e-02
0.37639	8.83931e-02
0.37222	8.65031e-02
0.34280	8.74119e-02
0.36257	9.96288e-02
0.39364	7.46446e-02
0.40807	6.50452e-02
0.40857	5.31130e-02
0.37161	4.72380e-02
0.37206	4.74615e-02
0.37952	4.11303e-02
0.37926	4.07614e-02
0.39596	5.30329e-02
0.41009	4.02027e-02
0.41838	5.64719e-02
0.42591	5.70068e-02
0.43046	5.59258e-02
0.43163	5.76010e-02
0.41895	4.41208e-02
0.42552	4.51751e-02
0.42706	5.07126e-02
0.43683	5.72221e-02
0.44225	5.85230e-02
0.44979	6.48780e-02
0.44958	7.11114e-02
0.41627	7.66417e-02
0.42136	7.88527e-02
0.43323	8.34190e-02
0.46094	7.63348e-02
0.46070	7.63896e-02
0.44366	7.24968e-02
0.45090	6.38804e-02
0.45048	7.04867e-02
0.45369	7.16875e-02
0.46997	8.57157e-02
0.47995	7.67253e-02
0.47673	7.66089e-02
0.46241	6.36425e-02
0.46145	6.43977e-02
0.48017	6.13606e-02
0.47563	6.62707e-02
0.49112	7.58609e-02
0.47018	7.84894e-02
0.48337	7.46635e-02
0.47918	7.12086e-02
0.48938	6.71166e-02
0.47541	6.55766e-02
0.46822	6.14478e-02
0.49233	8.09930e-02
0.48803	8.26591e-02
0.49544	8.19002e-02
0.49130	8.96382e-02
0.49355	9.13220e-02
0.48010	7.25931e-02
0.49013	7.37968e-02
0.48255	6.52875e-02
0.50943	8.06364e-02
0.51381	8.08783e-02
0.54316	7.30913e-02
0.53520	7.38850e-02
0.53683	7.39515e-02
0.53046	7.75044e-02
0.53542	7.41430e-02
0.52888	7.85108e-02
0.55698	7.55084e-02
0.55548	6.84119e-02
0.55329	7.38894e-02
0.55576	7.32269e-02
0.53609	7.24555e-02
0.53183	7.02167e-02
0.54827	7.57037e-02
0.55643	8.36828e-02
0.55821	8.13036e-02
0.54399	8.54241e-02
0.55266	7.65804e-02
0.54643	7.35552e-02
0.55217	6.78003e-02
0.55847	6.90418e-02
0.56944	7.01295e-02
0.57298	7.45862e-02
0.57378	7.42002e-02
0.57823	7.68768e-02
0.56792	7.89170e-02
0.57383	7.33556e-02
0.57307	7.27347e-02
0.57389	8.72736e-02
0.58732	8.19813e-02
0.60665	5.73337e-02
0.61671	5.26419e-02
0.61682	5.27388e-02
0.62447	5.78003e-02
0.61749	6.37890e-02
0.61740	6.40037e-02
0.61142	6.38742e-02
0.60027	7.38468e-02
0.59100	6.67962e-02
0.59795	7.11226e-02
0.60532	7.06463e-02
0.59208	7.05527e-02
0.60284	6.85827e-02
0.60839	7.45044e-02
0.62882	7.37565e-02
0.62720	7.27290e-02
0.63134	6.98057e-02
0.63134	6.98057e-02
0.62286	7.66169e-02
0.61903	7.49424e-02
0.63259	7.68497e-02
0.62599	8.01542e-02
0.61107	8.34478e-02
0.61856	7.63860e-02
0.62737	8.43557e-02
0.61387	7.69151e-02
0.62640	7.22009e-02
0.62710	7.31912e-02
0.63496	7.69926e-02
0.64259	8.66098e-02
0.65518	8.86730e-02
0.64290	8.69859e-02
0.64354	6.10017e-02
0.63433	7.58164e-02
0.62837	7.91311e-02
0.62684	7.88103e-02
0.64276	8.17675e-02
0.64077	8.58332e-02
0.63341	8.21721e-02
0.63527	8.38528e-02
0.62577	8.37850e-02
0.63916	8.91806e-02
0.64012	9.59041e-02
0.62673	8.52036e-02
0.63984	8.06845e-02
0.64009	8.07157e-02
0.64351	8.33722e-02
0.65509	8.55290e-02
0.66068	8.60105e-02
0.64714	9.44998e-02
0.66206	7.23260e-02
0.66255	7.25544e-02
0.66720	7.34294e-02
0.66927	7.59457e-02
0.66760	5.80748e-02
0.66364	5.70886e-02
0.65945	6.44230e-02
0.65096	6.73703e-02
0.67673	5.71718e-02
0.67171	6.00832e-02
0.66366	5.23611e-02
0.66242	5.30831e-02
0.65755	5.02362e-02
0.67071	6.33297e-02
0.66852	5.51489e-02
0.67165	5.45318e-02
0.66590	4.30009e-02
0.66445	4.22656e-02
0.67013	4.82925e-02
0.67253	6.03816e-02
0.67839	5.70319e-02
0.68364	6.58476e-02
0.68884	6.38058e-02
0.69321	6.35943e-02
0.69221	5.56269e-02
0.68780	5.79975e-02
0.69100	5.08641e-02
0.70323	4.35415e-02
0.70548	5.10953e-02
0.70973	5.25912e-02
0.70187	5.74525e-02
0.69984	5.78196e-02
0.71078	6.12128e-02
0.71656	5.29452e-02
0.72097	4.18988e-02
0.72046	4.19649e-02
0.72066	4.19778e-02
0.70437	6.59787e-02
0.71503	4.73971e-02
0.71870	4.94288e-02
0.71882	4.90394e-02
0.73117	4.60681e-02
0.73460	5.24833e-02
0.73183	5.28615e-02
0.72861	5.62469e-02
0.72184	5.52396e-02
0.72442	5.65283e-02
0.73064	5.89323e-02
0.73340	6.01688e-02
0.74540	6.21328e-02
0.74926	6.02731e-02
0.74175	5.94443e-02
0.73416	7.03541e-02
0.73584	7.06682e-02
0.72765	7.20799e-02
0.72862	7.26245e-02
0.72882	7.79089e-02
0.74017	7.74314e-02
0.73359	7.19572e-02
0.74140	7.84694e-02
0.73204	7.32104e-02
0.73097	7.14533e-02
0.73442	7.43322e-02
0.73169	7.27421e-02
0.74176	8.19284e-02
0.75291	7.59727e-02
0.75893	7.37022e-02
0.75272	7.54741e-02
0.75272	7.54741e-02
0.76197	7.13658e-02
0.76256	6.78630e-02
0.76520	6.82925e-02
0.76927	7.23763e-02
0.77907	6.02690e-02
0.77721	6.01004e-02
0.77516	5.98112e-02
0.78048	5.93062e-02
0.77142	5.27197e-02
0.76350	5.15956e-02
0.75762	5.03987e-02
0.75941	6.10977e-02
0.76112	6.31357e-02
0.76112	6.31357e-02
0.76136	6.33471e-02
0.77010	6.46747e-02
0.77010	6.46747e-02
0.77953	5.97391e-02
0.77953	5.97391e-02
0.77209	7.66094e-02
0.77241	7.65027e-02
0.77291	7.71573e-02
0.77291	7.71573e-02
0.78552	4.24486e-02
0.78934	4.87831e-02
0.78812	4.85983e-02
0.78467	5.65998e-02
0.79478	6.61234e-02
0.79228	4.83933e-02
0.78711	6.07544e-02
0.78701	6.07884e-02
0.78285	5.82806e-02
0.78315	5.76801e-02
0.79188	6.32951e-02
0.79310	6.09602e-02
0.80042	6.23692e-02
0.81433	4.87609e-02
0.81303	4.86771e-02
0.82214	5.56059e-02
0.82018	5.86949e-02
0.81590	6.12758e-02
0.82187	5.38110e-02
0.81903	5.45178e-02
0.82312	4.69881e-02
0.82490	4.73587e-02
0.82461	4.73460e-02
0.81028	4.99168e-02
0.81028	4.99168e-02
0.81471	5.12233e-02
0.81515	5.08565e-02
0.80583	4.94953e-02
0.80609	4.90846e-02
0.81392	3.55131e-02
0.81392	3.55131e-02
0.81387	3.54771e-02
0.81387	3.54771e-02
0.81419	4.63649e-02
0.81541	4.38435e-02
0.82274	4.93794e-02
0.82287	4.94049e-02
0.82668	5.16749e-02
0.83043	5.52053e-02
0.83353	5.56088e-02
0.83619	6.25632e-02
0.81992	6.33813e-02
0.82859	6.03957e-02
0.82859	6.03957e-02
0.83483	6.31030e-02
0.84127	5.14972e-02
0.83330	5.47919e-02
0.80379	5.18268e-02
0.81997	5.69406e-02
0.81997	5.69406e-02
0.81528	5.75855e-02
0.81677	5.95520e-02
0.81546	5.78150e-02
0.77730	2.54195e-02
0.77730	2.54195e-02
0.77730	2.54195e-02
0.77730	2.54195e-02
0.79342	4.15430e-02
0.79554	3.94246e-02
0.79554	3.94246e-02
0.79554	3.94246e-02
0.79554	3.94246e-02
0.79692	4.08003e-02
0.81817	3.23169e-02
0.78586	0.00000e+00
0.79145	0.00000e+00
0.79145	0.00000e+00
0.79145	0.00000e+00
0.79145	0.00000e+00
0.78888	0.00000e+00
0.78888	0.00000e+00
0.78888	0.00000e+00
0.78888	0.00000e+00
0.78888	0.00000e+00
0.72060	0.00000e+00
0.72060	0.00000e+00
0.72060	0.00000e+00
0.72060	0.00000e+00
0.72060	0.00000e+00
0.76161	0.00000e+00
0.76161	0.00000e+00
0.76161	0.00000e+00
0.76161	0.00000e+00
0.76161	0.00000e+00
0.80380	0.00000e+00
0.80380	0.00000e+00
0.80380	0.00000e+00
0.79105	0.00000e+00
0.79105	0.00000e+00
0.77625	0.00000e+00
0.77625	0.00000e+00
0.80540	0.00000e+00
0.80944	0.00000e+00
0.80944	0.00000e+00
0.80944	0.00000e+00
0.80944	0.00000e+00
0.80944	0.00000e+00
0.80944	0.00000e+00
0.80944	0.00000e+00
0.82459	0.00000e+00
0.83470	0.00000e+00
0.83470	0.00000e+00
0.83470	0.00000e+00
0.83470	0.00000e+00
0.83470	0.00000e+00
0.83470	0.00000e+00
0.83470	0.00000e+00
0.81974	0.00000e+00
0.87457	0.00000e+00
0.87457	0.00000e+00
0.85831	0.00000e+00
0.85831	0.00000e+00
0.85831	0.00000e+00
0.85831	0.00000e+00
0.85831	0.00000e+00
0.87098	0.00000e+00
