0.94428	9.09046e-03
0.92075	1.70620e-02
0.89308	3.47996e-02
0.84984	4.28747e-02
0.80704	5.23107e-02
0.78771	4.31680e-02
0.71369	8.06262e-02
0.70234	7.07808e-02
0.62720	9.59526e-02
0.62786	1.17874e-01
0.59959	1.38147e-01
0.59015	1.73348e-01
0.60191	1.99847e-01
0.59165	1.45496e-01
0.59402	1.58965e-01
0.56580	1.49279e-01
0.55008	1.43867e-01
0.58818	1.29611e-01
0.59773	1.11287e-01
0.62407	9.53672e-02
0.57404	1.17908e-01
0.61604	1.01071e-01
0.61773	9.32665e-02
0.60952	8.70087e-02
0.59029	9.27116e-02
0.61266	9.71046e-02
0.58423	1.07241e-01
0.56780	1.03762e-01
0.60675	9.45835e-02
0.60159	1.07375e-01
0.62043	8.35834e-02
0.56869	1.15290e-01
0.61310	8.17102e-02
0.65010	4.84624e-02
0.59885	8.54072e-02
0.61615	4.47969e-02
0.60906	9.48597e-02
0.62136	3.62772e-02
0.62088	7.13132e-02
0.62492	5.90246e-02
0.63709	5.87138e-02
0.61633	7.64011e-02
0.61407	6.09014e-02
0.64278	5.16221e-02
0.62610	4.96094e-02
0.60133	5.58113e-02
0.60783	6.53034e-02
0.59016	5.53504e-02
0.58628	5.55554e-02
0.57054	5.76681e-02
0.57245	5.06943e-02
0.55198	8.52601e-02
0.54279	4.89880e-02
0.54768	5.72569e-02
0.53387	3.44667e-02
0.54524	6.93776e-02
0.52880	6.70072e-02
0.51090	5.25444e-02
0.53885	7.18210e-02
0.51310	5.83756e-02
0.53160	6.29594e-02
0.53248	6.93272e-02
0.52984	6.81599e-02
0.53820	5.86406e-02
0.53910	5.80663e-02
0.53730	5.86669e-02
0.51599	5.39387e-02
0.50129	4.52443e-02
0.53110	7.10000e-02
0.54249	5.60299e-02
0.50983	7.04318e-02
0.55021	6.58889e-02
0.49588	4.93573e-02
0.51080	7.55136e-02
0.47811	5.68102e-02
0.47707	3.84201e-02
0.47953	7.40373e-02
0.49792	5.39687e-02
0.49206	6.43012e-02
0.48944	4.75785e-02
0.45682	5.28022e-02
0.45124	6.45823e-02
0.47130	8.30430e-02
0.45499	8.26589e-02
0.42965	4.91105e-02
0.48680	5.77064e-02
0.44114	3.93201e-02
0.43536	5.98138e-02
0.43686	8.37570e-02
0.45500	5.43031e-02
0.39651	6.47711e-02
0.41066	6.06488e-02
0.38237	5.95349e-02
0.37992	4.90919e-02
0.39382	7.50914e-02
0.38139	5.19070e-02
0.38320	6.80400e-02
0.34915	5.01679e-02
0.33899	6.37099e-02
0.39603	8.31418e-02
0.38933	7.23093e-02
0.38428	6.75190e-02
0.37814	7.64358e-02
0.36930	7.91638e-02
0.37052	6.17517e-02
0.42710	1.05460e-01
0.43061	1.03208e-01
0.42952	9.69592e-02
0.44017	8.82168e-02
0.42125	8.73504e-02
0.37893	5.45617e-02
0.36790	7.16836e-02
0.38497	7.82175e-02
0.39052	8.13406e-02
0.41212	8.44260e-02
0.41983	8.09287e-02
0.42283	9.43071e-02
0.41210	8.14885e-02
0.43185	8.55645e-02
0.43185	8.55645e-02
0.42903	8.74505e-02
0.46591	8.03971e-02
0.47775	7.05509e-02
0.47994	7.13949e-02
0.46163	5.77869e-02
0.44984	5.03566e-02
0.44670	5.32371e-02
0.44670	5.32371e-02
0.45668	5.98524e-02
0.44532	6.92720e-02
0.44658	6.26378e-02
0.44658	6.26378e-02
0.44344	5.98074e-02
0.45268	6.31771e-02
0.46160	4.45919e-02
0.46358	3.54466e-02
0.46327	3.52224e-02
0.49413	6.84930e-02
0.49228	6.93325e-02
0.48513	6.58028e-02
0.47150	5.06963e-02
0.48593	5.98870e-02
0.49110	6.95273e-02
0.50345	6.17703e-02
0.50880	5.50256e-02
0.49648	4.24295e-02
0.49369	7.42870e-02
0.49435	7.95200e-02
0.49022	7.59379e-02
0.48961	7.69038e-02
0.48476	7.10083e-02
0.49370	6.92138e-02
0.49481	7.00139e-02
0.49494	7.87816e-02
0.50768	8.35352e-02
0.51688	9.78369e-02
0.51641	9.68819e-02
0.51125	9.81858e-02
0.53345	9.29565e-02
0.53345	9.29565e-02
0.54180	8.66211e-02
0.52807	8.28665e-02
0.51486	8.40254e-02
0.50356	8.10214e-02
0.49822	6.91184e-02
0.49942	6.97572e-02
0.55004	9.16169e-02
0.54266	8.87498e-02
0.56252	8.78001e-02
0.55689	8.70865e-02
0.56619	7.51646e-02
0.56619	7.51646e-02
0.53195	5.88511e-02
0.53189	5.88484e-02
0.56086	8.50221e-02
0.54145	6.81908e-02
0.55811	7.03806e-02
0.56660	6.67836e-02
0.56598	7.13519e-02
0.56103	8.53324e-02
0.55574	8.31210e-02
0.55899	8.36080e-02
0.56161	8.59772e-02
0.57795	1.01460e-01
0.59604	8.09269e-02
0.60426	8.32849e-02
0.58208	7.09691e-02
0.57437	9.10244e-02
0.58700	7.46429e-02
0.59125	7.47756e-02
0.59237	5.76747e-02
0.59304	6.70233e-02
0.60296	6.58836e-02
0.60634	6.19064e-02
0.61162	6.79515e-02
0.61448	6.74575e-02
0.61448	6.74575e-02
0.61079	6.85367e-02
0.62896	5.57288e-02
0.62169	6.90567e-02
0.62754	6.52691e-02
0.62603	6.48156e-02
0.62251	7.54817e-02
0.62988	6.07600e-02
0.63679	5.88464e-02
0.62971	5.65109e-02
0.64840	6.11386e-02
0.64594	5.76121e-02
0.64660	5.66939e-02
0.64234	5.12396e-02
0.64234	5.12396e-02
0.65098	4.71668e-02
0.64746	4.39454e-02
0.65819	3.97160e-02
0.66730	3.39722e-02
0.67296	4.56458e-02
0.67002	5.49651e-02
0.66608	4.78667e-02
0.66008	5.22665e-02
0.66527	5.54804e-02
0.65939	5.85501e-02
0.66175	5.68983e-02
0.67621	6.04381e-02
0.68629	5.70911e-02
0.68340	6.24542e-02
0.68759	7.10529e-02
0.68333	6.56424e-02
0.68474	6.61090e-02
0.68369	6.52477e-02
0.68918	6.03435e-02
0.69270	5.92966e-02
0.70151	6.67753e-02
0.70443	7.12879e-02
0.69661	7.21283e-02
0.69978	6.95241e-02
0.70034	5.17161e-02
0.69820	5.36304e-02
0.70750	6.03344e-02
0.71879	6.31778e-02
0.71049	5.18464e-02
0.71903	5.41169e-02
0.72018	5.44455e-02
0.72386	5.44970e-02
0.72259	5.45222e-02
0.72425	6.02920e-02
0.72483	5.69178e-02
0.72883	3.57394e-02
0.72208	4.50468e-02
0.72232	3.35899e-02
0.72232	3.35899e-02
0.72232	3.35899e-02
0.73576	3.46405e-02
0.73060	4.33847e-02
0.72481	4.48670e-02
0.72318	5.34017e-02
0.72829	5.43881e-02
0.72409	5.22191e-02
0.72842	5.48729e-02
0.73127	6.02601e-02
0.73589	5.66288e-02
0.72752	6.56904e-02
0.73975	5.76928e-02
0.73975	5.76928e-02
0.74411	5.15194e-02
0.74411	5.15194e-02
0.72535	5.42129e-02
0.73058	4.56432e-02
0.73828	5.06742e-02
0.73491	4.35169e-02
0.73664	4.69500e-02
0.74964	5.01053e-02
0.75003	4.97259e-02
0.73675	4.91026e-02
0.72907	4.55653e-02
0.73782	4.82924e-02
0.73000	4.86434e-02
0.72994	5.34761e-02
0.74498	5.41218e-02
0.75007	5.82849e-02
0.74691	6.02759e-02
0.74284	5.51264e-02
0.74518	5.82295e-02
0.74215	5.76553e-02
0.74953	5.82540e-02
0.75183	5.81396e-02
0.76492	5.80775e-02
0.75330	6.64422e-02
0.76200	5.97550e-02
0.76880	5.91112e-02
0.76880	5.91112e-02
0.77091	5.74844e-02
0.78429	5.95527e-02
0.79628	4.27777e-02
0.78824	4.61761e-02
0.78212	6.40050e-02
0.78344	6.40147e-02
0.77976	6.33927e-02
0.77690	6.46060e-02
0.78447	6.86893e-02
0.79514	5.34766e-02
0.79321	5.83872e-02
0.77880	4.89096e-02
0.77511	5.37118e-02
0.77432	5.40502e-02
0.77382	5.30322e-02
0.77189	5.68233e-02
0.77349	5.75374e-02
0.78563	5.74705e-02
0.79718	5.74466e-02
0.79811	5.49324e-02
0.79769	5.60948e-02
0.79122	5.92701e-02
0.79358	6.15174e-02
0.79760	6.49871e-02
0.80375	5.85429e-02
0.80375	5.85429e-02
0.80610	5.57748e-02
0.81228	5.47958e-02
0.80682	5.45620e-02
0.81378	5.82132e-02
0.81378	5.82132e-02
0.81378	5.82132e-02
0.81773	5.71395e-02
0.82505	5.57524e-02
0.82590	5.61242e-02
0.81831	5.69840e-02
0.81912	5.64383e-02
0.81846	5.40383e-02
0.81869	5.41737e-02
0.81874	5.42744e-02
0.81373	5.86959e-02
0.81292	6.06642e-02
0.81149	6.13368e-02
0.81722	6.37980e-02
0.82522	6.65025e-02
0.82522	6.65025e-02
0.82757	6.78431e-02
0.83298	6.52357e-02
0.84476	6.54775e-02
0.84014	6.65578e-02
0.84014	6.65578e-02
0.84243	6.82665e-02
0.83092	6.20623e-02
0.84967	4.32319e-02
0.83895	5.00067e-02
0.84382	4.63336e-02
0.84134	4.46403e-02
0.83010	5.87341e-02
0.81461	4.15072e-02
0.81893	5.10758e-02
0.82128	5.26715e-02
0.82663	4.13372e-02
0.83707	4.28112e-02
0.83707	4.28112e-02
0.84139	4.24251e-02
0.84349	4.53720e-02
0.83576	4.63090e-02
0.83649	4.62828e-02
0.84419	4.97557e-02
0.84270	4.99265e-02
0.85181	4.06695e-02
0.84963	3.76832e-02
0.85518	3.34615e-02
0.86417	2.98621e-02
0.85971	3.60417e-02
0.85668	3.60257e-02
0.85674	3.60471e-02
0.85238	4.67718e-02
0.85695	5.06380e-02
0.86268	4.88135e-02
0.86082	4.57397e-02
0.86235	4.09873e-02
0.85523	4.74346e-02
0.85527	4.74324e-02
0.87486	3.41204e-02
0.87364	3.22378e-02
0.87364	3.22378e-02
0.87435	3.14289e-02
0.85726	5.71180e-02
0.86576	3.59711e-02
0.86576	3.59711e-02
0.86280	4.12256e-02
0.86486	4.06616e-02
0.87162	4.31916e-02
0.87995	4.58392e-02
0.88401	5.03385e-02
0.88401	5.03385e-02
0.87812	4.82593e-02
0.87967	5.36806e-02
0.87819	4.97591e-02
0.87494	4.80564e-02
0.86911	4.65946e-02
0.86911	4.65946e-02
0.86911	4.65946e-02
0.87894	4.46312e-02
0.86626	4.03570e-02
0.86645	4.02633e-02
0.87170	3.97315e-02
0.87071	3.93800e-02
0.88929	4.19731e-02
0.88682	4.24141e-02
0.89076	4.20526e-02
0.89166	4.27618e-02
0.88639	4.04958e-02
0.88669	4.64065e-02
0.88516	4.46009e-02
0.89240	5.13153e-02
0.90423	3.43859e-02
0.91320	2.85160e-02
0.90259	2.13140e-02
0.90877	2.66929e-02
0.90558	2.61026e-02
0.90558	2.61026e-02
0.90558	2.61026e-02
0.89531	4.24218e-02
0.89531	4.24218e-02
0.89531	4.24218e-02
0.88970	3.74789e-02
0.89022	3.78334e-02
0.91478	2.28897e-02
0.91479	2.28945e-02
0.92349	2.85129e-02
0.91841	2.40399e-02
0.91350	2.59660e-02
0.91350	2.59660e-02
0.91350	2.59660e-02
0.91350	2.59660e-02
0.91706	2.86394e-02
0.91761	2.89512e-02
0.91857	4.17060e-02
0.87687	0.00000e+00
0.89092	0.00000e+00
0.89092	0.00000e+00
0.89092	0.00000e+00
0.84359	0.00000e+00
0.84359	0.00000e+00
0.84359	0.00000e+00
0.89562	0.00000e+00
0.89562	0.00000e+00
0.89562	0.00000e+00
0.89562	0.00000e+00
0.89562	0.00000e+00
0.89562	0.00000e+00
0.89562	0.00000e+00
0.89562	0.00000e+00
0.89562	0.00000e+00
0.89562	0.00000e+00
0.89176	0.00000e+00
0.89176	0.00000e+00
0.89176	0.00000e+00
0.89176	0.00000e+00
0.89176	0.00000e+00
0.89176	0.00000e+00
0.89176	0.00000e+00
0.89176	0.00000e+00
0.89176	0.00000e+00
0.89835	0.00000e+00
0.89835	0.00000e+00
0.89835	0.00000e+00
0.89835	0.00000e+00
0.89835	0.00000e+00
0.89574	0.00000e+00
0.89574	0.00000e+00
0.89574	0.00000e+00
0.93119	0.00000e+00
0.93119	0.00000e+00
0.93119	0.00000e+00
0.93119	0.00000e+00
0.93068	0.00000e+00
0.93068	0.00000e+00
0.93068	0.00000e+00
0.93068	0.00000e+00
0.94519	0.00000e+00
