0.99217	1.14647e-03
0.97615	8.23366e-03
0.96933	1.21783e-02
0.94600	1.48853e-02
0.93545	2.48425e-02
0.92957	3.73482e-02
0.90318	6.16349e-02
0.89702	5.59242e-02
0.87174	6.64090e-02
0.85712	7.15529e-02
0.86096	6.28073e-02
0.86693	6.57426e-02
0.86845	6.31092e-02
0.83103	8.95732e-02
0.82548	9.41474e-02
0.81444	7.97359e-02
0.81222	1.01162e-01
0.82382	8.15310e-02
0.82508	5.40187e-02
0.82197	6.14193e-02
0.82065	7.10221e-02
0.81608	7.84046e-02
0.82078	5.11883e-02
0.82219	4.99165e-02
0.83316	5.36210e-02
0.79256	8.89149e-02
0.81672	5.99766e-02
0.81950	6.09898e-02
0.80774	7.25337e-02
0.80937	5.82540e-02
0.81191	5.38014e-02
0.82149	6.40025e-02
0.80317	5.86216e-02
0.78621	8.19987e-02
0.77366	5.50279e-02
0.76664	6.61762e-02
0.76750	7.46058e-02
0.76637	8.02751e-02
0.74565	7.62124e-02
0.73989	8.82781e-02
0.75084	7.22110e-02
0.73693	8.62966e-02
0.76281	8.55400e-02
0.73475	8.85584e-02
0.73928	8.73906e-02
0.70484	9.47508e-02
0.73171	7.16953e-02
0.71173	8.64297e-02
0.73443	4.88445e-02
0.73253	8.93183e-02
0.70450	7.95954e-02
0.69393	8.14638e-02
0.69909	7.65319e-02
0.70661	7.33227e-02
0.70210	7.55523e-02
0.68022	6.31390e-02
0.67423	5.54300e-02
0.66919	8.04824e-02
0.64144	7.18155e-02
0.69062	5.61299e-02
0.67898	4.33889e-02
0.68667	5.57207e-02
0.68272	3.93157e-02
0.67124	4.68414e-02
0.67041	5.36809e-02
0.67339	4.44501e-02
0.67105	6.03957e-02
0.63442	4.17423e-02
0.65767	4.24716e-02
0.68558	4.42538e-02
0.62723	5.10516e-02
0.65066	7.27916e-02
0.64982	4.08057e-02
0.61818	6.13189e-02
0.62693	4.65363e-02
0.63306	5.54026e-02
0.63028	4.40093e-02
0.64907	4.82613e-02
0.60806	3.13385e-02
0.59750	4.35815e-02
0.58013	6.02833e-02
0.58502	4.50118e-02
0.58189	4.98749e-02
0.59067	5.98141e-02
0.56991	6.91653e-02
0.56589	5.28935e-02
0.54725	4.02325e-02
0.56459	6.83933e-02
0.56495	5.14596e-02
0.51681	6.30493e-02
0.52811	5.54727e-02
0.54549	3.92541e-02
0.52189	4.20583e-02
0.49992	4.96482e-02
0.52619	6.13420e-02
0.52733	3.46468e-02
0.47941	6.98641e-02
0.52765	4.95920e-02
0.51328	5.35359e-02
0.52787	6.07220e-02
0.52209	5.45912e-02
0.50502	6.34401e-02
0.52540	6.59500e-02
0.53345	6.54769e-02
0.56224	3.80918e-02
0.55663	3.10391e-02
0.57578	6.03325e-02
0.57906	6.42771e-02
0.58379	6.47909e-02
0.58994	6.65431e-02
0.57613	6.20335e-02
0.59397	5.62050e-02
0.59254	5.86029e-02
0.58655	5.15558e-02
0.59801	5.33706e-02
0.59858	5.39036e-02
0.60152	5.09026e-02
0.60589	4.67321e-02
0.59917	3.71123e-02
0.59917	3.71123e-02
0.61392	4.82962e-02
0.61826	5.28448e-02
0.62836	4.86244e-02
0.61139	5.66808e-02
0.62104	5.76521e-02
0.63623	7.29681e-02
0.62943	6.62227e-02
0.62900	5.89517e-02
0.64135	6.48835e-02
0.64793	7.02005e-02
0.66626	7.73898e-02
0.66263	8.49269e-02
0.67047	7.30600e-02
0.68001	8.84137e-02
0.67859	8.84372e-02
0.66978	8.73217e-02
0.67931	8.53753e-02
0.67931	8.53753e-02
0.68554	5.14775e-02
0.68554	5.14775e-02
0.67050	7.92144e-02
0.67536	8.02411e-02
0.67920	8.37135e-02
0.69503	7.63037e-02
0.69847	6.50847e-02
0.70352	4.74340e-02
0.68824	6.34821e-02
0.68619	6.13469e-02
0.69844	7.49474e-02
0.71190	7.59622e-02
0.73624	5.18890e-02
0.73231	5.36562e-02
0.73408	5.29463e-02
0.72586	4.75572e-02
0.72066	3.97470e-02
0.72684	3.63744e-02
0.72505	4.73392e-02
0.72505	4.73392e-02
0.73434	5.03260e-02
0.72930	4.66813e-02
0.72930	4.66813e-02
0.73293	4.73838e-02
0.74795	5.50399e-02
0.75916	5.01482e-02
0.75849	4.21050e-02
0.75159	3.88780e-02
0.74650	3.91292e-02
0.74421	3.37709e-02
0.75286	2.51600e-02
0.75286	2.51600e-02
0.76379	3.37315e-02
0.77369	3.42816e-02
0.76537	4.07190e-02
0.74908	4.39665e-02
0.74756	4.43782e-02
0.74886	4.44122e-02
0.75834	4.55065e-02
0.76938	3.66909e-02
0.77134	3.65270e-02
0.77436	3.41505e-02
0.78621	3.67491e-02
0.78513	3.82562e-02
0.78257	4.57522e-02
0.78257	4.57522e-02
0.78721	2.03225e-02
0.77566	1.85141e-02
0.77600	1.91651e-02
0.77899	2.11486e-02
0.77707	2.33453e-02
0.77980	2.40499e-02
0.76935	2.68069e-02
0.77466	3.09695e-02
0.78001	3.54254e-02
0.78119	4.55332e-02
0.78608	4.71578e-02
0.78658	4.54433e-02
0.78874	4.67289e-02
0.78608	4.36553e-02
0.79348	5.23256e-02
0.81319	4.95609e-02
0.80342	5.13562e-02
0.80409	4.80219e-02
0.81470	5.77685e-02
0.81355	4.38882e-02
0.82245	3.83498e-02
0.81229	4.63069e-02
0.80702	3.32581e-02
0.81323	3.44293e-02
0.80632	3.99721e-02
0.81215	4.24275e-02
0.81425	4.39965e-02
0.82270	3.15897e-02
0.82880	2.56401e-02
0.84019	4.30035e-02
0.83471	4.36234e-02
0.83305	2.05555e-02
0.83305	2.05555e-02
0.83800	2.21070e-02
0.82185	3.73354e-02
0.82185	3.73354e-02
0.81998	3.70801e-02
0.83056	4.55074e-02
0.83942	4.89994e-02
0.83559	4.71698e-02
0.84313	4.37604e-02
0.85064	4.29505e-02
0.85045	4.27790e-02
0.84828	3.74770e-02
0.84313	4.07441e-02
0.84392	3.93805e-02
0.84455	4.01489e-02
0.85646	3.47738e-02
0.85944	3.28852e-02
0.84964	3.11800e-02
0.84432	2.59651e-02
0.84251	2.78343e-02
0.84654	2.62325e-02
0.84829	2.57631e-02
0.84525	3.10146e-02
0.84730	2.83949e-02
0.84610	2.80066e-02
0.85265	3.17848e-02
0.84176	2.93780e-02
0.84464	2.66220e-02
0.84546	2.66241e-02
0.85247	3.36873e-02
0.85247	3.36873e-02
0.84944	2.97444e-02
0.85279	2.93905e-02
0.85870	2.87479e-02
0.85870	2.87479e-02
0.85865	2.86603e-02
0.85271	3.15715e-02
0.85201	3.05215e-02
0.85521	3.83208e-02
0.86211	3.23341e-02
0.86143	3.12050e-02
0.86171	3.10083e-02
0.86120	3.32131e-02
0.86129	2.61732e-02
0.85922	1.90818e-02
0.85579	1.84792e-02
0.86010	1.79230e-02
0.86026	1.79828e-02
0.86196	1.98313e-02
0.86872	2.19336e-02
0.86702	2.08366e-02
0.85783	2.43702e-02
0.86237	2.83145e-02
0.86934	3.06125e-02
0.86936	3.06013e-02
0.87184	2.83636e-02
0.86740	3.18285e-02
0.86145	2.96022e-02
0.86444	3.20495e-02
0.86679	2.98505e-02
0.86718	3.03684e-02
0.87430	2.79502e-02
0.87433	2.79299e-02
0.87433	2.79299e-02
0.87779	2.54872e-02
0.87137	3.75669e-02
0.88099	2.85887e-02
0.87577	3.07382e-02
0.87434	3.26386e-02
0.87895	2.84452e-02
0.87895	2.84452e-02
0.88772	2.91410e-02
0.88772	2.91410e-02
0.88625	3.05323e-02
0.88281	2.57009e-02
0.86976	3.25670e-02
0.86976	3.25670e-02
0.86981	2.51428e-02
0.86748	2.75191e-02
0.87687	2.98659e-02
0.88650	2.87432e-02
0.88708	2.94560e-02
0.88549	3.01593e-02
0.88489	3.42430e-02
0.88304	3.24625e-02
0.88221	3.41145e-02
0.89573	2.67201e-02
0.89113	2.62056e-02
0.89316	2.82450e-02
0.89685	2.60686e-02
0.89892	2.70841e-02
0.89892	2.70841e-02
0.89587	3.06884e-02
0.90036	2.94487e-02
0.89541	3.21205e-02
0.90048	3.35574e-02
0.89324	3.79812e-02
0.89596	3.97555e-02
0.90265	2.95947e-02
0.90627	2.62768e-02
0.90711	2.63614e-02
0.90598	3.10521e-02
0.91792	3.54928e-02
0.90778	2.63981e-02
0.90921	2.49086e-02
0.90930	1.93239e-02
0.90593	1.99323e-02
0.91116	2.25532e-02
0.89267	3.04542e-02
0.90397	3.49214e-02
0.90282	3.56723e-02
0.90752	3.50291e-02
0.90983	3.64527e-02
0.90532	4.13075e-02
0.89976	3.73233e-02
0.89883	3.83622e-02
0.90185	4.77005e-02
0.90185	4.77005e-02
0.91153	5.14208e-02
0.91153	5.14208e-02
0.91606	5.48626e-02
0.92485	4.32629e-02
0.92104	3.98389e-02
0.92645	4.51072e-02
0.92645	4.51072e-02
0.93360	3.50992e-02
0.92971	4.83286e-02
0.94072	3.27007e-02
0.94147	3.22927e-02
0.92563	4.39770e-02
0.92431	4.37044e-02
0.92426	4.37687e-02
0.91901	4.44762e-02
0.91923	4.33539e-02
0.91923	4.33539e-02
0.92016	3.38940e-02
0.91981	3.23180e-02
0.91697	3.34241e-02
0.92110	4.01509e-02
0.92796	3.80965e-02
0.93111	4.19792e-02
0.94143	3.82624e-02
0.93904	4.48916e-02
0.94445	4.63232e-02
0.94587	4.46498e-02
0.93761	4.43908e-02
0.94167	4.69111e-02
0.94213	3.80344e-02
0.94625	3.77957e-02
0.93356	4.17320e-02
0.93288	3.97948e-02
0.93963	3.52839e-02
0.94035	2.95675e-02
0.94178	3.49170e-02
0.94169	3.50077e-02
0.94169	3.50077e-02
0.94021	3.62154e-02
0.93225	3.27351e-02
0.92880	2.98372e-02
0.92880	2.98372e-02
0.92880	2.98372e-02
0.93014	3.72912e-02
0.93032	3.72959e-02
0.93981	3.65690e-02
0.93656	3.33722e-02
0.94204	3.18396e-02
0.93952	3.85751e-02
0.94997	3.11220e-02
0.94581	3.07517e-02
0.95389	3.66060e-02
0.94634	3.55406e-02
0.95507	3.49639e-02
0.96440	1.89386e-02
0.96468	1.93494e-02
0.95749	1.44877e-02
0.95749	1.44877e-02
0.95987	1.51427e-02
0.95222	1.69727e-02
0.95222	1.69727e-02
0.95167	2.95428e-02
0.95186	2.97188e-02
0.95186	2.97188e-02
0.95503	3.30571e-02
0.94243	2.86691e-02
0.95304	4.47266e-03
0.95304	4.47266e-03
0.95525	2.42237e-03
0.95527	2.45821e-03
0.95300	9.90170e-04
0.97486	1.27030e-02
0.95828	2.28268e-02
0.95828	2.28268e-02
0.95676	2.29955e-02
0.97349	1.48871e-02
0.97501	1.63211e-02
0.97553	5.51205e-03
0.97553	5.51205e-03
0.97553	5.51205e-03
0.97614	4.90918e-03
0.97169	4.61400e-04
0.97169	4.61400e-04
0.97169	4.61400e-04
0.97169	4.61400e-04
0.97831	7.08555e-03
0.97831	7.08555e-03
0.97468	1.07224e-02
0.98661	5.50546e-03
0.98655	5.44867e-03
0.99205	0.00000e+00
