0.1104
0.0844
0.1121
0.1363
0.1250
0.1076
0.0662
0.0953
0.1047
0.1006
0.1023
0.1159
0.0830
0.0882
0.1000
0.1104
0.1069
0.1180
0.0707
0.1163
0.0985
0.1133
0.1311
0.0786
0.1050
0.0763
0.1090
0.1132
0.0919
0.0893
0.0997
0.1288
0.1061
0.1434
0.1253
0.1791
0.0978
0.1068
0.0805
0.1387
0.0866
0.1173
0.0687
0.0695
0.0973
0.1406
0.1124
0.0791
0.0878
0.1183
0.1369
0.0899
0.1045
0.1009
0.0704
0.1251
0.1382
0.1020
0.1122
0.0924
0.1000
0.0972
0.0894
0.1160
0.0819
0.1239
0.1019
0.0817
0.1170
0.1307
0.1302
0.1263
0.1146
0.0840
0.1027
0.0889
0.0908
0.0984
0.0846
0.0747
0.0844
0.0943
0.0930
0.1421
0.0722
0.0805
0.0929
0.1066
0.1212
0.0843
0.0765
0.1119
0.1088
0.1100
0.0896
0.0882
0.0782
0.0832
0.1087
0.1435
0.0892
0.1285
0.0817
0.1114
0.0968
0.1006
0.1309
0.1124
0.0720
0.1186
0.0977
0.0984
0.0833
0.0836
0.1089
0.1373
0.0883
0.0732
0.1303
0.1114
0.1029
0.0798
0.1370
0.0983
0.0656
0.1302
0.0962
0.1056
0.0913
0.0854
0.0839
0.1064
0.0939
0.1003
0.0966
0.0938
0.0882
0.1134
0.1020
0.0776
0.0886
0.0791
0.1356
0.1015
0.1137
0.0621
0.0875
0.0673
0.0936
0.1071
0.1309
0.1516
0.0877
0.1570
0.1118
0.0851
0.1122
0.1178
0.1101
0.1509
0.0720
0.0806
0.0961
0.0769
0.1155
0.0846
0.1135
0.1273
0.0767
0.1083
0.1213
0.0561
0.1140
0.1058
0.1063
0.0600
0.0954
0.1131
0.0888
0.0953
0.1151
0.1052
0.0878
0.1096
0.1180
0.0959
0.1123
0.0801
0.0747
0.1064
0.1054
0.1003
0.0853
0.0646
0.0586
0.1087
0.1036
0.0955
0.1178
0.0983
0.0920
0.1043
0.1046
0.1107
0.1241
0.1261
0.0745
0.1128
0.0601
0.1093
0.0911
0.1249
0.0903
0.1126
0.1296
0.1304
0.1059
0.1127
0.0898
0.1101
0.0743
0.0821
0.1001
0.1110
0.0975
0.0997
0.1125
0.0905
0.0900
0.1014
0.0784
0.1037
0.1427
0.1448
0.0884
0.1171
0.0395
0.0707
0.1126
0.0640
0.1033
0.0974
0.1105
0.0860
0.1034
0.0905
0.0888
0.0762
0.0753
0.1074
0.0940
0.1025
0.1046
0.1162
0.1175
0.0942
0.1133
0.0898
0.1022
0.0958
0.0668
0.1184
0.0901
0.0804
0.0892
0.1177
0.1289
0.0689
0.0961
0.0927
0.1332
0.1174
0.0797
0.0820
0.0714
0.0856
0.1076
0.1267
0.0836
0.1238
0.1107
0.1118
0.0808
0.0741
0.0971
0.0969
0.0705
0.0935
0.0666
0.0995
0.1063
0.1100
0.0871
0.0917
0.0421
0.0917
0.1141
0.1184
0.1004
0.0946
0.0886
0.0978
0.0730
0.1139
0.0785
0.1296
0.0867
0.0594
0.0984
0.1146
0.1052
0.0600
0.0813
0.0625
0.1300
0.0789
0.1008
0.1132
0.0896
0.0862
0.1031
0.1243
0.1092
0.1350
0.0863
0.0751
0.0816
0.1128
0.0486
0.1162
0.1062
0.1142
0.1153
0.0774
0.0880
0.1138
0.1117
0.1093
0.0921
0.1237
0.0656
0.0963
0.1189
0.0802
0.0995
0.1493
0.1209
0.0966
0.0892
0.1247
0.1297
0.0985
0.0748
0.0964
0.0878
0.0929
0.0815
0.1012
0.0815
0.0954
0.0726
0.0871
0.0719
0.0913
0.1077
0.0728
0.0960
0.1292
0.0736
0.1203
0.0543
0.0476
0.1295
0.0862
0.1368
0.1023
0.1077
0.1311
0.1013
0.0960
0.0647
0.1346
0.0960
0.1140
0.1184
0.1094
0.1199
0.1019
0.0785
0.1208
0.1093
0.1254
0.1063
0.1224
0.1107
0.1085
0.0876
0.0775
0.0926
0.0865
0.0821
0.0908
0.1256
0.1061
0.1147
0.1094
0.1062
0.0962
0.1191
0.1163
0.1442
0.0842
0.0834
0.0803
0.1233
0.1407
0.0745
0.0653
0.1180
0.1250
0.0889
0.1241
0.1131
0.1108
0.1323
0.1096
0.1338
0.0791
0.0907
0.1133
0.0979
0.1353
0.1566
0.0905
0.1388
0.1056
0.1272
0.1452
0.0924
0.0885
0.0627
0.1134
0.1279
0.1035
0.0665
0.1307
0.1199
0.0802
0.1249
0.0970
0.1082
0.0829
0.1273
0.0961
0.1046
0.1218
0.1046
0.0993
0.0845
0.0960
0.1012
0.0712
0.0979
0.1121
0.1093
0.0962
0.0872
0.0945
0.0856
0.1057
0.1122
0.1112
0.1015
0.1050
0.1314
0.1137
0.1199
0.1032
0.0535
0.1220
0.0969
0.1153
0.1120
0.0710
0.0950
0.1218
0.0749
0.1025
0.1147
0.0876
0.0969
0.1147
0.0804
0.0556
0.1015
0.1086
0.0878
0.1033
0.1320
0.1377
0.1060
0.1218
0.1442
0.1072
0.1306
0.1171
0.0634
0.1211
0.1352
0.0956
0.0715
0.1017
0.1142
0.1105
0.0856
0.0812
0.0800
0.1017
0.1011
0.1152
0.1539
0.1115
0.0694
0.0598
0.1061
0.1182
0.0893
0.1258
0.1139
0.0814
0.1102
0.1209
0.0682
0.1384
0.0869
0.1156
0.1197
0.0888
0.1339
0.1249
0.1142
0.1116
0.1184
0.0763
0.1323
0.1339
0.0666
0.0550
0.0968
0.0480
0.0831
0.1183
0.0947
0.1413
0.0873
0.1066
0.1197
0.0577
0.1122
0.1027
0.0891
0.1307
0.1376
0.1221
0.0923
0.1018
0.1207
0.0787
0.0890
0.0924
0.0994
0.1275
0.0959
0.1148
0.1221
0.1308
0.1028
0.0947
0.1021
0.0973
0.1231
0.1325
0.1118
0.0922
0.0876
0.1014
0.1207
0.0916
0.1210
0.0746
0.0874
0.0730
0.0540
0.0629
0.1142
0.1158
0.0848
0.0933
0.0995
0.0672
0.1300
0.1269
0.0775
0.1170
0.1299
0.0866
0.0873
0.0795
0.1215
0.0845
0.0694
0.1011
0.0943
0.1152
0.0955
0.1400
0.1157
0.0834
0.0964
0.1239
0.1158
0.0885
0.0931
0.1018
0.1083
0.0826
0.1128
0.1078
0.0933
0.1236
0.1142
0.1559
0.1022
0.0729
0.0868
0.0739
0.0822
0.1010
0.1239
0.0853
0.0881
0.1044
0.0898
0.0979
0.0706
0.0810
0.1001
0.0977
0.1136
0.0944
0.1010
0.0959
0.1081
0.0791
0.0803
0.0859
0.1689
0.1113
0.0980
0.0712
0.1113
0.0810
0.1298
0.1241
0.0946
0.0729
0.1121
0.0955
0.0873
0.1171
0.1145
0.1178
0.1195
0.0975
0.1430
0.0655
0.1351
0.1188
0.1083
0.0585
0.1531
0.0985
0.1249
0.1045
0.1345
0.0836
0.1151
0.0902
0.1286
0.0706
0.0774
0.0855
0.1066
0.0889
0.1120
0.1013
0.1006
0.0773
0.0749
0.0912
0.0886
0.0799
0.1017
0.1112
0.0917
0.0996
0.1008
0.1140
0.1102
0.0817
0.1022
0.0947
0.0666
0.0998
0.0865
0.1084
0.1444
0.1120
0.0971
0.0707
0.0840
0.0815
0.0850
0.1173
0.0747
0.0933
0.0737
0.1164
0.0846
0.0878
0.0760
0.1142
0.1077
0.0961
0.0974
0.0926
0.0742
0.0986
0.1199
0.1566
0.1288
0.0949
0.1268
0.1238
0.0743
0.1001
0.1039
0.1106
0.1174
0.0727
0.0825
0.0951
0.0724
0.0810
0.0922
0.1114
0.0883
0.0641
0.1110
0.1310
0.0900
0.1049
0.0911
0.1711
0.1058
0.0648
0.1036
0.1193
0.1234
0.0927
0.0741
0.1163
0.1218
0.1166
0.1314
0.0978
0.1237
0.1169
0.0767
0.1124
0.0899
0.1101
0.0958
0.0836
0.1252
0.0626
0.0968
0.1419
0.1586
0.0776
0.0890
0.1231
0.1078
0.1066
0.0644
0.1104
0.1330
0.0997
0.1273
0.1145
0.0946
0.1046
0.0831
0.0892
0.0846
0.1267
0.0982
0.1042
0.0898
0.1143
0.1102
0.0849
0.0919
0.1015
0.0748
0.1234
0.1056
0.0967
0.0626
0.0909
0.1292
0.0830
0.1056
0.1194
0.0923
0.0901
0.1393
0.1140
0.1002
0.0929
0.1260
0.0957
0.0773
0.1129
0.1231
0.0978
0.0664
0.0805
0.0777
0.1360
0.1129
0.0963
0.0904
0.1639
0.0948
0.0855
0.1182
0.1148
0.1226
0.1110
0.1144
0.1382
0.0463
0.1460
0.1010
0.0920
0.1367
0.0810
0.1185
0.1011
0.0658
0.0906
0.1008
0.0991
0.1139
0.0961
0.1358
0.0983
0.0620
0.0934
0.0689
0.0659
0.0928
0.0819
0.0930
0.1259
0.1172
0.0624
0.0906
0.1156
0.1246
0.0906
0.1025
0.0975
0.0713
0.1203
0.0786
0.0919
0.1076
0.1300
0.1509
0.1535
0.1118
0.1210
0.1290
0.1074
0.0974
0.1349
0.0903
0.0906
0.1092
0.1270
0.1061
0.1208
0.1055
0.0758
0.0580
0.1392
0.1196
0.1226
0.1192
0.1445
0.0626
0.1004
0.1000
0.1405
0.0884
0.0934
0.0926
0.0704
0.1268
0.0987
0.1224
0.1404
0.1253
0.0882
0.0832
0.1094
0.1124
0.1371
0.0842
0.0772
0.0923
0.1056
0.0776
0.1194
0.1000
0.0946
0.1040
0.1338
0.0974
0.0833
0.1157
0.1246
0.1481
0.1162
0.0848
0.0825
0.0962
0.1225
0.1145
0.1171
0.0596
0.0999
0.1076
0.0663
0.1498
0.0894
0.0739
0.1287
0.1130
0.1092
0.1336
0.1077
0.0782
0.1056
0.0803
0.0951
0.1262
0.1036
0.1017
0.0952
0.1102
0.1235
0.0857
0.1382
0.0951
0.1024
0.0693
0.0846
0.0820
0.1555
0.0956
0.0766
0.0776
0.0869
0.1219
0.0961
0.1180
0.0864
0.1083
0.0955
0.0944
0.0785
0.1206
0.1137
0.0913
0.1145
0.0999
0.0918
