0.98392	3.78767e-03
0.97869	8.77940e-03
0.96504	1.17121e-02
0.96328	1.01917e-02
0.96522	1.30826e-02
0.94171	2.55381e-02
0.94454	2.19317e-02
0.94210	1.73326e-02
0.92274	1.56974e-02
0.91149	2.11608e-02
0.90548	1.38772e-02
0.88421	3.62500e-02
0.87966	3.16264e-02
0.88157	4.41173e-02
0.84455	4.08459e-02
0.85282	2.91839e-02
0.85002	3.09203e-02
0.83205	1.91764e-02
0.85837	2.61934e-02
0.82812	5.31570e-02
0.82870	3.10734e-02
0.82702	5.38360e-02
0.81354	4.14735e-02
0.81019	4.86646e-02
0.81564	3.64982e-02
0.77588	6.41431e-02
0.79500	4.06641e-02
0.76931	3.70804e-02
0.75635	7.43177e-02
0.76686	7.75524e-02
0.74878	8.14512e-02
0.74746	7.00670e-02
0.74433	7.93722e-02
0.73178	8.23297e-02
0.70280	9.24778e-02
0.69821	7.94232e-02
0.70622	7.88493e-02
0.67202	1.30408e-01
0.67827	1.20985e-01
0.62746	1.30628e-01
0.63675	1.27621e-01
0.63204	1.21472e-01
0.61950	1.04118e-01
0.61238	1.14449e-01
0.63063	1.23671e-01
0.63389	1.29672e-01
0.60704	1.28759e-01
0.58290	1.58836e-01
0.60096	1.31210e-01
0.58361	1.52322e-01
0.57570	1.26459e-01
0.56880	1.26347e-01
0.57251	1.23683e-01
0.54541	1.31954e-01
0.56021	1.42809e-01
0.52017	1.41737e-01
0.56700	1.48266e-01
0.51596	1.54331e-01
0.53208	1.32319e-01
0.44305	1.74912e-01
0.49455	1.52265e-01
0.46531	1.54534e-01
0.45962	1.50401e-01
0.48094	1.40250e-01
0.43131	1.44876e-01
0.43961	1.50062e-01
0.42711	1.68302e-01
0.40546	1.14667e-01
0.45841	1.02730e-01
0.41338	1.38352e-01
0.40956	1.21251e-01
0.46388	1.37175e-01
0.43544	1.49222e-01
0.43201	1.71248e-01
0.45603	1.68705e-01
0.40945	1.88932e-01
0.41063	1.82552e-01
0.40952	1.42800e-01
0.47446	1.65269e-01
0.43068	1.38135e-01
0.42320	1.38936e-01
0.45005	1.37459e-01
0.42761	1.39401e-01
0.41191	1.49871e-01
0.46277	1.10947e-01
0.45309	1.03749e-01
0.46681	1.07640e-01
0.48353	1.14049e-01
0.44689	1.37876e-01
0.44931	1.13176e-01
0.46237	8.91273e-02
0.45016	1.01106e-01
0.41661	8.50051e-02
0.43068	8.28918e-02
0.44942	1.18290e-01
0.46472	1.39685e-01
0.42673	9.16699e-02
0.43914	1.02526e-01
0.45656	1.13620e-01
0.47807	7.53821e-02
0.49285	6.20872e-02
0.50115	7.06369e-02
0.50129	8.82720e-02
0.49895	8.57939e-02
0.53218	8.29741e-02
0.57347	6.93453e-02
0.57412	6.75456e-02
0.54794	7.38824e-02
0.55387	7.08526e-02
0.55456	7.15300e-02
0.54134	6.85601e-02
0.57609	8.97914e-02
0.57609	8.97914e-02
0.57501	9.04347e-02
0.57141	8.67149e-02
0.58179	8.17997e-02
0.59189	8.15348e-02
0.59024	8.92426e-02
0.58246	7.54339e-02
0.60562	9.06307e-02
0.60099	7.21366e-02
0.60099	7.21366e-02
0.60734	6.93671e-02
0.63304	7.54778e-02
0.62565	8.16660e-02
0.63029	7.20497e-02
0.63615	7.19397e-02
0.65261	7.40646e-02
0.66185	7.09556e-02
0.66948	7.04741e-02
0.67369	7.39530e-02
0.67635	5.98958e-02
0.67635	5.98958e-02
0.68524	7.18233e-02
0.67755	6.84654e-02
0.68649	7.52796e-02
0.69139	7.97710e-02
0.70168	6.85480e-02
0.69706	6.64632e-02
0.69857	6.57871e-02
0.70511	6.38170e-02
0.71684	6.09764e-02
0.72085	6.05314e-02
0.71893	5.65001e-02
0.72266	5.50416e-02
0.73461	5.74610e-02
0.73804	6.44373e-02
0.74045	6.16658e-02
0.73246	6.86067e-02
0.74021	7.31213e-02
0.74793	7.31114e-02
0.74442	7.59928e-02
0.74442	7.59928e-02
0.75217	7.56280e-02
0.75355	7.54528e-02
0.74125	6.84152e-02
0.74201	6.33913e-02
0.74930	7.08549e-02
0.74546	6.58334e-02
0.74546	6.58334e-02
0.74809	6.79704e-02
0.76183	7.13567e-02
0.77569	5.64996e-02
0.77543	5.75713e-02
0.77220	5.47339e-02
0.77219	6.23693e-02
0.77620	6.44975e-02
0.77248	6.21243e-02
0.77248	6.21243e-02
0.77808	5.84083e-02
0.77488	5.66440e-02
0.77817	5.49525e-02
0.79006	5.28970e-02
0.79006	5.28970e-02
0.79005	5.28954e-02
0.79148	5.03229e-02
0.79525	5.58173e-02
0.79897	5.41002e-02
0.79897	5.41002e-02
0.80891	5.92726e-02
0.81314	4.92203e-02
0.80985	5.65079e-02
0.82068	5.70247e-02
0.82477	5.80075e-02
0.83303	5.73892e-02
0.82643	6.40789e-02
0.83274	5.20823e-02
0.82100	5.38508e-02
0.82330	5.28462e-02
0.82330	5.28462e-02
0.82322	5.28076e-02
0.83277	5.01456e-02
0.82972	5.13528e-02
0.83492	4.50475e-02
0.83554	4.34380e-02
0.85282	2.23564e-02
0.85969	2.15426e-02
0.85308	2.67880e-02
0.85538	3.38404e-02
0.85653	3.57752e-02
0.84227	3.27336e-02
0.84227	3.27336e-02
0.84227	3.27336e-02
0.83759	4.19222e-02
0.84511	4.40381e-02
0.84264	4.20362e-02
0.84205	4.34352e-02
0.84556	4.27279e-02
0.84890	4.65864e-02
0.84767	4.95669e-02
0.84767	4.95669e-02
0.85308	5.30806e-02
0.85308	5.30806e-02
0.86927	4.73796e-02
0.87430	3.81503e-02
0.87548	3.48900e-02
0.86833	3.17438e-02
0.87469	3.51029e-02
0.87711	3.66195e-02
0.87583	3.69758e-02
0.87819	3.39474e-02
0.87522	3.20486e-02
0.87522	3.20486e-02
0.87906	3.43446e-02
0.87856	3.19505e-02
0.88405	3.05742e-02
0.87723	3.61850e-02
0.87998	3.21108e-02
0.87953	3.21773e-02
0.88398	3.89649e-02
0.88636	3.55102e-02
0.88344	2.97148e-02
0.88587	3.30869e-02
0.89358	2.51937e-02
0.89347	2.55796e-02
0.89481	2.48747e-02
0.89724	2.41302e-02
0.89944	2.44661e-02
0.90179	3.40462e-02
0.89979	3.61584e-02
0.89704	3.67426e-02
0.89995	3.52668e-02
0.90030	4.34340e-02
0.90030	4.34340e-02
0.89939	4.49568e-02
0.90229	4.06709e-02
0.90788	3.70793e-02
0.91546	2.32264e-02
0.91353	2.25620e-02
0.91345	2.13324e-02
0.91327	2.48149e-02
0.90793	2.43806e-02
0.90793	2.43806e-02
0.91058	2.22874e-02
0.91401	2.08126e-02
0.91232	2.10972e-02
0.91501	2.40513e-02
0.91153	1.92784e-02
0.90836	2.51478e-02
0.91656	1.87119e-02
0.91297	2.49522e-02
0.91360	2.41165e-02
0.90824	2.18484e-02
0.90824	2.18484e-02
0.92049	1.83712e-02
0.92104	2.06908e-02
0.91578	1.82056e-02
0.91881	1.75399e-02
0.91589	1.72350e-02
0.91875	2.01274e-02
0.91898	1.99529e-02
0.92380	2.12953e-02
0.92211	2.19546e-02
0.92734	1.65656e-02
0.92393	2.31745e-02
0.92030	2.18225e-02
0.92261	1.78367e-02
0.92462	1.89386e-02
0.92687	1.70373e-02
0.93023	1.56109e-02
0.93303	1.65962e-02
0.92803	1.61090e-02
0.92569	1.56172e-02
0.93103	1.15125e-02
0.92550	1.27440e-02
0.92786	1.88054e-02
0.93550	1.60080e-02
0.93624	1.39701e-02
0.93177	1.79135e-02
0.93177	1.79151e-02
0.93226	2.16084e-02
0.92581	2.04801e-02
0.93164	1.82759e-02
0.93137	1.99450e-02
0.93374	1.75604e-02
0.92662	2.18465e-02
0.92528	2.34767e-02
0.92584	2.39687e-02
0.92612	2.57329e-02
0.92612	2.57329e-02
0.93906	1.81339e-02
0.93172	1.98845e-02
0.93325	1.82744e-02
0.93454	1.73306e-02
0.94128	1.67835e-02
0.93777	1.97479e-02
0.94030	1.72594e-02
0.93637	1.90878e-02
0.93503	1.85275e-02
0.93526	1.84997e-02
0.93790	1.78774e-02
0.93596	1.84965e-02
0.93604	1.49594e-02
0.94090	1.31097e-02
0.94224	1.81532e-02
0.93880	1.87690e-02
0.93919	1.84861e-02
0.93814	1.79972e-02
0.94194	1.69268e-02
0.94251	1.76827e-02
0.94098	1.71449e-02
0.94098	1.71449e-02
0.94098	1.71449e-02
0.94241	1.83844e-02
0.94546	1.82335e-02
0.94199	1.96827e-02
0.94520	1.76663e-02
0.94765	1.22822e-02
0.94493	1.55478e-02
0.94624	1.82734e-02
0.94125	2.46244e-02
0.93858	2.25006e-02
0.93539	2.31531e-02
0.93433	2.50273e-02
0.94098	2.60340e-02
0.93977	2.47744e-02
0.94210	2.58410e-02
0.94269	2.63486e-02
0.94482	2.15422e-02
0.94245	2.16248e-02
0.94516	2.06882e-02
0.95088	2.35298e-02
0.94852	2.02007e-02
0.94768	2.03421e-02
0.95010	2.34936e-02
0.95457	1.97845e-02
0.95458	1.97738e-02
0.95459	1.98158e-02
0.95539	2.51214e-02
0.95396	2.58560e-02
0.95396	2.58560e-02
0.95409	2.59500e-02
0.95280	2.35000e-02
0.95732	2.21327e-02
0.95742	2.22121e-02
0.95427	2.11722e-02
0.95428	2.11771e-02
0.94963	1.92426e-02
0.94572	1.64484e-02
0.95388	1.03406e-02
0.95203	8.29331e-03
0.94764	1.51728e-02
0.95557	1.36403e-02
0.95684	1.09250e-02
0.95637	1.38015e-02
0.95498	1.29784e-02
0.95498	1.29784e-02
0.95240	1.36392e-02
0.95339	1.30586e-02
0.95227	1.37452e-02
0.94849	1.41062e-02
0.95834	1.86475e-02
0.95836	1.86686e-02
0.96048	1.67509e-02
0.95785	1.80992e-02
0.95718	1.80750e-02
0.96140	1.38118e-02
0.96140	1.38118e-02
0.96141	1.38392e-02
0.96430	1.25895e-02
0.96429	1.25866e-02
0.96649	1.25535e-02
0.96352	1.28135e-02
0.96560	1.13361e-02
0.96481	1.21236e-02
0.96350	1.18659e-02
0.96219	1.33380e-02
0.96357	1.28694e-02
0.95678	1.15210e-02
0.96057	1.51930e-02
0.96057	1.51930e-02
0.96187	1.42873e-02
0.96598	1.03583e-02
0.96156	1.42754e-02
0.96519	1.06341e-02
0.96519	1.06341e-02
0.97161	9.20500e-03
0.97161	9.20500e-03
0.97161	9.20500e-03
0.97316	9.83040e-03
0.96996	8.91377e-03
0.97027	9.26852e-03
0.97425	1.08477e-02
0.97425	1.08477e-02
0.96920	2.03760e-02
0.96919	2.03735e-02
0.96919	2.03735e-02
0.96919	2.03735e-02
0.96919	2.03735e-02
0.96922	2.03891e-02
0.96927	2.04203e-02
0.97360	1.17690e-02
0.97560	8.02965e-03
0.96867	1.50279e-02
0.96236	1.48184e-02
0.96236	1.48184e-02
0.96236	1.48184e-02
0.96232	1.48655e-02
0.97304	4.14377e-03
0.97304	4.14377e-03
0.95450	2.89214e-03
0.95450	2.89214e-03
0.96488	1.32743e-02
0.96488	1.32743e-02
0.97492	3.23233e-03
0.96829	9.86064e-03
0.95987	1.43526e-03
0.98069	8.27992e-04
0.98069	8.27992e-04
0.98069	8.27992e-04
0.98069	8.27992e-04
0.98069	8.27992e-04
0.98185	1.98077e-03
0.98185	1.98077e-03
0.98305	3.18424e-03
0.98305	3.18424e-03
0.98305	3.18424e-03
0.98305	3.18424e-03
0.98305	3.18424e-03
0.98305	3.18424e-03
0.98305	3.18424e-03
0.98305	3.18424e-03
0.97397	1.22651e-02
0.97403	1.23319e-02
0.97406	1.23567e-02
0.96170	0.00000e+00
0.98257	0.00000e+00
0.98257	0.00000e+00
0.98257	0.00000e+00
0.98166	0.00000e+00
0.98166	0.00000e+00
0.98166	0.00000e+00
0.98166	0.00000e+00
0.98166	0.00000e+00
0.98149	0.00000e+00
0.98149	0.00000e+00
0.98149	0.00000e+00
0.98149	0.00000e+00
0.98149	0.00000e+00
0.98149	0.00000e+00
0.98149	0.00000e+00
0.98142	0.00000e+00
