0.98105	5.56478e-03
0.97352	8.36605e-03
0.95359	9.53933e-03
0.94265	1.72979e-02
0.94012	2.02190e-02
0.93703	2.51285e-02
0.92748	2.92140e-02
0.92731	2.25831e-02
0.91204	2.50032e-02
0.91395	2.06651e-02
0.90759	2.69053e-02
0.89358	3.27509e-02
0.87668	2.10575e-02
0.85899	3.88384e-02
0.86670	4.11554e-02
0.83514	3.84895e-02
0.81791	4.93492e-02
0.81318	5.44106e-02
0.80185	4.47587e-02
0.77630	5.53221e-02
0.78339	6.94996e-02
0.76724	4.47901e-02
0.75274	6.35256e-02
0.75208	7.14130e-02
0.72293	5.32302e-02
0.73682	6.45196e-02
0.71780	5.96375e-02
0.68591	7.65231e-02
0.69865	4.02561e-02
0.68354	6.84052e-02
0.71050	6.79325e-02
0.71569	5.40470e-02
0.66647	5.12937e-02
0.68010	4.93582e-02
0.65824	7.23632e-02
0.68377	6.85178e-02
0.66604	7.55927e-02
0.67717	7.08828e-02
0.65138	8.02079e-02
0.63788	6.72927e-02
0.60966	9.53262e-02
0.59027	1.12964e-01
0.60093	1.16684e-01
0.63420	9.48517e-02
0.56626	1.31103e-01
0.60443	9.36510e-02
0.62779	7.25226e-02
0.60215	8.54954e-02
0.59403	8.33491e-02
0.58046	9.50768e-02
0.57347	1.03979e-01
0.59459	1.02652e-01
0.59231	1.18553e-01
0.57713	1.05266e-01
0.56641	1.08060e-01
0.56466	9.29064e-02
0.54867	9.97553e-02
0.54037	1.14753e-01
0.55647	7.75227e-02
0.52226	1.20453e-01
0.54386	1.07527e-01
0.54554	9.36304e-02
0.50996	8.23882e-02
0.56461	1.08821e-01
0.54222	8.71043e-02
0.53835	1.03212e-01
0.54460	1.02094e-01
0.54132	9.55897e-02
0.54811	1.15023e-01
0.54503	1.16723e-01
0.54616	7.82803e-02
0.52040	8.91643e-02
0.54251	1.12393e-01
0.52591	6.54763e-02
0.54952	7.32494e-02
0.51298	9.38562e-02
0.54474	7.63443e-02
0.50790	7.25296e-02
0.51905	8.12920e-02
0.51524	8.91912e-02
0.48133	9.47341e-02
0.48300	5.92596e-02
0.47509	7.70790e-02
0.45846	9.42167e-02
0.47788	6.17212e-02
0.45170	4.50970e-02
0.44024	5.70075e-02
0.40777	6.35216e-02
0.40326	9.00511e-02
0.40627	8.14358e-02
0.42209	7.54607e-02
0.38248	8.09894e-02
0.39210	8.00758e-02
0.43960	8.85274e-02
0.40272	6.34891e-02
0.37635	7.34844e-02
0.34334	1.15150e-01
0.33555	1.32048e-01
0.36372	9.25226e-02
0.40455	1.06027e-01
0.40105	1.19098e-01
0.42285	9.21536e-02
0.43933	1.03571e-01
0.43933	1.03571e-01
0.46798	1.20127e-01
0.45060	1.06634e-01
0.46831	1.11372e-01
0.48472	1.01516e-01
0.49119	1.15133e-01
0.49831	1.12373e-01
0.50391	1.09079e-01
0.53056	8.41426e-02
0.53527	9.65720e-02
0.54386	8.14330e-02
0.54839	8.10142e-02
0.56200	8.99278e-02
0.56200	8.99278e-02
0.56442	9.13029e-02
0.57524	6.81535e-02
0.57626	6.88091e-02
0.59095	8.36686e-02
0.61786	6.35873e-02
0.63498	7.76479e-02
0.63303	7.08717e-02
0.64146	8.06017e-02
0.64175	7.81027e-02
0.65934	6.62064e-02
0.65184	7.92467e-02
0.64566	7.40648e-02
0.65363	8.35536e-02
0.66717	7.69669e-02
0.67381	7.48240e-02
0.67119	7.05646e-02
0.67562	6.48606e-02
0.69340	5.01839e-02
0.70683	5.60027e-02
0.70680	5.59915e-02
0.69449	6.22695e-02
0.70172	7.05803e-02
0.70798	6.92134e-02
0.69891	7.48824e-02
0.72752	6.16746e-02
0.72070	6.03874e-02
0.72111	6.01467e-02
0.72315	5.62423e-02
0.72247	4.64254e-02
0.72893	4.90786e-02
0.72675	4.79099e-02
0.74923	4.92965e-02
0.75926	3.91344e-02
0.75398	4.06174e-02
0.75398	4.06174e-02
0.75672	4.27698e-02
0.75033	4.21732e-02
0.75451	6.02082e-02
0.75670	5.88914e-02
0.76159	6.25714e-02
0.76476	6.24957e-02
0.76775	6.19537e-02
0.75694	6.19001e-02
0.75769	6.99920e-02
0.75170	6.69336e-02
0.76156	5.47859e-02
0.76781	4.98002e-02
0.79403	4.37154e-02
0.79789	3.96977e-02
0.78822	4.07130e-02
0.78317	4.53548e-02
0.77871	4.23628e-02
0.78448	4.38909e-02
0.79307	4.96460e-02
0.79307	4.96460e-02
0.79619	5.38004e-02
0.80044	4.85435e-02
0.80606	4.70377e-02
0.79865	4.48536e-02
0.79708	4.35521e-02
0.79531	4.37737e-02
0.79088	4.51062e-02
0.79871	4.42787e-02
0.80025	4.10852e-02
0.80777	3.99421e-02
0.81881	2.11894e-02
0.81971	2.06687e-02
0.81274	3.35965e-02
0.81889	2.66670e-02
0.81932	2.67126e-02
0.82410	3.71547e-02
0.82883	3.57809e-02
0.82827	3.26776e-02
0.82878	3.17451e-02
0.83318	3.39837e-02
0.83318	3.39837e-02
0.84249	3.26955e-02
0.84136	2.67753e-02
0.84366	2.47972e-02
0.83952	2.57542e-02
0.84994	3.04230e-02
0.85031	3.05212e-02
0.84643	2.75457e-02
0.84344	3.60124e-02
0.84668	3.50358e-02
0.86058	2.27087e-02
0.86068	2.26839e-02
0.86680	2.97029e-02
0.86737	2.61844e-02
0.86682	3.54597e-02
0.86114	3.85925e-02
0.85961	3.83685e-02
0.86345	3.66250e-02
0.86300	4.14336e-02
0.86428	4.24064e-02
0.86441	4.13521e-02
0.87057	4.02162e-02
0.87064	3.69206e-02
0.87061	3.69225e-02
0.87061	3.69225e-02
0.87061	3.69225e-02
0.87283	3.60700e-02
0.87045	3.49904e-02
0.87586	3.80169e-02
0.87576	3.79762e-02
0.87951	3.55634e-02
0.88140	3.41721e-02
0.89096	3.17708e-02
0.89029	3.26477e-02
0.88923	3.04714e-02
0.88740	3.08093e-02
0.88734	3.09308e-02
0.88698	3.05486e-02
0.88919	3.24926e-02
0.88627	3.34521e-02
0.89124	3.83938e-02
0.88952	3.75873e-02
0.88700	3.44075e-02
0.88865	3.73418e-02
0.88865	3.73418e-02
0.88486	3.47271e-02
0.88044	3.55524e-02
0.88845	3.15064e-02
0.89097	2.50544e-02
0.89334	2.81848e-02
0.89646	3.16723e-02
0.89929	2.86766e-02
0.89556	2.76514e-02
0.89687	2.64599e-02
0.89689	2.65003e-02
0.90495	2.99594e-02
0.90471	3.02101e-02
0.89697	2.82256e-02
0.89444	3.30991e-02
0.89564	2.50087e-02
0.90115	2.38263e-02
0.90131	2.39085e-02
0.90007	2.34486e-02
0.90059	2.35738e-02
0.89856	2.74356e-02
0.89830	2.72016e-02
0.89830	2.72016e-02
0.89584	2.76739e-02
0.90475	3.22326e-02
0.90689	3.29501e-02
0.90224	3.21858e-02
0.90228	3.22068e-02
0.90228	3.22068e-02
0.90290	2.76750e-02
0.90798	2.83491e-02
0.90564	2.99258e-02
0.90564	2.99258e-02
0.90907	3.34254e-02
0.90864	3.36028e-02
0.90699	3.20291e-02
0.90857	3.30987e-02
0.90589	3.23761e-02
0.90319	3.06924e-02
0.90270	2.74026e-02
0.90478	2.72051e-02
0.90510	2.82401e-02
0.90719	2.79177e-02
0.90476	4.11449e-02
0.90178	3.81109e-02
0.90566	3.90774e-02
0.90299	3.59334e-02
0.89982	3.49150e-02
0.89982	3.49150e-02
0.90237	3.55045e-02
0.90439	3.88592e-02
0.90389	3.69958e-02
0.90389	3.69958e-02
0.90328	3.68442e-02
0.90651	3.92164e-02
0.90854	4.03116e-02
0.91770	2.83132e-02
0.91299	2.40668e-02
0.92000	2.73341e-02
0.91561	3.18057e-02
0.91518	3.10722e-02
0.91792	3.24585e-02
0.91482	2.88768e-02
0.91386	2.79584e-02
0.91546	2.88556e-02
0.91546	2.88556e-02
0.92172	2.74537e-02
0.92528	2.74751e-02
0.92522	2.32254e-02
0.92624	2.43715e-02
0.92812	2.57537e-02
0.92121	2.37394e-02
0.91893	2.29638e-02
0.91991	2.35272e-02
0.91736	2.64120e-02
0.91646	2.75273e-02
0.92372	2.83753e-02
0.92424	2.54024e-02
0.92726	2.21531e-02
0.92477	2.22044e-02
0.92490	2.24020e-02
0.92411	2.16117e-02
0.92616	2.14360e-02
0.92502	2.13559e-02
0.92485	2.13366e-02
0.92604	2.09591e-02
0.92866	1.38110e-02
0.93216	1.29776e-02
0.93372	1.33363e-02
0.92926	2.02261e-02
0.92936	2.18012e-02
0.92969	2.18712e-02
0.92923	1.77634e-02
0.93072	1.89135e-02
0.93046	1.51739e-02
0.92159	3.31037e-02
0.92281	3.44010e-02
0.93307	2.39716e-02
0.93163	2.52860e-02
0.93542	2.21652e-02
0.93309	2.19045e-02
0.93650	1.56018e-02
0.93936	1.68343e-02
0.93981	1.89045e-02
0.93800	1.59656e-02
0.93800	1.59656e-02
0.94002	1.14116e-02
0.94600	1.68857e-02
0.94594	1.49026e-02
0.94323	1.96460e-02
0.94394	2.09055e-02
0.94140	1.34084e-02
0.94023	1.43017e-02
0.94026	1.43434e-02
0.94111	2.12508e-02
0.94121	1.96450e-02
0.94121	1.96459e-02
0.94445	1.23230e-02
0.94575	1.86162e-02
0.94828	1.21919e-02
0.94572	1.66541e-02
0.94627	1.88010e-02
0.94807	2.05672e-02
0.94696	1.90493e-02
0.94948	1.44771e-02
0.95343	1.78825e-02
0.95343	1.78825e-02
0.95404	1.79680e-02
0.95133	1.84272e-02
0.95200	2.25632e-02
0.95426	2.14131e-02
0.95651	2.18497e-02
0.95587	2.24235e-02
0.95587	2.24235e-02
0.95751	2.31398e-02
0.95012	2.08656e-02
0.94683	2.00988e-02
0.94544	2.05865e-02
0.94559	2.06780e-02
0.93932	1.49588e-02
0.94383	2.12412e-02
0.94028	2.80991e-02
0.93710	2.62731e-02
0.93710	2.62731e-02
0.94810	1.77494e-02
0.94959	1.75645e-02
0.94527	1.20486e-02
0.95095	7.98639e-03
0.95101	7.90214e-03
0.95101	7.90214e-03
0.95164	7.59356e-03
0.95686	1.05694e-02
0.95384	9.31674e-03
0.95773	5.24856e-03
0.95417	1.09577e-02
0.95743	1.53123e-02
0.95836	1.50769e-02
0.95890	1.50667e-02
0.96648	1.27877e-02
0.96782	1.31075e-02
0.96796	1.31659e-02
0.96800	1.32158e-02
0.96800	1.32158e-02
0.97244	8.63275e-03
0.97714	8.37151e-03
0.97827	8.31314e-03
0.97444	6.79944e-03
0.97543	6.99186e-03
0.97587	9.22064e-03
0.97587	9.22064e-03
0.97587	9.22064e-03
0.97705	1.04009e-02
0.96665	0.00000e+00
0.96665	0.00000e+00
0.96949	0.00000e+00
0.96949	0.00000e+00
0.96949	0.00000e+00
0.96949	0.00000e+00
0.96949	0.00000e+00
0.96949	0.00000e+00
0.96949	0.00000e+00
0.96949	0.00000e+00
0.96949	0.00000e+00
0.96949	0.00000e+00
0.96949	0.00000e+00
0.96949	0.00000e+00
0.98189	0.00000e+00
