0.98393	3.69634e-03
0.97207	1.05225e-02
0.95807	1.32100e-02
0.95580	1.66024e-02
0.93638	2.40055e-02
0.93467	2.41821e-02
0.93417	1.40184e-02
0.90770	2.77096e-02
0.90449	1.63272e-02
0.90078	2.43671e-02
0.88952	2.33349e-02
0.87701	2.17037e-02
0.86588	3.66433e-02
0.86939	3.50367e-02
0.85306	3.15733e-02
0.83714	4.72586e-02
0.82852	1.94400e-02
0.81623	4.65052e-02
0.81121	2.81802e-02
0.76451	2.64547e-02
0.79044	3.52039e-02
0.74426	3.67756e-02
0.76553	4.71147e-02
0.72129	3.92388e-02
0.70465	5.49576e-02
0.70133	6.76783e-02
0.71496	6.45919e-02
0.67666	9.21585e-02
0.69919	5.33221e-02
0.68872	7.38056e-02
0.69488	7.79647e-02
0.69255	7.82238e-02
0.66515	5.46836e-02
0.64842	5.09004e-02
0.66976	6.77358e-02
0.65568	7.62341e-02
0.65428	7.42683e-02
0.64493	5.64159e-02
0.62884	7.62024e-02
0.60136	6.01766e-02
0.64381	7.60495e-02
0.64147	4.16970e-02
0.60673	7.87491e-02
0.62277	7.11296e-02
0.60586	6.45220e-02
0.60123	5.43124e-02
0.62844	5.26885e-02
0.63213	6.51638e-02
0.62080	6.24192e-02
0.61737	5.45761e-02
0.59131	8.14290e-02
0.61473	8.79338e-02
0.55494	9.40110e-02
0.55045	5.48279e-02
0.56473	7.35441e-02
0.57719	5.05732e-02
0.54773	5.66966e-02
0.56386	7.81687e-02
0.58737	7.11589e-02
0.56295	7.44758e-02
0.57149	7.64924e-02
0.56744	6.99292e-02
0.57274	6.61335e-02
0.59601	6.87548e-02
0.57884	9.51878e-02
0.57594	6.44158e-02
0.55856	5.80731e-02
0.54822	6.31209e-02
0.55382	6.27063e-02
0.54730	7.14784e-02
0.55162	8.44940e-02
0.55519	5.75289e-02
0.56768	6.03006e-02
0.53905	3.81261e-02
0.54680	6.15334e-02
0.54918	9.26094e-02
0.53566	8.05012e-02
0.54549	8.32283e-02
0.53764	9.71566e-02
0.52263	9.62220e-02
0.50498	9.01308e-02
0.52861	6.24499e-02
0.47887	1.02095e-01
0.51069	4.20896e-02
0.52745	6.68329e-02
0.48496	7.56262e-02
0.47090	7.02713e-02
0.50011	5.90095e-02
0.44493	6.90328e-02
0.46520	9.51585e-02
0.45887	7.51586e-02
0.44326	7.92157e-02
0.43713	9.52047e-02
0.44981	1.11442e-01
0.44888	1.20685e-01
0.45403	1.07051e-01
0.48119	9.37141e-02
0.46551	9.74193e-02
0.42514	1.23881e-01
0.45697	9.75214e-02
0.45697	9.75214e-02
0.47327	1.07075e-01
0.49869	9.94049e-02
0.50696	1.06360e-01
0.50185	1.18511e-01
0.50787	1.20863e-01
0.52321	1.06532e-01
0.53285	9.88894e-02
0.52845	9.20830e-02
0.52349	9.69710e-02
0.52349	9.69710e-02
0.55146	1.01496e-01
0.53498	1.22166e-01
0.53305	1.20773e-01
0.56426	9.90165e-02
0.55180	1.02026e-01
0.54885	1.04975e-01
0.56145	9.66994e-02
0.56837	1.03314e-01
0.58712	9.98706e-02
0.60346	9.71586e-02
0.62064	1.05343e-01
0.61983	1.04422e-01
0.61964	1.02256e-01
0.62268	1.03099e-01
0.63895	7.73390e-02
0.62792	7.55694e-02
0.63003	7.34486e-02
0.62672	5.68971e-02
0.62209	5.79429e-02
0.65190	7.62979e-02
0.66895	7.51076e-02
0.66225	6.98858e-02
0.65128	5.23455e-02
0.65681	5.69703e-02
0.67134	6.99275e-02
0.67773	7.40210e-02
0.66183	7.53471e-02
0.68779	7.15934e-02
0.70136	7.96835e-02
0.70840	7.81569e-02
0.71105	8.02953e-02
0.70421	7.54955e-02
0.72056	8.26636e-02
0.72014	8.21156e-02
0.72555	8.12600e-02
0.73391	8.57207e-02
0.72844	8.19659e-02
0.73374	8.50872e-02
0.73010	7.99865e-02
0.73804	7.50070e-02
0.74410	7.35611e-02
0.74410	7.35611e-02
0.74579	7.27984e-02
0.73903	7.33515e-02
0.73586	7.49837e-02
0.75845	7.71996e-02
0.76673	8.16648e-02
0.76381	8.34732e-02
0.76583	8.06118e-02
0.76940	8.19068e-02
0.78061	6.78526e-02
0.76832	6.86603e-02
0.76736	6.80695e-02
0.77592	7.25122e-02
0.77514	7.22348e-02
0.78593	6.41802e-02
0.79015	6.99844e-02
0.79404	6.35311e-02
0.79576	6.13594e-02
0.79485	6.15328e-02
0.79485	6.15328e-02
0.79660	6.41022e-02
0.79735	5.49459e-02
0.80498	5.08153e-02
0.80496	5.08667e-02
0.80082	5.37531e-02
0.79737	5.87588e-02
0.80449	6.75553e-02
0.80572	6.71081e-02
0.80880	6.68753e-02
0.82091	5.75161e-02
0.81748	5.34471e-02
0.81755	6.77024e-02
0.82155	6.24586e-02
0.82294	6.37170e-02
0.82689	5.93281e-02
0.82317	5.73512e-02
0.82813	5.94911e-02
0.82343	5.74537e-02
0.82710	5.96199e-02
0.82967	6.43137e-02
0.81803	6.99814e-02
0.81911	7.05320e-02
0.83800	5.96933e-02
0.84977	4.79767e-02
0.84981	4.57647e-02
0.84806	4.42921e-02
0.85649	4.36821e-02
0.85661	4.35670e-02
0.84780	4.75281e-02
0.85079	5.51820e-02
0.84539	5.06472e-02
0.84800	5.00632e-02
0.85062	4.88828e-02
0.85077	5.88701e-02
0.85739	6.30136e-02
0.84872	6.24249e-02
0.86119	5.68691e-02
0.86336	5.44957e-02
0.85547	5.92844e-02
0.84727	5.73409e-02
0.84727	5.73409e-02
0.86783	5.13294e-02
0.86856	5.01882e-02
0.86431	5.04125e-02
0.86902	4.96004e-02
0.88059	3.57281e-02
0.88072	3.60179e-02
0.87722	4.24801e-02
0.88337	4.25111e-02
0.88354	4.24430e-02
0.87665	4.76544e-02
0.87101	4.48549e-02
0.86997	4.63056e-02
0.86970	4.74828e-02
0.87381	4.57423e-02
0.87375	4.48463e-02
0.88098	3.81182e-02
0.88048	3.76169e-02
0.88013	3.89885e-02
0.88125	3.70982e-02
0.87633	3.36100e-02
0.88403	3.73711e-02
0.88403	3.73711e-02
0.88103	3.81036e-02
0.88103	3.81036e-02
0.88293	3.89217e-02
0.88212	3.70584e-02
0.88496	3.77736e-02
0.88396	4.43918e-02
0.87764	4.45895e-02
0.87374	4.34759e-02
0.88266	4.21032e-02
0.88674	3.53693e-02
0.88137	3.51426e-02
0.88271	3.40576e-02
0.87904	3.66799e-02
0.88448	3.88337e-02
0.88822	3.68643e-02
0.89809	3.86893e-02
0.89219	4.01695e-02
0.89936	3.55631e-02
0.90317	3.55544e-02
0.90181	3.74408e-02
0.89940	3.56082e-02
0.89103	3.47534e-02
0.89533	3.77157e-02
0.89477	3.41232e-02
0.90359	3.35562e-02
0.90359	3.35562e-02
0.90645	3.01207e-02
0.90513	3.13771e-02
0.90672	2.96035e-02
0.90374	3.33376e-02
0.90502	3.27996e-02
0.91093	2.59341e-02
0.91036	2.82379e-02
0.90468	2.88633e-02
0.90268	2.60103e-02
0.90927	2.80657e-02
0.91201	2.66763e-02
0.90842	2.61076e-02
0.90545	3.01009e-02
0.91312	2.24540e-02
0.90838	2.77858e-02
0.90813	2.60264e-02
0.90771	2.61997e-02
0.91164	2.98948e-02
0.90683	2.58912e-02
0.90518	2.61882e-02
0.91290	2.73860e-02
0.91397	2.74335e-02
0.91429	2.54053e-02
0.90879	2.28540e-02
0.90982	2.17672e-02
0.90864	2.70154e-02
0.90679	2.34192e-02
0.90742	2.25650e-02
0.90777	2.21518e-02
0.91340	3.34973e-02
0.91064	3.30583e-02
0.91195	2.94580e-02
0.90954	2.71924e-02
0.91170	2.57368e-02
0.91400	2.85931e-02
0.91544	2.83944e-02
0.91444	3.11520e-02
0.92097	2.45736e-02
0.92120	2.46625e-02
0.92736	2.27619e-02
0.92215	2.65768e-02
0.91963	2.27596e-02
0.92018	2.07006e-02
0.92212	2.31795e-02
0.92503	2.73949e-02
0.92451	2.76007e-02
0.92729	2.73095e-02
0.93100	2.67675e-02
0.92557	3.29076e-02
0.92787	3.06287e-02
0.92717	2.98240e-02
0.92427	2.71905e-02
0.92469	2.70864e-02
0.92487	2.72227e-02
0.92610	2.76210e-02
0.92610	2.76210e-02
0.92042	2.09713e-02
0.92289	2.62632e-02
0.92270	2.64833e-02
0.91945	2.77216e-02
0.93063	2.21888e-02
0.93137	2.18652e-02
0.93117	1.86621e-02
0.93317	1.88318e-02
0.93329	2.56726e-02
0.93619	2.39982e-02
0.93183	2.03198e-02
0.93284	1.83885e-02
0.93698	1.64057e-02
0.93883	1.67886e-02
0.93902	1.44024e-02
0.93692	2.15782e-02
0.93916	2.17536e-02
0.93853	2.13724e-02
0.94042	2.25128e-02
0.93900	2.21696e-02
0.94101	2.04973e-02
0.94184	2.19122e-02
0.94321	1.87045e-02
0.94809	1.94858e-02
0.94655	1.80698e-02
0.94525	1.78304e-02
0.95081	1.60016e-02
0.95082	1.60168e-02
0.94648	2.07987e-02
0.94657	2.08684e-02
0.94360	1.69281e-02
0.94592	2.03404e-02
0.94330	2.30681e-02
0.94556	2.21440e-02
0.94296	1.75673e-02
0.94708	1.46361e-02
0.95040	1.62492e-02
0.95040	1.62492e-02
0.95040	1.62492e-02
0.95062	1.50838e-02
0.94938	1.54042e-02
0.95166	1.81251e-02
0.95553	1.90037e-02
0.95258	1.97733e-02
0.95009	2.09693e-02
0.95218	2.13091e-02
0.95528	2.34030e-02
0.95869	1.96471e-02
0.95473	1.96367e-02
0.96081	1.58095e-02
0.95862	1.53593e-02
0.95862	1.53627e-02
0.95862	1.53627e-02
0.96245	1.23710e-02
0.96360	1.38810e-02
0.96074	1.27630e-02
0.96074	1.27630e-02
0.96577	9.09621e-03
0.96851	1.10517e-02
0.96860	1.10461e-02
0.96920	1.11006e-02
0.96936	1.12391e-02
0.97016	1.22461e-02
0.96826	1.25833e-02
0.96826	1.25833e-02
0.96826	1.25833e-02
0.96826	1.25833e-02
0.96831	1.25971e-02
0.96831	1.25971e-02
0.97239	1.08946e-02
0.96884	1.23678e-02
0.96884	1.23678e-02
0.96886	1.23422e-02
0.97686	5.32373e-03
0.97686	5.32373e-03
0.97687	5.34829e-03
0.97432	1.75385e-03
0.97432	1.75385e-03
0.97432	1.75385e-03
0.96326	1.01713e-02
0.96326	1.01713e-02
0.96549	1.59917e-02
0.96549	1.59917e-02
0.96706	1.73169e-02
0.96708	1.73238e-02
0.96347	1.75290e-02
0.96216	1.71229e-02
0.96216	1.71229e-02
0.96222	1.71678e-02
0.96299	1.75679e-02
0.96398	1.83398e-02
0.96633	1.99516e-02
0.95890	2.07390e-02
0.95890	2.07390e-02
0.95890	2.07390e-02
0.96990	9.73909e-03
0.96990	9.73909e-03
0.96990	9.73909e-03
0.97866	9.77026e-04
0.97866	9.77026e-04
0.97887	1.18415e-03
0.97947	1.78592e-03
0.97867	0.00000e+00
0.97867	0.00000e+00
0.97867	0.00000e+00
0.97867	0.00000e+00
0.97867	0.00000e+00
0.97867	0.00000e+00
0.97867	0.00000e+00
0.97867	0.00000e+00
0.97867	0.00000e+00
0.97867	0.00000e+00
0.97867	0.00000e+00
0.97867	0.00000e+00
0.97889	0.00000e+00
0.97889	0.00000e+00
0.97889	0.00000e+00
0.97889	0.00000e+00
0.97889	0.00000e+00
0.98080	0.00000e+00
0.98080	0.00000e+00
0.98270	0.00000e+00
