0.98783	2.96570e-03
0.97315	1.02522e-02
0.96162	1.40891e-02
0.94295	2.00908e-02
0.94531	1.75304e-02
0.93974	1.76283e-02
0.93268	2.01555e-02
0.92177	2.22224e-02
0.90803	2.18307e-02
0.90606	3.18731e-02
0.89878	2.99068e-02
0.88088	3.02358e-02
0.88150	2.27111e-02
0.86789	3.77239e-02
0.86770	4.27736e-02
0.84827	3.28502e-02
0.83988	4.18881e-02
0.83394	4.36563e-02
0.81573	3.71459e-02
0.80680	3.32302e-02
0.80017	2.28889e-02
0.75522	4.77335e-02
0.77143	4.60440e-02
0.76905	4.36236e-02
0.74949	4.33716e-02
0.73722	6.01825e-02
0.73065	6.11731e-02
0.70837	7.23558e-02
0.72687	6.30012e-02
0.71218	9.05624e-02
0.69806	6.82242e-02
0.68383	1.08091e-01
0.69361	6.70235e-02
0.69183	7.54672e-02
0.66910	6.77137e-02
0.69119	5.46496e-02
0.65615	5.78788e-02
0.65787	1.04340e-01
0.66239	6.82949e-02
0.61573	1.01938e-01
0.66402	8.37824e-02
0.62832	8.88475e-02
0.60356	1.00849e-01
0.60119	8.96333e-02
0.60877	7.42398e-02
0.57725	1.07318e-01
0.58992	8.75711e-02
0.62018	9.02751e-02
0.60270	7.53960e-02
0.61790	7.52417e-02
0.60699	6.68952e-02
0.61936	1.01485e-01
0.63529	6.59994e-02
0.57676	7.13556e-02
0.58605	9.80192e-02
0.59346	8.64369e-02
0.57837	9.61931e-02
0.58730	9.21575e-02
0.56447	9.38115e-02
0.57986	6.14532e-02
0.59805	9.44163e-02
0.58899	8.18297e-02
0.60953	7.67254e-02
0.58035	6.48287e-02
0.60336	6.13910e-02
0.61187	5.47591e-02
0.59082	6.63680e-02
0.57785	4.45399e-02
0.59045	5.10982e-02
0.60643	7.19498e-02
0.57205	5.93105e-02
0.59305	4.48100e-02
0.58846	5.83071e-02
0.60482	8.61107e-02
0.59980	6.78025e-02
0.59382	5.27552e-02
0.58842	5.81680e-02
0.62088	7.24579e-02
0.58448	5.85790e-02
0.59978	5.55018e-02
0.58877	6.56541e-02
0.58734	4.07654e-02
0.57659	8.38259e-02
0.55793	9.14859e-02
0.56539	4.95048e-02
0.55503	5.97422e-02
0.52840	8.58168e-02
0.53981	7.95582e-02
0.47288	9.21763e-02
0.49295	1.19266e-01
0.50820	8.31471e-02
0.51458	1.05944e-01
0.52448	1.10911e-01
0.47615	1.08638e-01
0.47689	1.21750e-01
0.51216	5.91361e-02
0.51901	7.64896e-02
0.47261	8.82844e-02
0.46845	9.91731e-02
0.48829	1.36430e-01
0.49122	1.37738e-01
0.49326	1.39266e-01
0.48323	1.33440e-01
0.48624	1.35638e-01
0.51608	1.49860e-01
0.51500	1.49809e-01
0.54878	1.12454e-01
0.58456	1.17345e-01
0.60043	1.00325e-01
0.60806	1.09705e-01
0.64012	7.93166e-02
0.63197	6.77843e-02
0.64923	8.79502e-02
0.64617	9.05636e-02
0.64079	9.92673e-02
0.64962	9.15223e-02
0.64962	9.15223e-02
0.66125	9.76067e-02
0.66132	9.76389e-02
0.66575	8.98679e-02
0.66722	8.99072e-02
0.67147	8.60101e-02
0.67637	9.13295e-02
0.68357	8.07122e-02
0.67121	1.03595e-01
0.68806	7.30382e-02
0.71330	6.13611e-02
0.71330	6.13611e-02
0.71628	6.54348e-02
0.71431	6.31167e-02
0.72004	5.57744e-02
0.71508	5.65180e-02
0.72348	5.61087e-02
0.73067	5.72854e-02
0.72509	5.30270e-02
0.73545	6.96926e-02
0.74490	5.93198e-02
0.74817	5.72187e-02
0.74199	5.96870e-02
0.74842	5.42512e-02
0.74754	6.59857e-02
0.76194	5.02682e-02
0.76915	5.13098e-02
0.76915	5.13098e-02
0.77116	5.06673e-02
0.77265	5.23865e-02
0.77265	5.23865e-02
0.77265	5.23865e-02
0.78013	4.39895e-02
0.78529	4.87022e-02
0.78364	4.82875e-02
0.77536	4.78171e-02
0.78078	4.93901e-02
0.79670	5.61542e-02
0.79840	6.10749e-02
0.79888	6.10995e-02
0.79388	5.69367e-02
0.79597	5.20925e-02
0.79952	5.74334e-02
0.80148	5.45988e-02
0.79937	5.54028e-02
0.80408	4.67311e-02
0.80822	5.04664e-02
0.80716	5.72196e-02
0.80716	5.72196e-02
0.81498	5.37658e-02
0.82590	4.68584e-02
0.82603	4.76131e-02
0.82554	5.34539e-02
0.82639	5.30616e-02
0.81815	4.96754e-02
0.82973	5.34711e-02
0.82933	5.33992e-02
0.82288	5.09075e-02
0.82898	5.19776e-02
0.83580	3.69312e-02
0.83577	3.69311e-02
0.84298	4.21431e-02
0.84298	4.21431e-02
0.84820	4.57004e-02
0.85419	4.30057e-02
0.84530	4.13050e-02
0.84496	4.11586e-02
0.85042	4.22354e-02
0.84972	4.34119e-02
0.85656	4.29800e-02
0.85722	4.27651e-02
0.85670	4.25675e-02
0.85579	4.09966e-02
0.85803	4.23430e-02
0.86003	4.32507e-02
0.86550	4.48214e-02
0.85727	4.47816e-02
0.85727	4.47816e-02
0.85952	4.72168e-02
0.85952	4.72168e-02
0.85952	4.72168e-02
0.85952	4.54095e-02
0.86757	2.99313e-02
0.86757	2.99313e-02
0.86826	2.95433e-02
0.86826	2.95433e-02
0.86184	4.09387e-02
0.86641	3.75645e-02
0.86639	3.75737e-02
0.86295	4.31681e-02
0.87005	3.10692e-02
0.87154	3.25791e-02
0.87244	2.54452e-02
0.86959	2.26836e-02
0.87298	1.68925e-02
0.87540	1.70881e-02
0.87704	1.35936e-02
0.87432	1.10800e-02
0.87811	1.70604e-02
0.87531	1.71895e-02
0.87662	1.72563e-02
0.87855	2.02219e-02
0.87855	2.02219e-02
0.87865	2.03715e-02
0.87860	2.04058e-02
0.87303	2.96429e-02
0.87329	2.99080e-02
0.87329	2.99080e-02
0.87334	3.02876e-02
0.87458	2.95421e-02
0.87254	2.81798e-02
0.87538	1.90279e-02
0.87620	1.92209e-02
0.88687	2.45146e-02
0.89042	2.48326e-02
0.88589	2.36521e-02
0.89050	2.31361e-02
0.89394	2.52128e-02
0.89394	2.52128e-02
0.88794	2.79991e-02
0.88994	2.75974e-02
0.89155	2.22165e-02
0.89484	2.43475e-02
0.89484	2.43496e-02
0.89827	2.54015e-02
0.89572	2.49328e-02
0.89779	2.45569e-02
0.89680	2.57039e-02
0.89910	2.88917e-02
0.89884	2.86746e-02
0.90030	3.00013e-02
0.90090	2.27783e-02
0.89366	2.14134e-02
0.90262	2.68853e-02
0.90262	2.68853e-02
0.90032	2.93205e-02
0.90040	2.94671e-02
0.90148	2.92918e-02
0.90765	2.36948e-02
0.90088	2.53270e-02
0.90935	2.44592e-02
0.91133	2.49873e-02
0.90758	2.33787e-02
0.91380	2.29832e-02
0.91302	2.03512e-02
0.91302	2.03512e-02
0.91222	2.00750e-02
0.91174	1.93824e-02
0.91481	2.01735e-02
0.91672	1.61672e-02
0.91210	1.90884e-02
0.91935	1.67618e-02
0.91821	1.86555e-02
0.91492	1.86067e-02
0.91314	1.53797e-02
0.91378	1.59175e-02
0.91577	1.94305e-02
0.91626	2.48774e-02
0.91167	2.06755e-02
0.91167	2.06755e-02
0.91706	1.98093e-02
0.91646	1.90293e-02
0.91252	1.98830e-02
0.91770	1.98001e-02
0.92392	2.23754e-02
0.92037	1.75616e-02
0.92568	2.05477e-02
0.92568	2.05477e-02
0.92394	2.00175e-02
0.92394	2.02700e-02
0.92660	2.02750e-02
0.92304	2.26556e-02
0.92877	2.09510e-02
0.92917	2.13349e-02
0.92625	1.99653e-02
0.92727	2.71230e-02
0.93160	2.39918e-02
0.92735	2.48714e-02
0.92365	2.38796e-02
0.93330	2.46477e-02
0.93215	2.45253e-02
0.92794	2.66037e-02
0.92543	2.52954e-02
0.92615	2.15171e-02
0.92774	2.23173e-02
0.92977	2.07004e-02
0.92780	2.02440e-02
0.92233	1.31038e-02
0.92307	2.00512e-02
0.92806	2.25384e-02
0.92566	2.15420e-02
0.92667	2.50826e-02
0.93143	3.03502e-02
0.93455	2.97708e-02
0.93345	3.00787e-02
0.93345	3.00787e-02
0.93682	3.12791e-02
0.94257	2.24666e-02
0.94264	2.29364e-02
0.94064	1.91349e-02
0.94112	1.77221e-02
0.94352	1.63593e-02
0.95081	1.16739e-02
0.94887	1.35084e-02
0.94775	1.25135e-02
0.93958	2.84141e-02
0.94196	2.82022e-02
0.94875	2.28958e-02
0.94576	2.38811e-02
0.94798	2.36983e-02
0.95046	2.19038e-02
0.95134	2.19654e-02
0.94816	2.10685e-02
0.95040	2.20104e-02
0.94266	1.82764e-02
0.94015	1.80085e-02
0.94057	1.67047e-02
0.94201	1.73068e-02
0.94749	1.15687e-02
0.94769	1.57047e-02
0.94437	1.86530e-02
0.94622	1.73611e-02
0.94217	1.90946e-02
0.95053	1.66228e-02
0.94833	1.86052e-02
0.94983	1.92866e-02
0.95170	1.60778e-02
0.94943	1.46320e-02
0.95546	7.73254e-03
0.95546	7.73254e-03
0.95579	7.96731e-03
0.95542	8.16592e-03
0.95699	8.96284e-03
0.95412	8.92461e-03
0.95443	9.05507e-03
0.95686	1.02934e-02
0.95762	1.02987e-02
0.95125	1.85234e-02
0.95035	1.94882e-02
0.95593	1.21978e-02
0.95517	1.20879e-02
0.95997	1.31196e-02
0.96222	1.36063e-02
0.96198	1.34291e-02
0.95938	1.39853e-02
0.95938	1.39853e-02
0.95938	1.39853e-02
0.95948	1.40517e-02
0.95591	1.42366e-02
0.95988	1.29518e-02
0.95465	1.60213e-02
0.95205	1.42193e-02
0.95793	1.65720e-02
0.95767	1.75671e-02
0.95776	1.76207e-02
0.96076	1.76185e-02
0.95716	2.09562e-02
0.96216	1.53973e-02
0.96449	1.04797e-02
0.96233	1.23653e-02
0.96491	1.08890e-02
0.96561	1.06971e-02
0.96701	1.25834e-02
0.96203	1.46879e-02
0.95690	1.63536e-02
0.95689	1.63492e-02
0.95810	1.69416e-02
0.96281	1.95059e-02
0.96737	1.45849e-02
0.96762	1.48146e-02
0.96091	1.57867e-02
0.95799	1.63560e-02
0.96760	1.24434e-02
0.96760	1.24434e-02
0.96758	1.24379e-02
0.96301	1.68974e-02
0.96484	1.44942e-02
0.96889	1.56829e-02
0.96242	1.87634e-02
0.96545	2.11265e-02
0.96132	2.08149e-02
0.96132	2.08149e-02
0.96884	2.06019e-02
0.96884	2.06019e-02
0.96884	2.06019e-02
0.96921	1.47365e-02
0.97417	1.04139e-02
0.97285	7.89429e-03
0.97325	7.88510e-03
0.97325	7.88510e-03
0.97723	7.01152e-03
0.97723	7.01152e-03
0.97858	6.87703e-03
0.98148	9.65319e-03
0.97653	1.15142e-02
0.97997	1.07013e-02
0.97997	1.07013e-02
0.97997	1.07013e-02
0.97997	1.07013e-02
0.98104	8.98485e-03
0.98105	8.99193e-03
0.97742	7.42561e-03
0.97753	7.49152e-03
0.97304	1.38261e-02
0.97304	1.38261e-02
0.97904	4.32717e-03
0.97610	1.44652e-03
0.97610	1.44652e-03
0.97610	1.44652e-03
0.97610	1.44652e-03
0.97610	1.44652e-03
0.97258	4.96787e-03
0.98147	3.92784e-03
0.98147	3.92784e-03
0.98147	3.92784e-03
0.98147	3.92784e-03
0.96963	1.59929e-02
0.96963	1.59929e-02
0.96963	1.59929e-02
0.96963	1.59929e-02
0.96963	1.59929e-02
0.97050	1.68702e-02
0.97050	1.68702e-02
0.97092	1.72891e-02
0.97092	1.72891e-02
0.97458	1.48477e-02
0.95973	0.00000e+00
0.97887	0.00000e+00
0.97887	0.00000e+00
0.97887	0.00000e+00
0.98145	0.00000e+00
0.98145	0.00000e+00
0.95040	0.00000e+00
0.95040	0.00000e+00
0.95040	0.00000e+00
0.95040	0.00000e+00
0.97393	0.00000e+00
0.96065	0.00000e+00
0.96065	0.00000e+00
0.96065	0.00000e+00
0.96065	0.00000e+00
0.96065	0.00000e+00
0.96065	0.00000e+00
0.96065	0.00000e+00
0.96065	0.00000e+00
0.96065	0.00000e+00
0.96458	0.00000e+00
0.96458	0.00000e+00
0.96458	0.00000e+00
0.96458	0.00000e+00
0.96458	0.00000e+00
0.96416	0.00000e+00
0.96416	0.00000e+00
0.96416	0.00000e+00
0.96416	0.00000e+00
0.96416	0.00000e+00
0.96416	0.00000e+00
0.96416	0.00000e+00
0.96416	0.00000e+00
0.98398	0.00000e+00
0.98398	0.00000e+00
0.98398	0.00000e+00
0.98398	0.00000e+00
0.98398	0.00000e+00
0.98398	0.00000e+00
0.98307	0.00000e+00
0.98307	0.00000e+00
0.98848	0.00000e+00
0.98848	0.00000e+00
0.98848	0.00000e+00
0.98872	0.00000e+00
