0.99190	1.56621e-03
0.98246	9.62767e-03
0.97004	8.11132e-03
0.96080	1.86918e-02
0.94634	2.03796e-02
0.94064	2.63495e-02
0.93957	2.37874e-02
0.94052	2.79849e-02
0.92276	3.60534e-02
0.90646	3.63952e-02
0.89538	4.85237e-02
0.89277	5.20784e-02
0.87870	5.51821e-02
0.86972	7.65410e-02
0.87798	5.15049e-02
0.83941	5.65143e-02
0.84304	6.72294e-02
0.82184	9.24411e-02
0.82703	9.97513e-02
0.83895	9.27628e-02
0.85916	6.70656e-02
0.84345	5.76403e-02
0.84767	6.64744e-02
0.84119	9.05969e-02
0.83103	7.14166e-02
0.83161	4.17375e-02
0.83218	4.97345e-02
0.83061	4.47181e-02
0.83123	5.74949e-02
0.82256	4.73872e-02
0.81937	5.23354e-02
0.81444	4.78938e-02
0.81214	5.78862e-02
0.81500	3.23369e-02
0.80000	4.52626e-02
0.81953	3.23646e-02
0.78027	4.87429e-02
0.79759	3.31341e-02
0.78584	5.08261e-02
0.80398	3.41465e-02
0.78376	5.52383e-02
0.77823	4.72148e-02
0.75255	4.71846e-02
0.77391	4.51865e-02
0.75293	3.97393e-02
0.74163	4.57962e-02
0.74867	5.01756e-02
0.74660	4.22263e-02
0.74223	5.19463e-02
0.72887	5.54544e-02
0.71765	5.53094e-02
0.72642	4.87475e-02
0.72752	5.26741e-02
0.73862	3.71581e-02
0.74444	3.54927e-02
0.72176	5.02406e-02
0.70769	5.33907e-02
0.70639	5.00161e-02
0.71169	3.99030e-02
0.68110	4.79264e-02
0.70207	5.10123e-02
0.68771	8.19445e-02
0.70110	4.27067e-02
0.66095	6.65558e-02
0.68587	4.64809e-02
0.69432	6.20507e-02
0.66874	7.61410e-02
0.66451	8.79526e-02
0.68505	5.48307e-02
0.66089	5.36395e-02
0.66714	4.30172e-02
0.65400	7.12614e-02
0.64026	5.26371e-02
0.64369	4.02618e-02
0.64222	7.51221e-02
0.64003	5.06589e-02
0.62759	3.43319e-02
0.61548	8.79369e-02
0.65321	5.94011e-02
0.63561	5.58300e-02
0.61350	7.23966e-02
0.62931	5.11341e-02
0.60314	5.21889e-02
0.60266	7.41156e-02
0.62120	7.97989e-02
0.60337	7.02325e-02
0.57813	6.63463e-02
0.58124	5.73483e-02
0.56338	6.70169e-02
0.55768	7.39172e-02
0.54250	8.00584e-02
0.55317	7.85221e-02
0.51807	5.72015e-02
0.53708	6.04699e-02
0.54711	6.29136e-02
0.51846	5.01516e-02
0.51409	7.61618e-02
0.50957	6.13590e-02
0.51883	7.20826e-02
0.51948	6.82053e-02
0.53315	5.23961e-02
0.52136	5.84766e-02
0.51976	6.48767e-02
0.53178	6.37008e-02
0.55470	6.70435e-02
0.53570	5.64896e-02
0.55900	7.28556e-02
0.55900	7.28556e-02
0.55644	6.23032e-02
0.55105	7.01552e-02
0.55461	7.44374e-02
0.55894	7.84826e-02
0.56628	7.15054e-02
0.55930	6.62188e-02
0.55526	4.52085e-02
0.55299	6.00972e-02
0.55317	6.60070e-02
0.55317	6.60070e-02
0.55522	6.59945e-02
0.56124	6.37848e-02
0.57185	6.09549e-02
0.56619	6.06166e-02
0.57530	6.99906e-02
0.56986	6.97618e-02
0.58984	6.03946e-02
0.58163	7.07049e-02
0.59480	7.95094e-02
0.59045	7.34846e-02
0.59691	7.55201e-02
0.57697	6.92272e-02
0.57787	6.94216e-02
0.58827	5.44185e-02
0.59894	6.81327e-02
0.59224	5.75670e-02
0.59923	6.05982e-02
0.59227	6.63925e-02
0.59744	6.58120e-02
0.60929	6.93900e-02
0.61266	7.35958e-02
0.60473	8.08072e-02
0.61681	6.09561e-02
0.61814	5.19834e-02
0.61048	4.68450e-02
0.60257	4.99469e-02
0.61114	6.34614e-02
0.60374	5.27957e-02
0.63029	4.66153e-02
0.63029	4.66140e-02
0.62963	4.14533e-02
0.63724	4.93100e-02
0.64878	5.27419e-02
0.64283	4.84602e-02
0.66916	2.63237e-02
0.67203	2.54986e-02
0.69593	2.21469e-02
0.69075	2.48802e-02
0.66808	5.17171e-02
0.67002	4.93910e-02
0.66158	5.24480e-02
0.66315	5.04109e-02
0.66042	4.78208e-02
0.66042	4.78208e-02
0.67168	5.67427e-02
0.67168	5.67427e-02
0.66743	5.38151e-02
0.68769	4.52839e-02
0.68908	4.51976e-02
0.70031	3.76596e-02
0.71097	2.05855e-02
0.69617	5.00364e-02
0.69439	5.29488e-02
0.69866	3.89301e-02
0.70753	4.55975e-02
0.70088	3.99562e-02
0.71050	4.59711e-02
0.70966	5.68894e-02
0.71744	5.23262e-02
0.72423	4.61789e-02
0.72865	6.36896e-02
0.72986	6.57315e-02
0.73152	6.53134e-02
0.73673	3.83811e-02
0.73172	3.64906e-02
0.73190	3.93550e-02
0.73761	4.65495e-02
0.72334	4.19906e-02
0.75538	3.73199e-02
0.75690	3.67054e-02
0.74326	4.38279e-02
0.74433	4.46593e-02
0.74713	4.51553e-02
0.73877	4.95443e-02
0.75947	5.23472e-02
0.75947	5.23472e-02
0.76672	5.05124e-02
0.77576	3.71694e-02
0.77213	3.77351e-02
0.77213	3.77351e-02
0.76602	2.95737e-02
0.75912	3.01015e-02
0.76085	3.12342e-02
0.76607	3.03055e-02
0.78268	3.78547e-02
0.77599	4.02300e-02
0.78457	4.56888e-02
0.79166	4.52600e-02
0.79718	4.12038e-02
0.79685	4.09783e-02
0.79029	2.77355e-02
0.78301	2.77141e-02
0.79164	2.73312e-02
0.79531	3.63358e-02
0.80482	4.62321e-02
0.80655	4.94028e-02
0.80435	4.53548e-02
0.80296	4.04935e-02
0.78870	3.10447e-02
0.78133	2.99061e-02
0.79165	3.46452e-02
0.79074	3.00061e-02
0.80692	3.85997e-02
0.80124	4.74617e-02
0.79973	4.62218e-02
0.79421	4.33154e-02
0.79421	4.33154e-02
0.80118	4.12768e-02
0.80118	4.12768e-02
0.79215	4.16214e-02
0.79878	4.45039e-02
0.80914	5.18009e-02
0.80857	5.19071e-02
0.80777	5.10031e-02
0.81299	3.76445e-02
0.80666	3.28225e-02
0.80604	3.30220e-02
0.80604	3.30220e-02
0.81177	3.10408e-02
0.81382	3.27221e-02
0.80979	2.45706e-02
0.81856	3.27076e-02
0.82627	3.43421e-02
0.82627	3.43421e-02
0.82627	3.43421e-02
0.83327	3.15860e-02
0.82795	3.64607e-02
0.82521	3.78508e-02
0.82521	3.78508e-02
0.82890	3.71229e-02
0.82939	3.48063e-02
0.83131	3.48599e-02
0.83443	3.22476e-02
0.82810	3.20741e-02
0.83423	3.27440e-02
0.83613	2.96881e-02
0.83516	2.98930e-02
0.83888	3.35649e-02
0.84490	2.89690e-02
0.85546	1.96738e-02
0.84654	1.87957e-02
0.85236	1.86643e-02
0.85405	1.84933e-02
0.85283	1.59955e-02
0.84917	2.63663e-02
0.84417	2.31266e-02
0.85741	1.69710e-02
0.85536	3.69426e-02
0.85230	3.96610e-02
0.84744	3.00741e-02
0.84902	3.34210e-02
0.85326	4.04555e-02
0.86932	3.17219e-02
0.86042	2.83935e-02
0.85223	1.99432e-02
0.86373	3.18053e-02
0.86403	3.22852e-02
0.86776	2.84467e-02
0.86285	2.72205e-02
0.86346	2.84487e-02
0.87288	2.47332e-02
0.87270	2.28978e-02
0.87072	2.35051e-02
0.86848	2.31732e-02
0.87075	2.43719e-02
0.87132	2.46736e-02
0.86873	2.62472e-02
0.87298	2.80705e-02
0.88384	2.91504e-02
0.88746	2.82627e-02
0.88746	2.82627e-02
0.88201	3.72309e-02
0.88433	3.43171e-02
0.88823	4.06886e-02
0.88997	4.00563e-02
0.89280	3.74950e-02
0.89384	3.54233e-02
0.89296	3.43179e-02
0.89225	3.43217e-02
0.88630	4.17509e-02
0.88662	4.22687e-02
0.89392	3.33228e-02
0.90435	3.30806e-02
0.90288	3.18212e-02
0.90301	3.21918e-02
0.90588	3.05829e-02
0.90820	2.52205e-02
0.90408	2.77853e-02
0.90603	2.76248e-02
0.90617	2.93433e-02
0.91573	3.34660e-02
0.91831	3.45448e-02
0.91488	3.80758e-02
0.91573	3.70643e-02
0.91391	2.35168e-02
0.91546	2.34599e-02
0.91717	2.82505e-02
0.91717	2.82505e-02
0.91368	2.97657e-02
0.91368	2.97657e-02
0.91368	2.97657e-02
0.90749	2.34159e-02
0.91422	2.05780e-02
0.91497	1.94726e-02
0.91514	2.22098e-02
0.91514	2.22098e-02
0.91672	2.20432e-02
0.91672	2.20432e-02
0.91300	2.56647e-02
0.91451	2.97289e-02
0.91514	2.69867e-02
0.91522	2.88619e-02
0.91372	2.75444e-02
0.91284	2.74472e-02
0.92196	2.74284e-02
0.91912	2.86353e-02
0.92265	2.55017e-02
0.92318	2.72645e-02
0.92601	2.55236e-02
0.93187	2.04835e-02
0.92965	2.16099e-02
0.93078	2.08984e-02
0.93028	2.07270e-02
0.92856	2.15388e-02
0.92958	2.76738e-02
0.92090	1.65626e-02
0.92150	2.22260e-02
0.92141	2.22419e-02
0.92225	2.17383e-02
0.92965	2.32015e-02
0.92976	2.40643e-02
0.92739	2.49874e-02
0.93017	2.34667e-02
0.93245	2.74496e-02
0.93277	2.77347e-02
0.93310	2.13381e-02
0.93310	2.13381e-02
0.92833	2.85568e-02
0.92465	2.85169e-02
0.92587	2.32350e-02
0.92957	2.63162e-02
0.93227	2.91736e-02
0.94322	2.23715e-02
0.94707	2.03826e-02
0.95089	1.46951e-02
0.95096	2.48967e-02
0.95402	2.55970e-02
0.95178	2.55141e-02
0.93591	1.90168e-02
0.93860	1.74213e-02
0.94235	2.26825e-02
0.94437	2.62611e-02
0.94478	2.60103e-02
0.94533	2.58471e-02
0.93585	1.61942e-02
0.93585	1.61942e-02
0.93156	1.21247e-02
0.93610	4.91756e-03
0.93610	4.91756e-03
0.93725	6.74706e-03
0.93720	6.80170e-03
0.94472	1.87440e-02
0.95528	2.24505e-02
0.94526	2.15672e-02
0.95251	2.38213e-02
0.96075	2.66102e-02
0.96111	2.30565e-02
0.95334	1.90575e-02
0.95334	1.90575e-02
0.95334	1.90575e-02
0.95823	1.41305e-02
0.96289	1.42644e-02
0.96289	1.42644e-02
0.96562	1.22835e-02
0.96562	1.22835e-02
0.96562	1.22835e-02
0.96093	1.93959e-02
0.96093	1.93959e-02
0.96093	1.93959e-02
0.96093	1.93959e-02
0.96149	2.02914e-02
0.96149	2.02914e-02
0.96757	2.42205e-02
0.96757	2.42205e-02
0.97097	1.86201e-02
0.97097	1.86201e-02
0.97097	1.86201e-02
0.97097	1.86201e-02
0.97207	1.68411e-02
0.97322	1.70067e-02
0.97322	1.70575e-02
0.97217	1.98338e-02
0.96441	1.92800e-02
0.96441	1.92800e-02
0.96441	1.92800e-02
0.96441	1.92800e-02
0.96321	2.04808e-02
0.96252	2.11658e-02
0.97619	7.49579e-03
0.97842	9.72447e-03
0.96870	0.00000e+00
0.96870	0.00000e+00
0.97829	0.00000e+00
0.97829	0.00000e+00
0.97829	0.00000e+00
0.98181	0.00000e+00
0.96781	0.00000e+00
0.96781	0.00000e+00
0.98274	0.00000e+00
0.98274	0.00000e+00
0.98274	0.00000e+00
0.98274	0.00000e+00
0.98274	0.00000e+00
0.98274	0.00000e+00
0.98274	0.00000e+00
0.98274	0.00000e+00
0.98274	0.00000e+00
0.98274	0.00000e+00
0.98274	0.00000e+00
0.98274	0.00000e+00
0.98274	0.00000e+00
0.98274	0.00000e+00
0.98970	0.00000e+00
0.98970	0.00000e+00
0.99122	0.00000e+00
