0.87147	1.57030e-01
0.93822	1.02363e-02
0.92204	1.70197e-02
0.90103	9.33403e-03
0.89618	2.98420e-02
0.88545	2.15121e-02
0.84900	3.21087e-02
0.85011	3.27832e-02
0.81946	2.71165e-02
0.81805	3.19979e-02
0.77987	3.31438e-02
0.76603	4.31159e-02
0.74429	2.48723e-02
0.70818	4.17476e-02
0.71010	2.11086e-02
0.71487	4.13233e-02
0.67880	4.49682e-02
0.64558	3.51162e-02
0.60553	2.25601e-02
0.59469	5.76627e-02
0.59304	4.70848e-02
0.56395	4.31875e-02
0.51533	4.63281e-02
0.52564	6.03503e-02
0.48855	4.46451e-02
0.46729	5.33164e-02
0.41054	6.59095e-02
0.41027	5.80582e-02
0.31423	8.71824e-02
0.33565	8.37590e-02
0.29920	1.08721e-01
0.26655	8.73192e-02
0.28110	7.52300e-02
0.23499	1.19476e-01
0.22734	9.78299e-02
0.24008	9.99374e-02
0.18552	9.51305e-02
0.21433	7.50262e-02
0.19886	7.27590e-02
0.18393	7.39136e-02
0.10683	4.74193e-02
0.14863	6.96874e-02
0.16600	8.53442e-02
0.15496	6.87749e-02
0.12411	6.31150e-02
0.13245	4.24565e-02
0.15161	7.85488e-02
0.11083	7.67702e-02
0.14226	4.72360e-02
0.12554	3.55930e-02
0.15351	6.16094e-02
0.12313	5.26411e-02
0.10728	5.00403e-02
0.10941	5.59477e-02
0.12837	7.62844e-02
0.11788	7.94570e-02
0.12534	7.33877e-02
0.09557	3.62167e-02
0.11228	2.86877e-02
0.10488	5.85653e-02
0.08155	3.75099e-02
0.12211	3.84239e-02
0.13085	4.56530e-02
0.15692	6.61598e-02
0.09028	3.66178e-02
0.12318	6.63890e-02
0.07516	4.40072e-02
0.09179	3.15573e-02
0.08484	3.79682e-02
0.08432	3.48824e-02
0.08532	5.76020e-02
0.08783	2.94401e-02
0.10506	5.04226e-02
0.09129	4.03078e-02
0.07215	2.18875e-02
0.07846	3.33913e-02
0.09774	4.68924e-02
0.10411	7.19077e-02
0.07870	4.40764e-02
0.06256	4.98465e-02
0.08386	3.84720e-02
0.06957	2.92053e-02
0.07511	3.21223e-02
0.09034	5.09646e-02
0.09803	5.63277e-02
0.11409	5.00544e-02
0.08555	4.00355e-02
0.08190	4.09267e-02
0.10803	6.11873e-02
0.06918	2.80352e-02
0.10876	3.68637e-02
0.11327	4.19892e-02
0.08634	5.58392e-02
0.08045	4.27880e-02
0.07096	4.21747e-02
0.08726	5.83646e-02
0.09353	3.66630e-02
0.08972	3.60768e-02
0.10071	6.08271e-02
