0.97094	2.84442e-02
0.96251	9.34631e-03
0.95687	1.60011e-02
0.93934	1.32434e-02
0.93101	1.65807e-02
0.90861	1.42192e-02
0.90824	1.74230e-02
0.89635	2.00221e-02
0.87532	2.69600e-02
0.86461	2.69233e-02
0.84543	2.44498e-02
0.82648	2.73518e-02
0.79959	3.56187e-02
0.78530	3.90595e-02
0.77683	2.69236e-02
0.75761	2.69604e-02
0.73370	2.96703e-02
0.73634	3.86047e-02
0.72414	2.81358e-02
0.69017	5.56130e-02
0.67773	4.37933e-02
0.64867	3.19062e-02
0.63032	2.37140e-02
0.61477	5.37978e-02
0.58739	3.54239e-02
0.60539	6.11919e-02
0.55890	5.69424e-02
0.50755	7.94038e-02
0.48564	8.21669e-02
0.46519	8.36560e-02
0.45114	1.03937e-01
0.38419	1.02430e-01
0.39784	8.26740e-02
0.35799	8.61949e-02
0.28113	1.04721e-01
0.26631	1.06073e-01
0.28164	1.34168e-01
0.23594	6.58714e-02
0.24042	8.84967e-02
0.22247	9.64348e-02
0.19828	9.39146e-02
0.16966	4.12848e-02
0.12075	7.17169e-02
0.12606	6.05804e-02
0.15918	7.92903e-02
0.13993	6.63378e-02
0.14152	5.47231e-02
0.14302	4.97976e-02
0.11141	4.78791e-02
0.14396	4.79500e-02
0.08108	3.31323e-02
0.07623	5.76305e-02
0.12103	4.61000e-02
0.11851	5.61564e-02
0.09318	4.21944e-02
0.13913	4.46367e-02
0.13667	6.67133e-02
0.11255	5.91810e-02
0.13729	7.38591e-02
0.08267	4.62531e-02
0.11172	3.60787e-02
0.13765	4.25353e-02
0.12318	5.42725e-02
0.09709	5.24491e-02
0.07119	4.04303e-02
0.13483	4.88448e-02
0.10110	4.48723e-02
0.10715	4.73061e-02
0.07764	4.80142e-02
0.09408	4.60546e-02
0.08748	4.20167e-02
0.10167	4.41612e-02
0.11163	4.49489e-02
0.09809	3.66694e-02
0.10926	4.69840e-02
0.08901	4.30912e-02
0.13222	3.97163e-02
0.10709	5.01792e-02
0.09279	4.79915e-02
0.07798	3.80551e-02
0.07038	2.75711e-02
0.08431	5.80587e-02
0.09026	4.03308e-02
0.09477	4.43140e-02
0.08688	5.74197e-02
0.07371	5.04688e-02
0.10010	3.81858e-02
0.08771	5.09734e-02
0.09052	2.52700e-02
0.11676	4.66469e-02
0.08162	4.74372e-02
0.08642	5.17596e-02
0.09157	3.18182e-02
0.07540	2.62516e-02
0.07692	2.73218e-02
0.12647	3.32483e-02
0.06150	4.45648e-02
0.08675	4.94088e-02
0.08696	2.88734e-02
