0.96535	7.57279e-03
0.94852	1.17283e-02
0.93404	8.84303e-03
0.92054	2.28643e-02
0.89972	1.94941e-02
0.89827	2.43668e-02
0.86837	2.35456e-02
0.84358	2.80455e-02
0.83517	2.99576e-02
0.83045	3.21396e-02
0.81340	2.33108e-02
0.78584	3.03346e-02
0.78049	2.17374e-02
0.78379	3.43663e-02
0.75206	3.05441e-02
0.74614	2.57128e-02
0.73914	2.35329e-02
0.73058	2.96231e-02
0.69657	4.56053e-02
0.68249	4.36532e-02
0.67449	2.69746e-02
0.63507	4.74633e-02
0.61104	4.36773e-02
0.57736	5.53550e-02
0.53987	5.26425e-02
0.53471	5.49883e-02
0.49795	3.84367e-02
0.47088	5.10875e-02
0.47668	5.26721e-02
0.44943	7.57170e-02
0.43589	6.54143e-02
0.43934	7.57676e-02
0.35929	5.44976e-02
0.33378	8.03167e-02
0.30242	9.77433e-02
0.26885	9.55921e-02
0.21228	9.51201e-02
0.23242	8.26200e-02
0.21144	5.05737e-02
0.18405	4.21794e-02
0.17182	6.30673e-02
0.21387	9.71843e-02
0.17390	6.65861e-02
0.19741	5.68916e-02
0.12938	7.84564e-02
0.14684	6.77138e-02
0.13787	9.80467e-02
0.12779	5.42656e-02
0.12370	6.91926e-02
0.12125	5.43542e-02
0.13249	4.84746e-02
0.11611	6.40820e-02
0.10830	5.14098e-02
0.13082	5.67168e-02
0.08104	4.77603e-02
0.11008	5.70674e-02
0.10742	6.28536e-02
0.08286	5.64719e-02
0.13358	3.64839e-02
0.11843	4.74784e-02
0.09952	5.64416e-02
0.11604	3.24357e-02
0.08387	3.28301e-02
0.10533	4.30756e-02
0.08368	2.95181e-02
0.06511	2.78432e-02
0.08349	4.96966e-02
0.11715	4.46404e-02
0.09181	5.08417e-02
0.11434	4.71127e-02
0.11141	2.65648e-02
0.07986	4.38061e-02
0.08847	4.62535e-02
0.10332	4.67749e-02
0.06238	3.33219e-02
0.10367	5.58143e-02
0.06820	2.59359e-02
0.08805	4.25001e-02
0.07305	4.07155e-02
0.07000	2.83634e-02
0.06871	4.92749e-02
0.06551	2.11640e-02
0.07505	4.56392e-02
0.10404	2.47605e-02
0.09900	4.22081e-02
0.11794	3.83335e-02
0.10676	4.71089e-02
0.11584	4.61958e-02
0.08721	4.68116e-02
0.06596	3.86288e-02
0.08482	4.31480e-02
0.10386	4.71903e-02
0.09337	4.38966e-02
0.09113	3.90044e-02
0.09365	3.76334e-02
0.08257	3.40222e-02
0.09625	5.47570e-02
0.10719	4.09793e-02
0.06281	2.92344e-02
