0.98178	1.60312e-03
0.98258	1.99337e-03
0.98279	1.58005e-03
0.98228	1.07685e-03
0.98252	1.36395e-03
0.98054	1.14244e-03
0.97944	3.04291e-03
0.97683	2.91352e-03
0.97689	3.48354e-03
0.97655	3.19858e-03
0.97388	3.37316e-03
0.97483	2.96355e-03
0.97462	2.58793e-03
0.97260	3.94082e-03
0.97130	2.75731e-03
0.97052	4.06251e-03
0.96953	4.35872e-03
0.96798	4.85129e-03
0.96944	5.37379e-03
0.96770	5.18736e-03
0.96727	3.56469e-03
0.96685	2.96092e-03
0.96732	5.31685e-03
0.96270	6.39658e-03
0.96214	2.50733e-03
0.96085	5.95622e-03
0.95824	3.71489e-03
0.95860	4.18821e-03
0.95581	6.23307e-03
0.95575	4.72475e-03
0.95876	5.78839e-03
0.95598	7.65146e-03
0.95256	5.07146e-03
0.95390	5.21530e-03
0.95152	6.94175e-03
0.95299	5.12145e-03
0.95249	4.86854e-03
0.94918	5.47637e-03
0.94681	4.73637e-03
0.94782	7.96843e-03
0.94889	7.45539e-03
0.94887	5.81298e-03
0.94835	6.73017e-03
0.94709	8.82823e-03
0.94938	8.47591e-03
0.94508	6.00894e-03
0.94264	8.73445e-03
0.94376	6.58851e-03
0.94354	7.20834e-03
0.94265	8.76796e-03
0.94260	6.63475e-03
0.93963	8.03058e-03
0.93854	1.13846e-02
0.93522	7.49843e-03
0.93869	1.00016e-02
0.93679	5.59822e-03
0.93458	8.98848e-03
0.93591	4.49894e-03
0.93356	8.27003e-03
0.93524	1.00820e-02
0.93217	1.34775e-02
0.93336	9.76723e-03
0.93217	8.68042e-03
0.93345	9.31211e-03
0.92735	7.59354e-03
0.92866	6.86729e-03
0.92562	6.67607e-03
0.92669	1.52069e-02
0.92633	9.16222e-03
0.92523	9.86098e-03
0.92485	6.88436e-03
0.92228	1.01779e-02
0.92189	5.81728e-03
0.92418	5.04639e-03
0.92337	6.27356e-03
0.92112	7.88996e-03
0.92165	6.21952e-03
0.92303	8.63402e-03
0.92240	8.72597e-03
0.92111	8.11814e-03
0.91727	6.99779e-03
0.92061	1.01384e-02
0.91940	8.14408e-03
0.91650	6.36010e-03
0.91603	7.06872e-03
0.91835	1.14571e-02
0.91543	7.79569e-03
0.91272	1.16673e-02
0.90973	5.75109e-03
0.91045	1.15726e-02
0.91184	8.69620e-03
0.91031	1.00765e-02
0.90854	6.93058e-03
0.91040	7.83873e-03
0.90862	7.52648e-03
0.90470	6.28112e-03
0.90671	1.06386e-02
0.90320	5.22049e-03
0.90170	8.90076e-03
0.89828	7.83644e-03
0.90015	1.07256e-02
0.90099	5.88984e-03
0.90203	1.15769e-02
0.89743	7.24771e-03
0.89751	8.91588e-03
0.89762	8.86755e-03
0.89728	7.21833e-03
0.89421	1.14652e-02
0.89700	8.30780e-03
0.89388	6.10440e-03
0.89524	1.15652e-02
0.89531	6.52671e-03
0.89453	9.94901e-03
0.89129	9.58249e-03
0.89135	1.04551e-02
0.88612	1.22609e-02
0.88819	8.23899e-03
0.88821	8.43742e-03
0.88777	9.85002e-03
0.88348	1.07009e-02
0.88899	1.10547e-02
0.88706	1.12615e-02
0.89009	8.14860e-03
0.88451	9.02186e-03
0.89011	8.28077e-03
0.88888	1.12528e-02
0.88767	1.10591e-02
0.88497	9.82203e-03
0.88528	9.01058e-03
0.88055	1.43272e-02
0.87901	5.02547e-03
0.88316	1.34050e-02
0.88189	9.76935e-03
0.87815	1.28735e-02
0.87935	7.82476e-03
0.87827	8.50373e-03
0.87399	1.18297e-02
0.87434	8.62277e-03
0.87440	1.17914e-02
0.87232	1.14092e-02
0.87073	5.89583e-03
0.87177	7.13034e-03
0.87080	7.48116e-03
0.86690	1.37406e-02
0.86472	9.53534e-03
0.86875	1.12854e-02
0.86814	1.00684e-02
0.86860	9.98130e-03
0.86532	8.79357e-03
0.86956	1.39923e-02
0.87179	9.88128e-03
0.86516	1.02132e-02
0.86363	1.07609e-02
0.86884	1.11498e-02
0.86117	1.08340e-02
0.86429	8.21719e-03
0.86428	1.53330e-02
0.86017	1.47091e-02
0.85803	1.39278e-02
0.86409	1.06100e-02
0.85892	1.36994e-02
0.85656	1.09404e-02
0.85378	1.11750e-02
0.84942	1.14358e-02
0.85058	1.50279e-02
0.85225	1.68239e-02
0.85350	1.06136e-02
0.85316	1.27275e-02
0.84520	1.37951e-02
0.84531	1.00301e-02
0.85441	1.17014e-02
0.85219	1.30684e-02
0.84516	1.31121e-02
0.84325	1.04302e-02
0.84363	1.14239e-02
0.85187	8.61045e-03
0.84481	1.20389e-02
0.83992	1.15739e-02
0.83874	1.23537e-02
0.84219	8.34252e-03
0.84449	1.60986e-02
0.84066	1.33272e-02
0.83601	2.00461e-02
0.83777	1.38672e-02
0.83683	1.65267e-02
0.83766	1.23017e-02
0.84363	1.10716e-02
0.83820	1.74558e-02
0.83488	1.57883e-02
0.82810	1.27769e-02
0.83361	1.13127e-02
0.83576	1.52243e-02
0.83319	1.21427e-02
0.83517	1.04701e-02
0.83439	1.19668e-02
0.82722	1.24330e-02
0.83416	1.40871e-02
0.83227	1.26551e-02
0.82678	1.19325e-02
0.82907	1.34028e-02
0.83613	1.43922e-02
0.82906	1.28938e-02
0.82977	1.01537e-02
0.82868	1.10176e-02
0.83050	9.66808e-03
0.82911	8.77543e-03
0.82467	6.95332e-03
0.82458	1.02233e-02
0.82648	1.32832e-02
0.82174	7.31642e-03
0.82584	1.08313e-02
0.82282	8.07357e-03
0.82039	7.17470e-03
0.82200	7.77321e-03
0.82107	1.29370e-02
0.82490	1.13352e-02
0.81965	1.38465e-02
0.82371	8.75849e-03
0.81765	8.64257e-03
0.82059	9.40629e-03
0.81773	9.12277e-03
0.82080	9.32420e-03
0.81418	1.77413e-02
0.81665	9.40520e-03
0.81210	8.65519e-03
0.81620	8.27613e-03
0.80883	8.86129e-03
0.81498	1.29994e-02
0.80863	9.14981e-03
0.80989	9.73540e-03
0.81112	1.34734e-02
0.81689	1.14175e-02
0.81368	1.20541e-02
0.80385	1.58549e-02
0.80426	1.92444e-02
0.81054	9.88576e-03
0.80700	8.55669e-03
0.80687	1.28558e-02
0.80105	1.48802e-02
0.80077	8.96211e-03
0.79805	1.46788e-02
0.80076	1.02151e-02
0.80153	8.06710e-03
0.80178	8.23359e-03
0.79540	1.19362e-02
0.79072	8.05634e-03
0.79553	1.07660e-02
0.79797	1.36153e-02
0.79287	1.22859e-02
0.79114	1.15659e-02
0.78417	1.46288e-02
0.79244	1.58153e-02
0.79276	1.32084e-02
0.78519	1.06352e-02
0.78267	1.42647e-02
0.79414	1.11891e-02
0.78854	1.17322e-02
0.79314	1.06812e-02
0.78948	1.17801e-02
0.78519	1.17896e-02
0.79142	1.27683e-02
0.78261	1.82866e-02
0.78073	1.23432e-02
0.78440	1.15671e-02
0.78419	1.06152e-02
0.78573	1.20639e-02
0.78838	9.50983e-03
0.78134	8.13047e-03
0.78419	1.08425e-02
0.77596	1.39947e-02
0.78079	1.36223e-02
0.78121	1.03268e-02
0.78476	1.01072e-02
0.78141	8.11949e-03
0.77554	1.47439e-02
0.77768	1.09230e-02
0.77484	1.04273e-02
0.77635	1.82737e-02
0.76901	1.69980e-02
0.77696	9.49077e-03
0.77174	1.43125e-02
0.77870	1.41103e-02
0.77657	8.57273e-03
0.77240	9.55486e-03
0.77550	1.29885e-02
0.77402	9.74666e-03
0.78063	1.57164e-02
0.76874	1.05878e-02
0.77170	1.22508e-02
0.77008	1.16163e-02
0.76759	1.17611e-02
0.76666	1.36381e-02
0.76218	1.38104e-02
0.77615	8.05914e-03
0.76371	1.36961e-02
0.77145	9.90187e-03
0.76231	1.92631e-02
0.76718	1.64546e-02
0.76168	1.08945e-02
0.76019	1.64966e-02
0.76656	1.13055e-02
0.75686	1.03487e-02
0.75347	1.26812e-02
0.75836	2.04053e-02
0.75990	1.30842e-02
0.75898	1.93788e-02
0.75285	1.02734e-02
0.75542	7.08488e-03
0.76142	1.32512e-02
0.75365	1.07141e-02
0.75533	1.25840e-02
0.75146	1.43869e-02
0.75410	1.14651e-02
0.75224	1.08285e-02
0.74541	1.36849e-02
0.74689	1.50666e-02
0.75060	1.54374e-02
0.74513	9.17907e-03
0.74794	1.48838e-02
0.74810	1.09521e-02
0.74074	1.65330e-02
0.75119	9.56579e-03
0.74435	1.48140e-02
0.74796	9.30377e-03
0.75076	1.08122e-02
0.74753	1.38986e-02
0.74406	8.23369e-03
0.74295	1.58174e-02
0.74283	1.17405e-02
0.74824	1.03557e-02
0.73660	1.13672e-02
0.74682	2.15061e-02
0.73781	1.47008e-02
0.73715	1.60048e-02
0.74688	1.80403e-02
0.73768	8.37216e-03
0.74265	8.32237e-03
0.73549	1.28629e-02
0.74343	1.16486e-02
0.74339	9.35400e-03
0.73302	7.92258e-03
0.74294	1.70886e-02
0.73824	1.01012e-02
0.73514	1.61679e-02
0.73328	1.85728e-02
0.73820	1.12561e-02
0.73434	1.20220e-02
0.72648	1.43310e-02
0.73304	1.39977e-02
0.73851	1.89227e-02
0.73343	1.72531e-02
0.73562	1.16063e-02
0.73353	9.72779e-03
0.73429	1.70634e-02
0.73287	1.25130e-02
0.73147	1.65354e-02
0.72862	8.08988e-03
0.73191	1.51515e-02
0.72884	1.32110e-02
0.72474	1.38991e-02
0.72611	1.86380e-02
0.73196	1.33364e-02
0.72783	1.53694e-02
0.72359	1.08053e-02
0.71853	9.41309e-03
0.72840	6.77447e-03
0.72042	1.33384e-02
0.71988	1.35993e-02
0.72195	1.60450e-02
0.72195	1.23661e-02
0.72330	1.17849e-02
0.71431	1.25827e-02
0.72298	1.54361e-02
0.71261	1.80050e-02
0.72754	1.38021e-02
0.72099	1.54717e-02
0.71578	5.17263e-03
0.71591	1.16671e-02
0.71197	1.12442e-02
0.71717	1.09079e-02
0.71703	1.35638e-02
0.71353	1.43455e-02
0.70753	1.26960e-02
0.71050	1.31645e-02
0.70754	1.06287e-02
0.70524	1.28770e-02
0.70052	1.17816e-02
0.70290	1.83241e-02
0.70568	1.43976e-02
0.70763	1.62858e-02
0.69630	1.75475e-02
0.70441	8.36841e-03
0.70020	1.39270e-02
0.69803	1.06522e-02
0.70336	1.54968e-02
0.69838	1.78636e-02
0.70281	1.83402e-02
0.70052	2.01229e-02
0.69648	1.47188e-02
0.69534	1.86172e-02
0.69227	1.41174e-02
0.69242	1.65354e-02
0.69563	1.62417e-02
0.69207	1.78594e-02
0.69277	1.36955e-02
0.70008	1.20200e-02
0.68894	1.32024e-02
0.69378	1.56774e-02
0.69729	1.80818e-02
0.69280	1.57651e-02
0.68410	2.26847e-02
0.68460	1.93410e-02
0.68370	1.28164e-02
0.68936	1.69007e-02
0.68948	2.08690e-02
0.68114	1.42173e-02
0.68544	1.59914e-02
0.68708	2.50035e-02
0.68538	1.48863e-02
0.68317	1.39975e-02
0.69446	1.68920e-02
0.68259	7.36677e-03
0.68042	1.95047e-02
0.68336	1.94926e-02
0.68114	1.82099e-02
0.68207	1.71857e-02
0.67549	1.85106e-02
0.67895	1.37626e-02
0.68286	1.68668e-02
0.67888	1.75291e-02
0.66789	1.66321e-02
0.67942	1.53672e-02
0.68001	2.03632e-02
0.68420	1.45974e-02
0.67433	1.70132e-02
0.67767	1.57004e-02
0.68437	2.10989e-02
0.67678	1.93145e-02
0.68134	1.34941e-02
0.67740	1.45406e-02
0.67746	1.62183e-02
0.67390	2.29738e-02
0.68208	1.29947e-02
0.67917	1.44303e-02
0.67575	1.49256e-02
0.67984	1.23333e-02
0.67273	1.32598e-02
0.66633	1.45891e-02
0.67513	7.15083e-03
0.67711	1.55760e-02
0.67372	1.34511e-02
0.68152	1.20590e-02
0.67247	1.06219e-02
0.67092	1.08818e-02
0.66767	1.23342e-02
0.67878	1.08822e-02
0.65862	8.16857e-03
0.67077	1.08906e-02
0.66844	9.89086e-03
0.66160	1.21148e-02
0.67225	5.63087e-03
0.67368	8.61041e-03
0.66557	1.17633e-02
0.66065	1.45115e-02
0.66674	1.06983e-02
0.66647	7.12165e-03
0.66664	1.40984e-02
0.66410	9.59406e-03
0.66481	9.08439e-03
0.65816	1.68427e-02
0.65696	9.21529e-03
0.65821	1.33381e-02
0.65877	1.46178e-02
0.66145	1.16494e-02
0.66226	1.38307e-02
0.64442	1.22705e-02
0.65136	1.21877e-02
0.66038	9.39639e-03
0.65848	1.24147e-02
0.65666	1.56913e-02
0.66007	1.13972e-02
0.65626	1.36909e-02
0.64881	2.07042e-02
0.65229	1.22560e-02
0.66047	9.38009e-03
0.65841	8.14391e-03
0.65170	3.60707e-03
0.65906	1.56904e-02
0.65499	1.25389e-02
0.65626	1.22596e-02
0.65233	8.75161e-03
0.64952	1.37725e-02
0.64738	9.65775e-03
0.64480	1.55473e-02
0.65373	1.25217e-02
0.64977	7.08844e-03
0.64307	1.42584e-02
0.64888	1.12077e-02
0.63415	1.46601e-02
0.64453	1.68020e-02
0.65110	1.36460e-02
0.63811	1.78372e-02
0.64068	1.51162e-02
0.63647	1.11088e-02
0.63881	1.40148e-02
0.65008	1.14710e-02
0.63808	1.40636e-02
0.63404	1.52585e-02
0.63786	1.45776e-02
0.63289	1.59094e-02
0.63046	1.43588e-02
0.63384	1.22770e-02
0.63615	1.93616e-02
0.63267	2.02452e-02
0.63535	1.32612e-02
0.62654	1.81959e-02
0.63480	1.72637e-02
0.63496	1.94426e-02
0.63598	1.44262e-02
0.63080	2.01467e-02
0.63239	1.66305e-02
0.63284	2.17712e-02
0.63291	1.32859e-02
0.63528	2.30768e-02
0.62778	1.86284e-02
0.63316	1.52083e-02
0.62546	1.97233e-02
0.63436	1.54173e-02
0.62457	1.59489e-02
0.63418	2.00834e-02
0.62952	1.01366e-02
0.63062	2.40816e-02
0.63032	1.97685e-02
0.62961	2.66195e-02
0.62614	1.96503e-02
0.62263	1.99328e-02
0.62162	1.99291e-02
0.62173	1.82360e-02
0.62003	1.85057e-02
0.62060	1.39819e-02
0.62538	1.58904e-02
0.62641	2.63535e-02
0.62264	1.45475e-02
0.63049	2.39694e-02
0.61961	1.74213e-02
0.62991	1.85181e-02
0.62220	2.53907e-02
0.62546	2.63139e-02
0.62037	1.98343e-02
0.62336	1.82205e-02
0.61504	1.69115e-02
0.60825	2.92093e-02
0.62006	1.69634e-02
0.62172	2.07039e-02
0.62338	1.68865e-02
0.61335	2.54400e-02
0.61404	2.67985e-02
0.61297	1.76581e-02
0.61393	2.17228e-02
0.61331	2.41546e-02
0.60973	2.08386e-02
0.61238	2.51492e-02
0.61481	1.66071e-02
0.61494	2.69695e-02
0.60830	2.04850e-02
0.61257	2.21485e-02
0.60388	2.36190e-02
0.60288	2.50820e-02
0.61290	2.99779e-02
0.61034	2.46700e-02
0.60058	2.40408e-02
0.60799	2.83550e-02
0.61339	3.57545e-02
0.59444	2.70815e-02
0.59673	2.74595e-02
0.60637	3.22520e-02
0.60424	2.08985e-02
0.60850	3.18372e-02
0.60813	2.63174e-02
0.59389	2.29546e-02
0.60554	3.34269e-02
0.60394	1.26414e-02
0.59979	3.36290e-02
0.60141	2.39557e-02
0.60195	2.88119e-02
0.60442	2.55820e-02
0.60453	2.65043e-02
0.60707	2.98809e-02
0.60227	2.49422e-02
0.60206	2.75421e-02
0.59757	2.74864e-02
0.60560	2.41881e-02
0.59911	2.46300e-02
0.59579	2.60332e-02
0.60914	2.16621e-02
0.60501	2.56228e-02
0.59738	2.33671e-02
0.60843	2.36161e-02
0.59404	1.34180e-02
0.61027	2.53525e-02
0.59805	2.22364e-02
0.60865	2.08764e-02
0.59910	2.54172e-02
0.60317	1.84006e-02
0.60522	1.89226e-02
0.60107	1.91738e-02
0.59460	2.29930e-02
0.59597	2.30595e-02
0.59363	2.72330e-02
0.59952	2.58851e-02
0.59734	2.05582e-02
0.60027	2.66729e-02
0.60675	1.51602e-02
0.60033	2.24173e-02
0.60457	2.37790e-02
0.59851	1.82068e-02
0.59600	2.75521e-02
0.60489	2.18820e-02
0.60036	2.09761e-02
0.60531	1.93560e-02
0.60010	3.25976e-02
0.60133	2.89021e-02
0.59579	2.04356e-02
0.59889	2.89815e-02
0.59914	2.09382e-02
0.60301	1.71563e-02
0.59805	1.65184e-02
0.61301	1.83880e-02
0.59317	2.96173e-02
0.60247	2.23398e-02
0.59852	1.58896e-02
0.59613	1.95433e-02
0.60420	1.91911e-02
0.60011	2.05461e-02
0.60436	1.58968e-02
0.59664	2.63543e-02
0.59370	1.80207e-02
0.59761	2.01166e-02
0.59799	2.25868e-02
0.59271	2.37974e-02
0.60123	2.05512e-02
0.59135	1.11787e-02
0.60845	1.59556e-02
0.59719	2.20126e-02
0.59691	1.89568e-02
0.59252	2.02149e-02
0.60144	1.65934e-02
0.60437	2.19929e-02
0.59374	2.12645e-02
0.59279	2.15333e-02
0.59181	1.94450e-02
0.58038	1.75180e-02
0.59793	2.45620e-02
0.58962	1.69860e-02
0.59972	2.59467e-02
0.58405	3.17383e-02
0.58406	2.70181e-02
0.59236	2.06988e-02
0.58108	2.07700e-02
0.58777	2.11016e-02
0.58406	2.33056e-02
0.58793	1.83403e-02
0.59444	1.99177e-02
0.57691	1.60590e-02
0.58944	2.19401e-02
0.58017	2.16979e-02
0.58416	1.88117e-02
0.58524	2.08921e-02
0.57999	1.92544e-02
0.58851	1.15478e-02
0.59004	2.17690e-02
0.58461	1.89324e-02
0.57857	1.41179e-02
0.59106	1.87310e-02
0.58822	1.57152e-02
0.58977	1.27919e-02
0.58391	1.90045e-02
0.58126	1.94184e-02
0.58729	2.33573e-02
0.58889	2.22647e-02
0.57807	1.69755e-02
0.59123	1.79709e-02
0.59064	1.36281e-02
0.58062	1.69788e-02
0.57269	2.56533e-02
0.57440	1.99592e-02
0.57064	1.64439e-02
0.57997	1.96481e-02
0.57807	2.01626e-02
0.59002	1.91610e-02
0.58348	1.76372e-02
0.57573	2.44493e-02
0.56873	1.02508e-02
0.58020	2.14245e-02
0.57469	1.43629e-02
0.56328	1.49792e-02
0.57394	2.91000e-02
0.56214	1.40958e-02
0.57118	9.33847e-03
0.57347	1.98977e-02
0.56822	1.16814e-02
0.56889	1.71253e-02
0.56502	9.50317e-03
0.57677	1.64351e-02
0.56408	1.35965e-02
0.56869	1.73320e-02
0.56351	1.07576e-02
0.56871	1.68258e-02
0.56779	1.79193e-02
0.56523	2.93862e-02
0.56981	2.06606e-02
0.56588	1.79228e-02
0.56994	1.68297e-02
0.56447	1.21977e-02
0.56292	1.76272e-02
0.56249	2.27341e-02
0.56096	1.88333e-02
0.57033	1.44226e-02
0.56758	2.17307e-02
0.55853	2.02994e-02
0.56855	2.25316e-02
0.56469	2.27565e-02
0.57168	2.02417e-02
0.55916	2.16650e-02
0.56759	1.77177e-02
0.57326	1.62595e-02
0.56339	8.98644e-03
0.55423	8.47204e-03
0.56186	1.90293e-02
0.55457	1.17942e-02
0.55128	1.11421e-02
0.55157	1.45138e-02
0.55300	1.63554e-02
0.55843	1.59744e-02
0.55567	1.62630e-02
0.55272	9.45631e-03
0.55364	1.39990e-02
0.55078	1.22426e-02
0.55427	1.05465e-02
0.54980	1.16188e-02
0.55585	7.32800e-03
0.55428	1.24488e-02
0.55785	1.11853e-02
0.55387	1.50959e-02
0.54483	1.12602e-02
0.54087	1.49375e-02
0.54916	1.36391e-02
0.55616	1.37498e-02
0.55149	1.68780e-02
0.54924	1.38674e-02
0.53627	1.09743e-02
0.54773	1.24399e-02
0.54508	1.48167e-02
0.53416	1.72819e-02
0.54042	1.43231e-02
0.54033	1.43764e-02
0.54008	1.51250e-02
0.54827	1.30786e-02
0.54183	1.05115e-02
0.53886	1.47278e-02
0.53508	1.68396e-02
0.54164	1.48926e-02
0.53626	1.07876e-02
0.52553	2.12771e-02
0.54483	1.23506e-02
0.53533	1.74896e-02
0.53395	1.33465e-02
0.53294	7.38080e-03
0.53466	1.12560e-02
0.52952	1.08956e-02
0.53984	8.21954e-03
0.53111	1.40438e-02
0.52891	1.42317e-02
0.53462	9.15115e-03
0.53748	1.69742e-02
0.52738	1.50428e-02
0.52637	1.27918e-02
0.54309	1.12675e-02
0.53765	1.95491e-02
0.53500	1.09337e-02
0.53605	1.71470e-02
0.53724	1.65712e-02
0.52515	1.19862e-02
0.53918	1.63504e-02
0.53359	1.42221e-02
0.52738	1.72804e-02
0.53073	1.16046e-02
0.53598	2.21295e-02
0.52322	1.95155e-02
0.53233	1.45723e-02
0.52860	1.84776e-02
0.53788	2.03979e-02
0.53352	2.22864e-02
0.52878	1.60843e-02
0.52341	1.97181e-02
0.53158	1.89349e-02
0.52266	1.63061e-02
0.52439	1.11640e-02
0.51458	1.79404e-02
0.52916	1.64326e-02
0.52270	1.64283e-02
0.53136	2.11709e-02
0.52092	8.75266e-03
0.53507	1.22426e-02
0.51686	1.38481e-02
0.53276	2.25262e-02
0.52018	1.66651e-02
0.52168	1.89930e-02
0.51879	2.33793e-02
0.51507	7.09132e-03
0.51441	1.53657e-02
0.52454	2.10105e-02
0.52513	2.10213e-02
0.52416	1.29247e-02
0.51775	2.06212e-02
0.51945	1.67545e-02
0.52069	1.78756e-02
0.52274	1.55528e-02
0.51785	1.73197e-02
0.52532	1.49734e-02
0.51439	1.48790e-02
0.51803	2.18667e-02
0.51597	2.30617e-02
0.52022	1.56115e-02
0.52591	2.54939e-02
0.52107	2.42728e-02
0.51660	7.72606e-03
0.52635	1.48102e-02
0.52308	1.43076e-02
0.51826	6.43871e-03
0.52425	2.12026e-02
0.51405	1.76206e-02
0.51431	2.42012e-02
0.51000	1.21406e-02
0.52077	1.19668e-02
0.52087	1.42304e-02
0.51935	1.76260e-02
0.51774	2.28167e-02
0.51166	1.30242e-02
0.51888	1.74100e-02
0.51171	1.58410e-02
0.50916	1.55350e-02
0.51157	1.79279e-02
0.50957	1.34320e-02
0.50806	1.16849e-02
0.51774	2.01879e-02
0.50952	1.31388e-02
0.51008	7.54069e-03
0.50672	7.35254e-03
0.50429	1.78309e-02
0.52212	1.74430e-02
0.50854	1.73130e-02
0.50535	2.27579e-02
0.50847	1.26086e-02
0.50454	1.58896e-02
0.50595	2.16857e-02
0.50993	1.60110e-02
0.49840	1.87144e-02
0.50832	1.23764e-02
0.50778	1.17859e-02
0.50018	1.38527e-02
0.50762	8.17375e-03
0.50539	2.44751e-02
0.49562	1.43736e-02
0.50784	1.48987e-02
0.50216	1.50496e-02
0.50396	2.18392e-02
0.50738	1.46509e-02
0.49253	1.94265e-02
0.50514	8.26663e-03
0.49662	1.85296e-02
0.49638	1.44072e-02
0.49450	1.65938e-02
0.49198	1.52599e-02
0.49119	1.93041e-02
0.49752	1.82434e-02
0.48972	1.86455e-02
0.49750	8.31297e-03
0.49064	1.23318e-02
0.49732	1.28564e-02
0.48929	1.52038e-02
0.48308	1.61148e-02
0.49043	1.32826e-02
0.48350	1.57625e-02
0.48409	1.88831e-02
0.48583	2.22075e-02
0.49251	2.07104e-02
0.48859	1.69952e-02
0.48905	1.22958e-02
0.48744	1.77034e-02
0.47788	1.46051e-02
0.48636	1.69630e-02
0.48560	1.54744e-02
0.48138	1.51350e-02
0.47212	1.94074e-02
0.47724	1.71549e-02
0.48178	1.78355e-02
0.48187	2.35012e-02
0.49178	1.36578e-02
0.48372	2.56489e-02
0.47205	1.27230e-02
0.47487	1.66241e-02
0.47336	2.21825e-02
0.48708	1.22435e-02
0.47874	2.23689e-02
0.47135	2.12030e-02
0.47426	1.84881e-02
0.46436	2.18489e-02
0.47815	2.05985e-02
0.46519	1.20686e-02
0.47027	1.52779e-02
0.45938	2.00865e-02
0.46782	1.85583e-02
0.44045	2.36337e-02
0.44749	1.47509e-02
0.44809	1.56029e-02
0.44850	2.60574e-02
0.45292	2.12094e-02
0.44784	1.97491e-02
0.44525	1.07557e-02
0.45292	1.90426e-02
0.45334	1.05511e-02
0.44640	2.18843e-02
0.43673	1.94374e-02
0.43547	1.14907e-02
0.42718	2.34099e-02
0.44154	2.50062e-02
0.44301	1.19171e-02
0.44352	2.01197e-02
0.42792	1.20517e-02
0.43395	1.35162e-02
0.43692	1.00319e-02
0.43629	1.40288e-02
0.43286	2.21475e-02
0.44262	2.62123e-02
0.42984	2.15902e-02
0.42925	1.66027e-02
0.42662	2.15915e-02
0.42887	2.92689e-02
0.42610	1.74372e-02
0.41666	2.55987e-02
0.42764	1.79470e-02
0.42617	2.33683e-02
0.43041	2.46713e-02
0.41077	1.50608e-02
0.40386	2.25537e-02
0.41976	2.05288e-02
0.41310	2.51987e-02
0.40817	1.21643e-02
0.41477	1.83284e-02
0.41435	2.86374e-02
0.41437	2.50161e-02
0.42150	2.11415e-02
0.41730	1.51112e-02
0.41431	1.95760e-02
0.42289	2.09685e-02
0.41033	2.41181e-02
0.40724	2.75347e-02
0.39994	2.33943e-02
0.41097	2.07774e-02
0.40919	1.47535e-02
0.40311	2.03771e-02
0.39163	2.24185e-02
0.39956	2.12335e-02
0.39679	2.69478e-02
0.39434	6.23607e-03
0.39223	1.53012e-02
0.39789	2.06220e-02
0.39853	1.95063e-02
0.38928	1.94912e-02
0.39273	2.55231e-02
0.38638	2.62722e-02
0.37550	1.95355e-02
0.38241	1.58370e-02
0.38929	2.69699e-02
0.38435	2.31552e-02
0.38209	3.56474e-02
0.38075	1.68776e-02
0.37547	2.69279e-02
0.35956	2.93855e-02
0.36406	2.65590e-02
0.36757	1.86194e-02
0.36671	2.03151e-02
0.37881	2.35640e-02
0.37825	1.70242e-02
0.36500	2.43325e-02
0.37243	2.04875e-02
0.34164	2.24886e-02
0.32860	3.99391e-02
0.32125	4.69934e-02
0.29098	3.24460e-02
0.27563	3.64092e-02
0.28610	2.59381e-02
0.27339	3.20544e-02
0.26219	3.35726e-02
0.25078	3.62611e-02
0.25769	3.87359e-02
0.24646	2.96766e-02
0.24654	5.28821e-02
0.22551	3.31298e-02
0.23122	2.60669e-02
0.24082	5.79502e-02
0.23740	4.71053e-02
0.24406	3.14215e-02
0.25351	3.67801e-02
0.25901	3.39871e-02
0.25676	3.13619e-02
0.26918	3.72246e-02
0.27176	2.75615e-02
0.26733	3.27693e-02
0.28160	3.62793e-02
0.28932	2.67236e-02
0.28739	3.18392e-02
0.30953	1.62648e-02
0.28842	2.08420e-02
0.29924	1.99045e-02
0.30935	1.75099e-02
0.30724	1.67105e-02
0.31798	2.21867e-02
0.32146	2.41649e-02
0.32957	2.45372e-02
0.33411	1.96041e-02
0.33080	2.65593e-02
0.32912	2.39026e-02
0.33762	2.20757e-02
0.37140	2.78171e-02
0.36421	3.42519e-02
0.36348	3.54213e-02
0.36647	2.22638e-02
0.38627	2.99308e-02
0.39521	2.63705e-02
0.39364	1.84802e-02
0.40112	2.90399e-02
0.40519	2.96729e-02
0.40760	3.57473e-02
0.40789	3.21584e-02
0.40975	2.59257e-02
0.42120	3.31793e-02
0.44686	4.10312e-02
0.44845	3.08860e-02
0.43892	4.04329e-02
0.45937	4.29829e-02
0.46314	3.73882e-02
0.46802	3.57663e-02
0.48052	2.75209e-02
0.49027	2.22758e-02
0.48568	2.69297e-02
0.48120	2.82888e-02
0.49456	2.78395e-02
0.50194	2.53770e-02
0.51831	2.02645e-02
0.51574	1.79753e-02
0.51662	2.72078e-02
0.51999	1.97749e-02
0.52590	2.73880e-02
0.52089	2.54523e-02
0.53456	2.69102e-02
0.53949	1.53402e-02
0.54938	2.87695e-02
0.54761	3.57461e-02
0.55218	2.56063e-02
0.55493	1.76178e-02
0.56190	2.21559e-02
0.55837	3.58312e-02
0.56215	2.53111e-02
0.57241	3.07686e-02
0.57421	2.88613e-02
0.58925	2.71357e-02
0.58466	3.84660e-02
0.58679	3.74346e-02
0.59214	3.08641e-02
0.59210	2.82879e-02
0.59963	3.07276e-02
0.60471	2.82988e-02
0.60687	2.49228e-02
0.61117	2.15553e-02
0.61866	1.99317e-02
0.62417	2.25241e-02
0.62869	1.40396e-02
0.63159	1.59870e-02
0.64447	1.86791e-02
0.63942	2.01926e-02
0.63777	2.20966e-02
0.65441	1.26319e-02
0.64596	2.35748e-02
0.63916	2.70220e-02
0.64280	1.85798e-02
0.65617	1.12366e-02
0.65550	1.71039e-02
0.66151	2.54346e-02
0.65214	1.91267e-02
0.65848	2.56651e-02
0.67394	2.10578e-02
0.66854	1.97677e-02
0.67374	2.48320e-02
0.67165	2.71667e-02
0.67950	1.92788e-02
0.67901	1.54377e-02
0.68322	1.98777e-02
0.67928	1.41015e-02
0.68546	1.94175e-02
0.69192	1.42538e-02
0.68960	2.49123e-02
0.69335	2.35524e-02
0.69705	2.69178e-02
0.69765	2.43650e-02
0.69803	1.68553e-02
0.69905	1.53112e-02
0.69945	1.90735e-02
0.70060	1.29735e-02
0.71344	2.13662e-02
0.71189	1.95047e-02
0.70717	2.05118e-02
0.71027	2.59232e-02
0.72003	1.57393e-02
0.71605	2.25349e-02
0.72106	2.27917e-02
0.71848	2.43423e-02
0.72053	1.85113e-02
0.71615	1.91475e-02
0.72276	1.88195e-02
0.72351	2.12876e-02
0.73712	2.44550e-02
0.73236	2.81433e-02
0.73861	2.06473e-02
0.74319	2.71568e-02
0.75212	2.40542e-02
0.74678	2.43155e-02
0.74269	1.80595e-02
0.75997	2.01016e-02
0.75425	1.53728e-02
0.75650	2.12005e-02
0.75669	1.99901e-02
0.76128	2.40914e-02
0.76502	1.94694e-02
0.76513	2.46672e-02
0.77270	2.35389e-02
0.77552	1.76939e-02
0.77714	1.85292e-02
0.78284	2.03942e-02
0.78651	2.00646e-02
0.78251	1.96804e-02
0.78679	1.81470e-02
0.78424	2.18221e-02
0.78437	1.39957e-02
0.79370	2.05595e-02
0.78767	2.12124e-02
0.79460	1.54879e-02
0.79236	1.90128e-02
0.79279	2.16222e-02
0.80137	2.47957e-02
0.80094	1.73359e-02
0.81151	1.86431e-02
0.80878	1.80306e-02
0.80913	1.99030e-02
0.80208	1.54518e-02
0.80953	1.47052e-02
0.81037	1.11951e-02
0.81262	1.55672e-02
0.81542	1.35030e-02
0.81551	1.18723e-02
0.81372	1.94746e-02
0.81633	9.24780e-03
0.81253	1.37831e-02
0.81875	1.32505e-02
0.81730	1.22367e-02
0.82251	8.88741e-03
0.82351	1.46518e-02
0.82526	1.43599e-02
0.82359	1.41945e-02
0.82750	1.11208e-02
0.82782	9.81094e-03
0.83051	1.00701e-02
0.83427	1.51641e-02
0.82692	1.46658e-02
0.82475	1.47988e-02
0.83063	1.67462e-02
0.83058	1.25906e-02
0.83359	1.39732e-02
0.83617	1.25012e-02
0.84009	1.16339e-02
0.83686	8.46713e-03
0.83630	1.00114e-02
0.83699	6.39025e-03
0.83945	9.68434e-03
0.84188	1.05769e-02
0.84797	8.97296e-03
0.85188	8.71345e-03
0.84350	1.11559e-02
0.84137	1.11256e-02
0.84732	1.40447e-02
0.84333	1.30784e-02
0.84878	1.07762e-02
0.84802	1.03948e-02
0.85149	1.11387e-02
0.84924	1.10048e-02
0.84984	1.41088e-02
0.85223	9.87857e-03
0.85531	1.34324e-02
0.85764	1.34387e-02
0.85765	1.24905e-02
0.86416	8.43452e-03
0.85619	1.04274e-02
0.86071	8.92339e-03
0.86121	9.45421e-03
0.85847	9.53117e-03
0.85861	7.75651e-03
0.85977	9.53744e-03
0.86428	8.80408e-03
0.86462	7.19632e-03
0.85498	1.07926e-02
0.86277	1.04111e-02
0.85666	4.26736e-03
0.86007	1.52176e-02
0.86322	1.03447e-02
0.86120	8.66203e-03
0.85940	8.21258e-03
0.85919	7.85223e-03
0.85828	7.39051e-03
0.86313	1.07686e-02
0.86593	7.21424e-03
0.86532	8.48626e-03
0.86318	5.78617e-03
0.86581	6.56493e-03
0.86985	8.03559e-03
0.86778	8.70671e-03
0.86669	9.01434e-03
0.86660	8.41967e-03
0.87357	6.02197e-03
0.86675	1.00429e-02
0.87262	9.21106e-03
0.87428	1.07731e-02
0.87320	8.62353e-03
0.87659	5.61538e-03
0.88035	8.02429e-03
0.88013	8.86760e-03
0.87672	1.05609e-02
0.87499	1.04710e-02
0.87869	4.78126e-03
0.87744	1.00196e-02
0.88340	6.80325e-03
0.88028	8.14659e-03
0.88701	7.46608e-03
0.88063	5.89777e-03
0.88097	5.39171e-03
0.88499	6.16538e-03
0.88240	2.78387e-03
0.88489	9.75415e-03
0.88791	9.41372e-03
0.88856	7.41312e-03
0.88538	6.94714e-03
0.88568	1.01328e-02
0.88181	9.16204e-03
0.89099	7.31213e-03
0.88794	3.66236e-03
0.88336	7.63467e-03
0.88627	6.77799e-03
0.89007	8.13089e-03
0.88934	3.56691e-03
0.89203	5.16678e-03
0.89202	5.23099e-03
0.88859	6.61289e-03
0.89183	6.37032e-03
0.89244	9.11785e-03
0.89335	8.55657e-03
0.89278	4.96997e-03
0.88826	6.06851e-03
0.89004	8.47675e-03
0.88923	7.64676e-03
0.89316	7.66341e-03
0.89765	6.43378e-03
0.89312	7.32270e-03
0.89795	6.69428e-03
0.89049	9.02581e-03
0.89550	7.14858e-03
0.89784	6.37528e-03
0.89909	5.70875e-03
0.89692	8.01253e-03
0.89898	9.79631e-03
0.90195	7.46782e-03
0.90175	1.00925e-02
0.89967	9.98403e-03
0.90149	7.96729e-03
0.89805	8.58702e-03
0.89980	1.10607e-02
0.89987	1.10203e-02
0.90317	1.12395e-02
0.90460	1.00266e-02
0.90482	8.17881e-03
0.90476	8.77637e-03
0.90384	8.31727e-03
0.90071	7.47425e-03
0.90464	9.23345e-03
0.90241	6.25181e-03
0.90474	5.60729e-03
0.90687	8.01402e-03
0.90868	7.35343e-03
0.90911	1.02266e-02
0.90986	1.01864e-02
0.91009	9.52712e-03
0.91114	9.87719e-03
0.90935	9.78040e-03
0.90915	1.01442e-02
0.91452	8.33923e-03
0.91135	9.86794e-03
0.91236	8.64820e-03
0.91465	8.48000e-03
0.91230	9.46125e-03
0.91411	7.50864e-03
0.91684	7.27902e-03
0.91907	8.92545e-03
0.92113	8.45687e-03
0.92033	1.12055e-02
0.92041	1.06217e-02
0.91892	1.06428e-02
0.92063	8.41824e-03
0.92230	5.16709e-03
0.92541	8.70604e-03
0.91981	1.27212e-02
0.92422	9.13657e-03
0.92638	9.77050e-03
0.92804	6.23123e-03
0.92533	9.13712e-03
0.92423	1.01244e-02
0.92668	8.02249e-03
0.92695	9.93251e-03
0.92799	8.54460e-03
0.93164	8.40127e-03
0.92858	6.89621e-03
0.92987	9.12222e-03
0.93260	7.99464e-03
0.93409	5.48930e-03
0.93188	5.08835e-03
0.93523	6.83518e-03
0.93430	8.34864e-03
0.93334	1.08731e-02
0.93900	7.06329e-03
0.93430	6.85704e-03
0.93919	8.46512e-03
0.93790	5.44227e-03
0.93755	8.40805e-03
0.94053	6.53038e-03
0.93746	5.79026e-03
0.94008	7.09381e-03
0.94160	6.56953e-03
0.94085	1.04901e-02
0.94469	7.03993e-03
0.94419	6.32251e-03
0.94413	8.87107e-03
0.94697	8.08718e-03
0.94980	6.06699e-03
0.94513	6.85725e-03
0.94454	8.84554e-03
0.94327	7.87310e-03
0.94455	7.99903e-03
0.94728	9.31845e-03
0.94755	8.34910e-03
0.94727	9.41241e-03
0.94520	1.00115e-02
0.94860	9.41946e-03
0.94682	9.23430e-03
0.94922	8.04844e-03
0.94979	7.59952e-03
0.95044	8.54705e-03
0.95177	9.71080e-03
0.94846	1.17905e-02
0.94870	1.15041e-02
0.94887	8.44646e-03
0.94885	9.66463e-03
0.95083	9.44815e-03
0.95208	9.61320e-03
0.95213	9.59397e-03
0.95124	7.94173e-03
0.95250	1.11980e-02
0.95112	7.56311e-03
0.95075	9.64480e-03
0.95274	9.95480e-03
0.95372	7.65729e-03
0.95321	9.21833e-03
0.95545	9.32648e-03
0.95472	9.31740e-03
0.95746	8.59238e-03
0.95883	8.62342e-03
0.95778	1.06496e-02
0.96212	5.62548e-03
0.96095	8.82935e-03
0.96251	8.85649e-03
0.96132	1.09430e-02
0.96315	1.01055e-02
0.96301	7.76755e-03
0.96385	1.01525e-02
0.96585	6.93189e-03
0.96617	7.48812e-03
0.96455	8.27624e-03
0.96521	8.83434e-03
0.96559	8.63004e-03
0.96681	8.85869e-03
0.96747	9.08387e-03
0.96636	8.81812e-03
0.96740	7.69278e-03
0.96906	7.07532e-03
0.96812	6.42110e-03
0.96754	5.51885e-03
0.96852	5.67835e-03
0.96842	4.10031e-03
0.96895	4.43047e-03
0.96920	6.23335e-03
0.96930	5.44042e-03
0.96919	6.27903e-03
0.96976	5.29827e-03
0.97117	5.26410e-03
0.97131	4.61361e-03
0.97244	6.58025e-03
0.97228	5.82436e-03
0.97514	5.81348e-03
0.97419	5.84773e-03
0.97488	4.14163e-03
0.97513	4.94218e-03
0.97498	5.45416e-03
0.97767	6.43554e-03
0.97474	5.31369e-03
0.97705	5.00170e-03
0.97835	5.95058e-03
0.97832	3.63424e-03
0.98023	4.45370e-03
0.97823	5.87267e-03
0.97792	5.37072e-03
0.97868	6.23390e-03
0.97779	6.06566e-03
0.97707	7.74284e-03
0.97556	6.25151e-03
0.97263	7.74559e-03
0.97804	2.29198e-03
0.97360	0.00000e+00
0.97483	0.00000e+00
0.97483	0.00000e+00
0.97483	0.00000e+00
0.97330	0.00000e+00
0.97171	0.00000e+00
0.97496	0.00000e+00
0.97496	0.00000e+00
0.97269	0.00000e+00
0.97264	0.00000e+00
0.97264	0.00000e+00
0.97578	0.00000e+00
0.97600	0.00000e+00
0.97508	0.00000e+00
0.98227	0.00000e+00
0.97728	0.00000e+00
0.98228	0.00000e+00
0.98228	0.00000e+00
0.98205	0.00000e+00
0.98221	0.00000e+00
0.98221	0.00000e+00
0.98221	0.00000e+00
0.98311	0.00000e+00
0.98121	0.00000e+00
