0.1223
0.1161
0.1082
0.1013
0.0981
0.0999
0.1053
0.1116
0.1167
0.1192
0.1191
0.1169
0.1133
0.1091
0.1050
0.1020
0.1018
0.1066
0.1182
0.1366
0.1595
0.1837
0.2061
0.2245
0.2376
0.2451
0.2472
0.2441
0.2359
0.2225
0.2034
0.1787
0.1484
0.1132
0.0742
0.0343
0.0198
0.0561
0.0939
0.1276
0.1554
0.1765
0.1904
0.1970
0.1964
0.1886
0.1736
0.1517
0.1240
0.0921
0.0591
0.0332
0.0386
0.0666
0.0972
0.1259
0.1510
0.1708
0.1839
0.1894
0.1871
0.1781
0.1640
0.1475
0.1305
0.1146
0.0995
0.0843
0.0676
0.0486
0.0271
0.0056
0.0243
0.0519
0.0809
0.1103
0.1389
0.1649
0.1864
0.2016
0.2099
0.2111
0.2063
0.1966
0.1834
0.1682
0.1521
0.1359
0.1196
0.1031
0.0862
0.0694
0.0538
0.0419
0.0371
0.0406
0.0483
0.0563
0.0629
0.0676
0.0703
0.0710
0.0696
0.0659
0.0604
0.0547
0.0514
0.0531
0.0597
0.0686
0.0770
0.0833
0.0872
0.0892
0.0904
0.0914
0.0921
0.0917
0.0894
0.0845
0.0765
0.0659
0.0536
0.0416
0.0330
0.0311
0.0351
0.0413
0.0469
0.0510
0.0536
0.0545
0.0538
0.0517
0.0486
0.0453
0.0428
0.0421
0.0429
0.0435
0.0426
0.0395
0.0351
0.0318
0.0329
0.0399
0.0514
0.0654
0.0800
0.0935
0.1038
0.1089
0.1073
0.0981
0.0814
0.0582
0.0309
0.0153
0.0427
0.0768
0.1105
0.1413
0.1672
0.1861
0.1968
0.1984
0.1909
0.1749
0.1515
0.1225
0.0905
0.0597
0.0390
0.0427
0.0619
0.0825
0.1004
0.1150
0.1267
0.1363
0.1450
0.1531
0.1602
0.1649
0.1655
0.1610
0.1515
0.1378
0.1209
0.1015
0.0802
0.0573
0.0344
0.0189
0.0298
0.0511
0.0720
0.0904
0.1056
0.1173
0.1256
0.1307
0.1331
0.1334
0.1323
0.1305
0.1286
0.1262
0.1231
0.1188
0.1132
0.1062
0.0979
0.0884
0.0780
0.0679
0.0598
0.0563
0.0590
0.0668
0.0767
0.0857
0.0911
0.0913
0.0850
0.0721
0.0530
0.0287
0.0012
0.0312
0.0644
0.0983
0.1318
0.1635
0.1920
0.2154
0.2321
0.2408
0.2412
0.2335
0.2189
0.1991
0.1757
0.1505
0.1256
0.1036
0.0876
0.0799
0.0797
0.0834
0.0871
0.0888
0.0885
0.0882
0.0906
0.0975
0.1089
0.1232
0.1383
0.1531
0.1670
0.1801
0.1919
0.2016
0.2082
0.2107
0.2094
0.2053
0.2002
0.1957
0.1923
0.1897
0.1865
0.1821
0.1761
0.1696
0.1637
0.1593
0.1563
0.1535
0.1495
0.1437
0.1359
0.1265
0.1159
0.1044
0.0915
0.0770
0.0606
0.0423
0.0228
0.0097
0.0248
0.0448
0.0634
0.0797
0.0934
0.1048
0.1143
0.1219
0.1279
0.1325
0.1363
0.1398
0.1434
0.1468
0.1496
0.1513
0.1512
0.1488
0.1437
0.1360
0.1261
0.1154
0.1055
0.0980
0.0939
0.0929
0.0935
0.0936
0.0916
0.0868
0.0790
0.0683
0.0545
0.0377
0.0181
0.0050
0.0283
0.0527
0.0764
0.0977
0.1150
0.1272
0.1338
0.1347
0.1302
0.1212
0.1087
0.0946
0.0810
0.0708
0.0664
0.0695
0.0797
0.0952
0.1143
0.1354
0.1567
0.1765
0.1936
0.2073
0.2172
0.2238
0.2270
0.2268
0.2229
0.2152
0.2033
0.1874
0.1676
0.1449
0.1204
0.0970
0.0789
0.0720
0.0780
0.0920
0.1079
0.1226
0.1347
0.1439
0.1504
0.1542
0.1551
0.1530
0.1481
0.1411
0.1340
0.1295
0.1303
0.1375
0.1497
0.1638
0.1768
0.1863
0.1909
0.1903
0.1847
0.1750
0.1623
0.1482
0.1341
0.1217
0.1124
0.1065
0.1038
0.1029
0.1029
0.1030
0.1036
0.1051
0.1080
0.1120
0.1163
0.1197
0.1212
0.1197
0.1149
0.1068
0.0958
0.0829
0.0697
0.0578
0.0491
0.0436
0.0393
0.0343
0.0284
0.0254
0.0307
0.0432
0.0594
0.0770
0.0951
0.1127
0.1288
0.1423
0.1526
0.1591
0.1616
0.1603
0.1552
0.1470
0.1364
0.1247
0.1134
0.1039
0.0973
0.0937
0.0929
0.0942
0.0973
0.1018
0.1075
0.1136
0.1193
0.1235
0.1254
0.1250
0.1219
0.1162
0.1073
0.0946
0.0776
0.0561
0.0315
0.0186
0.0440
0.0787
0.1144
0.1487
0.1796
0.2055
0.2248
0.2359
0.2376
0.2290
0.2102
0.1821
0.1465
0.1060
0.0641
0.0299
0.0373
0.0674
0.0938
0.1118
0.1196
0.1166
0.1039
0.0839
0.0602
0.0408
0.0414
0.0620
0.0878
0.1130
0.1355
0.1545
0.1692
0.1795
0.1855
0.1878
0.1872
0.1847
0.1809
0.1758
0.1691
0.1602
0.1486
0.1340
0.1166
0.0970
0.0761
0.0552
0.0357
0.0189
0.0070
0.0077
0.0111
0.0098
0.0036
0.0070
0.0203
0.0353
0.0509
0.0664
0.0809
0.0937
0.1040
0.1110
0.1143
0.1139
0.1102
0.1039
0.0959
0.0871
0.0780
0.0693
0.0618
0.0561
0.0530
0.0528
0.0549
0.0577
0.0595
0.0592
0.0566
0.0521
0.0469
0.0423
0.0399
0.0412
0.0466
0.0560
0.0685
0.0834
0.1003
0.1185
0.1375
0.1558
0.1719
0.1843
0.1920
0.1947
0.1923
0.1850
0.1730
0.1564
0.1354
0.1104
0.0827
0.0546
0.0303
0.0201
0.0279
0.0370
0.0425
0.0459
0.0510
0.0619
0.0805
0.1063
0.1374
0.1711
0.2046
0.2351
0.2604
0.2792
0.2907
0.2947
0.2914
0.2815
0.2659
0.2457
0.2222
0.1963
0.1690
0.1413
0.1140
0.0878
0.0639
0.0430
0.0261
0.0133
0.0068
0.0106
0.0179
0.0266
0.0371
0.0500
0.0651
0.0821
0.1002
0.1185
0.1357
0.1506
0.1619
0.1685
0.1696
0.1649
0.1547
0.1400
0.1228
0.1064
0.0961
0.0978
0.1126
0.1358
0.1612
0.1844
0.2024
0.2135
0.2172
0.2134
0.2023
0.1846
0.1612
0.1336
0.1035
0.0727
0.0433
0.0203
0.0243
0.0445
0.0643
0.0817
0.0963
0.1080
0.1170
0.1234
0.1272
0.1291
0.1300
0.1307
0.1322
0.1349
0.1385
0.1424
0.1453
0.1464
0.1451
0.1413
0.1352
0.1272
0.1177
0.1072
0.0960
0.0839
0.0709
0.0572
0.0428
0.0282
0.0149
0.0135
0.0279
0.0460
0.0647
0.0819
0.0957
0.1044
0.1071
0.1042
0.0966
0.0857
0.0727
0.0590
0.0470
0.0418
0.0481
0.0628
0.0802
0.0962
0.1084
0.1156
0.1173
0.1137
0.1055
0.0937
0.0800
0.0660
0.0536
0.0451
0.0424
0.0455
0.0521
0.0598
0.0672
0.0736
0.0790
0.0834
0.0873
0.0909
0.0942
0.0970
0.0991
0.1003
0.1006
0.1006
0.1006
0.1011
0.1021
0.1036
0.1054
0.1076
0.1101
0.1128
0.1156
0.1184
0.1209
0.1230
0.1248
0.1263
0.1277
0.1289
0.1299
0.1310
0.1324
0.1347
0.1382
0.1429
0.1478
0.1518
0.1537
0.1531
0.1501
0.1456
0.1402
0.1344
0.1284
0.1225
0.1165
0.1105
0.1047
0.0997
0.0962
0.0945
0.0943
0.0947
0.0946
0.0932
0.0900
0.0857
0.0814
0.0789
0.0799
0.0852
0.0939
0.1040
0.1136
0.1213
0.1261
0.1278
0.1261
0.1212
0.1128
0.1010
0.0865
0.0707
0.0565
0.0485
0.0504
0.0603
0.0738
0.0876
0.1000
0.1094
0.1149
0.1162
0.1136
0.1081
0.1005
0.0912
0.0804
0.0677
0.0526
0.0350
0.0153
0.0090
0.0310
0.0544
0.0779
0.1007
0.1224
0.1422
0.1590
0.1719
0.1802
0.1833
0.1809
0.1733
0.1612
0.1452
0.1263
0.1054
0.0838
0.0631
0.0451
0.0311
0.0216
0.0156
0.0113
0.0076
0.0059
0.0089
0.0148
0.0219
0.0297
0.0378
0.0465
0.0562
0.0678
0.0816
0.0970
0.1128
0.1270
0.1379
0.1441
0.1442
0.1370
0.1220
0.0993
0.0706
0.0411
0.0340
0.0635
0.1010
0.1373
0.1687
0.1929
0.2083
0.2142
0.2108
0.1989
0.1797
0.1545
0.1246
0.0924
0.0624
0.0471
0.0592
0.0845
0.1096
0.1301
0.1448
0.1537
0.1576
0.1577
0.1554
0.1522
0.1501
0.1509
0.1557
0.1646
0.1759
0.1872
0.1964
0.2019
0.2034
0.2012
0.1964
0.1904
0.1839
0.1773
0.1703
0.1623
0.1527
0.1409
0.1266
0.1097
0.0906
0.0695
0.0469
0.0241
0.0126
0.0328
0.0577
0.0822
0.1052
0.1258
0.1437
0.1586
0.1703
0.1787
0.1836
0.1854
0.1846
0.1819
0.1782
0.1742
0.1704
0.1671
0.1641
0.1615
0.1589
0.1561
0.1530
0.1493
0.1451
0.1400
0.1334
0.1245
0.1129
0.0994
0.0855
0.0742
0.0693
0.0724
0.0820
0.0948
0.1082
0.1207
0.1316
0.1406
0.1479
0.1540
0.1591
0.1630
0.1655
0.1661
0.1645
0.1600
0.1522
0.1404
0.1245
0.1045
0.0812
0.0559
0.0307
0.0124
0.0243
0.0436
0.0609
0.0757
0.0881
0.0986
0.1078
0.1170
0.1274
0.1402
0.1560
0.1738
0.1920
0.2085
0.2216
0.2304
0.2345
0.2342
0.2301
0.2221
0.2101
0.1940
0.1739
0.1503
0.1244
0.0974
0.0705
0.0444
0.0218
0.0221
0.0452
0.0718
0.0986
0.1247
0.1490
0.1707
0.1890
0.2028
0.2113
0.2141
0.2110
0.2026
0.1896
0.1732
0.1547
0.1354
0.1172
0.1025
0.0941
0.0936
0.0997
0.1092
0.1188
0.1260
0.1293
0.1285
0.1240
0.1168
0.1083
