0.2450
0.4157
0.6329
0.8222
0.9089
0.9488
0.9663
0.9745
0.9790
0.9819
0.9829
0.9832
0.9829
0.9826
0.9823
0.9826
0.9822
0.9816
0.9813
0.9800
0.9818
0.9820
0.9815
0.9818
0.9816
0.9819
0.9816
0.9816
0.9818
0.9813
0.9814
0.9815
0.9818
0.9814
0.9817
0.9816
0.9818
0.9816
0.9817
0.9815
0.9817
0.9815
0.9819
0.9813
0.9817
0.9817
0.9815
0.9818
0.9815
0.9818
0.9815
0.9819
0.9816
0.9817
0.9818
0.9814
0.9815
0.9818
0.9813
0.9812
0.9808
0.9801
0.9802
0.9802
0.9796
0.9808
0.9805
0.9800
0.9800
0.9803
0.9796
0.9809
0.9808
0.9803
0.9797
0.9809
0.9806
0.9800
0.9800
0.9803
0.9796
0.9809
0.9808
0.9802
0.9798
0.9807
0.9802
0.9802
0.9797
0.9807
0.9803
0.9800
0.9799
0.9805
0.9797
0.9808
0.9803
0.9801
0.9798
0.9805
0.9798
0.9807
0.9801
0.9803
0.9796
0.9809
0.9809
0.9806
0.9797
0.9810
0.9810
0.9808
0.9799
0.9808
0.9802
0.9802
0.9797
0.9808
0.9805
0.9800
0.9801
0.9803
0.9796
0.9809
0.9807
0.9801
0.9799
0.9805
0.9798
0.9807
0.9801
0.9803
0.9796
0.9809
0.9809
0.9805
0.9797
0.9810
0.9811
0.9810
0.9804
0.9802
0.9798
0.9807
0.9801
0.9802
0.9796
0.9809
0.9808
0.9802
0.9798
0.9807
0.9801
0.9803
0.9796
0.9809
0.9809
0.9804
0.9797
0.9809
0.9810
0.9806
0.9797
0.9810
0.9810
0.9808
0.9799
0.9808
0.9801
0.9803
0.9796
0.9809
0.9809
0.9805
0.9797
0.9810
0.9811
0.9810
0.9805
0.9801
0.9800
0.9804
0.9796
0.9809
0.9807
0.9801
0.9799
0.9805
0.9798
0.9807
0.9801
0.9803
0.9796
0.9809
0.9808
0.9803
0.9797
0.9808
0.9805
0.9800
0.9801
0.9803
0.9796
0.9809
0.9807
0.9801
0.9799
0.9805
0.9798
0.9807
0.9800
0.9804
0.9796
0.9809
0.9810
0.9806
0.9797
0.9810
0.9809
0.9805
0.9797
0.9810
0.9811
0.9810
0.9804
0.9801
0.9799
0.9805
0.9797
0.9807
0.9802
0.9801
0.9798
0.9806
0.9800
0.9804
0.9796
0.9809
0.9810
0.9808
0.9800
0.9806
0.9798
0.9808
0.9802
0.9802
0.9797
0.9808
0.9804
0.9800
0.9800
0.9804
0.9796
0.9808
0.9807
0.9800
0.9800
0.9803
0.9796
0.9809
0.9809
0.9804
0.9797
0.9809
0.9808
0.9802
0.9799
0.9806
0.9798
0.9806
0.9798
0.9807
0.9800
0.9804
0.9796
0.9809
0.9810
0.9807
0.9798
0.9809
0.9806
0.9800
0.9801
0.9803
0.9796
0.9809
0.9808
0.9802
0.9798
0.9806
0.9799
0.9805
0.9797
0.9809
0.9807
0.9801
0.9800
0.9804
0.9796
0.9809
0.9807
0.9801
0.9799
0.9805
0.9797
0.9808
0.9803
0.9801
0.9798
0.9806
0.9799
0.9805
0.9797
0.9809
0.9808
0.9802
0.9799
0.9806
0.9800
0.9804
0.9796
0.9809
0.9809
0.9806
0.9797
0.9810
0.9811
0.9810
0.9804
0.9802
0.9798
0.9807
0.9801
0.9803
0.9796
0.9809
0.9810
0.9807
0.9797
0.9809
0.9808
0.9802
0.9798
0.9807
0.9801
0.9802
0.9797
0.9808
0.9807
0.9801
0.9800
0.9804
0.9796
0.9808
0.9806
0.9800
0.9800
0.9803
0.9796
0.9809
0.9809
0.9804
0.9797
0.9809
0.9808
0.9803
0.9798
0.9808
0.9804
0.9800
0.9800
0.9804
0.9796
0.9809
0.9807
0.9801
0.9799
0.9804
0.9796
0.9808
0.9806
0.9800
0.9800
0.9803
0.9796
0.9809
0.9808
0.9803
0.9797
0.9809
0.9806
0.9800
0.9800
0.9803
0.9796
0.9809
0.9808
0.9802
0.9798
0.9807
0.9800
0.9803
0.9796
0.9809
0.9810
0.9808
0.9799
0.9807
0.9801
0.9804
0.9796
0.9809
0.9810
0.9808
0.9799
0.9808
0.9801
0.9804
0.9796
0.9809
0.9810
0.9808
0.9799
0.9808
0.9803
0.9801
0.9798
0.9806
0.9800
0.9804
0.9796
0.9809
0.9810
0.9809
0.9802
0.9804
0.9796
0.9810
0.9810
0.9809
0.9801
0.9804
0.9796
0.9810
0.9811
0.9810
0.9803
0.9802
0.9798
0.9807
0.9802
0.9801
0.9798
0.9806
0.9800
0.9803
0.9796
0.9809
0.9810
0.9809
0.9803
0.9803
0.9797
0.9808
0.9806
0.9800
0.9800
0.9803
0.9796
0.9809
0.9808
0.9802
0.9798
0.9807
0.9800
0.9804
0.9796
0.9809
0.9810
0.9808
0.9799
0.9807
0.9800
0.9805
0.9797
0.9808
0.9805
0.9800
0.9801
0.9803
0.9796
0.9809
0.9808
0.9802
0.9799
0.9806
0.9799
0.9806
0.9798
0.9807
0.9801
0.9803
0.9796
0.9809
0.9809
0.9806
0.9797
0.9810
0.9811
0.9810
0.9803
0.9803
0.9797
0.9808
0.9806
0.9800
0.9800
0.9803
0.9796
0.9809
0.9808
0.9802
0.9798
0.9807
0.9800
0.9803
0.9796
0.9809
0.9810
0.9808
0.9799
0.9808
0.9802
0.9803
0.9797
0.9808
0.9807
0.9801
0.9800
0.9804
0.9796
0.9809
0.9807
0.9801
0.9799
0.9805
0.9797
0.9808
0.9804
0.9800
0.9800
0.9803
0.9796
0.9809
0.9808
0.9803
0.9797
0.9808
0.9805
0.9800
0.9800
0.9803
0.9796
0.9809
0.9808
0.9802
0.9798
0.9807
0.9800
0.9803
0.9796
0.9809
0.9810
0.9808
0.9799
0.9808
0.9801
0.9803
0.9796
0.9809
0.9808
0.9803
0.9797
0.9809
0.9806
0.9800
0.9800
0.9803
0.9796
0.9809
0.9808
0.9802
0.9798
0.9806
0.9799
0.9805
0.9797
0.9808
0.9806
0.9800
0.9800
0.9803
0.9796
0.9809
0.9808
0.9802
0.9798
0.9807
0.9801
0.9803
0.9796
0.9809
0.9808
0.9803
0.9798
0.9808
0.9803
0.9801
0.9799
0.9805
0.9797
0.9807
0.9802
0.9802
0.9797
0.9807
0.9802
0.9801
0.9798
0.9806
0.9799
0.9805
0.9796
0.9809
0.9808
0.9804
0.9797
0.9809
0.9807
0.9801
0.9799
0.9805
0.9797
0.9808
0.9804
0.9800
0.9799
0.9804
0.9796
0.9809
0.9808
0.9802
0.9798
0.9806
0.9799
0.9805
0.9797
0.9808
0.9806
0.9800
0.9800
0.9803
0.9796
0.9809
0.9808
0.9802
0.9798
0.9807
0.9801
0.9803
0.9796
0.9809
0.9808
0.9803
0.9797
0.9808
0.9806
0.9800
0.9801
0.9803
0.9796
0.9809
0.9807
0.9801
0.9799
0.9806
0.9798
0.9806
0.9799
0.9805
0.9797
0.9809
0.9807
0.9800
0.9800
0.9804
0.9796
0.9809
0.9808
0.9803
0.9798
0.9808
0.9803
0.9801
0.9798
0.9806
0.9799
0.9805
0.9797
0.9809
0.9807
0.9801
0.9799
0.9806
0.9798
0.9807
0.9800
0.9805
0.9797
0.9809
0.9806
0.9800
0.9800
0.9803
0.9796
0.9809
0.9808
0.9803
0.9797
0.9808
0.9805
0.9800
0.9800
0.9803
0.9796
0.9809
0.9808
0.9802
0.9798
0.9806
0.9800
0.9804
0.9796
0.9809
0.9810
0.9807
0.9798
0.9809
0.9806
0.9800
0.9801
0.9803
0.9796
0.9809
0.9808
0.9802
0.9798
0.9806
0.9799
0.9805
0.9797
0.9809
0.9807
0.9800
0.9800
0.9804
0.9796
0.9809
0.9808
0.9802
0.9798
0.9807
0.9800
0.9804
0.9796
0.9809
0.9810
0.9808
0.9799
0.9807
0.9800
0.9805
0.9797
0.9809
0.9807
0.9801
0.9800
0.9804
0.9796
0.9809
0.9807
0.9801
0.9800
0.9804
0.9796
0.9809
0.9808
0.9802
0.9799
0.9806
0.9798
0.9806
0.9799
0.9806
0.9798
0.9806
0.9799
0.9806
0.9798
0.9807
0.9801
0.9802
0.9797
0.9808
0.9807
0.9801
0.9800
0.9804
0.9796
0.9808
0.9806
0.9800
0.9800
0.9803
0.9796
0.9809
0.9809
0.9803
0.9797
0.9809
0.9807
0.9801
0.9800
0.9804
0.9797
0.9808
0.9806
0.9800
0.9800
0.9803
0.9796
0.9809
0.9808
0.9802
0.9798
0.9807
0.9801
0.9802
0.9797
0.9808
0.9806
0.9800
0.9800
0.9803
0.9796
0.9809
0.9808
0.9802
0.9798
0.9806
0.9799
0.9805
0.9796
0.9809
0.9809
0.9804
0.9797
0.9809
0.9808
0.9802
0.9799
0.9806
0.9799
0.9805
0.9797
0.9809
0.9807
0.9801
0.9800
0.9804
0.9796
0.9809
0.9807
0.9801
0.9799
0.9804
0.9796
0.9808
0.9806
0.9800
0.9800
0.9803
0.9796
0.9809
0.9808
0.9803
0.9797
0.9809
0.9806
0.9800
0.9800
0.9803
0.9796
0.9809
0.9808
0.9802
0.9798
0.9807
0.9800
0.9803
0.9796
0.9809
0.9810
0.9808
0.9799
0.9808
0.9801
0.9804
0.9796
0.9809
0.9810
0.9807
0.9798
0.9808
0.9804
0.9801
0.9799
0.9805
0.9797
0.9808
0.9804
0.9800
0.9800
0.9803
0.9796
0.9809
0.9808
0.9803
0.9797
0.9808
0.9806
0.9800
0.9801
0.9803
0.9796
0.9809
0.9808
0.9802
0.9798
0.9806
0.9799
0.9805
0.9797
0.9809
0.9808
0.9802
0.9798
0.9807
0.9802
0.9801
0.9798
0.9807
0.9801
0.9802
0.9796
0.9809
0.9808
0.9803
0.9798
0.9808
0.9803
0.9801
0.9799
0.9805
0.9797
0.9807
0.9802
0.9801
0.9798
0.9807
0.9801
0.9803
0.9796
0.9809
0.9809
0.9804
0.9797
0.9809
0.9809
0.9805
0.9797
0.9810
0.9811
0.9812
0.9809
0.9802
0.9799
0.9806
0.9799
0.9805
