0.40812	1.49624e-01
0.32958	1.07961e-01
0.33040	1.40286e-01
0.26410	9.11573e-02
0.23394	1.24916e-01
0.22641	8.41269e-02
0.22374	1.19845e-01
0.18686	8.72571e-02
0.22319	7.07307e-02
0.21773	9.95434e-02
0.21065	7.96599e-02
0.19983	1.03651e-01
0.19429	1.08232e-01
0.23436	8.89501e-02
0.24097	9.89182e-02
0.21182	8.36580e-02
0.17555	1.05962e-01
0.20109	1.09398e-01
0.20753	7.25277e-02
0.24337	1.05369e-01
0.24201	7.36933e-02
0.23444	7.38195e-02
0.22287	6.89352e-02
0.26331	1.16659e-01
0.22144	5.59495e-02
0.21010	8.74550e-02
0.22401	1.06587e-01
0.25737	7.76921e-02
0.20970	8.68186e-02
0.25371	9.98175e-02
0.26789	5.31361e-02
0.24678	7.85173e-02
0.27349	9.55302e-02
0.21240	5.85653e-02
0.27416	6.34578e-02
0.28605	6.43744e-02
0.27495	8.10194e-02
0.19783	7.46117e-02
0.26772	9.90724e-02
0.22935	6.75266e-02
0.28161	1.03704e-01
0.24283	7.20901e-02
0.25476	1.10912e-01
0.25965	6.81946e-02
0.25353	8.93423e-02
0.25715	9.88420e-02
0.27853	1.06826e-01
0.23184	7.94105e-02
0.27392	6.18788e-02
0.25447	4.89042e-02
0.32047	7.72598e-02
0.26137	7.83050e-02
0.30072	7.24392e-02
0.26492	7.81877e-02
0.28593	6.82139e-02
0.26657	6.37140e-02
0.26515	6.93171e-02
0.25895	7.43945e-02
0.28742	7.20185e-02
0.27541	9.81866e-02
0.25959	4.71248e-02
0.31015	8.76124e-02
0.22812	7.44260e-02
0.28780	1.01277e-01
0.23211	4.88904e-02
0.24651	9.21919e-02
0.25873	9.72397e-02
0.25246	8.68633e-02
0.28020	6.69272e-02
0.27119	8.35013e-02
0.23455	7.57914e-02
0.23162	8.99497e-02
0.24162	5.87218e-02
0.28011	6.08561e-02
0.21928	6.51364e-02
0.23461	6.99952e-02
0.22671	5.80512e-02
0.26647	4.07468e-02
0.22398	7.24067e-02
0.19655	6.32524e-02
0.19583	5.73892e-02
0.22937	5.73602e-02
0.20265	1.06213e-01
0.23987	5.74786e-02
0.18936	7.13214e-02
0.16213	1.04944e-01
0.16838	4.90962e-02
0.21536	9.42039e-02
0.15292	5.10539e-02
0.18819	6.88832e-02
0.19816	3.53079e-02
0.19248	6.80304e-02
0.19022	8.02217e-02
0.20797	6.13183e-02
0.14470	9.04159e-02
0.21054	8.79253e-02
0.15761	6.53306e-02
0.15391	7.20582e-02
0.15522	8.80414e-02
0.20569	7.05215e-02
0.18217	7.57897e-02
0.18627	6.39020e-02
0.17171	5.99734e-02
0.18226	5.18775e-02
0.18453	5.93197e-02
0.16730	5.09549e-02
0.17622	5.29045e-02
0.17948	7.51943e-02
0.18147	7.64286e-02
0.17424	7.27068e-02
0.18826	7.37901e-02
0.20733	6.75786e-02
0.21302	6.34256e-02
0.21582	5.16645e-02
0.20608	5.27504e-02
0.18532	4.06666e-02
0.18435	6.64973e-02
0.18745	7.48237e-02
0.18535	7.62673e-02
0.16296	6.72177e-02
0.19843	9.01498e-02
0.21011	8.46103e-02
0.19689	6.94499e-02
0.17906	4.98351e-02
0.19599	5.77930e-02
0.19063	6.58477e-02
0.17771	7.15643e-02
0.18843	7.18154e-02
0.21236	7.99025e-02
0.18958	8.15691e-02
0.19769	7.22884e-02
0.17424	6.93963e-02
0.19795	5.97503e-02
0.20312	5.81285e-02
0.20110	6.88984e-02
0.19763	6.76704e-02
0.17970	7.97216e-02
0.19041	6.87773e-02
0.21284	9.04567e-02
0.17823	8.89092e-02
0.18827	9.45443e-02
0.18315	6.97049e-02
0.19143	5.35238e-02
0.17404	7.24490e-02
0.17924	7.22970e-02
0.22735	7.92661e-02
0.23179	9.12593e-02
0.24177	7.63396e-02
0.21552	1.10925e-01
0.17651	1.07284e-01
0.19586	1.08548e-01
0.22935	1.11506e-01
0.22743	1.11727e-01
0.22633	1.04873e-01
0.22427	1.19009e-01
0.19153	1.22432e-01
0.22015	1.19195e-01
0.21666	1.19191e-01
0.22072	1.24314e-01
0.20381	1.29470e-01
0.20851	1.11462e-01
0.21703	8.62040e-02
0.22581	9.27645e-02
0.22174	8.96788e-02
0.22160	7.99829e-02
0.21966	6.74528e-02
0.20705	7.21658e-02
0.21608	7.60994e-02
0.22302	8.81272e-02
0.22429	9.16045e-02
0.20390	7.63194e-02
0.20565	7.55748e-02
0.19811	8.15547e-02
0.23685	8.50937e-02
0.26125	9.76564e-02
0.24980	9.38150e-02
0.23429	8.98788e-02
0.25716	7.27146e-02
0.25973	7.07363e-02
0.17855	7.69481e-02
0.23692	8.23155e-02
0.24209	8.97070e-02
0.25863	8.51538e-02
0.23421	7.43548e-02
0.23421	7.43548e-02
0.23628	7.90045e-02
0.22257	1.08225e-01
0.22565	1.04552e-01
0.23987	9.94735e-02
0.22207	7.87893e-02
0.21972	9.82237e-02
0.21477	9.69491e-02
0.21070	9.47260e-02
0.21804	9.50579e-02
0.22674	9.52410e-02
0.21335	8.86982e-02
0.24237	1.09971e-01
0.25156	1.11200e-01
0.25635	1.11826e-01
0.25841	1.13587e-01
0.25849	1.13543e-01
0.22420	1.05132e-01
0.21928	1.17470e-01
0.24233	1.19020e-01
0.24916	1.05318e-01
0.28570	1.04202e-01
0.28429	1.03995e-01
0.28752	1.01808e-01
0.24950	1.18393e-01
0.26151	1.24475e-01
0.28260	1.28167e-01
0.27940	1.03786e-01
0.27043	9.67901e-02
0.26012	8.90787e-02
0.26090	9.46830e-02
0.26090	9.46830e-02
0.24279	9.50418e-02
0.23313	9.18288e-02
0.27591	8.89365e-02
0.27007	8.78886e-02
0.27007	8.78886e-02
0.28172	1.00773e-01
0.27461	1.02838e-01
0.25334	1.10293e-01
0.29375	6.69623e-02
0.29147	7.11037e-02
0.27702	6.35123e-02
0.26161	9.38959e-02
0.27932	1.14045e-01
0.28432	1.05012e-01
0.26810	6.69708e-02
0.27866	6.31041e-02
0.29330	9.42664e-02
0.29718	9.09988e-02
0.29803	1.17247e-01
0.28788	1.19390e-01
0.30750	1.22237e-01
0.31125	1.18339e-01
0.30351	1.16622e-01
0.31130	1.13149e-01
0.28567	1.15635e-01
0.28960	1.12623e-01
0.29444	1.10536e-01
0.30379	9.13184e-02
0.30573	8.78082e-02
0.28304	9.43508e-02
0.28050	9.28033e-02
0.31023	8.02958e-02
0.31499	1.13015e-01
0.30011	1.34249e-01
0.31986	1.01839e-01
0.32818	6.51858e-02
0.33452	6.84454e-02
0.33452	6.84454e-02
0.29402	9.33652e-02
0.28934	8.89337e-02
0.27693	1.00141e-01
0.29291	1.15060e-01
0.29662	1.14986e-01
0.32405	1.31204e-01
0.31954	1.29272e-01
0.34248	1.36343e-01
0.31224	1.35880e-01
0.32153	1.32888e-01
0.32153	1.32888e-01
0.35309	8.09339e-02
0.30382	1.31991e-01
0.30543	1.20503e-01
0.30874	1.13537e-01
0.30874	1.13537e-01
0.29821	1.16451e-01
0.30710	1.14226e-01
0.31958	1.12367e-01
0.32893	1.34419e-01
0.31280	1.49443e-01
0.33814	1.33648e-01
0.33338	1.31133e-01
0.31273	1.18892e-01
0.34535	1.30773e-01
0.34798	1.15652e-01
0.35793	8.62840e-02
0.36281	9.22489e-02
0.35940	8.54118e-02
0.38187	1.01137e-01
0.33856	9.00349e-02
0.34927	9.29658e-02
0.31053	9.60498e-02
0.33187	1.36486e-01
0.32862	1.42983e-01
0.32862	1.42983e-01
0.33098	1.41935e-01
0.33833	1.35070e-01
0.31168	1.14358e-01
0.29607	1.07536e-01
0.30086	1.11040e-01
0.34912	1.12166e-01
0.36870	1.10999e-01
0.35684	1.06800e-01
0.35684	1.06800e-01
0.36460	9.68384e-02
0.36740	7.93888e-02
0.34123	1.08040e-01
0.34123	1.08040e-01
0.34778	1.19299e-01
0.34702	1.28500e-01
0.35201	1.13833e-01
0.35908	1.12212e-01
0.35623	1.14104e-01
0.35657	1.12747e-01
0.38515	1.17094e-01
0.37768	1.31592e-01
0.37830	1.37842e-01
0.36529	1.35473e-01
0.36219	1.12032e-01
0.35125	1.03956e-01
0.34231	1.05874e-01
0.36038	1.35104e-01
0.37799	1.38968e-01
0.37799	1.38968e-01
0.37444	1.37142e-01
0.39168	1.41555e-01
0.40973	1.30891e-01
0.44423	7.15431e-02
0.44410	7.16123e-02
0.42896	6.93068e-02
0.40033	1.11293e-01
0.39385	1.16037e-01
0.39428	1.22495e-01
0.39877	1.47438e-01
0.42204	1.39256e-01
0.41717	1.42093e-01
0.40738	1.42815e-01
0.44563	1.04444e-01
0.46416	1.07261e-01
0.44594	1.29558e-01
0.42701	1.24742e-01
0.43893	1.25092e-01
0.43893	1.25092e-01
0.43090	1.22043e-01
0.42073	1.22648e-01
0.42246	8.63687e-02
0.42116	9.31995e-02
0.40710	1.03045e-01
0.39091	1.20317e-01
0.36917	9.77973e-02
0.37943	1.12304e-01
0.37943	1.12304e-01
0.38706	1.18603e-01
0.40744	1.00273e-01
0.39154	1.14277e-01
0.39033	8.27794e-02
0.40923	1.04523e-01
0.41848	1.02463e-01
0.40831	1.10240e-01
0.39948	1.03432e-01
0.39398	9.88167e-02
0.36331	1.19681e-01
0.36114	1.17306e-01
0.37340	9.42473e-02
0.36594	1.14592e-01
0.33449	1.28090e-01
0.36522	1.06076e-01
0.39995	1.23966e-01
0.36057	1.06406e-01
0.37161	1.08254e-01
0.33412	1.07086e-01
0.32638	1.20217e-01
0.35351	1.29041e-01
0.33743	1.22837e-01
0.33105	1.17476e-01
0.38742	1.01199e-01
0.36656	1.29407e-01
0.36656	1.29407e-01
0.36529	1.34744e-01
0.39473	1.25230e-01
0.33701	1.44372e-01
0.32351	1.26845e-01
0.31364	1.29442e-01
0.35824	1.07383e-01
0.35824	1.07383e-01
0.39109	9.30520e-02
0.44305	8.75736e-02
0.41527	9.11255e-02
0.43107	8.91183e-02
0.39866	1.08014e-01
0.39866	1.08014e-01
0.39344	1.14858e-01
0.37336	1.33962e-01
0.41213	1.11310e-01
0.41213	1.11310e-01
0.39811	1.13181e-01
0.39811	1.13181e-01
0.38230	1.06264e-01
0.36554	1.04162e-01
0.36211	1.05381e-01
0.37461	1.03636e-01
0.35013	9.43728e-02
0.35013	9.43728e-02
0.37444	1.02056e-01
0.41452	1.01707e-01
0.38762	8.98340e-02
0.38762	8.98340e-02
0.41296	9.30957e-02
0.44352	6.10362e-02
0.44009	5.53936e-02
0.34763	1.36922e-01
0.34763	1.36922e-01
0.41234	9.85958e-02
0.37523	6.72027e-02
0.35748	5.70564e-02
0.35748	5.70564e-02
0.39331	5.50933e-02
0.41610	4.43653e-02
0.41885	4.19741e-02
0.41885	4.19741e-02
0.41885	4.19741e-02
0.41885	4.19741e-02
0.40916	2.83710e-02
0.34631	6.41271e-02
0.34631	6.41271e-02
0.34631	6.41271e-02
0.34631	6.41271e-02
0.32627	1.23587e-01
0.40436	2.27011e-02
0.42317	2.51488e-02
0.37428	6.41320e-02
0.38741	6.94041e-02
0.39139	1.01598e-01
0.34109	5.12996e-02
0.34109	5.12996e-02
0.38888	9.90920e-02
0.38888	9.90920e-02
0.38888	9.90920e-02
0.29649	1.91491e-01
0.37148	0.00000e+00
