0.84400	3.68350e-02
0.82770	3.56141e-02
0.78076	7.27198e-02
0.70539	8.65493e-02
0.63240	1.04867e-01
0.56097	1.23270e-01
0.52893	1.81459e-01
0.50029	1.03567e-01
0.45242	1.42840e-01
0.49371	1.47249e-01
0.43449	1.18937e-01
0.44909	1.19963e-01
0.47063	1.31501e-01
0.45242	1.00370e-01
0.46237	9.50444e-02
0.45271	1.18574e-01
0.48312	8.94853e-02
0.45606	8.22092e-02
0.47768	1.09187e-01
0.47251	1.23048e-01
0.50466	8.51288e-02
0.48797	7.33803e-02
0.48023	9.44405e-02
0.48043	1.07324e-01
0.50084	7.08390e-02
0.48491	7.69848e-02
0.49609	7.60667e-02
0.47475	8.14736e-02
0.51284	5.29582e-02
0.51509	7.06678e-02
0.47757	8.68110e-02
0.49890	1.11631e-01
0.52259	6.74371e-02
0.50992	7.18884e-02
0.50752	5.92122e-02
0.49024	1.00596e-01
0.51106	6.63396e-02
0.52042	8.86424e-02
0.52306	7.04959e-02
0.53025	8.49694e-02
0.52854	6.11833e-02
0.49318	6.37100e-02
0.51799	7.28790e-02
0.52843	1.07029e-01
0.52882	7.44725e-02
0.54622	8.68371e-02
0.53079	7.54340e-02
0.55022	7.28420e-02
0.52827	7.21607e-02
0.51616	7.49481e-02
0.51504	9.42667e-02
0.52882	7.50615e-02
0.50286	8.31313e-02
0.50360	5.14639e-02
0.52323	6.26208e-02
0.49833	6.25105e-02
0.51601	6.13837e-02
0.50456	6.06792e-02
0.51087	4.88904e-02
0.50982	5.79528e-02
0.50369	4.93498e-02
0.50590	6.16183e-02
0.51057	5.66395e-02
0.50832	8.86462e-02
0.48308	5.90364e-02
0.50577	4.71781e-02
0.48429	7.10534e-02
0.46449	5.39371e-02
0.50077	5.99596e-02
0.45733	6.58869e-02
0.46293	5.60367e-02
0.50118	5.38259e-02
0.47300	3.45176e-02
0.46321	6.58709e-02
0.49397	2.61358e-02
0.45947	5.31600e-02
0.46408	4.86405e-02
0.47574	6.15449e-02
0.43892	6.58963e-02
0.47041	5.92671e-02
0.42250	5.64934e-02
0.39523	4.56025e-02
0.40317	7.25475e-02
0.42496	5.59350e-02
0.43306	5.14888e-02
0.35778	5.58595e-02
0.41120	8.97485e-02
0.38764	5.23304e-02
0.34227	4.62923e-02
0.37738	6.99101e-02
0.34723	4.51898e-02
0.37184	4.44118e-02
0.33930	5.73375e-02
0.33537	5.65233e-02
0.35378	7.72979e-02
0.33162	4.96503e-02
0.33819	5.21075e-02
0.31340	9.18521e-02
0.26453	4.82202e-02
0.33464	4.96648e-02
0.33648	4.68702e-02
0.31896	6.38039e-02
0.32801	5.24531e-02
0.33213	6.07162e-02
0.31568	8.08977e-02
0.31954	8.86860e-02
0.32786	8.63431e-02
0.32332	8.17594e-02
0.31394	7.79117e-02
0.31632	8.02510e-02
0.34183	7.06502e-02
0.33790	6.57961e-02
0.34236	6.59757e-02
0.32424	6.40630e-02
0.31228	6.30874e-02
0.34780	1.03869e-01
0.33133	1.00047e-01
0.32630	1.04451e-01
0.31528	1.15397e-01
0.34213	9.05058e-02
0.35329	9.74308e-02
0.35508	9.53096e-02
0.37298	9.92373e-02
0.37074	9.38976e-02
0.37118	8.36921e-02
0.36195	7.84876e-02
0.37752	7.62502e-02
0.37535	9.38350e-02
0.37535	9.38350e-02
0.37092	9.74627e-02
0.36184	1.01591e-01
0.39803	7.25772e-02
0.36880	5.20572e-02
0.34661	5.38225e-02
0.37178	5.08677e-02
0.36627	5.56348e-02
0.37325	6.29526e-02
0.38135	6.08611e-02
0.37751	6.02419e-02
0.38773	5.72898e-02
0.38773	5.72898e-02
0.39604	4.29844e-02
0.40103	4.80685e-02
0.39288	5.75185e-02
0.38812	6.73126e-02
0.38837	6.85426e-02
0.40239	7.58412e-02
0.40274	7.59160e-02
0.40132	7.80397e-02
0.39121	6.88068e-02
0.38129	4.99383e-02
0.38731	5.68114e-02
0.39459	6.59611e-02
0.39579	6.60177e-02
0.45094	7.03782e-02
0.43458	6.29774e-02
0.44112	5.96676e-02
0.43887	5.89700e-02
0.43378	6.53168e-02
0.43028	4.94305e-02
0.42681	6.89800e-02
0.43208	6.66953e-02
0.42575	7.31460e-02
0.47515	5.24434e-02
0.47176	5.10973e-02
0.45219	5.06808e-02
0.42813	3.96465e-02
0.47391	7.91424e-02
0.48373	7.13019e-02
0.48433	7.06704e-02
0.47563	7.14388e-02
0.45847	3.08384e-02
0.47668	4.96150e-02
0.47668	4.96150e-02
0.45879	2.82878e-02
0.46710	4.25747e-02
0.47092	4.52636e-02
0.47253	4.60368e-02
0.48473	5.14870e-02
0.48058	5.16667e-02
0.47561	5.25527e-02
0.47953	4.94000e-02
0.48533	4.98221e-02
0.48955	3.95388e-02
0.49579	5.29703e-02
0.49584	5.29645e-02
0.49535	4.14037e-02
0.50851	3.87025e-02
0.49099	4.27763e-02
0.48985	8.63191e-02
0.48207	8.23256e-02
0.47260	8.05591e-02
0.48790	6.12383e-02
0.50520	4.77070e-02
0.50333	4.71287e-02
0.50006	4.01388e-02
0.48714	5.29686e-02
0.50323	5.61066e-02
0.50935	4.71897e-02
0.51382	6.25715e-02
0.50811	6.87074e-02
0.51288	6.78671e-02
0.50394	5.31144e-02
0.50645	5.41611e-02
0.50645	5.41611e-02
0.50769	5.60270e-02
0.49951	6.00802e-02
0.50583	6.91319e-02
0.51971	5.50741e-02
0.51911	5.60816e-02
0.51553	5.88188e-02
0.51387	6.53368e-02
0.50645	6.27464e-02
0.52434	4.88153e-02
0.53182	5.81970e-02
0.52964	5.84072e-02
0.53441	6.78079e-02
0.52910	6.13495e-02
0.53147	6.11863e-02
0.53147	6.11863e-02
0.53147	6.11863e-02
0.52190	6.64618e-02
0.53473	7.10381e-02
0.53064	7.08657e-02
0.53101	7.39321e-02
0.52762	8.01129e-02
0.52407	6.22297e-02
0.54824	4.16074e-02
0.54864	4.25942e-02
0.55029	4.58969e-02
0.56102	4.61227e-02
0.54788	5.31751e-02
0.53932	5.09776e-02
0.54759	4.97127e-02
0.55368	5.04586e-02
0.55499	5.03824e-02
0.56216	5.64195e-02
0.57374	6.16910e-02
0.57542	6.41262e-02
0.58253	4.78233e-02
0.58253	4.78233e-02
0.57132	5.36255e-02
0.58723	4.87911e-02
0.59663	6.42087e-02
0.60558	5.57065e-02
0.59187	6.11718e-02
0.58706	5.96935e-02
0.58706	5.96935e-02
0.59462	6.30243e-02
0.59462	6.30243e-02
0.61179	5.66668e-02
0.63576	5.10779e-02
0.61607	7.26139e-02
0.61195	7.35454e-02
0.59393	5.06734e-02
0.61431	5.39288e-02
0.61515	4.51623e-02
0.62191	4.75141e-02
0.62219	4.94531e-02
0.62009	4.87721e-02
0.62502	5.37965e-02
0.62599	4.61002e-02
0.62324	4.68474e-02
0.61107	4.61059e-02
0.63134	4.59990e-02
0.63503	4.18565e-02
0.62164	4.40052e-02
0.62164	4.40052e-02
0.62164	4.40052e-02
0.63134	5.87374e-02
0.62517	5.89360e-02
0.61825	3.84892e-02
0.62686	2.91313e-02
0.63876	3.90452e-02
0.63876	3.90452e-02
0.63950	5.15247e-02
0.62977	5.01679e-02
0.63218	5.31320e-02
0.66063	5.52333e-02
0.64752	5.36343e-02
0.65265	5.56059e-02
0.66205	5.33862e-02
0.65847	5.12109e-02
0.66064	5.62811e-02
0.66702	5.52368e-02
0.65825	6.16071e-02
0.66505	5.57532e-02
0.66108	5.59966e-02
0.66051	5.66394e-02
0.66827	5.03447e-02
0.66801	5.04342e-02
0.67697	5.41173e-02
0.67027	5.06812e-02
0.66385	4.78396e-02
0.66047	4.90173e-02
0.66033	4.86875e-02
0.65345	5.15928e-02
0.68078	7.20582e-02
0.68692	6.87463e-02
0.68765	6.76810e-02
0.68344	7.44763e-02
0.69053	5.33630e-02
0.69369	4.90358e-02
0.69050	5.21771e-02
0.69458	6.06692e-02
0.69191	6.54467e-02
0.70198	6.28490e-02
0.70007	5.89185e-02
0.69672	5.97225e-02
0.69870	6.98338e-02
0.69870	6.98338e-02
0.70712	6.19212e-02
0.69443	7.95083e-02
0.69940	8.04464e-02
0.70111	8.03428e-02
0.70135	8.04659e-02
0.69746	8.08531e-02
0.70032	7.76459e-02
0.70152	8.02932e-02
0.71919	6.47620e-02
0.71960	6.34530e-02
0.72298	6.58534e-02
0.73016	7.43293e-02
0.72649	7.56940e-02
0.72135	7.68335e-02
0.73267	7.97446e-02
0.74782	7.39255e-02
0.74683	7.50525e-02
0.73549	8.09749e-02
0.71734	6.56112e-02
0.72915	6.12739e-02
0.73801	4.98082e-02
0.73801	4.98082e-02
0.73191	5.87108e-02
0.72951	6.16466e-02
0.73387	6.10496e-02
0.73564	6.22991e-02
0.74958	5.79600e-02
0.76234	6.08582e-02
0.76272	6.05972e-02
0.75729	5.72750e-02
0.75729	5.72750e-02
0.76539	4.40296e-02
0.76274	5.44966e-02
0.76172	5.39269e-02
0.75181	5.81856e-02
0.75285	5.92491e-02
0.75550	5.60474e-02
0.75580	5.63403e-02
0.75536	5.60240e-02
0.77740	3.52859e-02
0.79267	4.23194e-02
0.78428	3.59089e-02
0.78420	3.58956e-02
0.78817	5.05946e-02
0.78817	5.05946e-02
0.79144	5.07949e-02
0.78499	4.91948e-02
0.78503	4.91533e-02
0.78503	4.91533e-02
0.78637	4.80072e-02
0.79159	4.97193e-02
0.79119	5.00860e-02
0.79653	4.79675e-02
0.79854	4.34583e-02
0.80070	4.51527e-02
0.80499	4.46419e-02
0.80403	4.50121e-02
0.81438	4.99768e-02
0.81541	5.04452e-02
0.81614	4.65754e-02
0.81712	4.70358e-02
0.81140	4.68886e-02
0.80872	4.87865e-02
0.81058	4.61210e-02
0.81366	4.39182e-02
0.81489	4.33186e-02
0.81489	4.33186e-02
0.81750	4.38628e-02
0.81468	4.67861e-02
0.81468	4.67861e-02
0.81468	4.67861e-02
0.81468	4.67861e-02
0.81826	4.80587e-02
0.81826	4.80587e-02
0.82428	5.34513e-02
0.82587	5.53411e-02
0.81741	6.06235e-02
0.81849	6.15678e-02
0.82179	6.43518e-02
0.82474	5.53226e-02
0.81214	5.50634e-02
0.80480	5.52780e-02
0.80480	5.52780e-02
0.80480	5.52780e-02
0.81965	4.61209e-02
0.81992	4.65657e-02
0.80587	2.20686e-02
0.80587	2.20686e-02
0.81950	3.02369e-03
0.80964	2.46590e-02
0.80964	2.46590e-02
0.79971	1.93869e-02
0.79971	1.93869e-02
0.81120	1.74932e-02
0.82124	2.60232e-02
0.82063	2.68293e-02
0.83156	1.34171e-02
0.83156	1.34171e-02
0.83156	1.34171e-02
0.82531	2.07484e-02
0.81999	1.50708e-02
0.81999	1.50708e-02
0.82807	1.29161e-02
0.82674	1.47922e-02
0.82674	1.47922e-02
0.83765	2.56710e-02
0.83765	2.56710e-02
0.83083	1.81100e-02
0.83083	1.81100e-02
0.83083	1.81100e-02
0.84197	3.10696e-02
0.84197	3.10696e-02
0.84893	2.36545e-02
0.84893	2.36545e-02
0.84893	2.36545e-02
0.84570	1.82893e-02
0.83421	4.12653e-03
0.85452	1.61778e-02
0.85452	1.61778e-02
0.85461	1.62675e-02
0.85461	1.62675e-02
0.86225	2.39127e-02
0.83834	0.00000e+00
0.83834	0.00000e+00
0.83834	0.00000e+00
0.79933	0.00000e+00
0.79933	0.00000e+00
0.85486	0.00000e+00
0.85486	0.00000e+00
0.85486	0.00000e+00
0.85486	0.00000e+00
0.83378	0.00000e+00
0.83378	0.00000e+00
0.81869	0.00000e+00
0.81869	0.00000e+00
0.81869	0.00000e+00
0.81869	0.00000e+00
0.81869	0.00000e+00
0.81869	0.00000e+00
0.81869	0.00000e+00
0.81869	0.00000e+00
0.84000	0.00000e+00
0.84394	0.00000e+00
0.86160	0.00000e+00
0.86160	0.00000e+00
0.85611	0.00000e+00
0.85611	0.00000e+00
0.85611	0.00000e+00
0.85611	0.00000e+00
0.85611	0.00000e+00
0.85611	0.00000e+00
0.87415	0.00000e+00
