0.94782	5.35944e-03
0.93134	2.09822e-02
0.89959	3.74857e-02
0.86256	4.96262e-02
0.82131	6.97253e-02
0.79653	7.20554e-02
0.74162	4.30390e-02
0.74676	4.80228e-02
0.66884	6.26748e-02
0.65292	5.17648e-02
0.61854	6.26630e-02
0.57280	9.91117e-02
0.60844	1.37640e-01
0.53166	1.15956e-01
0.56090	1.50973e-01
0.54389	1.04047e-01
0.55672	1.06170e-01
0.52808	1.15382e-01
0.49982	1.26982e-01
0.52610	1.39261e-01
0.55533	1.09426e-01
0.55010	1.24338e-01
0.55740	1.19930e-01
0.56139	1.15583e-01
0.54124	1.48470e-01
0.56161	1.17920e-01
0.57314	8.66968e-02
0.57127	1.07702e-01
0.57740	7.39392e-02
0.60214	8.54619e-02
0.59859	8.90345e-02
0.63031	5.92031e-02
0.62059	9.84307e-02
0.60444	8.86465e-02
0.62004	8.08337e-02
0.64306	8.18674e-02
0.64640	5.33544e-02
0.65034	5.23950e-02
0.68012	3.58875e-02
0.64603	5.24169e-02
0.65516	4.77501e-02
0.65404	5.29364e-02
0.65376	8.01782e-02
0.64417	7.53195e-02
0.63724	7.30308e-02
0.64584	4.42819e-02
0.65382	4.22580e-02
0.64513	5.75101e-02
0.64113	4.34840e-02
0.65121	5.65891e-02
0.62589	4.86618e-02
0.64401	7.87598e-02
0.63319	6.29178e-02
0.64575	6.25437e-02
0.62249	5.16540e-02
0.63588	6.50607e-02
0.62557	3.78907e-02
0.62894	4.18909e-02
0.62109	5.49164e-02
0.63459	4.12642e-02
0.61774	4.26498e-02
0.61731	4.20495e-02
0.62416	4.21127e-02
0.59432	5.48595e-02
0.61087	5.47654e-02
0.59957	2.38750e-02
0.57870	5.17789e-02
0.57549	4.08706e-02
0.58959	6.11721e-02
0.60743	4.15509e-02
0.58579	5.11882e-02
0.55819	2.78411e-02
0.55008	6.13341e-02
0.54471	4.30724e-02
0.54567	4.77792e-02
0.54570	5.14814e-02
0.54521	4.82822e-02
0.52652	4.48379e-02
0.53588	4.82455e-02
0.51765	4.73258e-02
0.51933	6.34298e-02
0.50777	5.10373e-02
0.50890	6.14386e-02
0.47259	4.78881e-02
0.48901	7.46838e-02
0.48073	4.57723e-02
0.46982	5.91593e-02
0.47589	5.79466e-02
0.43966	6.82383e-02
0.44017	3.58754e-02
0.45235	6.19076e-02
0.45327	5.11326e-02
0.44587	6.52442e-02
0.44948	4.12736e-02
0.42043	6.08744e-02
0.43133	4.72581e-02
0.40960	8.21322e-02
0.40090	7.10505e-02
0.41897	6.02035e-02
0.42301	6.26561e-02
0.43555	6.61237e-02
0.42845	6.12773e-02
0.44285	4.76004e-02
0.44249	4.72593e-02
0.42593	7.51366e-02
0.42054	6.29670e-02
0.41541	6.95030e-02
0.44477	7.16958e-02
0.47322	5.37304e-02
0.47380	5.34985e-02
0.47897	6.88998e-02
0.47897	6.88998e-02
0.44522	4.49048e-02
0.44357	4.08621e-02
0.44410	4.04433e-02
0.44610	3.83549e-02
0.45622	5.99683e-02
0.44153	5.89399e-02
0.46998	8.86114e-02
0.46037	7.28082e-02
0.44999	7.08270e-02
0.44421	6.63170e-02
0.43463	6.18375e-02
0.42977	6.41707e-02
0.42124	6.69076e-02
0.42124	6.69076e-02
0.42847	6.27705e-02
0.46625	8.09869e-02
0.48845	7.71303e-02
0.47982	7.18184e-02
0.50766	6.01537e-02
0.50437	5.92762e-02
0.49722	6.43583e-02
0.48528	6.20430e-02
0.48528	6.20430e-02
0.49030	5.58106e-02
0.47602	6.06852e-02
0.46880	6.54038e-02
0.49955	7.33671e-02
0.49955	7.33671e-02
0.49443	6.61090e-02
0.49891	6.95792e-02
0.49441	8.18415e-02
0.49803	8.34226e-02
0.49196	7.09904e-02
0.50773	5.89433e-02
0.49583	6.65238e-02
0.52552	8.20843e-02
0.52661	8.29652e-02
0.51268	8.69187e-02
0.51863	8.38272e-02
0.53170	7.83383e-02
0.53138	6.39950e-02
0.53947	7.22058e-02
0.53236	6.57825e-02
0.52374	5.24847e-02
0.51599	5.32020e-02
0.49889	5.23525e-02
0.49889	5.23525e-02
0.49560	5.18454e-02
0.49516	5.17200e-02
0.50034	5.38410e-02
0.51123	7.25307e-02
0.52420	7.42192e-02
0.52304	7.56192e-02
0.53122	7.39220e-02
0.53464	7.20159e-02
0.52345	7.39393e-02
0.52954	7.72259e-02
0.52927	7.57836e-02
0.53355	8.94891e-02
0.54332	8.19381e-02
0.55112	7.73970e-02
0.56377	6.53226e-02
0.55831	6.18426e-02
0.55327	6.96070e-02
0.56564	7.48361e-02
0.55836	6.79180e-02
0.56496	6.80442e-02
0.57425	6.98888e-02
0.55539	5.55085e-02
0.56582	4.24398e-02
0.54749	6.27839e-02
0.55320	4.46438e-02
0.54950	5.60401e-02
0.55808	6.14652e-02
0.57166	7.42011e-02
0.57515	7.45956e-02
0.58929	7.40473e-02
0.58456	7.79142e-02
0.58456	7.79142e-02
0.56504	8.00564e-02
0.55938	3.44316e-02
0.58517	6.46586e-02
0.58140	7.21708e-02
0.57791	3.74851e-02
0.59487	6.46690e-02
0.60167	6.10656e-02
0.59812	6.54101e-02
0.59449	6.54549e-02
0.59727	6.40688e-02
0.60364	6.93822e-02
0.61286	6.12746e-02
0.61024	6.33612e-02
0.60721	6.18000e-02
0.60290	6.37004e-02
0.60201	6.34452e-02
0.61010	6.38863e-02
0.61744	6.66784e-02
0.62166	5.68541e-02
0.62063	6.53302e-02
0.63356	6.14635e-02
0.62094	4.74230e-02
0.61582	5.26603e-02
0.64989	6.24055e-02
0.64631	6.69008e-02
0.66036	6.14846e-02
0.64186	5.54771e-02
0.64230	5.58004e-02
0.63960	6.59484e-02
0.64541	6.63985e-02
0.64464	5.98986e-02
0.63743	6.41276e-02
0.63657	6.38760e-02
0.63812	6.22068e-02
0.63630	6.21690e-02
0.62944	7.14118e-02
0.62944	7.14118e-02
0.63478	7.52603e-02
0.63693	8.00951e-02
0.63693	8.00951e-02
0.63974	8.08103e-02
0.62961	7.50013e-02
0.62545	5.82259e-02
0.64045	5.71718e-02
0.64362	5.40497e-02
0.65528	5.75263e-02
0.66871	5.64341e-02
0.66509	6.00420e-02
0.66079	5.48345e-02
0.67041	6.62451e-02
0.67285	6.84639e-02
0.66071	5.10228e-02
0.66586	5.66624e-02
0.66338	5.76423e-02
0.65743	4.57656e-02
0.65615	4.66925e-02
0.66560	5.88044e-02
0.67360	6.56348e-02
0.67360	6.56348e-02
0.70590	6.29567e-02
0.70350	6.04432e-02
0.70350	6.04432e-02
0.68838	6.46852e-02
0.70041	7.35899e-02
0.69602	7.21755e-02
0.70088	7.16286e-02
0.69312	7.02606e-02
0.70251	6.72382e-02
0.69419	6.09965e-02
0.71399	5.96063e-02
0.71751	6.33455e-02
0.70744	5.92504e-02
0.70081	6.32761e-02
0.71250	6.55077e-02
0.71983	7.59076e-02
0.71701	7.84359e-02
0.71537	7.74863e-02
0.71119	6.68545e-02
0.71961	6.21271e-02
0.71814	6.69503e-02
0.71350	5.57545e-02
0.71207	5.54961e-02
0.70414	5.60764e-02
0.71825	5.81463e-02
0.71143	5.97989e-02
0.71267	6.07151e-02
0.71292	6.05173e-02
0.72361	6.62301e-02
0.72614	5.62539e-02
0.73026	6.82246e-02
0.73913	6.88301e-02
0.74034	6.81070e-02
0.74034	6.81070e-02
0.74038	6.94516e-02
0.75283	5.32457e-02
0.75270	5.36031e-02
0.75228	5.61314e-02
0.75717	5.78271e-02
0.75975	5.47518e-02
0.76370	5.42321e-02
0.76999	5.79013e-02
0.77392	5.75999e-02
0.77550	5.74603e-02
0.77758	5.76717e-02
0.78334	4.21771e-02
0.78110	4.43571e-02
0.79212	5.31669e-02
0.78308	4.29784e-02
0.77891	5.29275e-02
0.78546	5.24802e-02
0.79702	5.66757e-02
0.79885	5.47906e-02
0.79963	5.31726e-02
0.79595	6.03681e-02
0.78993	5.68008e-02
0.79968	4.84263e-02
0.80672	5.37554e-02
0.80346	5.04731e-02
0.80742	3.51637e-02
0.80851	4.54242e-02
0.81412	5.25704e-02
0.81441	5.24750e-02
0.82424	5.65734e-02
0.82864	4.68703e-02
0.82862	4.29030e-02
0.82668	4.39841e-02
0.82886	4.66694e-02
0.83397	5.23325e-02
0.83170	5.12360e-02
0.83133	4.76755e-02
0.83645	5.06402e-02
0.84125	5.33211e-02
0.84464	5.44393e-02
0.84464	5.44393e-02
0.84656	5.59858e-02
0.84964	5.62370e-02
0.85282	5.52631e-02
0.85296	5.69486e-02
0.85456	4.46399e-02
0.86094	4.35081e-02
0.86094	4.35081e-02
0.85978	4.93420e-02
0.86032	4.98040e-02
0.85926	6.09152e-02
0.86013	4.55892e-02
0.85707	4.56097e-02
0.86021	5.33886e-02
0.86172	5.48871e-02
0.86782	5.42093e-02
0.86791	5.42477e-02
0.86909	5.40162e-02
0.87103	5.32005e-02
0.86297	4.91028e-02
0.86355	4.92684e-02
0.86355	4.92684e-02
0.86734	5.42329e-02
0.86781	5.52344e-02
0.87106	5.50771e-02
0.86544	5.07669e-02
0.87082	5.39834e-02
0.87111	5.40469e-02
0.87111	5.40469e-02
0.87203	5.45564e-02
0.87163	5.38939e-02
0.87678	4.19575e-02
0.86895	4.55132e-02
0.87265	3.71228e-02
0.88010	4.37960e-02
0.87504	5.43417e-02
0.89184	3.55591e-02
0.88655	4.56584e-02
0.88592	4.19158e-02
0.88501	4.41213e-02
0.88480	4.38151e-02
0.87753	3.87144e-02
0.87659	3.91267e-02
0.87888	4.23312e-02
0.88574	4.34804e-02
0.87494	3.96109e-02
0.87783	4.11199e-02
0.88718	4.00637e-02
0.88176	3.77608e-02
0.89295	4.53265e-02
0.89457	4.58411e-02
0.88240	4.12095e-02
0.88240	4.12095e-02
0.88210	4.08454e-02
0.88210	4.08454e-02
0.87999	5.59148e-02
0.87967	5.59293e-02
0.88526	6.19753e-02
0.90944	3.39111e-02
0.90939	3.38338e-02
0.89204	3.18697e-02
0.89204	3.18697e-02
0.90317	2.90896e-02
0.91007	3.46350e-02
0.90947	2.78390e-02
0.90510	2.77995e-02
0.90510	2.77995e-02
0.91514	2.40856e-02
0.90507	1.48710e-02
0.90507	1.48710e-02
0.91494	2.38146e-02
0.92188	2.78153e-02
0.92249	2.83823e-02
0.91345	2.73386e-02
0.91345	2.73386e-02
0.90057	4.34624e-02
0.89440	1.83804e-02
0.89440	1.83804e-02
0.89440	1.83804e-02
0.89440	1.83804e-02
0.89440	1.83804e-02
0.89440	1.83804e-02
0.89440	1.83804e-02
0.89440	1.83804e-02
0.89440	1.83804e-02
0.89440	1.83804e-02
0.89440	1.83804e-02
0.89440	1.83804e-02
0.89440	1.83804e-02
0.90760	3.15831e-02
0.90908	3.30652e-02
0.90908	3.30652e-02
0.90908	3.30652e-02
0.90908	3.30652e-02
0.91657	4.05475e-02
0.91657	4.05475e-02
0.91657	4.05475e-02
0.92077	3.63397e-02
0.92201	3.51036e-02
0.92201	3.51036e-02
0.92436	3.74544e-02
0.92436	3.74544e-02
0.92434	3.74333e-02
0.92434	3.74333e-02
0.92437	3.74618e-02
0.88577	0.00000e+00
0.88577	0.00000e+00
0.88577	0.00000e+00
0.92092	0.00000e+00
0.92092	0.00000e+00
0.92092	0.00000e+00
0.92092	0.00000e+00
0.92092	0.00000e+00
0.92092	0.00000e+00
0.92092	0.00000e+00
0.90427	0.00000e+00
0.90427	0.00000e+00
0.90427	0.00000e+00
0.90427	0.00000e+00
0.90427	0.00000e+00
0.94589	0.00000e+00
0.94589	0.00000e+00
0.94589	0.00000e+00
0.94589	0.00000e+00
0.94589	0.00000e+00
0.94589	0.00000e+00
0.94589	0.00000e+00
0.94589	0.00000e+00
0.94649	0.00000e+00
0.94649	0.00000e+00
0.94649	0.00000e+00
0.94649	0.00000e+00
0.94649	0.00000e+00
0.94649	0.00000e+00
0.94649	0.00000e+00
0.94649	0.00000e+00
0.94649	0.00000e+00
0.94649	0.00000e+00
0.94649	0.00000e+00
0.94649	0.00000e+00
0.94649	0.00000e+00
0.94672	0.00000e+00
