0.99429	8.25033e-04
0.97830	8.83027e-03
0.97014	1.04790e-02
0.96555	2.15804e-02
0.95819	2.53912e-02
0.96135	3.95710e-02
0.95674	3.00299e-02
0.95479	3.12252e-02
0.94114	4.13511e-02
0.94011	2.73521e-02
0.93522	2.75090e-02
0.91075	2.73976e-02
0.90690	2.94775e-02
0.89063	3.39635e-02
0.90372	4.02772e-02
0.88448	6.19059e-02
0.86729	6.85315e-02
0.87009	4.97962e-02
0.86336	6.07562e-02
0.85741	5.78247e-02
0.86721	5.58924e-02
0.86371	5.07292e-02
0.85551	4.66408e-02
0.84806	4.85052e-02
0.82724	7.50208e-02
0.85247	5.00951e-02
0.85128	5.01436e-02
0.84324	4.44319e-02
0.82865	4.35609e-02
0.82839	3.22559e-02
0.83176	4.65571e-02
0.81795	4.89262e-02
0.82498	5.28367e-02
0.81012	6.06720e-02
0.79969	4.40804e-02
0.80190	4.99728e-02
0.78167	5.06872e-02
0.80124	3.85118e-02
0.79861	7.28186e-02
0.78698	4.51143e-02
0.78375	4.30003e-02
0.78199	3.96674e-02
0.77960	2.75955e-02
0.77672	3.71066e-02
0.76563	4.22390e-02
0.77141	3.98096e-02
0.76042	3.94905e-02
0.76226	5.78634e-02
0.75437	4.72262e-02
0.74679	5.47057e-02
0.73205	6.17232e-02
0.73052	5.01050e-02
0.72973	5.92783e-02
0.72133	5.19826e-02
0.71587	4.96308e-02
0.70945	5.25673e-02
0.70690	5.43449e-02
0.68427	5.28309e-02
0.68259	5.60632e-02
0.68845	4.91272e-02
0.68942	2.15326e-02
0.66696	3.40362e-02
0.69732	5.33480e-02
0.69129	4.80602e-02
0.68056	5.07143e-02
0.67954	4.83437e-02
0.67526	5.02718e-02
0.66391	3.70860e-02
0.64345	5.72208e-02
0.70401	3.09928e-02
0.64740	6.46532e-02
0.66588	6.01975e-02
0.64424	5.26186e-02
0.66261	4.69802e-02
0.65461	4.87664e-02
0.64602	4.00335e-02
0.61845	5.26085e-02
0.65399	5.49580e-02
0.63629	6.57869e-02
0.62896	6.16840e-02
0.61401	4.86643e-02
0.64367	1.93140e-02
0.63964	4.38291e-02
0.61458	2.89032e-02
0.65953	3.98762e-02
0.60390	5.72367e-02
0.61736	3.97942e-02
0.58361	4.97043e-02
0.58455	7.32979e-02
0.59288	5.36578e-02
0.60264	6.05872e-02
0.58110	4.48919e-02
0.55605	5.37312e-02
0.59634	5.14781e-02
0.56759	5.66217e-02
0.58716	4.91404e-02
0.55477	3.46361e-02
0.55348	6.06822e-02
0.56711	4.31120e-02
0.56259	5.79701e-02
0.56259	5.79701e-02
0.58749	5.25261e-02
0.59135	4.34999e-02
0.59755	4.99442e-02
0.60933	4.59989e-02
0.60037	4.55270e-02
0.61112	4.91222e-02
0.61398	5.11862e-02
0.61939	5.08608e-02
0.61390	5.20477e-02
0.60784	4.98153e-02
0.60784	4.98153e-02
0.62747	4.40432e-02
0.62781	5.17683e-02
0.63973	3.97980e-02
0.63496	4.95884e-02
0.64121	3.97596e-02
0.64068	3.95041e-02
0.65861	3.54644e-02
0.65861	3.54644e-02
0.66178	3.50596e-02
0.64675	4.95240e-02
0.64895	4.90514e-02
0.65840	4.64837e-02
0.66640	3.93933e-02
0.66798	3.22903e-02
0.66798	3.22903e-02
0.67621	3.25308e-02
0.67463	3.23703e-02
0.67463	3.23703e-02
0.68525	3.34912e-02
0.68197	3.40428e-02
0.68625	3.38927e-02
0.68646	3.34988e-02
0.68798	3.42728e-02
0.68234	2.91856e-02
0.67923	2.81273e-02
0.68801	2.19773e-02
0.68442	2.70249e-02
0.68726	3.06792e-02
0.68885	3.21946e-02
0.68144	2.99761e-02
0.68776	2.52200e-02
0.68166	2.64576e-02
0.68350	2.53068e-02
0.68336	2.43449e-02
0.67449	3.45749e-02
0.67956	3.90572e-02
0.67389	3.85485e-02
0.67582	3.92491e-02
0.69059	4.32964e-02
0.69775	5.06158e-02
0.69916	4.88316e-02
0.70736	5.19560e-02
0.71786	3.92181e-02
0.71742	3.92303e-02
0.71193	4.34513e-02
0.72164	4.49230e-02
0.71614	4.16433e-02
0.70807	4.54458e-02
0.69492	5.03801e-02
0.71412	5.14022e-02
0.70892	6.21493e-02
0.71351	5.27728e-02
0.73230	5.40339e-02
0.73230	5.40339e-02
0.73595	5.94920e-02
0.72470	4.58047e-02
0.73074	5.36762e-02
0.73118	5.17715e-02
0.74457	4.75486e-02
0.74548	4.10533e-02
0.74348	4.04214e-02
0.74348	4.04214e-02
0.74007	3.97418e-02
0.74595	4.05865e-02
0.75281	3.82768e-02
0.74465	3.26493e-02
0.75559	3.20875e-02
0.75414	3.76993e-02
0.75062	3.54625e-02
0.75564	4.84774e-02
0.75106	4.85096e-02
0.75409	4.60423e-02
0.75215	4.49964e-02
0.75172	4.58300e-02
0.75810	4.36353e-02
0.75600	4.76130e-02
0.75633	4.81619e-02
0.76059	5.38872e-02
0.76309	5.46854e-02
0.76308	5.46921e-02
0.76311	5.58033e-02
0.76201	5.58001e-02
0.75274	5.51019e-02
0.75497	5.34713e-02
0.76133	5.96446e-02
0.77638	6.36098e-02
0.77853	7.01907e-02
0.76478	5.76579e-02
0.77568	4.81369e-02
0.77860	4.84026e-02
0.78473	5.38114e-02
0.78667	5.42837e-02
0.79853	4.45141e-02
0.79002	4.03679e-02
0.78538	4.02574e-02
0.78924	4.06992e-02
0.78767	4.02684e-02
0.79431	4.39115e-02
0.79703	3.84327e-02
0.79157	4.38572e-02
0.79460	4.01190e-02
0.79852	3.71264e-02
0.78849	3.54544e-02
0.78396	4.24036e-02
0.78391	4.24948e-02
0.78221	4.44621e-02
0.78120	4.55032e-02
0.78246	4.44288e-02
0.78245	4.44266e-02
0.78451	4.97227e-02
0.77998	4.65782e-02
0.77998	4.65782e-02
0.78482	4.24333e-02
0.77560	5.16863e-02
0.78383	5.19229e-02
0.79153	4.19608e-02
0.80099	3.75734e-02
0.79876	4.16943e-02
0.79945	4.11472e-02
0.80477	4.00016e-02
0.81361	3.84777e-02
0.81759	4.03456e-02
0.81798	3.98270e-02
0.81625	3.91619e-02
0.81634	3.91782e-02
0.81342	3.35760e-02
0.81681	3.02871e-02
0.81641	3.33641e-02
0.81919	3.31973e-02
0.82174	3.53768e-02
0.82628	3.52720e-02
0.82164	3.74856e-02
0.82333	3.74194e-02
0.82558	3.38073e-02
0.82102	3.28270e-02
0.82102	3.28270e-02
0.81613	3.29826e-02
0.81285	3.72487e-02
0.81341	3.44361e-02
0.81505	3.63094e-02
0.81817	3.96000e-02
0.81602	4.79726e-02
0.84049	4.54927e-02
0.84685	4.76619e-02
0.83631	3.78851e-02
0.84230	4.36881e-02
0.83451	5.17210e-02
0.83451	5.17210e-02
0.83608	4.93926e-02
0.84061	5.39251e-02
0.83824	5.24520e-02
0.83204	4.73975e-02
0.82205	4.10161e-02
0.82185	4.08387e-02
0.83435	3.97389e-02
0.83385	3.96617e-02
0.84288	2.73309e-02
0.84927	2.60527e-02
0.83457	3.29191e-02
0.83390	4.10437e-02
0.84617	3.90576e-02
0.84617	3.90576e-02
0.84734	4.02196e-02
0.85226	2.73724e-02
0.85511	2.54098e-02
0.85136	2.82505e-02
0.85473	2.68167e-02
0.85173	3.23067e-02
0.84575	2.86863e-02
0.85423	1.92559e-02
0.86245	3.32048e-02
0.86056	3.70681e-02
0.85630	4.26700e-02
0.87059	3.96333e-02
0.86827	3.66397e-02
0.85992	3.01361e-02
0.86849	2.32559e-02
0.86320	3.26421e-02
0.87116	3.65806e-02
0.86475	3.99367e-02
0.85691	3.43268e-02
0.85787	3.53988e-02
0.86821	3.78466e-02
0.87026	3.20151e-02
0.87572	3.62157e-02
0.88840	2.77437e-02
0.88950	2.33778e-02
0.89293	2.68167e-02
0.89002	2.41679e-02
0.89170	1.77398e-02
0.89064	2.55639e-02
0.88448	2.52441e-02
0.88292	2.07535e-02
0.88442	2.14735e-02
0.88447	1.97828e-02
0.88500	2.01334e-02
0.88321	2.28339e-02
0.89733	3.01311e-02
0.89742	2.35905e-02
0.89173	2.43922e-02
0.89036	2.87720e-02
0.88925	3.10330e-02
0.88785	2.72534e-02
0.89476	3.12971e-02
0.89417	3.10236e-02
0.89319	3.29360e-02
0.88297	2.80623e-02
0.89104	3.76408e-02
0.89297	4.29504e-02
0.89742	4.66475e-02
0.89805	4.77573e-02
0.89365	4.51518e-02
0.89501	4.64881e-02
0.89236	4.45507e-02
0.90001	3.28596e-02
0.90237	3.45311e-02
0.90503	3.75323e-02
0.90759	3.82101e-02
0.91074	4.33001e-02
0.90947	4.45175e-02
0.90726	4.52342e-02
0.90757	4.54964e-02
0.90033	4.77033e-02
0.90042	4.78085e-02
0.90042	4.78085e-02
0.90289	4.69416e-02
0.90697	5.07706e-02
0.91998	4.39671e-02
0.92447	4.03795e-02
0.92509	4.14784e-02
0.92166	4.16856e-02
0.92588	3.34786e-02
0.93074	3.53111e-02
0.93848	2.96717e-02
0.93097	3.00307e-02
0.93271	3.21778e-02
0.93533	4.10187e-02
0.93858	3.22190e-02
0.93385	3.74042e-02
0.94315	3.72696e-02
0.93672	3.45143e-02
0.94254	3.30385e-02
0.94431	3.12929e-02
0.94155	3.11766e-02
0.94156	3.11737e-02
0.93690	3.15245e-02
0.94411	3.42068e-02
0.94411	3.42068e-02
0.94411	3.42068e-02
0.94411	3.42068e-02
0.94538	3.46833e-02
0.94538	3.46833e-02
0.94600	3.36059e-02
0.94728	3.26680e-02
0.94728	3.26680e-02
0.93866	3.21978e-02
0.94141	2.72207e-02
0.94014	2.84935e-02
0.94485	3.28107e-02
0.94554	3.32244e-02
0.94018	3.03340e-02
0.94018	3.03340e-02
0.93894	3.01506e-02
0.93594	1.99473e-02
0.94139	2.87370e-02
0.94139	2.87370e-02
0.93728	2.83314e-02
0.95382	2.46051e-02
0.95588	2.23513e-02
0.95660	2.27469e-02
0.94475	1.32601e-02
0.95093	5.94183e-03
0.94740	4.36999e-03
0.95814	1.55183e-02
0.96104	1.49504e-02
0.96104	1.49504e-02
0.96317	1.58928e-02
0.96647	1.91920e-02
0.95732	2.05341e-02
0.96408	1.38350e-02
0.96644	2.37425e-02
0.96643	2.37224e-02
0.96314	1.75204e-02
0.96314	1.75204e-02
0.96236	1.82367e-02
0.96889	1.90223e-02
0.96626	1.60087e-02
0.96626	1.60087e-02
0.95550	1.67012e-02
0.96292	1.68953e-02
0.96292	1.68953e-02
0.97326	2.12264e-02
0.97124	2.04701e-02
0.95429	1.56999e-02
0.95429	1.56999e-02
0.96527	1.87659e-02
0.97675	3.21530e-03
0.97675	3.21530e-03
0.97360	1.74157e-03
0.97580	1.40829e-02
0.96632	5.28251e-03
0.96632	5.28251e-03
0.97319	1.21565e-02
0.96737	6.33512e-03
0.98229	8.57948e-03
0.98229	8.57948e-03
0.98229	8.57948e-03
0.98229	8.57948e-03
0.98229	8.57948e-03
0.99220	1.33615e-03
0.99087	0.00000e+00
0.99087	0.00000e+00
0.99458	0.00000e+00
