0.97491	6.77747e-03
0.95589	6.33520e-03
0.94903	1.17086e-02
0.93950	1.58173e-02
0.92919	2.05624e-02
0.90745	1.48629e-02
0.89851	1.89841e-02
0.87268	2.68808e-02
0.87436	2.35635e-02
0.84227	3.16052e-02
0.83145	2.45400e-02
0.80898	2.45203e-02
0.78701	1.84757e-02
0.76653	2.54344e-02
0.76198	3.10305e-02
0.75306	3.51056e-02
0.74252	3.77552e-02
0.68001	4.59775e-02
0.68564	5.61175e-02
0.66735	4.97588e-02
0.66913	6.22669e-02
0.63971	2.96837e-02
0.62324	7.02352e-02
0.60858	4.25717e-02
0.55556	6.34518e-02
0.51304	4.35414e-02
0.49868	7.52228e-02
0.46577	9.82965e-02
0.41360	9.89972e-02
0.35529	6.04835e-02
0.32691	7.75873e-02
0.30130	7.06114e-02
0.25315	1.08446e-01
0.26014	7.74145e-02
0.27165	1.09640e-01
0.24654	8.70767e-02
0.23467	1.01077e-01
0.21961	7.71659e-02
0.17067	9.37808e-02
0.16437	6.30656e-02
0.17612	8.15792e-02
0.18602	5.68434e-02
0.12652	6.40780e-02
0.13531	4.88617e-02
0.13171	4.25608e-02
0.12703	8.31311e-02
0.08642	4.71771e-02
0.11854	5.41191e-02
0.11553	5.07150e-02
0.10639	7.00769e-02
0.12776	4.52317e-02
0.10389	4.39937e-02
0.11520	4.09614e-02
0.14232	6.27027e-02
0.09522	4.21578e-02
0.11487	5.29278e-02
0.10947	3.97306e-02
0.13482	6.00532e-02
0.09968	4.59487e-02
0.08003	3.31592e-02
0.10393	4.39985e-02
0.08738	4.59993e-02
0.09682	4.67065e-02
0.11404	5.10936e-02
0.08177	3.70474e-02
0.07768	3.59142e-02
0.09547	3.84989e-02
0.08764	3.64755e-02
0.09905	5.50206e-02
0.11769	5.93073e-02
0.07944	4.34874e-02
0.08865	4.22913e-02
0.09693	3.60591e-02
0.09004	4.06846e-02
0.09664	5.62011e-02
0.08101	4.39455e-02
0.11422	6.42389e-02
0.06706	3.37871e-02
0.08630	3.15925e-02
0.10602	5.02006e-02
0.08666	3.78643e-02
0.08942	4.73420e-02
0.09623	3.81533e-02
0.06230	4.00906e-02
0.08614	3.32220e-02
0.08016	3.11649e-02
0.07878	3.89995e-02
0.07417	2.39626e-02
0.06811	2.71025e-02
0.09095	4.13306e-02
0.09728	4.87043e-02
0.07084	4.93106e-02
0.07250	2.78189e-02
0.08048	3.16657e-02
0.08346	3.51160e-02
0.07606	3.31101e-02
0.08109	4.87820e-02
0.06919	3.11727e-02
0.08174	4.94332e-02
