0.85679	2.59459e-02
0.85078	3.00704e-02
0.80734	5.06162e-02
0.72694	7.26490e-02
0.69290	1.16560e-01
0.60345	1.27163e-01
0.58966	1.26012e-01
0.58966	1.04176e-01
0.50338	1.38582e-01
0.52501	1.27743e-01
0.44464	1.62882e-01
0.51341	1.31889e-01
0.48092	1.23605e-01
0.45352	1.70489e-01
0.46157	1.63666e-01
0.40698	1.83804e-01
0.44396	1.37746e-01
0.42355	1.67298e-01
0.48056	1.60793e-01
0.40191	1.69993e-01
0.45482	1.48139e-01
0.46301	1.61428e-01
0.44769	8.51863e-02
0.40322	1.54578e-01
0.47236	9.63033e-02
0.43018	7.60496e-02
0.43178	1.08376e-01
0.46355	1.14500e-01
0.45680	6.93034e-02
0.46719	6.86027e-02
0.44695	1.21627e-01
0.41982	7.27822e-02
0.43133	8.47891e-02
0.41556	1.06249e-01
0.38893	1.14483e-01
0.43740	9.60323e-02
0.42529	7.65610e-02
0.44199	9.90104e-02
0.45918	6.15402e-02
0.45910	6.86879e-02
0.40904	1.11334e-01
0.43472	8.82686e-02
0.47703	8.02098e-02
0.44213	7.41651e-02
0.46463	4.55851e-02
0.43641	7.96699e-02
0.47204	6.81014e-02
0.43179	8.29329e-02
0.44441	7.04396e-02
0.41138	6.58143e-02
0.43196	3.98868e-02
0.43278	8.07129e-02
0.42232	5.56037e-02
0.44832	9.69263e-02
0.40652	7.09188e-02
0.40395	5.83326e-02
0.39516	6.25881e-02
0.40135	5.76289e-02
0.38939	5.55090e-02
0.39137	6.96340e-02
0.44194	4.18548e-02
0.39972	7.56085e-02
0.38887	6.06801e-02
0.39344	7.20443e-02
0.45021	1.01704e-01
0.42498	6.61761e-02
0.44642	8.17761e-02
0.41813	4.31186e-02
0.40502	6.65428e-02
0.40625	7.93046e-02
0.43879	7.81981e-02
0.44858	5.65666e-02
0.39741	6.76502e-02
0.42404	7.01366e-02
0.42482	8.64108e-02
0.41951	6.96890e-02
0.38825	8.15611e-02
0.39170	8.34055e-02
0.39056	8.57508e-02
0.39729	6.89487e-02
0.42228	5.96619e-02
0.37623	5.83406e-02
0.37797	6.48372e-02
0.38499	7.52873e-02
0.37847	7.02796e-02
0.35422	1.04024e-01
0.35988	5.45326e-02
0.37370	6.41460e-02
0.38087	6.24274e-02
0.34320	9.29214e-02
0.34217	4.65704e-02
0.34457	6.97862e-02
0.35162	5.61288e-02
0.32399	8.38955e-02
0.33504	4.25219e-02
0.35407	6.64227e-02
0.33297	5.66197e-02
0.35707	4.65479e-02
0.29992	5.45298e-02
0.32013	7.86426e-02
0.31716	8.14681e-02
0.33562	7.59480e-02
0.34774	5.66783e-02
0.37093	5.70440e-02
0.36231	7.27308e-02
0.33964	6.92511e-02
0.34617	6.20551e-02
0.35691	5.04393e-02
0.34894	5.19126e-02
0.34502	5.04253e-02
0.35755	5.08589e-02
0.37313	5.68459e-02
0.37385	6.11252e-02
0.36982	6.61775e-02
0.38535	7.36711e-02
0.35395	7.12974e-02
0.37762	7.09783e-02
0.38167	7.05461e-02
0.38167	7.05461e-02
0.37946	6.72951e-02
0.38512	5.99904e-02
0.36966	4.90013e-02
0.35951	5.10174e-02
0.35895	5.81737e-02
0.37647	5.18856e-02
0.39675	6.71009e-02
0.39675	6.71009e-02
0.38793	5.54136e-02
0.41144	5.46915e-02
0.40311	6.01526e-02
0.42207	7.60677e-02
0.41770	6.17820e-02
0.39651	7.44018e-02
0.38030	8.35126e-02
0.40373	7.78736e-02
0.41888	6.33719e-02
0.41865	6.75393e-02
0.41470	5.68149e-02
0.41039	5.04129e-02
0.42173	5.71579e-02
0.41466	7.74940e-02
0.42835	6.36295e-02
0.44472	5.71344e-02
0.44030	6.22555e-02
0.43090	6.61364e-02
0.41826	7.00096e-02
0.42842	7.21350e-02
0.44502	5.75931e-02
0.44764	6.09828e-02
0.42614	7.25636e-02
0.42614	7.25636e-02
0.42479	7.17545e-02
0.42194	5.44919e-02
0.41659	5.55381e-02
0.44036	7.10969e-02
0.46871	5.00434e-02
0.46871	5.00434e-02
0.45956	4.62675e-02
0.45538	4.85175e-02
0.44900	4.93732e-02
0.44511	3.54532e-02
0.45266	4.27118e-02
0.47060	5.40373e-02
0.47407	6.70181e-02
0.47407	6.70181e-02
0.47989	5.64200e-02
0.47102	5.13295e-02
0.47857	3.28036e-02
0.47658	5.00500e-02
0.48745	6.41037e-02
0.48745	6.41037e-02
0.49068	5.27991e-02
0.49721	5.39058e-02
0.49006	4.74145e-02
0.49030	4.77282e-02
0.48107	4.45477e-02
0.48107	4.45477e-02
0.48082	4.43785e-02
0.47678	4.32970e-02
0.47499	4.71428e-02
0.47530	4.77555e-02
0.49697	5.82987e-02
0.49697	5.82987e-02
0.48824	6.22078e-02
0.50091	6.44655e-02
0.51250	6.39618e-02
0.49149	6.71988e-02
0.50133	6.71532e-02
0.49040	6.42860e-02
0.51451	5.65453e-02
0.52042	4.76579e-02
0.53740	6.55037e-02
0.52955	6.76337e-02
0.51509	8.82844e-02
0.52618	7.45700e-02
0.52672	6.85976e-02
0.53751	7.98105e-02
0.52511	8.22867e-02
0.52901	8.62505e-02
0.54395	7.34550e-02
0.56251	6.37475e-02
0.57372	5.89600e-02
0.57248	5.95648e-02
0.55903	5.87887e-02
0.55934	5.91771e-02
0.53114	6.26075e-02
0.53188	5.82984e-02
0.53869	6.69418e-02
0.55367	7.88006e-02
0.55369	7.87961e-02
0.55833	5.30037e-02
0.56109	5.53773e-02
0.55070	5.45669e-02
0.57195	4.84405e-02
0.56713	4.77006e-02
0.55428	5.91523e-02
0.55939	5.53117e-02
0.56781	5.79071e-02
0.57186	6.61869e-02
0.57552	6.78685e-02
0.58827	6.06149e-02
0.59397	6.26296e-02
0.59382	6.25561e-02
0.61004	4.01790e-02
0.61007	4.01652e-02
0.61703	3.48899e-02
0.61703	3.48899e-02
0.61792	5.53496e-02
0.60891	5.66716e-02
0.60784	6.17047e-02
0.63910	3.86322e-02
0.62791	3.04987e-02
0.62771	2.95243e-02
0.62336	3.91221e-02
0.63997	5.40942e-02
0.64482	5.14526e-02
0.62749	7.08697e-02
0.65545	6.00539e-02
0.66190	6.14464e-02
0.66355	6.77295e-02
0.66073	5.31908e-02
0.66196	4.47194e-02
0.66100	4.54367e-02
0.66309	4.70521e-02
0.66211	4.85230e-02
0.66045	5.00825e-02
0.66045	5.00825e-02
0.66045	5.00825e-02
0.64894	4.43642e-02
0.64894	4.43642e-02
0.64358	4.02347e-02
0.64358	4.02347e-02
0.65049	4.70669e-02
0.65764	4.15168e-02
0.65345	3.47534e-02
0.65302	5.12774e-02
0.65812	6.70788e-02
0.66617	7.39488e-02
0.67229	5.97865e-02
0.67324	6.12381e-02
0.66747	3.78680e-02
0.65816	3.54734e-02
0.67743	4.43185e-02
0.67475	4.11658e-02
0.67475	4.11658e-02
0.68394	3.68188e-02
0.67462	4.44218e-02
0.68998	5.40456e-02
0.68979	5.51020e-02
0.69326	5.46441e-02
0.70668	4.09638e-02
0.69265	5.88793e-02
0.69555	5.86094e-02
0.69295	5.53854e-02
0.68154	4.60256e-02
0.68679	4.67561e-02
0.68280	4.13968e-02
0.70452	4.40978e-02
0.70452	4.40978e-02
0.70498	4.52088e-02
0.70529	3.28245e-02
0.70129	5.20294e-02
0.69955	5.19338e-02
0.68722	6.12504e-02
0.70794	6.04075e-02
0.69601	5.98500e-02
0.70545	5.74256e-02
0.69602	6.19301e-02
0.70536	6.07655e-02
0.70536	6.07655e-02
0.72328	4.75420e-02
0.72111	4.77161e-02
0.72650	5.51751e-02
0.72945	4.37304e-02
0.73449	4.41982e-02
0.73014	4.93429e-02
0.73145	4.82788e-02
0.73052	4.78498e-02
0.74040	5.00637e-02
0.72569	6.15421e-02
0.71779	5.26629e-02
0.72344	5.92773e-02
0.73029	6.22909e-02
0.72804	6.47149e-02
0.72666	6.75218e-02
0.72735	6.81506e-02
0.72735	6.81506e-02
0.72989	6.71240e-02
0.73386	6.72407e-02
0.74843	4.79972e-02
0.74851	4.78479e-02
0.75079	4.67225e-02
0.74088	5.59023e-02
0.74601	5.25418e-02
0.75020	5.31794e-02
0.75588	4.99717e-02
0.74616	6.09170e-02
0.76098	6.53941e-02
0.76235	6.21258e-02
0.76199	6.00158e-02
0.76427	6.21689e-02
0.76173	6.42274e-02
0.77895	4.66413e-02
0.77411	4.89851e-02
0.76240	4.62596e-02
0.76064	4.97240e-02
0.76648	5.32032e-02
0.76804	5.28445e-02
0.77394	6.21033e-02
0.77394	6.21033e-02
0.78159	6.23317e-02
0.77122	5.70303e-02
0.77122	5.70303e-02
0.77462	6.76610e-02
0.77056	6.56137e-02
0.77271	6.71453e-02
0.76470	7.16633e-02
0.76312	6.92394e-02
0.76969	7.12371e-02
0.78216	7.35641e-02
0.79015	6.47570e-02
0.78426	6.75085e-02
0.78883	6.96553e-02
0.79037	7.02093e-02
0.80113	4.64716e-02
0.80424	3.87530e-02
0.78774	5.35963e-02
0.78774	5.35963e-02
0.78817	5.40334e-02
0.78919	5.38163e-02
0.80132	5.39429e-02
0.79201	4.95290e-02
0.79685	5.41934e-02
0.79685	5.41934e-02
0.80332	5.50229e-02
0.80620	5.67702e-02
0.79657	5.28363e-02
0.80510	3.74406e-02
0.80510	3.74406e-02
0.80560	3.74169e-02
0.81150	3.55524e-02
0.80604	4.85820e-02
0.80733	4.97931e-02
0.80748	4.96243e-02
0.81412	5.19952e-02
0.81216	5.08868e-02
0.80673	5.32022e-02
0.81030	5.60532e-02
0.81043	5.61498e-02
0.82472	4.45945e-02
0.82800	4.33022e-02
0.83023	4.83740e-02
0.82962	4.79341e-02
0.82613	5.06750e-02
0.81940	5.17587e-02
0.82345	5.36790e-02
0.81875	5.87039e-02
0.81335	4.22957e-02
0.81335	4.22957e-02
0.82709	4.18519e-02
0.82027	3.36065e-02
0.81344	3.70449e-02
0.81344	3.70449e-02
0.81710	4.14813e-02
0.81734	4.14344e-02
0.81734	4.14344e-02
0.82595	4.31499e-02
0.82595	4.31499e-02
0.82595	4.31499e-02
0.83422	4.15914e-02
0.83322	3.96111e-02
0.83518	4.00234e-02
0.83322	3.72766e-02
0.83322	3.72766e-02
0.83801	4.36234e-02
0.82755	3.65351e-02
0.82755	3.65351e-02
0.83105	3.98034e-02
0.82383	3.82827e-02
0.81731	2.93712e-02
0.82222	3.23726e-02
0.82222	3.23726e-02
0.82230	3.22597e-02
0.83363	1.62432e-02
0.83317	1.59516e-02
0.83417	1.68022e-02
0.83818	2.08159e-02
0.83458	8.24295e-03
0.83458	8.24295e-03
0.85204	2.69107e-02
0.85204	2.69107e-02
0.85204	2.69107e-02
0.85540	3.02696e-02
0.85540	3.02696e-02
0.85540	3.02667e-02
0.82513	0.00000e+00
0.82513	0.00000e+00
0.82513	0.00000e+00
0.82513	0.00000e+00
0.84731	0.00000e+00
0.84731	0.00000e+00
0.84731	0.00000e+00
0.84731	0.00000e+00
0.84731	0.00000e+00
0.84731	0.00000e+00
0.84731	0.00000e+00
0.84731	0.00000e+00
0.84731	0.00000e+00
0.84731	0.00000e+00
0.84731	0.00000e+00
0.84134	0.00000e+00
0.84134	0.00000e+00
0.84134	0.00000e+00
0.84134	0.00000e+00
0.84134	0.00000e+00
0.84134	0.00000e+00
0.85351	0.00000e+00
0.85159	0.00000e+00
0.87138	0.00000e+00
