0.90570	1.57741e-02
0.89123	2.25885e-02
0.88075	3.68690e-02
0.81457	6.89764e-02
0.78318	1.11191e-01
0.72720	1.35566e-01
0.70830	1.14671e-01
0.66458	1.07216e-01
0.60273	1.35824e-01
0.61849	1.48955e-01
0.63367	1.21084e-01
0.58037	1.87001e-01
0.60979	1.34160e-01
0.60998	9.12290e-02
0.56029	1.04422e-01
0.52725	1.41469e-01
0.51152	1.61274e-01
0.55023	1.28641e-01
0.54160	1.29407e-01
0.55475	1.36184e-01
0.56634	1.24806e-01
0.53624	1.53203e-01
0.55007	1.04860e-01
0.55031	1.36267e-01
0.57801	6.06088e-02
0.54669	1.11597e-01
0.55593	8.24964e-02
0.55146	7.42502e-02
0.57140	9.28203e-02
0.53216	8.05817e-02
0.54706	8.25470e-02
0.54478	1.14300e-01
0.53493	8.27035e-02
0.54365	7.63617e-02
0.52417	9.18017e-02
0.51041	6.25469e-02
0.52971	8.74370e-02
0.52636	1.07527e-01
0.53259	1.03580e-01
0.55278	6.08069e-02
0.55121	7.69767e-02
0.55383	6.87449e-02
0.54073	6.58372e-02
0.56386	8.74579e-02
0.55289	5.69429e-02
0.55432	4.52945e-02
0.56272	7.13205e-02
0.56308	5.82615e-02
0.50713	5.48820e-02
0.53800	2.82224e-02
0.53072	4.90406e-02
0.51143	4.26849e-02
0.50790	3.76342e-02
0.50174	5.27167e-02
0.48103	7.06064e-02
0.47513	6.88394e-02
0.48603	7.79496e-02
0.45707	7.19867e-02
0.47115	6.26108e-02
0.45760	8.27935e-02
0.50804	7.19867e-02
0.50123	6.90592e-02
0.45735	6.46791e-02
0.46100	6.68128e-02
0.47615	6.15111e-02
0.48022	7.64985e-02
0.49321	5.68668e-02
0.45642	5.41368e-02
0.47995	5.18502e-02
0.47615	4.74001e-02
0.46915	7.53196e-02
0.47411	5.20496e-02
0.44377	4.80576e-02
0.43949	4.71010e-02
0.44782	5.98629e-02
0.45242	5.68732e-02
0.48026	6.33663e-02
0.46830	4.27641e-02
0.43702	4.07440e-02
0.44915	4.74450e-02
0.45577	2.73911e-02
0.45109	4.35194e-02
0.42476	6.57886e-02
0.40934	3.13216e-02
0.42266	5.68175e-02
0.41918	5.61152e-02
0.43293	9.68509e-02
0.42614	8.27933e-02
0.39591	7.28634e-02
0.39515	7.81427e-02
0.40161	6.29463e-02
0.37301	6.46802e-02
0.41207	6.32448e-02
0.35755	4.12259e-02
0.36328	7.30362e-02
0.34627	1.00244e-01
0.34679	6.60116e-02
0.33934	6.92204e-02
0.34784	3.90401e-02
0.32587	5.02819e-02
0.33811	6.94918e-02
0.36096	6.03408e-02
0.36183	5.88680e-02
0.36358	5.61658e-02
0.36563	5.83927e-02
0.36722	5.84346e-02
0.36722	5.84346e-02
0.38693	6.28862e-02
0.41476	6.23950e-02
0.37377	7.29950e-02
0.38450	7.15339e-02
0.38967	7.55988e-02
0.40870	6.55592e-02
0.39241	4.08482e-02
0.38455	3.45655e-02
0.40981	5.72708e-02
0.41065	5.66741e-02
0.40216	5.57505e-02
0.41059	5.71232e-02
0.40292	5.64607e-02
0.40689	5.42318e-02
0.40665	5.39141e-02
0.40564	6.57396e-02
0.42956	5.68114e-02
0.44063	6.71800e-02
0.42788	7.55121e-02
0.42194	7.20017e-02
0.43139	7.26757e-02
0.43198	6.97159e-02
0.43475	7.25372e-02
0.44467	7.61574e-02
0.43751	8.03849e-02
0.43751	8.03849e-02
0.46709	4.84409e-02
0.44982	6.42695e-02
0.43989	5.78463e-02
0.44219	6.08042e-02
0.44219	6.08042e-02
0.45109	5.91708e-02
0.46017	3.98441e-02
0.46445	4.28303e-02
0.47612	5.71819e-02
0.47754	6.29774e-02
0.46593	5.76331e-02
0.46422	5.74381e-02
0.46654	6.38156e-02
0.48603	7.79931e-02
0.47522	6.44133e-02
0.47848	6.61699e-02
0.47485	8.00702e-02
0.48698	6.51069e-02
0.49925	6.69008e-02
0.48888	6.28837e-02
0.49381	5.70331e-02
0.48486	5.33885e-02
0.50056	6.84101e-02
0.48498	5.70034e-02
0.50536	4.80521e-02
0.50904	5.19020e-02
0.51536	5.36339e-02
0.52065	5.03852e-02
0.51884	5.62593e-02
0.52819	4.09553e-02
0.53197	4.71414e-02
0.53891	3.55600e-02
0.51575	5.76440e-02
0.51914	6.02455e-02
0.50760	6.93565e-02
0.50298	6.86920e-02
0.52490	6.38994e-02
0.53630	4.24708e-02
0.51595	4.65939e-02
0.52242	6.70045e-02
0.51466	6.24523e-02
0.50592	6.31075e-02
0.50989	6.25810e-02
0.51639	6.04319e-02
0.52311	5.51347e-02
0.52593	5.90085e-02
0.54407	7.44159e-02
0.56197	8.36253e-02
0.56100	8.10673e-02
0.57489	8.19003e-02
0.56965	8.43370e-02
0.56393	7.37570e-02
0.57049	7.84454e-02
0.57211	7.87500e-02
0.57300	8.06889e-02
0.57341	8.10183e-02
0.57388	8.39785e-02
0.57002	7.81914e-02
0.57484	7.63787e-02
0.57298	7.58646e-02
0.57807	5.25445e-02
0.58962	4.51402e-02
0.58321	4.32827e-02
0.57818	4.21763e-02
0.58058	5.53607e-02
0.59485	6.89538e-02
0.60133	5.89162e-02
0.60059	5.93855e-02
0.60603	5.58608e-02
0.60690	5.64966e-02
0.60835	5.62085e-02
0.60835	5.62085e-02
0.60788	5.64449e-02
0.59119	6.02948e-02
0.59119	6.02948e-02
0.59974	5.92378e-02
0.60525	5.11623e-02
0.60564	4.98808e-02
0.61294	5.07976e-02
0.62264	5.44499e-02
0.62506	5.81170e-02
0.63429	5.08469e-02
0.62442	4.51676e-02
0.62633	4.29162e-02
0.62963	4.54444e-02
0.62899	5.82290e-02
0.64889	6.07251e-02
0.63686	6.31275e-02
0.64201	5.80884e-02
0.63916	4.10001e-02
0.66023	5.10306e-02
0.66563	5.26571e-02
0.65580	3.78303e-02
0.65070	4.25987e-02
0.65592	4.35324e-02
0.66953	4.51403e-02
0.66561	2.55339e-02
0.67008	3.29545e-02
0.66588	3.40711e-02
0.67509	3.08473e-02
0.67125	3.70493e-02
0.67578	4.25237e-02
0.67044	4.68664e-02
0.67231	4.79312e-02
0.67098	5.93305e-02
0.66914	5.74894e-02
0.67400	5.22685e-02
0.68015	5.87799e-02
0.69141	5.81392e-02
0.69036	5.63697e-02
0.66821	5.07453e-02
0.66272	4.21030e-02
0.67258	4.30049e-02
0.68403	5.62596e-02
0.69146	4.81052e-02
0.69157	4.81723e-02
0.68435	3.66937e-02
0.69974	4.72758e-02
0.70679	3.52923e-02
0.71584	3.75654e-02
0.71176	4.53929e-02
0.72487	3.46429e-02
0.72195	3.70718e-02
0.72117	3.75684e-02
0.71860	3.63360e-02
0.72372	3.29015e-02
0.71630	3.97180e-02
0.72449	4.79375e-02
0.71690	4.72882e-02
0.73107	5.09707e-02
0.72422	4.61967e-02
0.71949	4.47076e-02
0.71583	4.78948e-02
0.71844	5.27692e-02
0.72154	5.57968e-02
0.72873	4.73722e-02
0.72698	5.36288e-02
0.73734	4.80511e-02
0.73735	5.01134e-02
0.73927	4.06369e-02
0.73791	5.76824e-02
0.75300	4.95017e-02
0.73322	5.79082e-02
0.73460	6.13408e-02
0.75125	5.86632e-02
0.75667	4.92916e-02
0.76082	5.01687e-02
0.76483	5.41298e-02
0.76088	4.91323e-02
0.76639	4.19859e-02
0.76635	4.20526e-02
0.76464	4.44449e-02
0.76932	3.89952e-02
0.77041	5.68170e-02
0.74454	6.13968e-02
0.74665	6.44943e-02
0.75597	7.18103e-02
0.75617	7.17543e-02
0.75617	7.17543e-02
0.75414	6.97613e-02
0.77873	4.04575e-02
0.78153	3.83811e-02
0.78025	5.17956e-02
0.77252	5.52657e-02
0.77033	5.31098e-02
0.77561	6.09127e-02
0.78115	6.29459e-02
0.77493	5.42025e-02
0.77865	5.57043e-02
0.78711	5.62300e-02
0.77959	6.09810e-02
0.78264	6.57548e-02
0.78362	6.73391e-02
0.78258	7.04500e-02
0.78932	7.31793e-02
0.78961	5.40398e-02
0.80351	5.31937e-02
0.80751	5.19774e-02
0.80956	5.20395e-02
0.80956	5.20395e-02
0.81263	5.39045e-02
0.79476	6.66808e-02
0.79626	6.39679e-02
0.80023	6.60945e-02
0.80416	6.00110e-02
0.81134	5.44673e-02
0.80880	5.74904e-02
0.80880	5.74904e-02
0.80837	6.60610e-02
0.81139	5.40549e-02
0.82019	4.93377e-02
0.80802	4.48428e-02
0.80696	4.29836e-02
0.81281	4.65418e-02
0.81328	4.71175e-02
0.81965	4.51267e-02
0.82292	4.67253e-02
0.82422	4.77521e-02
0.82407	4.77361e-02
0.82237	4.63676e-02
0.81697	5.32343e-02
0.81703	5.39143e-02
0.81554	5.80466e-02
0.83385	5.14903e-02
0.83138	5.58840e-02
0.83964	5.57204e-02
0.84087	5.69044e-02
0.83997	5.65776e-02
0.83605	6.11411e-02
0.83864	5.86259e-02
0.84207	5.60766e-02
0.85430	4.40479e-02
0.83877	4.43623e-02
0.83877	4.43623e-02
0.84745	4.44251e-02
0.85479	4.28802e-02
0.85212	4.21516e-02
0.85130	4.20827e-02
0.85308	4.86287e-02
0.85012	4.75344e-02
0.84113	4.23932e-02
0.83602	4.45976e-02
0.84220	3.85728e-02
0.85766	5.29185e-02
0.85786	5.27801e-02
0.85676	5.35914e-02
0.85676	5.35914e-02
0.85676	5.35914e-02
0.85493	5.22998e-02
0.86479	5.41505e-02
0.86884	4.86289e-02
0.87145	4.53518e-02
0.87145	4.53518e-02
0.87180	4.51698e-02
0.87844	4.67243e-02
0.87844	4.67243e-02
0.87619	4.43928e-02
0.87691	3.92898e-02
0.87708	3.89918e-02
0.87708	3.89918e-02
0.87583	4.05897e-02
0.87583	4.05897e-02
0.87590	4.06994e-02
0.87500	2.57137e-02
0.87997	3.00701e-02
0.87160	2.57807e-02
0.86707	3.34181e-02
0.85961	3.65577e-02
0.86148	3.68816e-02
0.86148	3.68816e-02
0.86927	3.27799e-02
0.87142	3.51404e-02
0.87353	3.53930e-02
0.88375	3.14987e-02
0.88696	3.08710e-02
0.88696	3.08710e-02
0.88581	3.22294e-02
0.88581	3.22294e-02
0.87841	3.31365e-02
0.88640	4.37212e-02
0.88641	4.37191e-02
0.90154	3.89899e-02
0.90021	4.34769e-02
0.90029	4.34630e-02
0.90374	3.81469e-02
0.90374	3.81469e-02
0.90374	3.81469e-02
0.90908	3.82591e-02
0.90822	4.41443e-02
0.90822	4.41443e-02
0.90977	4.20163e-02
0.89249	4.18668e-02
0.89249	4.18668e-02
0.89249	4.18668e-02
0.89249	4.18668e-02
0.89249	4.18668e-02
0.89249	4.18668e-02
0.89249	4.18668e-02
0.90645	2.79083e-02
0.90590	2.73566e-02
0.87854	0.00000e+00
0.87854	0.00000e+00
0.87854	0.00000e+00
0.87854	0.00000e+00
0.87854	0.00000e+00
0.87854	0.00000e+00
0.87854	0.00000e+00
0.87854	0.00000e+00
0.87854	0.00000e+00
0.87854	0.00000e+00
0.87854	0.00000e+00
0.87475	0.00000e+00
0.87475	0.00000e+00
0.87475	0.00000e+00
0.88643	0.00000e+00
0.88643	0.00000e+00
0.88643	0.00000e+00
0.90219	0.00000e+00
0.90219	0.00000e+00
0.90219	0.00000e+00
0.90219	0.00000e+00
0.89919	0.00000e+00
