1.0000 2.0000
0.9800 1.9437
0.9600 1.8450
0.9400 1.7793
0.9200 1.7113
0.9000 1.6384
0.8800 1.5515
0.8600 1.4670
0.8400 1.3872
0.8200 1.3239
0.8000 1.2629
0.7800 1.1971
0.7600 1.1408
0.7400 1.0680
0.7200 1.0046
0.7000 0.9506
0.6800 0.9131
0.6600 0.8521
0.6400 0.7958
0.6200 0.7418
0.6000 0.6902
0.5800 0.6362
0.5600 0.5940
0.5400 0.5564
0.5200 0.5212
0.5000 0.4813
0.4800 0.4531
0.4600 0.4155
0.4400 0.3850
0.4200 0.3451
0.4000 0.3099
0.3800 0.2888
0.3600 0.2700
0.3400 0.2489
0.3200 0.2207
0.3000 0.1925
0.2800 0.1643
0.2600 0.1409
0.2400 0.1104
0.2200 0.0939
0.2000 0.0798
0.1800 0.0704
0.1600 0.0516
0.1400 0.0329
0.1200 0.0258
0.1000 0.0188
0.0700 0.0117
0.0400 0.0047
0.0300 0.0024
0.0000 0.0000
