1.0000 2.0000
0.9800 1.9277
0.9600 1.8622
0.9400 1.8055
0.9200 1.7306
0.9000 1.6677
0.8800 1.5932
0.8600 1.5127
0.8400 1.4564
0.8200 1.3835
0.8000 1.3216
0.7800 1.2695
0.7600 1.2086
0.7400 1.1613
0.7200 1.0736
0.7000 1.0013
0.6800 0.9542
0.6600 0.9063
0.6400 0.8637
0.6200 0.8164
0.6000 0.7734
0.5800 0.7259
0.5600 0.6825
0.5400 0.6376
0.5200 0.5899
0.5000 0.5312
0.4800 0.4906
0.4600 0.4517
0.4400 0.4133
0.4200 0.3904
0.4000 0.3546
0.3800 0.3134
0.3600 0.2722
0.3400 0.2517
0.3200 0.2198
0.3000 0.1904
0.2800 0.1701
0.2600 0.1541
0.2400 0.1200
0.2200 0.0974
0.2000 0.0834
0.1800 0.0672
0.1600 0.0538
0.1400 0.0404
0.1200 0.0313
0.0900 0.0223
0.0700 0.0112
0.0600 0.0091
0.0300 0.0024
0.0000 0.0000
