0.99006	2.99855e-03
0.97928	9.73224e-03
0.97669	1.32137e-02
0.97037	1.04257e-02
0.97104	1.43107e-02
0.94421	1.87152e-02
0.95176	2.00294e-02
0.92611	1.92068e-02
0.91776	2.11165e-02
0.92453	1.98603e-02
0.91606	1.96976e-02
0.90928	2.39396e-02
0.87182	2.76902e-02
0.88030	3.62974e-02
0.86309	4.03617e-02
0.87493	3.52862e-02
0.85343	3.66405e-02
0.86003	2.56810e-02
0.84186	4.31555e-02
0.84835	3.67205e-02
0.84303	3.83264e-02
0.82470	4.68877e-02
0.82846	1.87784e-02
0.81020	5.52292e-02
0.80393	6.17281e-02
0.80334	4.97795e-02
0.77863	6.99096e-02
0.79330	5.69167e-02
0.75264	6.91070e-02
0.73076	7.01653e-02
0.73992	6.76768e-02
0.74054	9.59930e-02
0.74675	7.03024e-02
0.73014	8.91602e-02
0.72318	7.61410e-02
0.73549	8.23785e-02
0.70971	7.22635e-02
0.71145	7.00213e-02
0.69362	1.01901e-01
0.69707	6.08968e-02
0.69540	4.56625e-02
0.67886	5.84117e-02
0.67868	6.39563e-02
0.68334	4.56071e-02
0.66354	7.19260e-02
0.66640	6.43920e-02
0.66856	5.69496e-02
0.63491	8.20681e-02
0.64143	6.69114e-02
0.61861	5.78839e-02
0.58120	5.54394e-02
0.60776	5.85530e-02
0.56824	9.23120e-02
0.58516	5.19779e-02
0.61119	6.93525e-02
0.56990	6.58765e-02
0.58938	5.83771e-02
0.59418	4.09942e-02
0.57176	7.91762e-02
0.56882	7.78176e-02
0.57361	5.45724e-02
0.56257	6.41891e-02
0.56430	5.81402e-02
0.56828	6.74543e-02
0.55087	5.46989e-02
0.56008	5.58868e-02
0.54444	5.15634e-02
0.56855	4.78123e-02
0.54863	4.73472e-02
0.58041	5.64949e-02
0.51111	5.61817e-02
0.57609	5.72737e-02
0.54534	5.48528e-02
0.53515	7.23378e-02
0.51660	4.90999e-02
0.55119	6.03698e-02
0.55876	5.57447e-02
0.51146	7.38945e-02
0.56075	6.96162e-02
0.58683	5.09083e-02
0.55190	5.91393e-02
0.55850	5.51775e-02
0.60610	6.05957e-02
0.55254	8.63693e-02
0.59112	4.87341e-02
0.58410	6.88648e-02
0.57192	6.96399e-02
0.59699	9.37913e-02
0.58476	8.05354e-02
0.57078	1.02822e-01
0.58420	7.47798e-02
0.57911	6.58315e-02
0.54222	9.12952e-02
0.55338	8.82875e-02
0.54425	8.47867e-02
0.57019	6.77089e-02
0.54166	1.02294e-01
0.57811	7.23924e-02
0.54847	7.13302e-02
0.59425	1.11467e-01
0.60758	9.32117e-02
0.59689	7.03797e-02
0.60455	6.95881e-02
0.60423	6.62225e-02
0.60949	6.86370e-02
0.60718	6.63991e-02
0.60444	6.45639e-02
0.61065	6.34077e-02
0.59952	6.86474e-02
0.62653	8.37279e-02
0.64103	7.12327e-02
0.64251	7.21581e-02
0.64056	7.32223e-02
0.64162	7.39312e-02
0.65586	8.07419e-02
0.66601	7.90641e-02
0.66512	7.89596e-02
0.67248	6.05579e-02
0.67478	6.69051e-02
0.68319	6.41247e-02
0.68752	6.60850e-02
0.70214	5.43176e-02
0.71046	5.06842e-02
0.71046	5.06842e-02
0.72520	4.34931e-02
0.72035	4.46247e-02
0.70747	4.48241e-02
0.71980	4.84309e-02
0.73435	5.10579e-02
0.72555	4.87465e-02
0.73453	4.88280e-02
0.74249	4.76890e-02
0.74783	4.70091e-02
0.75510	5.03660e-02
0.76134	3.94195e-02
0.77497	4.01357e-02
0.78167	2.82364e-02
0.77612	2.84062e-02
0.77754	2.76429e-02
0.77290	2.33290e-02
0.77631	2.25977e-02
0.77427	2.19095e-02
0.76902	3.00070e-02
0.78398	2.05189e-02
0.77167	2.18943e-02
0.76512	3.70383e-02
0.78259	3.94661e-02
0.78975	4.31994e-02
0.79983	3.17193e-02
0.80088	2.78422e-02
0.79925	1.89893e-02
0.79451	3.22522e-02
0.79523	3.68016e-02
0.79053	3.83275e-02
0.79883	3.94824e-02
0.80832	3.53262e-02
0.80517	3.48972e-02
0.79787	3.28387e-02
0.79787	3.28387e-02
0.80430	3.33434e-02
0.80761	3.14121e-02
0.80266	3.21041e-02
0.81094	3.38946e-02
0.80974	3.39815e-02
0.81154	3.50032e-02
0.81736	3.65832e-02
0.81604	3.58965e-02
0.81315	3.95818e-02
0.81597	3.88336e-02
0.82562	4.38088e-02
0.82900	4.57136e-02
0.84110	4.55427e-02
0.84732	4.18375e-02
0.84184	4.17528e-02
0.84184	4.17528e-02
0.84386	4.22916e-02
0.84463	4.23062e-02
0.84725	3.71594e-02
0.84401	3.85111e-02
0.84092	4.19543e-02
0.84412	4.36554e-02
0.85986	3.30497e-02
0.86989	2.13699e-02
0.85134	3.38311e-02
0.84888	2.90151e-02
0.85070	2.96376e-02
0.85055	2.95730e-02
0.85700	1.86746e-02
0.85476	2.28364e-02
0.84729	2.34570e-02
0.84541	2.02011e-02
0.84671	2.09940e-02
0.85540	2.58230e-02
0.87063	1.30912e-02
0.86637	2.18984e-02
0.86045	2.30702e-02
0.86314	2.18862e-02
0.86987	2.32160e-02
0.87203	2.22568e-02
0.87483	2.55273e-02
0.87230	2.62095e-02
0.86595	2.76254e-02
0.86595	2.76254e-02
0.87235	3.45473e-02
0.87204	3.48651e-02
0.86848	3.19578e-02
0.86901	3.28878e-02
0.87166	3.36696e-02
0.87954	3.78856e-02
0.88343	2.40744e-02
0.88731	2.47226e-02
0.88389	2.36317e-02
0.87966	2.40685e-02
0.87736	2.18410e-02
0.87711	1.99517e-02
0.88008	1.89376e-02
0.87857	1.85612e-02
0.87971	2.05671e-02
0.88010	2.58028e-02
0.87550	2.30055e-02
0.87715	2.38077e-02
0.87981	2.14165e-02
0.88036	2.12710e-02
0.88018	2.03080e-02
0.89095	2.67323e-02
0.88907	2.65842e-02
0.88660	2.88039e-02
0.89202	3.15048e-02
0.88801	2.89424e-02
0.89004	3.15250e-02
0.89329	2.55528e-02
0.89103	2.24289e-02
0.88581	2.04326e-02
0.88666	2.17404e-02
0.88717	2.09512e-02
0.88717	2.09512e-02
0.89338	2.71978e-02
0.89836	2.35300e-02
0.90131	2.17447e-02
0.90650	1.83251e-02
0.91130	2.35638e-02
0.91059	2.08683e-02
0.90394	2.59837e-02
0.89998	2.78425e-02
0.88659	2.22590e-02
0.89152	2.09442e-02
0.89886	2.24124e-02
0.89430	1.49830e-02
0.89975	2.00246e-02
0.90375	1.64952e-02
0.90649	1.64383e-02
0.90355	1.37407e-02
0.90611	1.82350e-02
0.90328	2.15260e-02
0.90250	2.13977e-02
0.90715	1.86229e-02
0.90699	2.18373e-02
0.91583	2.57492e-02
0.91587	2.58036e-02
0.91195	2.62635e-02
0.91652	2.40732e-02
0.91652	2.40732e-02
0.92013	2.67047e-02
0.92080	1.60241e-02
0.92490	1.60342e-02
0.92490	1.60342e-02
0.92537	1.82236e-02
0.92101	2.35923e-02
0.92310	2.22616e-02
0.92371	2.13656e-02
0.90806	3.05212e-02
0.90607	2.87073e-02
0.91235	2.59288e-02
0.92510	2.05890e-02
0.92456	2.21826e-02
0.91464	2.03587e-02
0.91918	2.10315e-02
0.92570	1.72135e-02
0.92433	1.86368e-02
0.91969	2.11493e-02
0.92176	2.04713e-02
0.91594	2.01237e-02
0.92021	1.94505e-02
0.91969	1.93330e-02
0.92075	1.93432e-02
0.91473	2.49638e-02
0.91405	2.35995e-02
0.92215	1.77563e-02
0.92699	2.01089e-02
0.92553	2.03902e-02
0.92730	1.99611e-02
0.93251	1.67833e-02
0.92977	1.80495e-02
0.93404	2.04737e-02
0.92672	2.26231e-02
0.92967	2.22886e-02
0.93149	1.92717e-02
0.92295	2.00647e-02
0.93097	1.90590e-02
0.93055	1.93994e-02
0.92662	2.09833e-02
0.92061	1.66980e-02
0.92205	1.79591e-02
0.92949	1.84953e-02
0.92977	1.90151e-02
0.92946	1.91045e-02
0.93276	2.25110e-02
0.94344	1.70166e-02
0.93946	2.12141e-02
0.93412	2.59571e-02
0.93364	2.44848e-02
0.93086	2.32201e-02
0.93611	2.26894e-02
0.93695	2.31344e-02
0.94142	2.06319e-02
0.93540	2.17729e-02
0.94088	1.71657e-02
0.93225	2.24362e-02
0.93599	2.09366e-02
0.93473	1.99541e-02
0.93677	2.08949e-02
0.93113	1.94043e-02
0.93513	2.36695e-02
0.93475	2.43795e-02
0.93475	2.43795e-02
0.93600	2.51097e-02
0.94273	2.34435e-02
0.93789	2.08617e-02
0.93945	2.11763e-02
0.94120	2.10689e-02
0.93734	2.04415e-02
0.93734	2.04433e-02
0.93686	2.09508e-02
0.93420	2.05427e-02
0.94487	1.33514e-02
0.94780	2.01306e-02
0.94133	2.07951e-02
0.94453	2.18789e-02
0.94604	2.20982e-02
0.95286	1.89349e-02
0.95430	1.90683e-02
0.95522	1.63278e-02
0.95496	1.61386e-02
0.95496	1.61386e-02
0.94535	1.92951e-02
0.94124	2.10803e-02
0.95212	1.99280e-02
0.94990	1.90257e-02
0.94994	1.90458e-02
0.95356	2.02271e-02
0.95432	2.00115e-02
0.95488	2.05075e-02
0.95707	2.28926e-02
0.95204	2.22457e-02
0.95222	2.70190e-02
0.95479	2.08439e-02
0.95182	2.14639e-02
0.94779	2.15755e-02
0.94779	2.15755e-02
0.94917	2.20691e-02
0.95443	2.40795e-02
0.95442	2.41032e-02
0.94991	2.16700e-02
0.95114	2.31599e-02
0.94704	1.97308e-02
0.94870	1.96256e-02
0.94597	2.01979e-02
0.94597	2.01979e-02
0.95885	2.42090e-02
0.96041	1.75496e-02
0.96041	1.75496e-02
0.96530	1.34819e-02
0.96530	1.34819e-02
0.96536	1.34886e-02
0.95705	1.46876e-02
0.96147	1.83665e-02
0.96145	1.83128e-02
0.96085	1.62676e-02
0.96085	1.62676e-02
0.96090	1.29022e-02
0.96095	1.29768e-02
0.96095	1.29768e-02
0.96222	1.56601e-02
0.96267	1.62449e-02
0.96386	1.52032e-02
0.96850	1.55580e-02
0.96896	1.56764e-02
0.96965	1.64962e-02
0.97183	1.41090e-02
0.97182	1.40999e-02
0.96441	3.11918e-02
0.96730	3.14404e-02
0.96363	3.22850e-02
0.96362	3.22819e-02
0.97009	1.84548e-02
0.97342	2.00002e-02
0.97699	8.57736e-03
0.97699	8.57736e-03
0.97699	8.57736e-03
0.97699	8.57736e-03
0.97699	8.57736e-03
0.97699	8.57732e-03
0.96969	5.36558e-03
0.97094	7.39962e-03
0.97099	7.35059e-03
0.97368	8.28136e-03
0.96615	2.48492e-02
0.96619	2.48845e-02
0.96877	2.08608e-02
0.97354	2.13689e-02
0.97357	2.13835e-02
0.97358	2.13903e-02
0.97358	2.13903e-02
0.97592	2.27816e-02
0.97592	2.27816e-02
0.97298	2.78155e-02
0.97298	2.78155e-02
0.97865	1.81358e-02
0.97457	1.92958e-02
0.97457	1.92958e-02
0.97459	1.93041e-02
0.97032	2.24557e-02
0.97032	2.24557e-02
0.97033	2.24663e-02
0.93301	0.00000e+00
0.97464	0.00000e+00
0.94902	0.00000e+00
0.94902	0.00000e+00
0.94902	0.00000e+00
0.94902	0.00000e+00
0.97265	0.00000e+00
0.96976	0.00000e+00
0.96976	0.00000e+00
0.96976	0.00000e+00
0.96976	0.00000e+00
0.96976	0.00000e+00
0.96976	0.00000e+00
0.96976	0.00000e+00
0.96976	0.00000e+00
0.96976	0.00000e+00
0.96976	0.00000e+00
0.96976	0.00000e+00
0.96976	0.00000e+00
0.96976	0.00000e+00
0.98945	0.00000e+00
0.98945	0.00000e+00
0.98814	0.00000e+00
