0.99383	1.53596e-03
0.98362	1.02672e-02
0.98113	1.08475e-02
0.96448	1.64007e-02
0.97388	1.63726e-02
0.94510	2.42713e-02
0.93728	3.40068e-02
0.92600	3.09655e-02
0.94073	3.09339e-02
0.91983	1.91117e-02
0.92448	2.38177e-02
0.90854	3.78825e-02
0.88201	2.02464e-02
0.89575	2.69875e-02
0.87813	2.90934e-02
0.87101	3.21028e-02
0.87005	2.58982e-02
0.85400	3.80229e-02
0.84931	3.79549e-02
0.82154	3.81077e-02
0.83702	4.50641e-02
0.82519	4.15345e-02
0.81109	5.02275e-02
0.79961	5.98094e-02
0.79584	3.71905e-02
0.79154	3.61498e-02
0.77065	4.72655e-02
0.78097	4.56351e-02
0.77807	4.50905e-02
0.74208	6.18019e-02
0.76865	4.43676e-02
0.77092	4.78576e-02
0.75154	4.61056e-02
0.71467	5.23817e-02
0.73414	4.19432e-02
0.73452	6.61527e-02
0.72212	5.86317e-02
0.72969	7.87136e-02
0.70059	7.79280e-02
0.68458	6.52584e-02
0.67128	8.53980e-02
0.64086	9.11825e-02
0.64469	7.29579e-02
0.65223	6.85432e-02
0.63940	8.94606e-02
0.63621	8.23085e-02
0.62351	9.18021e-02
0.60342	1.13025e-01
0.59509	1.00141e-01
0.63856	1.31896e-01
0.59328	1.27394e-01
0.62378	1.07910e-01
0.57586	1.12541e-01
0.61219	8.89404e-02
0.60135	5.55639e-02
0.64284	8.80992e-02
0.59891	7.20813e-02
0.64426	7.12482e-02
0.60719	6.67175e-02
0.57721	9.29975e-02
0.63058	7.74879e-02
0.57806	8.66251e-02
0.57214	9.45496e-02
0.58345	9.34242e-02
0.52404	8.93602e-02
0.58422	6.24520e-02
0.57691	8.34001e-02
0.58928	1.05001e-01
0.58290	9.07832e-02
0.60148	1.00142e-01
0.58816	8.49276e-02
0.58578	1.16073e-01
0.58551	1.01740e-01
0.60132	1.14901e-01
0.55600	1.13284e-01
0.57031	6.60040e-02
0.58573	1.04119e-01
0.56605	9.42276e-02
0.57228	9.85964e-02
0.58257	9.54631e-02
0.58973	7.65364e-02
0.60111	6.68337e-02
0.58798	6.88386e-02
0.60955	8.02739e-02
0.59671	9.17896e-02
0.58839	5.21995e-02
0.57909	6.36444e-02
0.58758	7.18333e-02
0.58003	6.92635e-02
0.55521	8.58401e-02
0.56156	6.49724e-02
0.54621	5.78635e-02
0.57997	8.24076e-02
0.55006	7.19304e-02
0.54251	6.98580e-02
0.52855	9.07922e-02
0.50837	8.99783e-02
0.55692	1.08472e-01
0.52577	8.83777e-02
0.57835	6.71017e-02
0.59562	7.56082e-02
0.59835	7.99517e-02
0.60366	8.08834e-02
0.60937	8.11665e-02
0.60685	8.62970e-02
0.61103	8.59185e-02
0.64051	5.81663e-02
0.64131	5.81141e-02
0.64131	5.81141e-02
0.64049	5.30621e-02
0.64232	5.88508e-02
0.65258	6.71713e-02
0.65258	6.71713e-02
0.65257	9.00010e-02
0.66180	9.33041e-02
0.68683	5.91126e-02
0.68250	5.36763e-02
0.71808	5.79849e-02
0.70694	6.24503e-02
0.70875	6.57188e-02
0.70890	6.93543e-02
0.70835	6.27462e-02
0.71199	6.13772e-02
0.71149	6.14525e-02
0.71149	6.14525e-02
0.71045	8.60222e-02
0.71188	8.58053e-02
0.71962	8.81427e-02
0.71766	8.68159e-02
0.70932	8.50403e-02
0.72226	7.79830e-02
0.72882	8.40273e-02
0.72882	8.40273e-02
0.72964	8.28567e-02
0.73556	6.66310e-02
0.73781	6.73205e-02
0.73159	7.68778e-02
0.73768	8.02963e-02
0.74013	8.14075e-02
0.75179	6.64451e-02
0.74831	6.40168e-02
0.75113	6.69155e-02
0.74928	6.67905e-02
0.74990	6.64453e-02
0.75926	7.22940e-02
0.75926	7.22940e-02
0.76034	6.72543e-02
0.76547	7.60597e-02
0.77363	6.78547e-02
0.77363	6.78547e-02
0.77731	6.32431e-02
0.78018	6.54636e-02
0.77355	5.64983e-02
0.77783	5.15196e-02
0.77783	5.15196e-02
0.79184	4.88593e-02
0.79082	4.95302e-02
0.80087	4.46584e-02
0.80021	4.86364e-02
0.80066	4.80597e-02
0.81201	5.95352e-02
0.81258	5.16605e-02
0.81819	5.53125e-02
0.80881	5.50136e-02
0.81770	5.16952e-02
0.81536	5.30394e-02
0.82097	5.23844e-02
0.82437	5.18758e-02
0.83331	5.06283e-02
0.81988	5.69694e-02
0.82018	5.81661e-02
0.83722	5.10709e-02
0.83625	4.96377e-02
0.83564	5.02697e-02
0.83619	5.01280e-02
0.83696	5.12264e-02
0.81167	5.30668e-02
0.80928	4.83295e-02
0.81489	5.07460e-02
0.82100	5.21212e-02
0.82965	4.00642e-02
0.82699	3.82761e-02
0.83514	4.59094e-02
0.84110	3.74036e-02
0.84276	3.60917e-02
0.84504	3.71947e-02
0.84576	3.95833e-02
0.83710	3.76658e-02
0.84251	4.19664e-02
0.85593	3.14771e-02
0.85463	3.24724e-02
0.86208	3.02807e-02
0.86623	3.00733e-02
0.87001	3.23941e-02
0.86908	3.13409e-02
0.86517	3.72525e-02
0.86654	4.02612e-02
0.86499	3.86428e-02
0.87390	3.47738e-02
0.87459	3.94835e-02
0.87311	4.17508e-02
0.87490	4.20337e-02
0.87479	4.19525e-02
0.87429	3.81955e-02
0.87644	4.25841e-02
0.87654	4.36747e-02
0.87654	4.36747e-02
0.88729	3.83316e-02
0.88068	3.40952e-02
0.88264	3.76985e-02
0.88801	3.78641e-02
0.88466	3.31780e-02
0.88412	2.76520e-02
0.87922	2.67945e-02
0.88931	4.24601e-02
0.88931	4.24601e-02
0.89180	4.39464e-02
0.89422	4.03213e-02
0.89464	3.34234e-02
0.88839	3.85550e-02
0.89288	3.59209e-02
0.89047	3.68638e-02
0.88749	2.96302e-02
0.89199	2.46415e-02
0.89868	3.02490e-02
0.90153	3.14247e-02
0.90791	2.97315e-02
0.90796	2.97210e-02
0.90775	2.98696e-02
0.90738	2.71793e-02
0.90584	2.41552e-02
0.90846	2.35953e-02
0.90846	2.35953e-02
0.90846	2.35953e-02
0.91194	2.35893e-02
0.91031	2.23468e-02
0.90626	2.34486e-02
0.90888	1.94892e-02
0.90213	2.44522e-02
0.89825	2.47830e-02
0.90133	2.53941e-02
0.90756	3.09639e-02
0.91341	2.65131e-02
0.91938	2.89507e-02
0.91905	2.86753e-02
0.92496	3.85275e-02
0.92497	3.85126e-02
0.92142	3.57311e-02
0.92637	2.92555e-02
0.91706	2.99355e-02
0.91479	3.07864e-02
0.92062	3.27633e-02
0.91735	3.74135e-02
0.92548	3.40122e-02
0.92722	2.55946e-02
0.92387	2.64246e-02
0.92320	3.10908e-02
0.92243	3.07359e-02
0.92070	2.97926e-02
0.92144	3.00533e-02
0.92195	3.06191e-02
0.92892	2.44331e-02
0.93602	2.83446e-02
0.93356	2.63328e-02
0.93273	2.63962e-02
0.93522	2.51700e-02
0.93463	2.68017e-02
0.93171	2.45451e-02
0.93318	2.55777e-02
0.93318	2.55777e-02
0.93498	2.67244e-02
0.93196	2.87314e-02
0.92780	2.92068e-02
0.92877	3.20268e-02
0.93502	3.34321e-02
0.93538	3.33725e-02
0.93909	3.44242e-02
0.93192	3.54030e-02
0.93030	2.77801e-02
0.93609	3.19924e-02
0.93302	3.47339e-02
0.92571	2.82454e-02
0.91915	2.69099e-02
0.93008	3.00554e-02
0.93519	2.44393e-02
0.93921	2.41777e-02
0.94067	2.43130e-02
0.94326	2.52478e-02
0.93852	2.85449e-02
0.93428	3.08613e-02
0.93871	3.10346e-02
0.93898	2.73661e-02
0.93906	2.74288e-02
0.94432	2.72879e-02
0.94014	3.17632e-02
0.93847	3.10164e-02
0.94065	2.81763e-02
0.93675	2.94278e-02
0.94410	2.68757e-02
0.94574	2.55572e-02
0.93998	2.72903e-02
0.93998	2.72903e-02
0.93529	2.59956e-02
0.93626	2.71762e-02
0.93599	2.75953e-02
0.94535	2.33438e-02
0.93889	2.05491e-02
0.93672	1.79503e-02
0.93693	1.82685e-02
0.93726	1.80004e-02
0.94302	1.60633e-02
0.94430	1.94924e-02
0.94661	2.13208e-02
0.94882	2.30505e-02
0.94351	2.37947e-02
0.94525	2.79224e-02
0.94208	2.57155e-02
0.94549	2.76510e-02
0.94257	2.57655e-02
0.94852	2.44977e-02
0.94823	2.48207e-02
0.95428	2.11512e-02
0.95162	2.16796e-02
0.95623	1.83243e-02
0.95940	1.92340e-02
0.95940	1.92340e-02
0.95682	2.17300e-02
0.95772	1.66503e-02
0.95199	2.89807e-02
0.94881	3.05691e-02
0.95266	3.06888e-02
0.95332	3.01576e-02
0.95494	2.62402e-02
0.95439	2.74122e-02
0.95553	2.82963e-02
0.95601	2.05913e-02
0.95405	1.90872e-02
0.95208	2.13237e-02
0.95559	1.85302e-02
0.95477	1.88124e-02
0.95733	1.81709e-02
0.95916	1.80406e-02
0.95691	1.87127e-02
0.95811	1.84885e-02
0.96051	1.87173e-02
0.95412	2.87245e-02
0.95884	2.35444e-02
0.95864	2.32194e-02
0.95515	2.16642e-02
0.95685	2.30282e-02
0.95922	2.30739e-02
0.95922	2.30739e-02
0.96198	2.16644e-02
0.95834	2.31069e-02
0.95203	2.63799e-02
0.95409	1.78838e-02
0.95399	1.77619e-02
0.94980	2.40991e-02
0.95037	2.69184e-02
0.95037	2.69184e-02
0.95693	2.40101e-02
0.95923	2.59579e-02
0.96357	2.38627e-02
0.96357	2.38627e-02
0.96752	2.09188e-02
0.96889	2.19777e-02
0.96880	2.09391e-02
0.96678	2.23446e-02
0.96661	2.65588e-02
0.96412	2.59819e-02
0.97083	1.80824e-02
0.96731	1.75799e-02
0.96738	1.76683e-02
0.96341	1.51898e-02
0.96341	1.51898e-02
0.96613	1.82200e-02
0.96376	1.57195e-02
0.96376	1.57195e-02
0.96613	1.24856e-02
0.96724	1.42237e-02
0.96970	1.66829e-02
0.96860	1.69815e-02
0.96259	1.72120e-02
0.96003	1.95054e-02
0.95460	1.54275e-02
0.95460	1.54275e-02
0.95460	1.54275e-02
0.95460	1.54275e-02
0.95428	1.50205e-02
0.95826	1.51780e-02
0.96156	1.91899e-02
0.96609	1.54566e-02
0.96283	1.14765e-02
0.96283	1.14765e-02
0.96283	1.14765e-02
0.96578	1.53482e-02
0.96578	1.53482e-02
0.96616	1.59889e-02
0.96616	1.59889e-02
0.96516	1.58268e-02
0.97186	1.80882e-02
0.97097	1.83710e-02
0.96887	1.84833e-02
0.96831	1.18851e-02
0.97181	1.51851e-02
0.97181	1.51851e-02
0.97204	1.50537e-02
0.97205	1.50570e-02
0.97205	1.50570e-02
0.97626	1.43885e-02
0.98141	1.46138e-02
0.97906	1.49327e-02
0.97698	1.78814e-02
0.97698	1.78814e-02
0.98251	1.14098e-02
0.97194	1.21558e-02
0.97194	1.21558e-02
0.98010	1.25468e-02
0.98010	1.25468e-02
0.98010	1.25468e-02
0.98010	1.25468e-02
0.98424	1.32064e-02
0.98394	1.24257e-02
0.98553	9.79037e-03
0.98775	8.57174e-03
0.98775	8.57174e-03
0.99199	3.81543e-03
0.99218	4.38946e-03
0.99216	4.37913e-03
0.99216	4.37913e-03
0.99215	4.37367e-03
0.99027	4.24945e-03
0.99027	4.24945e-03
0.98303	1.14826e-02
0.98303	1.14826e-02
0.98303	1.14826e-02
0.98140	1.31147e-02
0.98140	1.31147e-02
0.98140	1.31147e-02
0.98140	1.31147e-02
0.98140	1.31147e-02
0.98140	1.31147e-02
0.98140	1.31147e-02
0.98140	1.31147e-02
0.98140	1.31168e-02
0.96829	0.00000e+00
0.96829	0.00000e+00
0.96829	0.00000e+00
0.96829	0.00000e+00
0.96829	0.00000e+00
0.96829	0.00000e+00
0.98372	0.00000e+00
0.99118	0.00000e+00
0.99223	0.00000e+00
0.99223	0.00000e+00
0.99223	0.00000e+00
0.99223	0.00000e+00
0.99223	0.00000e+00
0.99223	0.00000e+00
0.99223	0.00000e+00
0.99223	0.00000e+00
0.99223	0.00000e+00
0.99244	0.00000e+00
0.99244	0.00000e+00
0.99244	0.00000e+00
0.99244	0.00000e+00
0.99244	0.00000e+00
0.99244	0.00000e+00
0.99244	0.00000e+00
0.99244	0.00000e+00
0.99244	0.00000e+00
0.99315	0.00000e+00
0.99315	0.00000e+00
0.99315	0.00000e+00
0.99315	0.00000e+00
0.99315	0.00000e+00
0.99315	0.00000e+00
0.99321	0.00000e+00
0.99321	0.00000e+00
0.99321	0.00000e+00
0.99321	0.00000e+00
0.99321	0.00000e+00
0.99321	0.00000e+00
0.99321	0.00000e+00
0.99321	0.00000e+00
0.99321	0.00000e+00
0.99322	0.00000e+00
