1.0000 2.0000
1.0000 1.9692
1.0000 1.9070
1.0000 1.8432
1.0000 1.8178
1.0000 1.7766
0.9750 1.7347
0.9500 1.6973
0.9500 1.6521
0.9500 1.6061
0.9500 1.5752
0.9500 1.5675
0.9250 1.5349
0.9000 1.4911
0.9000 1.3984
0.9000 1.3665
0.8750 1.3360
0.8750 1.3013
0.8750 1.2704
0.8417 1.2377
0.8417 1.2139
0.8417 1.1845
0.8417 1.1745
0.8417 1.1506
0.8417 1.1271
0.8167 1.0997
0.8167 1.0794
0.8167 1.0694
0.7917 1.0249
0.7917 1.0088
0.7917 0.9761
0.7917 0.9416
0.7917 0.9035
0.7917 0.8823
0.7917 0.8656
0.7917 0.8408
0.7917 0.8244
0.7917 0.7648
0.7917 0.7397
0.7667 0.6950
0.7417 0.6790
0.7417 0.6428
0.7417 0.6166
0.7417 0.6105
0.7417 0.5925
0.7417 0.5925
0.7417 0.5697
0.7167 0.5404
0.7167 0.5324
0.7167 0.5244
0.7167 0.4924
0.6917 0.4677
0.6583 0.4310
0.6583 0.3971
0.6583 0.3823
0.6583 0.3823
0.6333 0.3569
0.6333 0.3330
0.6333 0.3330
0.6333 0.3240
0.6333 0.3091
0.6333 0.2944
0.6333 0.2716
0.6333 0.2625
0.6333 0.2354
0.6333 0.2354
0.6083 0.2017
0.5833 0.1760
0.5583 0.1660
0.5183 0.1478
0.4850 0.1214
0.4850 0.1214
0.4850 0.1214
0.4850 0.1123
0.4600 0.0961
0.4600 0.0961
0.4350 0.0870
0.4350 0.0870
0.4150 0.0809
0.3900 0.0597
0.3567 0.0510
0.3567 0.0433
0.3317 0.0362
0.3317 0.0362
0.3317 0.0362
0.3317 0.0301
0.3317 0.0224
0.3317 0.0224
0.3067 0.0148
0.3067 0.0148
0.3067 0.0148
0.3067 0.0148
0.2867 0.0087
0.2617 0.0000
0.2617 0.0000
0.2617 0.0000
0.2617 0.0000
0.2617 0.0000
0.2617 0.0000
0.0000 0.0000
