1.0000 2.0000
1.0000 1.9418
1.0000 1.8931
1.0000 1.8536
1.0000 1.8042
1.0000 1.7622
0.9750 1.7262
0.9750 1.6904
0.9750 1.6246
0.9750 1.5919
0.9750 1.5507
0.9750 1.5333
0.9750 1.5262
0.9750 1.4997
0.9750 1.4754
0.9750 1.4490
0.9750 1.4237
0.9000 1.3418
0.9000 1.3323
0.9000 1.3084
0.9000 1.2818
0.9000 1.2675
0.8750 1.2051
0.8750 1.1483
0.8750 1.1110
0.8750 1.0761
0.8750 1.0607
0.8750 1.0337
0.8300 0.9682
0.8300 0.9096
0.8100 0.8873
0.8100 0.8624
0.8100 0.8413
0.8100 0.8260
0.8100 0.8114
0.8100 0.8047
0.7850 0.7656
0.7600 0.6867
0.7600 0.6796
0.7350 0.6511
0.7350 0.6245
0.7350 0.6154
0.7100 0.5881
0.7100 0.5703
0.7100 0.5525
0.7100 0.5191
0.6767 0.4913
0.6767 0.4818
0.6767 0.4639
0.6767 0.4501
0.6767 0.4410
0.6767 0.4172
0.6767 0.3945
0.6767 0.3945
0.6767 0.3717
0.6767 0.3717
0.6767 0.3717
0.6767 0.3555
0.6767 0.3555
0.6517 0.3330
0.6517 0.3169
0.6517 0.2977
0.5850 0.2620
0.5850 0.2446
0.5850 0.2446
0.5850 0.2359
0.5850 0.2279
0.5850 0.2212
0.5400 0.1936
0.5400 0.1674
0.5400 0.1579
0.4817 0.1120
0.4817 0.1120
0.4317 0.0946
0.4317 0.0946
0.4317 0.0801
0.4317 0.0710
0.3983 0.0524
0.3533 0.0298
0.3533 0.0298
0.3533 0.0298
0.3533 0.0298
0.3533 0.0232
0.3533 0.0232
0.3533 0.0232
0.3533 0.0232
0.3283 0.0165
0.3283 0.0165
0.3283 0.0165
0.3033 0.0074
0.3033 0.0074
0.3033 0.0074
0.3033 0.0074
0.3033 0.0074
0.2700 0.0000
0.2700 0.0000
0.2700 0.0000
0.2700 0.0000
0.2700 0.0000
0.0000 0.0000
