0.99050	1.87699e-03
0.97838	9.74755e-03
0.97118	1.00270e-02
0.94341	1.38918e-02
0.91893	1.61320e-02
0.89175	2.42134e-02
0.85991	3.14768e-02
0.81492	3.13565e-02
0.74300	4.64081e-02
0.68924	8.98356e-02
0.64197	8.73565e-02
0.55724	8.10153e-02
0.43737	1.32520e-01
0.34553	1.43166e-01
0.35028	1.65552e-01
0.35218	1.40255e-01
0.29004	1.81803e-01
0.31177	1.14169e-01
0.28748	1.05367e-01
0.23051	1.00723e-01
0.20074	7.81955e-02
0.20472	7.32515e-02
0.21556	8.59181e-02
0.14188	8.06167e-02
0.15803	7.22037e-02
0.13782	6.46523e-02
0.14347	6.73001e-02
0.13310	6.62774e-02
0.13539	6.49524e-02
0.10970	5.40944e-02
0.14026	7.50817e-02
0.11776	6.82858e-02
0.16197	6.52646e-02
0.13467	6.52880e-02
0.13683	9.43745e-02
0.13867	5.71080e-02
0.12879	5.59511e-02
0.11116	7.16307e-02
0.08495	3.71252e-02
0.09171	6.03744e-02
0.09923	5.15767e-02
0.10731	4.55691e-02
0.08853	4.26243e-02
0.10435	5.73460e-02
0.11063	5.74508e-02
0.10878	3.13147e-02
0.11888	2.64598e-02
0.11963	7.62529e-02
0.09824	5.42291e-02
0.08153	5.15809e-02
0.08888	6.08775e-02
0.10404	4.23736e-02
0.08982	6.81642e-02
0.11431	6.87733e-02
0.11967	6.17176e-02
0.12386	6.08889e-02
0.08675	3.94553e-02
0.06898	3.54022e-02
0.09578	4.21408e-02
0.11246	6.55748e-02
0.07756	3.52785e-02
0.08822	5.51096e-02
0.09648	5.23047e-02
0.09184	3.72982e-02
0.08956	5.38184e-02
0.09243	4.92990e-02
0.11645	3.55697e-02
0.14376	5.52905e-02
0.09756	3.57455e-02
0.09292	3.82775e-02
0.13539	4.65677e-02
0.09073	5.60004e-02
0.13519	6.96145e-02
0.08259	4.51621e-02
0.08367	3.89791e-02
0.07950	5.54217e-02
0.08658	5.56384e-02
0.10647	5.56637e-02
0.08529	4.34462e-02
0.11336	3.65887e-02
0.08127	3.07286e-02
0.08050	3.88220e-02
0.08479	2.98798e-02
0.08038	3.60967e-02
0.09583	4.17598e-02
0.06291	1.70382e-02
0.09426	4.65127e-02
0.08060	3.44938e-02
0.07408	4.34728e-02
0.09318	5.14039e-02
0.08222	3.72993e-02
0.08973	4.34011e-02
0.09865	4.55511e-02
0.06349	3.70995e-02
0.09568	5.52413e-02
0.10559	6.06776e-02
0.10001	5.12616e-02
0.10462	4.28779e-02
0.07924	2.94943e-02
