0.99433	6.29734e-04
0.97795	7.60531e-03
0.96771	1.18659e-02
0.94961	1.51978e-02
0.93686	1.76209e-02
0.90563	1.14263e-02
0.88232	1.96545e-02
0.82588	3.13586e-02
0.78805	4.61098e-02
0.73202	4.73902e-02
0.69271	6.86408e-02
0.60295	8.24015e-02
0.49931	1.15964e-01
0.40689	1.34727e-01
0.39024	8.66114e-02
0.32302	1.47381e-01
0.32472	7.57648e-02
0.29347	8.54466e-02
0.24306	1.05708e-01
0.23734	7.70757e-02
0.23658	9.78544e-02
0.24053	1.23500e-01
0.23450	9.16975e-02
0.19268	6.94469e-02
0.17168	9.28920e-02
0.17632	6.96412e-02
0.15040	5.82007e-02
0.15864	6.81490e-02
0.11080	4.53888e-02
0.14950	6.55971e-02
0.12170	6.62651e-02
0.14724	8.17781e-02
0.07727	3.11155e-02
0.11337	3.35284e-02
0.12368	7.88916e-02
0.13672	6.49365e-02
0.10465	7.74104e-02
0.09699	5.67901e-02
0.09263	4.59061e-02
0.15880	7.53076e-02
0.10251	4.40476e-02
0.08903	2.20994e-02
0.08989	3.48319e-02
0.09069	6.29355e-02
0.08399	6.04610e-02
0.10670	6.53547e-02
0.12521	5.10767e-02
0.10116	2.00592e-02
0.10126	5.39050e-02
0.11939	5.72412e-02
0.12022	6.70789e-02
0.09065	4.37771e-02
0.09851	4.05824e-02
0.09017	5.97493e-02
0.08332	2.52138e-02
0.09576	4.32635e-02
0.10672	4.12928e-02
0.08756	4.04362e-02
0.07390	4.34740e-02
0.09599	5.41666e-02
0.07884	2.46630e-02
0.08516	5.04307e-02
0.11111	4.86579e-02
0.08211	4.64215e-02
0.10485	5.70613e-02
0.09077	4.51468e-02
0.09814	4.08852e-02
0.06726	4.93795e-02
0.06432	3.59657e-02
0.09839	6.52961e-02
0.07809	3.99218e-02
0.08319	4.35248e-02
0.10376	4.95793e-02
0.10397	5.74244e-02
0.07075	4.24193e-02
0.07965	3.27558e-02
0.06786	2.75232e-02
0.08585	4.34882e-02
0.06462	5.10135e-02
0.09975	3.79835e-02
0.09479	4.41575e-02
0.07413	3.36979e-02
0.09693	5.61198e-02
0.08891	4.06709e-02
0.10711	5.68642e-02
0.09609	3.22320e-02
0.06811	4.11437e-02
0.11094	4.95571e-02
0.07782	3.75015e-02
0.06844	2.66088e-02
0.08491	3.63678e-02
0.10703	3.44366e-02
0.10853	4.38916e-02
0.09211	5.75651e-02
0.11320	5.67064e-02
0.07867	3.50218e-02
0.09266	3.63861e-02
0.09306	5.59861e-02
0.09330	3.49894e-02
