1.0000 2.0000
0.9900 1.9612
0.9800 1.9218
0.9700 1.8834
0.9600 1.8449
0.9500 1.8059
0.9400 1.7719
0.9300 1.7340
0.9200 1.6997
0.9100 1.6648
0.9000 1.6288
0.8900 1.5918
0.8800 1.5569
0.8700 1.5238
0.8600 1.4877
0.8500 1.4577
0.8400 1.4238
0.8300 1.3880
0.8200 1.3537
0.8100 1.3200
0.8000 1.2896
0.7900 1.2567
0.7800 1.2262
0.7700 1.1955
0.7600 1.1659
0.7500 1.1372
0.7400 1.1088
0.7300 1.0773
0.7200 1.0490
0.7100 1.0192
0.7000 0.9916
0.6900 0.9619
0.6800 0.9327
0.6700 0.9030
0.6600 0.8783
0.6500 0.8526
0.6400 0.8256
0.6300 0.7980
0.6200 0.7720
0.6100 0.7460
0.6000 0.7238
0.5900 0.7020
0.5800 0.6778
0.5700 0.6545
0.5600 0.6310
0.5500 0.6061
0.5400 0.5855
0.5300 0.5677
0.5200 0.5435
0.5100 0.5233
0.5000 0.5041
0.4900 0.4846
0.4800 0.4641
0.4700 0.4439
0.4600 0.4239
0.4500 0.4048
0.4400 0.3882
0.4300 0.3691
0.4200 0.3520
0.4100 0.3347
0.4000 0.3173
0.3900 0.3016
0.3800 0.2867
0.3700 0.2697
0.3600 0.2535
0.3500 0.2395
0.3400 0.2257
0.3300 0.2101
0.3200 0.1986
0.3100 0.1858
0.3000 0.1729
0.2900 0.1608
0.2800 0.1504
0.2700 0.1362
0.2600 0.1258
0.2500 0.1162
0.2400 0.1070
0.2300 0.0969
0.2200 0.0887
0.2100 0.0797
0.2000 0.0718
0.1900 0.0638
0.1800 0.0575
0.1700 0.0512
0.1590 0.0457
0.1490 0.0399
0.1390 0.0339
0.1290 0.0295
0.1180 0.0251
0.1070 0.0211
0.0950 0.0174
0.0830 0.0145
0.0740 0.0110
0.0600 0.0083
0.0480 0.0058
0.0370 0.0037
0.0280 0.0023
0.0170 0.0008
0.0120 0.0002
0.0000 0.0000
