0.97892	4.72232e-03
0.97248	8.72134e-03
0.96502	1.63671e-02
0.93410	2.55174e-02
0.92248	4.06751e-02
0.88490	4.69726e-02
0.87559	6.42062e-02
0.85817	8.19793e-02
0.82777	1.17765e-01
0.80950	1.42518e-01
0.78276	2.03916e-01
0.75953	2.00819e-01
0.76676	1.38316e-01
0.79492	7.19319e-02
0.77993	1.01040e-01
0.75642	1.18421e-01
0.76004	9.48864e-02
0.74619	1.10907e-01
0.75046	9.86500e-02
0.76281	6.97870e-02
0.76196	8.03816e-02
0.73550	8.48464e-02
0.74211	9.77647e-02
0.74601	7.32434e-02
0.74487	8.79371e-02
0.74513	6.22528e-02
0.74403	7.56146e-02
0.74486	6.64850e-02
0.72252	7.34074e-02
0.72292	8.09167e-02
0.73649	6.91589e-02
0.71015	8.38997e-02
0.70636	5.51664e-02
0.69792	8.84212e-02
0.71588	6.05260e-02
0.71621	5.67430e-02
0.71087	4.92270e-02
0.71407	4.25649e-02
0.69660	5.24175e-02
0.71177	5.24629e-02
0.71319	5.56090e-02
0.71362	6.24566e-02
0.72195	5.41283e-02
0.71414	6.96064e-02
0.73898	5.91507e-02
0.70498	5.43549e-02
0.71472	6.60186e-02
0.70760	5.90531e-02
0.69253	6.64225e-02
0.69214	6.38846e-02
0.68205	7.31947e-02
0.70231	3.83403e-02
0.70595	4.62367e-02
0.67846	3.70179e-02
0.66587	2.89854e-02
0.70089	5.45437e-02
0.67521	6.07135e-02
0.68000	3.74426e-02
0.68640	5.05990e-02
0.65153	3.96119e-02
0.67874	4.41105e-02
0.67350	4.60269e-02
0.66756	6.02878e-02
0.65185	4.03125e-02
0.66606	3.81308e-02
0.63535	3.84666e-02
0.67008	3.33881e-02
0.64725	4.19493e-02
0.64832	4.33236e-02
0.64200	5.02173e-02
0.64048	3.35911e-02
0.65272	4.96155e-02
0.62690	3.19427e-02
0.64203	4.24244e-02
0.62751	3.64857e-02
0.59443	5.81175e-02
0.64342	3.22175e-02
0.57634	5.03278e-02
0.58015	3.12474e-02
0.57605	5.34977e-02
0.56772	3.73818e-02
0.57539	4.37912e-02
0.56653	3.68791e-02
0.55863	6.34763e-02
0.55372	3.21952e-02
0.54000	5.11357e-02
0.53824	6.39335e-02
0.53685	4.99496e-02
0.52664	3.97002e-02
0.50456	7.99444e-02
0.50102	7.13234e-02
0.49204	4.68562e-02
0.53856	5.29191e-02
0.49426	4.73304e-02
0.45762	6.95212e-02
0.47626	6.55244e-02
0.47318	4.73648e-02
0.45627	5.62889e-02
0.44336	5.45898e-02
0.45422	5.84484e-02
0.45231	5.51039e-02
0.46649	5.16162e-02
0.48121	4.41830e-02
0.47982	4.58327e-02
0.47043	5.18173e-02
0.46290	4.79423e-02
0.48260	7.34116e-02
0.48181	7.07533e-02
0.49314	6.51208e-02
0.50372	5.83197e-02
0.50017	5.88860e-02
0.51449	6.69010e-02
0.51449	6.69010e-02
0.52437	7.19224e-02
0.51584	6.74882e-02
0.52922	6.94662e-02
0.50979	7.36775e-02
0.49426	7.05017e-02
0.50297	6.17826e-02
0.52938	6.03639e-02
0.51416	6.09934e-02
0.52826	5.95834e-02
0.52826	5.95834e-02
0.52457	4.74828e-02
0.52918	5.49772e-02
0.52918	5.49772e-02
0.53427	4.99555e-02
0.53139	5.95508e-02
0.53446	5.61295e-02
0.53164	5.90241e-02
0.53934	5.09600e-02
0.55920	6.21196e-02
0.55349	6.41922e-02
0.53560	6.22470e-02
0.53806	6.09057e-02
0.54996	7.05089e-02
0.53239	5.38645e-02
0.53239	5.23212e-02
0.55063	5.04305e-02
0.55069	5.04558e-02
0.55211	5.05638e-02
0.54712	4.36679e-02
0.57293	6.16504e-02
0.57433	5.54275e-02
0.57629	5.89513e-02
0.58489	6.14045e-02
0.60563	4.59092e-02
0.60423	4.70512e-02
0.60375	4.75488e-02
0.61346	4.83873e-02
0.60784	5.34500e-02
0.60297	4.41163e-02
0.61057	4.56425e-02
0.59161	6.22290e-02
0.60430	6.45072e-02
0.61294	6.07925e-02
0.60637	6.02523e-02
0.60355	5.91128e-02
0.60926	6.38280e-02
0.61358	7.92326e-02
0.61696	7.95013e-02
0.62232	7.96109e-02
0.64254	6.30738e-02
0.63608	5.92310e-02
0.64168	6.45194e-02
0.63181	5.63437e-02
0.62779	5.99425e-02
0.63916	7.10596e-02
0.65054	6.55799e-02
0.65383	6.14352e-02
0.65383	6.14352e-02
0.64882	5.76069e-02
0.64763	5.82841e-02
0.65014	5.73493e-02
0.64655	5.69064e-02
0.65178	5.70805e-02
0.65178	5.70805e-02
0.65178	5.70805e-02
0.68882	6.60188e-02
0.69728	6.05376e-02
0.69274	5.95962e-02
0.69443	5.79356e-02
0.66531	8.84537e-02
0.67981	8.19070e-02
0.66465	4.84156e-02
0.67333	5.58041e-02
0.68245	4.56040e-02
0.68731	3.85031e-02
0.68979	3.86091e-02
0.69687	5.31457e-02
0.69294	5.25857e-02
0.66531	4.63587e-02
0.68363	4.40760e-02
0.68065	4.54540e-02
0.69404	4.74272e-02
0.69570	5.21949e-02
0.70761	3.62545e-02
0.69899	2.66785e-02
0.71048	4.09561e-02
0.70106	5.40532e-02
0.68584	4.47297e-02
0.67852	4.00319e-02
0.69184	3.93797e-02
0.70910	3.42391e-02
0.70752	3.87155e-02
0.71175	3.10060e-02
0.70614	3.17174e-02
0.71172	4.20560e-02
0.71260	4.22785e-02
0.72483	3.57949e-02
0.73708	3.22069e-02
0.74038	3.28001e-02
0.73682	3.27807e-02
0.72937	3.72530e-02
0.73064	3.82823e-02
0.71980	4.11058e-02
0.72159	5.28380e-02
0.72767	4.06832e-02
0.71872	3.98153e-02
0.73533	4.81945e-02
0.74788	4.05048e-02
0.74571	3.71812e-02
0.74759	2.64363e-02
0.74381	1.28815e-02
0.73794	1.77919e-02
0.73956	2.42703e-02
0.73902	2.63279e-02
0.74009	2.74906e-02
0.74435	2.60886e-02
0.75388	2.85628e-02
0.75774	3.61795e-02
0.75354	4.23732e-02
0.75186	4.29411e-02
0.75395	4.31648e-02
0.76168	3.37265e-02
0.76727	3.27438e-02
0.76775	3.33412e-02
0.76845	3.61661e-02
0.77024	3.41720e-02
0.76314	3.33188e-02
0.76471	2.68521e-02
0.76471	2.68521e-02
0.76312	2.64504e-02
0.76842	2.86574e-02
0.77006	3.03108e-02
0.77505	3.17045e-02
0.77041	3.39061e-02
0.77055	3.39012e-02
0.76374	3.76049e-02
0.76992	3.56585e-02
0.76310	3.91240e-02
0.76527	4.12709e-02
0.76527	4.12709e-02
0.76774	3.88941e-02
0.78649	3.91691e-02
0.78704	3.97803e-02
0.77974	3.54888e-02
0.78570	4.16870e-02
0.78953	3.37502e-02
0.78953	3.37502e-02
0.78992	3.41508e-02
0.78790	3.05954e-02
0.78783	3.06516e-02
0.79948	2.67463e-02
0.79948	2.67463e-02
0.79760	2.89019e-02
0.80281	3.44346e-02
0.79565	2.64699e-02
0.79110	2.28419e-02
0.80308	2.99700e-02
0.80330	3.03516e-02
0.80480	3.05122e-02
0.80231	3.23160e-02
0.81037	3.74511e-02
0.80476	4.33464e-02
0.80098	4.36144e-02
0.79617	2.89904e-02
0.80258	3.33287e-02
0.80331	3.38530e-02
0.79960	3.66886e-02
0.80134	3.82297e-02
0.80379	3.69358e-02
0.80133	3.53185e-02
0.79369	3.31392e-02
0.81366	4.72071e-02
0.82035	4.44010e-02
0.82248	4.52178e-02
0.82798	3.95656e-02
0.81781	2.54986e-02
0.82333	2.68942e-02
0.80358	3.33229e-02
0.82429	3.84242e-02
0.82494	2.90260e-02
0.82632	2.68032e-02
0.82803	2.41432e-02
0.83457	2.58515e-02
0.83702	2.77790e-02
0.83337	3.46952e-02
0.83676	3.39099e-02
0.83418	3.28640e-02
0.83838	3.78665e-02
0.82808	3.83546e-02
0.83371	3.25959e-02
0.84254	2.80773e-02
0.84330	2.83618e-02
0.84499	3.26166e-02
0.84244	3.62929e-02
0.84547	4.31380e-02
0.85008	4.26497e-02
0.85755	4.43414e-02
0.86038	4.61489e-02
0.84408	4.59177e-02
0.85530	4.13010e-02
0.85558	3.67377e-02
0.85239	3.36438e-02
0.86179	3.14662e-02
0.86445	3.19536e-02
0.86689	3.50145e-02
0.87204	4.13766e-02
0.87223	4.24440e-02
0.86940	4.44345e-02
0.87562	4.30054e-02
0.87814	3.36382e-02
0.88407	3.16877e-02
0.88642	3.37279e-02
0.88252	4.55768e-02
0.88252	4.55768e-02
0.87999	4.86963e-02
0.87782	4.83870e-02
0.88451	5.14279e-02
0.88451	5.14279e-02
0.88296	4.90682e-02
0.88801	4.44292e-02
0.89428	3.81953e-02
0.88602	3.49650e-02
0.88642	3.48133e-02
0.88642	3.48133e-02
0.88505	3.22099e-02
0.88797	3.20205e-02
0.88639	3.18961e-02
0.89660	2.88758e-02
0.89851	3.14223e-02
0.90503	3.98041e-02
0.91397	3.35772e-02
0.91633	3.65078e-02
0.89398	4.93903e-02
0.91010	3.43655e-02
0.91029	3.47206e-02
0.91647	3.59022e-02
0.91955	3.90638e-02
0.91868	4.10312e-02
0.92506	3.59694e-02
0.92605	3.61040e-02
0.92575	3.99437e-02
0.92692	3.89254e-02
0.92723	3.92754e-02
0.92705	3.88237e-02
0.92562	3.55191e-02
0.92696	3.64430e-02
0.93020	3.47399e-02
0.92911	2.93625e-02
0.92191	3.18301e-02
0.92025	3.14705e-02
0.92062	3.59444e-02
0.91956	2.50078e-02
0.91956	2.50078e-02
0.92091	2.57436e-02
0.92079	2.56825e-02
0.92079	2.56825e-02
0.93222	2.09939e-02
0.92837	3.43572e-02
0.92837	3.43572e-02
0.93272	3.94316e-02
0.93272	3.94316e-02
0.93111	3.94646e-02
0.92809	4.02875e-02
0.92821	4.04554e-02
0.91404	3.22731e-02
0.91404	3.22731e-02
0.91165	2.96746e-02
0.91998	3.18220e-02
0.91998	3.18220e-02
0.91998	3.18220e-02
0.91998	3.18220e-02
0.93943	2.94904e-03
0.94323	8.79764e-03
0.94828	1.17973e-02
0.94483	1.57704e-02
0.94483	1.57704e-02
0.94996	2.15053e-02
0.95067	2.42296e-02
0.95067	2.42296e-02
0.94945	2.60916e-02
0.93972	2.30012e-02
0.94911	9.16410e-03
0.94911	9.16410e-03
0.94745	2.50242e-02
0.95697	1.87785e-02
0.95697	1.87785e-02
0.95697	1.87785e-02
0.95697	1.87785e-02
0.95717	1.85783e-02
0.97659	8.35208e-04
0.97659	8.35208e-04
0.97659	8.35208e-04
0.97073	6.69415e-03
0.98071	3.29102e-03
0.97742	0.00000e+00
0.97742	0.00000e+00
0.97722	0.00000e+00
