0.37368	1.22213e-01
0.35849	9.18433e-02
0.35359	1.01634e-01
0.27045	1.26095e-01
0.21765	1.02920e-01
0.18586	7.17908e-02
0.10391	4.15088e-02
0.14349	8.02166e-02
0.13689	5.03856e-02
0.13539	5.47465e-02
0.12353	5.13778e-02
0.14327	4.94947e-02
0.10662	6.91027e-02
0.06175	2.46643e-02
0.13879	5.39364e-02
0.11092	6.88095e-02
0.13799	6.28378e-02
0.09780	5.82253e-02
0.11525	6.55969e-02
0.10404	5.22454e-02
0.10973	4.90726e-02
0.10026	5.82904e-02
0.14931	5.13896e-02
0.09057	5.16891e-02
0.08560	4.73770e-02
0.09791	4.34566e-02
0.10096	3.35255e-02
0.09822	4.54801e-02
0.12615	6.10999e-02
0.09422	3.57748e-02
0.12156	4.20855e-02
0.07860	3.52577e-02
0.08499	4.70561e-02
0.08599	3.46619e-02
0.12274	6.52937e-02
0.10643	3.98742e-02
0.09052	4.92916e-02
0.07343	5.22289e-02
0.13132	4.85205e-02
0.07411	4.69004e-02
0.09639	5.18516e-02
0.09239	3.81771e-02
0.10611	5.16771e-02
0.08068	4.95994e-02
0.09832	3.49948e-02
0.08751	2.99821e-02
0.10414	3.19212e-02
0.12075	4.37324e-02
0.08274	3.95318e-02
0.10806	5.12008e-02
0.08458	4.35684e-02
0.05386	1.66411e-02
0.09488	4.62214e-02
0.07819	6.19873e-02
0.08726	3.43855e-02
0.09045	3.20388e-02
0.07882	4.54412e-02
0.07262	4.19014e-02
0.08065	5.13050e-02
0.09231	4.77814e-02
0.07850	5.29321e-02
0.09616	4.66808e-02
0.09435	4.74205e-02
0.08725	5.10809e-02
0.09335	4.82694e-02
0.08308	4.27443e-02
0.07172	2.49627e-02
0.08533	5.57609e-02
0.07473	3.58455e-02
0.07033	3.83743e-02
0.08758	5.15569e-02
0.09221	3.84709e-02
0.08592	4.43014e-02
0.10242	3.55678e-02
0.10942	3.89286e-02
0.07873	2.58385e-02
0.07961	3.59325e-02
0.09126	4.32251e-02
0.09728	4.56200e-02
0.09207	4.05868e-02
0.10642	4.46740e-02
0.06794	2.25278e-02
0.10262	5.34555e-02
0.08267	2.58172e-02
0.08111	4.81263e-02
0.08535	3.00309e-02
0.07080	5.35310e-02
0.09499	4.40565e-02
0.08087	2.23044e-02
0.09525	4.97683e-02
0.05952	3.04899e-02
0.06062	2.70232e-02
0.10454	5.73245e-02
0.09130	6.71843e-02
0.10221	4.59168e-02
0.06361	2.65735e-02
0.07279	2.49128e-02
0.09705	4.68978e-02
0.07716	4.10587e-02
