0.99463	7.34978e-04
0.98366	7.93242e-03
0.97214	1.41689e-02
0.96087	1.03256e-02
0.93937	1.70950e-02
0.92207	2.26541e-02
0.88146	1.81601e-02
0.84928	2.75003e-02
0.83793	2.37471e-02
0.75689	2.80677e-02
0.70585	1.68354e-02
0.64478	7.18530e-02
0.56955	8.47511e-02
0.47246	9.22825e-02
0.36407	9.51411e-02
0.26043	1.10756e-01
0.26102	7.29049e-02
0.29098	1.46861e-01
0.22513	1.10576e-01
0.22232	1.01877e-01
0.18727	5.29218e-02
0.20870	8.76832e-02
0.20214	1.21211e-01
0.12230	6.57486e-02
0.16427	9.85898e-02
0.17194	6.56775e-02
0.14847	6.77846e-02
0.15280	6.88596e-02
0.12136	4.65339e-02
0.15244	9.58268e-02
0.13087	6.69327e-02
0.13403	6.49882e-02
0.12304	5.32990e-02
0.12348	5.38453e-02
0.11805	6.06208e-02
0.11473	7.18686e-02
0.11961	5.42153e-02
0.10364	5.87607e-02
0.10741	2.38544e-02
0.09308	4.11434e-02
0.09589	4.94350e-02
0.13225	4.98371e-02
0.09329	4.09577e-02
0.09526	5.07475e-02
0.10540	4.45397e-02
0.11440	4.85709e-02
0.11629	4.57117e-02
0.12032	3.97640e-02
0.06892	3.95017e-02
0.10283	5.34900e-02
0.10469	5.07442e-02
0.12661	6.15857e-02
0.10754	4.30331e-02
0.11681	5.03537e-02
0.08847	3.51524e-02
0.08081	3.23682e-02
0.08098	3.18192e-02
0.12224	5.18103e-02
0.10897	6.50704e-02
0.09004	4.43396e-02
0.08149	3.24116e-02
0.10452	5.32234e-02
0.11028	3.47823e-02
0.06915	4.03155e-02
0.08553	5.13982e-02
0.09491	6.48656e-02
0.07419	3.48242e-02
0.08450	3.95863e-02
0.07178	3.39892e-02
0.08998	4.36031e-02
0.08236	3.36561e-02
0.08395	2.87336e-02
0.06561	3.76941e-02
0.07963	3.64579e-02
0.11159	6.38973e-02
0.10430	5.23956e-02
0.07911	4.46455e-02
0.06755	3.12097e-02
0.06131	1.89377e-02
0.09717	2.62078e-02
0.09924	3.88957e-02
0.08907	3.67906e-02
0.13056	4.50771e-02
0.10520	4.94666e-02
0.07194	3.00214e-02
0.08165	4.98500e-02
0.06916	3.57510e-02
0.07568	3.94929e-02
0.09874	3.46817e-02
0.08634	4.16038e-02
0.07459	3.72354e-02
0.07183	2.95506e-02
0.09482	4.35274e-02
0.09252	3.33307e-02
0.12073	7.28362e-02
0.11414	4.68825e-02
0.07726	3.20563e-02
0.09015	2.47367e-02
0.08425	4.75836e-02
