0.82274	3.15201e-02
0.81661	4.03830e-02
0.78060	6.79155e-02
0.71796	9.01461e-02
0.67204	9.70317e-02
0.66640	1.05779e-01
0.63489	1.42314e-01
0.62579	9.80114e-02
0.61116	1.40329e-01
0.55472	1.77110e-01
0.55911	1.76845e-01
0.50786	1.80511e-01
0.47899	1.62435e-01
0.47970	1.17573e-01
0.45719	1.16185e-01
0.46757	9.59379e-02
0.43431	1.65105e-01
0.49886	1.18543e-01
0.43828	1.39456e-01
0.47506	1.09394e-01
0.45197	1.26882e-01
0.43554	1.51327e-01
0.49237	1.16962e-01
0.49298	9.03736e-02
0.48159	1.57994e-01
0.49839	1.10620e-01
0.49672	1.00167e-01
0.51498	5.63052e-02
0.46589	7.97822e-02
0.53363	7.37761e-02
0.49287	9.16979e-02
0.49181	7.28776e-02
0.49312	8.62724e-02
0.46844	7.56706e-02
0.44763	6.20052e-02
0.47862	8.37785e-02
0.46787	5.87527e-02
0.49513	7.93148e-02
0.47933	5.16314e-02
0.48006	7.12403e-02
0.47121	5.87750e-02
0.47705	6.53539e-02
0.51521	3.20893e-02
0.48489	8.50007e-02
0.50560	6.91790e-02
0.49368	6.68265e-02
0.49394	5.42504e-02
0.49657	6.95093e-02
0.46921	6.61296e-02
0.49519	6.71529e-02
0.46232	4.37277e-02
0.45512	9.20390e-02
0.43182	6.15667e-02
0.46026	4.04015e-02
0.45447	4.59870e-02
0.44816	4.99818e-02
0.47082	5.31303e-02
0.47179	5.29445e-02
0.46691	7.34299e-02
0.42049	5.64584e-02
0.49335	5.68700e-02
0.46207	4.48744e-02
0.44816	4.42708e-02
0.44267	5.10186e-02
0.47404	5.83241e-02
0.46011	5.08573e-02
0.42813	5.51690e-02
0.44705	6.72044e-02
0.45591	6.22294e-02
0.42754	6.02269e-02
0.44067	6.68828e-02
0.43399	5.33526e-02
0.41654	6.93290e-02
0.40908	6.63671e-02
0.41190	7.29688e-02
0.43392	5.98098e-02
0.41800	5.80882e-02
0.39079	5.81981e-02
0.36165	5.99675e-02
0.42951	7.57236e-02
0.41466	5.29821e-02
0.37858	5.40472e-02
0.42635	5.93739e-02
0.36250	8.20532e-02
0.38535	4.18704e-02
0.37358	5.67952e-02
0.37036	6.45615e-02
0.35780	3.87473e-02
0.37205	6.66374e-02
0.35741	8.03933e-02
0.32802	3.54373e-02
0.34114	6.56087e-02
0.38391	6.17515e-02
0.31370	8.29049e-02
0.34890	4.72501e-02
0.33714	5.35143e-02
0.32342	5.66276e-02
0.29262	5.90098e-02
0.31522	8.40923e-02
0.32235	7.83926e-02
0.32385	7.99860e-02
0.32257	8.07882e-02
0.33197	8.06087e-02
0.29979	7.27248e-02
0.31397	7.30276e-02
0.31397	7.30276e-02
0.30159	6.70988e-02
0.31462	6.72494e-02
0.32198	6.95177e-02
0.32126	6.97208e-02
0.32317	6.92346e-02
0.31070	6.47239e-02
0.30868	6.14256e-02
0.31929	6.59508e-02
0.35324	4.46212e-02
0.34628	4.28470e-02
0.33188	5.56596e-02
0.34279	6.17613e-02
0.34666	6.84552e-02
0.36690	4.82851e-02
0.35834	6.03175e-02
0.34583	7.16902e-02
0.34974	7.05626e-02
0.34250	7.11940e-02
0.34393	6.32556e-02
0.33748	6.07162e-02
0.34756	7.06310e-02
0.36235	8.44995e-02
0.38303	5.23720e-02
0.37919	5.42264e-02
0.39301	6.88602e-02
0.38108	7.27841e-02
0.40166	6.50078e-02
0.41764	5.34008e-02
0.42332	5.28070e-02
0.40712	7.75819e-02
0.41044	8.32545e-02
0.41040	6.93911e-02
0.40740	6.90256e-02
0.38345	5.42000e-02
0.38301	5.55668e-02
0.37444	4.85136e-02
0.40380	6.22259e-02
0.39363	7.19513e-02
0.39880	6.93191e-02
0.41742	5.53877e-02
0.41412	4.97024e-02
0.41122	5.44546e-02
0.41157	5.41930e-02
0.41126	5.37355e-02
0.42282	6.66319e-02
0.42223	6.84882e-02
0.43854	6.81027e-02
0.46236	5.75497e-02
0.44797	5.86593e-02
0.44953	5.72376e-02
0.46007	4.39128e-02
0.48226	4.87779e-02
0.46162	6.22776e-02
0.46422	7.47832e-02
0.45055	6.11516e-02
0.45801	6.22132e-02
0.45163	6.29420e-02
0.47642	8.74270e-02
0.47829	8.81872e-02
0.47829	8.81872e-02
0.49106	8.88212e-02
0.49151	8.87601e-02
0.48389	8.05620e-02
0.49948	7.87859e-02
0.51049	6.92116e-02
0.49016	6.38201e-02
0.50586	3.57494e-02
0.51064	4.01290e-02
0.51601	3.78645e-02
0.51601	3.78645e-02
0.51908	3.77107e-02
0.49739	3.76273e-02
0.50816	5.75063e-02
0.50755	6.45279e-02
0.50148	6.39069e-02
0.50160	6.39664e-02
0.50645	6.84430e-02
0.50021	6.10553e-02
0.49620	7.36517e-02
0.50062	6.36022e-02
0.51306	7.02247e-02
0.52835	4.78069e-02
0.54142	5.59627e-02
0.53703	5.36793e-02
0.53411	5.65066e-02
0.54700	6.26972e-02
0.54615	6.27538e-02
0.55760	6.71394e-02
0.55165	7.43759e-02
0.55043	7.46180e-02
0.54950	6.72327e-02
0.54272	6.46736e-02
0.55050	5.59497e-02
0.53181	6.20093e-02
0.54475	5.69590e-02
0.54382	5.62994e-02
0.55770	5.04670e-02
0.57585	4.13943e-02
0.56337	5.85220e-02
0.57075	5.44889e-02
0.57521	5.70600e-02
0.58325	5.90546e-02
0.58922	6.39701e-02
0.59477	5.67811e-02
0.59287	5.32753e-02
0.59651	5.17974e-02
0.56744	8.08557e-02
0.56980	8.29218e-02
0.55903	8.62633e-02
0.56436	8.73866e-02
0.57565	7.47693e-02
0.57248	7.34934e-02
0.57677	7.79988e-02
0.58632	8.22576e-02
0.59069	8.49179e-02
0.60274	8.33242e-02
0.61955	3.51184e-02
0.60799	4.92191e-02
0.59301	5.54988e-02
0.59887	4.89130e-02
0.59887	4.89130e-02
0.60373	6.35017e-02
0.61412	4.70390e-02
0.61017	4.95876e-02
0.61315	5.31959e-02
0.61030	5.50151e-02
0.61318	5.41647e-02
0.61280	5.47051e-02
0.60574	6.05378e-02
0.58857	5.44088e-02
0.58857	5.44088e-02
0.58702	5.40573e-02
0.61105	4.09013e-02
0.61667	4.58656e-02
0.64954	3.60752e-02
0.63770	3.20088e-02
0.65212	2.63293e-02
0.62852	4.26211e-02
0.62993	4.71519e-02
0.62485	4.29395e-02
0.63332	4.96203e-02
0.63133	3.46508e-02
0.63087	3.52726e-02
0.64192	4.34342e-02
0.64441	4.06710e-02
0.64688	4.39581e-02
0.65710	5.02495e-02
0.65598	4.58855e-02
0.65764	4.52977e-02
0.65201	6.32671e-02
0.65088	6.25576e-02
0.64572	6.45946e-02
0.65244	6.88920e-02
0.66432	2.87244e-02
0.67351	3.64993e-02
0.67351	3.64993e-02
0.67089	3.67722e-02
0.67089	3.67722e-02
0.66359	4.14606e-02
0.66099	4.16147e-02
0.67282	5.53932e-02
0.67158	4.94750e-02
0.68115	4.28564e-02
0.66119	3.75117e-02
0.67385	4.64150e-02
0.67581	3.99769e-02
0.67319	3.64965e-02
0.67731	3.89448e-02
0.67402	4.25644e-02
0.67904	4.41906e-02
0.67758	4.52764e-02
0.67206	4.48879e-02
0.67235	4.50211e-02
0.67444	4.14026e-02
0.69205	5.28650e-02
0.71026	6.00319e-02
0.70449	4.48873e-02
0.71180	5.08152e-02
0.71196	4.72954e-02
0.70911	3.98684e-02
0.71578	4.16425e-02
0.72055	3.82918e-02
0.71913	3.85966e-02
0.72921	3.14802e-02
0.72396	4.00116e-02
0.72606	3.89571e-02
0.73385	3.93529e-02
0.73369	4.54393e-02
0.72842	5.20412e-02
0.73700	4.51618e-02
0.72654	5.37889e-02
0.73828	5.65690e-02
0.73531	5.47884e-02
0.72220	4.92292e-02
0.73308	5.44077e-02
0.74039	5.56632e-02
0.74429	5.51972e-02
0.75120	4.31922e-02
0.74052	6.22418e-02
0.75427	3.89413e-02
0.74998	5.49497e-02
0.75630	4.59755e-02
0.76071	5.06543e-02
0.75904	4.72014e-02
0.75996	4.73576e-02
0.75499	4.77357e-02
0.75499	4.77357e-02
0.76286	4.39917e-02
0.76336	4.51102e-02
0.77025	4.41625e-02
0.76448	4.51458e-02
0.77078	5.98662e-02
0.76540	6.61142e-02
0.77615	6.02617e-02
0.78035	4.96241e-02
0.78205	4.79191e-02
0.78800	4.26698e-02
0.79267	4.38471e-02
0.78489	5.29344e-02
0.78410	5.51502e-02
0.78368	5.51821e-02
0.78279	5.67133e-02
0.78260	5.48473e-02
0.78399	5.23472e-02
0.77891	5.51818e-02
0.77891	5.51818e-02
0.77890	5.51818e-02
0.78290	5.71332e-02
0.79143	4.71495e-02
0.79755	5.11918e-02
0.79087	3.52310e-02
0.78959	3.13800e-02
0.79702	3.87057e-02
0.79445	4.47496e-02
0.79091	4.67541e-02
0.78540	4.67483e-02
0.79059	3.92211e-02
0.79059	3.92211e-02
0.79100	4.33002e-02
0.79213	4.26092e-02
0.79568	4.55603e-02
0.78773	3.91688e-02
0.78435	4.27340e-02
0.78312	4.57989e-02
0.78913	5.22942e-02
0.78205	5.65045e-02
0.78650	5.45598e-02
0.79778	5.09708e-02
0.79785	5.17095e-02
0.80004	5.43364e-02
0.80618	2.05281e-02
0.80618	2.05281e-02
0.80737	2.19336e-02
0.79675	2.99669e-02
0.80207	3.76408e-02
0.80541	3.43788e-02
0.79067	4.80529e-02
0.79067	4.80529e-02
0.79248	4.74493e-02
0.77699	3.87821e-02
0.77888	3.62097e-02
0.78747	2.64763e-02
0.78789	2.63366e-02
0.78789	2.63366e-02
0.80203	2.48971e-02
0.80203	2.48971e-02
0.80203	2.48971e-02
0.80203	2.48971e-02
0.80380	2.35325e-02
0.80380	2.35325e-02
0.80564	2.58840e-02
0.80723	2.40612e-02
0.80723	2.40612e-02
0.78955	3.25336e-02
0.79292	3.28748e-02
0.80655	2.11726e-02
0.80117	1.32553e-02
0.79396	1.80494e-02
0.80645	3.74855e-02
0.78581	1.29900e-02
0.78241	1.48383e-02
0.80698	2.95481e-02
0.80814	2.67564e-02
0.80814	2.67564e-02
0.80865	2.73637e-02
0.80865	2.73637e-02
0.80865	2.73637e-02
0.80552	2.67969e-02
0.80552	2.67969e-02
0.81835	3.30580e-02
0.81835	3.30580e-02
0.84679	8.09671e-03
0.84679	8.09671e-03
0.84679	8.09671e-03
0.84658	8.33877e-03
0.84933	8.95780e-03
0.83723	1.35377e-02
0.83723	1.35377e-02
0.82231	2.24269e-02
0.82231	2.24269e-02
0.83629	2.15565e-02
0.83629	2.15565e-02
0.83629	2.15565e-02
0.83507	2.32685e-02
0.83507	2.32685e-02
0.83507	2.32685e-02
0.85806	9.56942e-03
0.85806	9.56942e-03
0.85806	9.56942e-03
0.85629	7.14473e-03
0.85629	7.14473e-03
0.85629	7.14473e-03
0.85629	7.14473e-03
0.85911	1.10222e-02
0.85911	1.10222e-02
0.85319	1.58712e-02
0.85319	1.58712e-02
0.85319	1.58712e-02
0.85216	1.62122e-02
0.85059	1.40579e-02
0.85059	1.40579e-02
0.85059	1.40579e-02
0.85059	1.40579e-02
0.85059	1.40579e-02
0.85059	1.40579e-02
0.85593	2.14191e-02
0.85777	2.46051e-02
0.84063	5.18787e-03
0.84063	5.18787e-03
0.84063	5.18787e-03
0.84821	2.39549e-03
0.84319	7.41730e-03
0.84319	7.41730e-03
0.85703	6.42057e-03
0.87695	1.34988e-02
0.87887	1.54225e-02
0.87887	1.54225e-02
0.87887	1.54225e-02
0.87887	1.54225e-02
0.87887	1.54225e-02
0.86909	5.63745e-03
0.86909	5.63745e-03
0.86909	5.63745e-03
0.86909	5.63745e-03
0.86909	5.63745e-03
0.86909	5.63745e-03
0.86909	5.63745e-03
0.86909	5.63745e-03
0.86909	5.63745e-03
0.86909	5.63745e-03
0.86909	5.63745e-03
0.86909	5.63745e-03
0.86909	5.63745e-03
0.87892	1.54759e-02
0.86345	0.00000e+00
0.86367	0.00000e+00
