0.94376	7.89648e-03
0.91924	1.27872e-02
0.88658	2.96934e-02
0.84339	4.88561e-02
0.83088	6.15953e-02
0.79255	9.56048e-02
0.76519	7.45283e-02
0.71809	9.24305e-02
0.68668	1.32855e-01
0.67874	1.03266e-01
0.67101	9.72609e-02
0.67553	9.26918e-02
0.65099	8.42915e-02
0.61108	9.87787e-02
0.62714	8.69430e-02
0.62803	8.05998e-02
0.57190	7.02071e-02
0.57367	1.04500e-01
0.59214	1.10464e-01
0.56206	9.29557e-02
0.58507	1.11802e-01
0.58157	1.10914e-01
0.59601	1.04142e-01
0.56417	1.07309e-01
0.58345	6.70926e-02
0.55046	9.94410e-02
0.57774	1.03668e-01
0.57278	7.95630e-02
0.58136	8.94363e-02
0.56124	1.17396e-01
0.56630	1.02582e-01
0.54799	9.09293e-02
0.58608	5.76703e-02
0.58414	1.14440e-01
0.58065	1.05137e-01
0.58530	8.08324e-02
0.60758	7.82395e-02
0.55574	1.01539e-01
0.58568	1.08807e-01
0.59348	9.02861e-02
0.56746	9.86440e-02
0.57575	1.25365e-01
0.57582	7.69075e-02
0.57576	8.22196e-02
0.59811	7.65630e-02
0.59126	7.47844e-02
0.59082	6.39249e-02
0.59506	6.24387e-02
0.56365	6.72026e-02
0.61713	5.76272e-02
0.58218	5.72858e-02
0.53949	8.22615e-02
0.55390	8.37808e-02
0.54222	8.43128e-02
0.53356	7.67395e-02
0.53938	8.31420e-02
0.55497	4.13413e-02
0.56718	7.21344e-02
0.55812	6.63282e-02
0.53869	6.74783e-02
0.57927	5.69292e-02
0.56031	4.91163e-02
0.56390	4.83212e-02
0.54257	7.63366e-02
0.55379	5.60534e-02
0.55489	5.69861e-02
0.54423	4.42366e-02
0.54745	5.49010e-02
0.54556	5.90388e-02
0.55371	4.17014e-02
0.53306	5.20132e-02
0.52484	3.64149e-02
0.54183	5.61455e-02
0.49705	3.97163e-02
0.51537	5.39297e-02
0.50085	6.38146e-02
0.50845	5.58823e-02
0.50318	5.97562e-02
0.51895	5.08318e-02
0.50883	5.63119e-02
0.52600	5.91440e-02
0.50065	5.48856e-02
0.48181	3.45992e-02
0.49818	6.68661e-02
0.49419	4.54642e-02
0.45816	5.95313e-02
0.44284	2.54338e-02
0.49727	6.08226e-02
0.44487	6.91687e-02
0.44664	7.02596e-02
0.42499	5.62837e-02
0.44268	7.33753e-02
0.47024	5.16100e-02
0.41075	6.30966e-02
0.42466	5.91780e-02
0.40164	7.56566e-02
0.39585	6.96346e-02
0.38457	5.20596e-02
0.38465	7.61563e-02
0.40466	3.54918e-02
0.43204	4.83929e-02
0.39324	7.22006e-02
0.39839	7.88623e-02
0.41272	8.35333e-02
0.41141	4.62205e-02
0.40872	4.85447e-02
0.43734	6.51312e-02
0.43834	6.36937e-02
0.45444	7.31770e-02
0.44310	6.11914e-02
0.44590	4.90781e-02
0.45088	5.77794e-02
0.45074	6.42245e-02
0.43603	7.44358e-02
0.42637	7.12302e-02
0.43084	7.62399e-02
0.44911	8.56339e-02
0.44911	8.56339e-02
0.48167	7.88630e-02
0.46585	5.92014e-02
0.46922	5.41556e-02
0.46795	5.56698e-02
0.44376	5.55583e-02
0.45189	5.42058e-02
0.46104	6.71375e-02
0.48982	5.66004e-02
0.48982	5.66004e-02
0.47025	5.62354e-02
0.46470	5.38546e-02
0.48461	4.62437e-02
0.48314	4.56294e-02
0.49553	5.30123e-02
0.49175	5.14862e-02
0.50423	4.33542e-02
0.49877	5.40832e-02
0.51225	7.05208e-02
0.51704	7.07387e-02
0.50140	7.87798e-02
0.49915	7.84702e-02
0.50026	7.76178e-02
0.49419	7.87902e-02
0.49900	8.52114e-02
0.47515	7.03936e-02
0.48328	8.06737e-02
0.49242	7.66004e-02
0.50627	8.41256e-02
0.52178	9.26497e-02
0.51661	9.06404e-02
0.51277	8.44429e-02
0.54133	7.49488e-02
0.53052	8.09599e-02
0.55663	6.96371e-02
0.53867	7.01919e-02
0.54184	6.94556e-02
0.53789	5.53004e-02
0.53011	6.63598e-02
0.54174	5.94676e-02
0.53440	7.22331e-02
0.53431	7.35390e-02
0.53431	7.35390e-02
0.54574	6.94480e-02
0.54308	6.88023e-02
0.53374	7.01614e-02
0.53724	7.16404e-02
0.54184	7.91457e-02
0.55369	8.71549e-02
0.54963	9.27321e-02
0.54231	8.61069e-02
0.54552	8.32824e-02
0.54509	7.45411e-02
0.54896	7.64510e-02
0.55326	8.35659e-02
0.55544	8.23281e-02
0.55544	8.23281e-02
0.56278	8.14244e-02
0.58557	7.53750e-02
0.55603	6.42151e-02
0.56151	6.18236e-02
0.56389	6.31578e-02
0.56992	6.92383e-02
0.56992	6.92383e-02
0.57070	6.98419e-02
0.57731	7.55761e-02
0.58517	8.47186e-02
0.59044	8.41740e-02
0.58773	8.09538e-02
0.58999	7.72414e-02
0.59825	6.88558e-02
0.59698	7.19195e-02
0.62393	6.55709e-02
0.62352	6.69905e-02
0.62298	6.15941e-02
0.62403	6.25451e-02
0.62359	6.27678e-02
0.62119	6.50850e-02
0.62452	6.19952e-02
0.63414	7.48192e-02
0.62548	6.90617e-02
0.63568	6.37584e-02
0.63772	6.37136e-02
0.63666	6.44420e-02
0.64073	6.58956e-02
0.64303	6.85731e-02
0.64682	6.52127e-02
0.64247	6.78754e-02
0.64928	5.98811e-02
0.66086	4.74465e-02
0.67207	4.45595e-02
0.66816	5.14080e-02
0.67220	5.44480e-02
0.67888	5.30324e-02
0.67393	5.48439e-02
0.66438	6.67868e-02
0.65352	6.74750e-02
0.66252	6.48201e-02
0.66598	6.07331e-02
0.67372	6.54712e-02
0.67216	6.99274e-02
0.68923	5.27441e-02
0.68208	5.07694e-02
0.68045	5.00551e-02
0.68629	4.41281e-02
0.68705	4.35385e-02
0.68878	4.39053e-02
0.69128	4.74689e-02
0.69340	5.13372e-02
0.68556	4.33921e-02
0.70031	4.25054e-02
0.69434	4.22911e-02
0.68727	4.70047e-02
0.68843	5.62309e-02
0.68986	6.31315e-02
0.69116	6.40555e-02
0.69100	6.42921e-02
0.68974	5.40664e-02
0.69050	5.33994e-02
0.68776	5.13434e-02
0.68519	5.08544e-02
0.67918	5.70774e-02
0.68385	6.17101e-02
0.69062	6.80171e-02
0.69127	6.68125e-02
0.69322	5.64735e-02
0.69322	5.64735e-02
0.69399	5.84007e-02
0.70248	5.78790e-02
0.71739	4.66976e-02
0.70947	4.21173e-02
0.70790	4.42684e-02
0.69976	4.20200e-02
0.70700	4.68138e-02
0.70303	5.19991e-02
0.72264	4.84202e-02
0.71949	4.74533e-02
0.71470	5.36439e-02
0.72828	4.61639e-02
0.72683	4.60376e-02
0.72683	4.60376e-02
0.72137	4.81714e-02
0.72374	4.76475e-02
0.71974	3.79032e-02
0.72281	3.43613e-02
0.72915	4.44072e-02
0.72735	4.09595e-02
0.72670	4.48451e-02
0.72413	4.29753e-02
0.72297	4.32592e-02
0.72635	4.53480e-02
0.72271	4.90296e-02
0.72749	4.88793e-02
0.71835	4.95626e-02
0.71565	5.21341e-02
0.72055	5.30400e-02
0.71902	5.12465e-02
0.70931	5.40677e-02
0.72484	4.23516e-02
0.73285	5.72425e-02
0.73285	5.72425e-02
0.73186	5.37451e-02
0.74450	5.46926e-02
0.75037	5.98697e-02
0.76055	5.03897e-02
0.75911	4.88197e-02
0.76019	4.98851e-02
0.75558	4.58916e-02
0.75558	4.58916e-02
0.75219	4.45036e-02
0.75348	4.49980e-02
0.76089	4.57144e-02
0.75859	4.48019e-02
0.75482	4.47290e-02
0.75440	4.48996e-02
0.75088	4.39845e-02
0.74998	4.84298e-02
0.74773	5.01312e-02
0.75322	4.28697e-02
0.75063	4.63821e-02
0.74809	4.56792e-02
0.74803	4.56818e-02
0.74803	4.56818e-02
0.75687	4.71470e-02
0.75962	4.00230e-02
0.76506	3.74904e-02
0.77412	4.41194e-02
0.76461	3.51819e-02
0.77041	3.66645e-02
0.76894	4.00337e-02
0.76104	4.46185e-02
0.77355	4.07632e-02
0.77690	4.32175e-02
0.77637	4.62561e-02
0.77769	4.13802e-02
0.77791	4.18371e-02
0.77489	3.63021e-02
0.77633	4.35402e-02
0.78396	3.20130e-02
0.78707	3.26961e-02
0.79933	3.84499e-02
0.79907	3.82165e-02
0.79886	3.79985e-02
0.79455	4.27911e-02
0.80455	4.17529e-02
0.80305	3.80346e-02
0.80451	3.89136e-02
0.80979	4.88246e-02
0.81682	3.95401e-02
0.82241	3.90055e-02
0.81435	5.07535e-02
0.80799	5.47770e-02
0.80799	5.47770e-02
0.81752	6.26394e-02
0.81682	6.11329e-02
0.81328	5.59066e-02
0.82089	5.71390e-02
0.82765	5.40870e-02
0.83382	4.13858e-02
0.84640	3.86316e-02
0.84236	3.48971e-02
0.84371	3.74622e-02
0.83471	4.47525e-02
0.83471	4.47525e-02
0.82870	4.99991e-02
0.82889	5.20093e-02
0.83103	5.14806e-02
0.83537	5.66730e-02
0.84069	5.75668e-02
0.84069	5.75668e-02
0.83672	5.97884e-02
0.83800	6.07130e-02
0.84809	5.50553e-02
0.84450	5.99896e-02
0.84763	6.08782e-02
0.85628	5.84514e-02
0.85996	5.68911e-02
0.85753	5.52640e-02
0.85757	5.52928e-02
0.85795	5.60840e-02
0.85852	5.58279e-02
0.85852	5.58279e-02
0.85893	5.51070e-02
0.86554	5.22400e-02
0.86803	5.47282e-02
0.87241	5.17302e-02
0.87593	5.22449e-02
0.87895	5.23808e-02
0.87983	5.40979e-02
0.86474	5.05345e-02
0.85614	5.08937e-02
0.86040	4.88807e-02
0.86371	4.33598e-02
0.86334	4.33696e-02
0.86710	5.06849e-02
0.86710	5.06849e-02
0.86520	4.87901e-02
0.86834	5.21414e-02
0.87448	4.89241e-02
0.87549	4.96654e-02
0.87789	4.97620e-02
0.87443	4.08739e-02
0.87390	4.14750e-02
0.88379	4.07957e-02
0.88379	4.07957e-02
0.89157	3.70630e-02
0.88419	4.33725e-02
0.86920	4.56771e-02
0.87595	3.49213e-02
0.87282	3.61281e-02
0.87797	4.06855e-02
0.88726	3.73974e-02
0.89926	2.66833e-02
0.89926	2.66833e-02
0.88967	3.38450e-02
0.88967	3.38450e-02
0.89180	3.47074e-02
0.89064	3.63157e-02
0.89603	2.96601e-02
0.89605	2.96701e-02
0.89605	2.96701e-02
0.89605	2.96701e-02
0.89285	2.89651e-02
0.89285	2.89651e-02
0.89798	3.12622e-02
0.89331	3.68601e-02
0.89615	3.84198e-02
0.89622	3.84934e-02
0.90405	3.04915e-02
0.90404	3.04906e-02
0.90884	2.96885e-02
0.90884	2.96885e-02
0.91450	3.45340e-02
0.91029	3.49446e-02
0.91833	3.45979e-02
0.91013	3.40559e-02
0.91013	3.40559e-02
0.89886	5.35329e-02
0.89451	5.16072e-02
0.89955	5.39237e-02
0.88894	5.85413e-02
0.89081	5.97983e-02
0.89081	5.97983e-02
0.88350	5.52758e-02
0.90192	3.00741e-02
0.92385	1.42859e-02
0.92385	1.42859e-02
0.92385	1.42859e-02
0.92837	1.35391e-02
0.92837	1.35391e-02
0.92837	1.35404e-02
0.93305	1.57492e-02
0.92726	1.64720e-02
0.92726	1.64720e-02
0.92774	1.69547e-02
0.92774	1.69547e-02
0.92774	1.69547e-02
0.92774	1.69547e-02
0.89653	5.87576e-02
0.83778	0.00000e+00
0.83778	0.00000e+00
0.83778	0.00000e+00
0.83778	0.00000e+00
0.83778	0.00000e+00
0.83778	0.00000e+00
0.83778	0.00000e+00
0.86512	0.00000e+00
0.86512	0.00000e+00
0.86512	0.00000e+00
0.86512	0.00000e+00
0.86512	0.00000e+00
0.86512	0.00000e+00
0.86512	0.00000e+00
0.86512	0.00000e+00
0.86512	0.00000e+00
0.86512	0.00000e+00
0.86512	0.00000e+00
0.86512	0.00000e+00
0.86512	0.00000e+00
0.86512	0.00000e+00
0.86512	0.00000e+00
0.91268	0.00000e+00
0.91268	0.00000e+00
0.89882	0.00000e+00
0.90827	0.00000e+00
0.92275	0.00000e+00
0.92275	0.00000e+00
0.90010	0.00000e+00
0.90010	0.00000e+00
0.90010	0.00000e+00
0.90010	0.00000e+00
0.90010	0.00000e+00
0.90010	0.00000e+00
0.90010	0.00000e+00
0.90010	0.00000e+00
0.91706	0.00000e+00
0.91706	0.00000e+00
0.94868	0.00000e+00
0.95327	0.00000e+00
0.95339	0.00000e+00
