0.98772	1.68542e-03
0.97399	8.76104e-03
0.96001	1.57412e-02
0.94968	2.13510e-02
0.95138	2.31061e-02
0.92912	3.43575e-02
0.90591	3.21054e-02
0.90590	4.36477e-02
0.89172	4.58962e-02
0.88105	6.07935e-02
0.85184	7.51612e-02
0.81423	1.03288e-01
0.79261	9.00165e-02
0.76064	1.19163e-01
0.76431	9.69197e-02
0.74733	1.45272e-01
0.77130	1.11922e-01
0.78227	9.18673e-02
0.79986	1.01596e-01
0.77571	1.46948e-01
0.77668	9.97827e-02
0.75775	1.25140e-01
0.77613	1.15172e-01
0.77372	1.30636e-01
0.77631	1.00229e-01
0.77549	1.04555e-01
0.75685	1.29465e-01
0.75501	1.17201e-01
0.74252	1.14021e-01
0.77185	1.07439e-01
0.74118	1.28551e-01
0.74903	1.14986e-01
0.75946	8.21743e-02
0.74942	1.12775e-01
0.73782	1.33935e-01
0.75235	9.80132e-02
0.74199	9.09767e-02
0.76977	6.32414e-02
0.73728	1.03375e-01
0.76314	6.23905e-02
0.74673	6.18968e-02
0.74667	4.93819e-02
0.74911	6.53737e-02
0.75222	3.18463e-02
0.76132	5.29651e-02
0.75580	6.07290e-02
0.76608	3.56550e-02
0.74171	2.93903e-02
0.74254	4.26524e-02
0.74974	3.98242e-02
0.74351	3.44126e-02
0.73417	3.65404e-02
0.73372	3.50576e-02
0.70714	3.57937e-02
0.70766	3.00582e-02
0.69792	3.31023e-02
0.72686	3.11802e-02
0.72188	4.75212e-02
0.70909	3.45070e-02
0.72296	3.41553e-02
0.68416	5.79957e-02
0.70369	4.57648e-02
0.69095	5.12570e-02
0.67260	5.35570e-02
0.68307	5.16431e-02
0.64650	5.02015e-02
0.65324	5.22510e-02
0.67418	6.39909e-02
0.66066	4.58194e-02
0.66168	5.48948e-02
0.64558	5.06257e-02
0.65543	5.92965e-02
0.64616	6.18942e-02
0.61362	6.12358e-02
0.62531	6.08449e-02
0.62285	6.64418e-02
0.62080	5.54527e-02
0.60275	6.48029e-02
0.59614	7.06337e-02
0.61760	5.03355e-02
0.60062	5.69186e-02
0.59149	6.73996e-02
0.59040	4.35756e-02
0.58299	7.56646e-02
0.55265	7.43241e-02
0.57669	6.20157e-02
0.56587	5.68117e-02
0.56219	6.22915e-02
0.54631	7.18570e-02
0.56442	6.05496e-02
0.53649	6.47757e-02
0.52840	6.05172e-02
0.55162	4.68792e-02
0.51076	6.71759e-02
0.52983	6.72789e-02
0.50695	5.25216e-02
0.51418	9.16805e-02
0.51068	7.66744e-02
0.50839	6.33060e-02
0.50673	5.99155e-02
0.51630	6.58563e-02
0.51731	5.71873e-02
0.51965	5.67904e-02
0.51113	4.98885e-02
0.53060	4.94984e-02
0.54552	6.35040e-02
0.54285	6.59088e-02
0.55900	7.30364e-02
0.56187	7.52776e-02
0.56197	7.11959e-02
0.55534	7.66003e-02
0.55783	8.71982e-02
0.56437	8.61304e-02
0.57282	7.86555e-02
0.57376	7.95382e-02
0.58341	8.50324e-02
0.58341	8.50324e-02
0.60730	7.87119e-02
0.57640	7.89922e-02
0.58605	7.59145e-02
0.58918	7.36479e-02
0.58918	7.36479e-02
0.60197	7.33172e-02
0.59049	5.69275e-02
0.58804	5.53334e-02
0.60147	5.76970e-02
0.60659	5.76211e-02
0.61476	6.31236e-02
0.62603	5.88816e-02
0.63206	5.99665e-02
0.64009	5.78046e-02
0.64364	5.39146e-02
0.63924	5.25511e-02
0.63647	4.78686e-02
0.63693	4.74207e-02
0.63693	4.74207e-02
0.63693	4.74207e-02
0.63638	6.00398e-02
0.62766	5.92652e-02
0.62766	5.92652e-02
0.62814	5.89878e-02
0.64391	6.06014e-02
0.64577	6.28123e-02
0.65213	6.45077e-02
0.64118	5.58929e-02
0.64276	5.59503e-02
0.64244	5.65358e-02
0.65127	7.02963e-02
0.65267	6.81617e-02
0.65416	6.35887e-02
0.65623	6.24592e-02
0.66101	5.88173e-02
0.65699	5.51589e-02
0.65872	5.37726e-02
0.66330	7.92712e-02
0.65812	5.50213e-02
0.67348	5.63366e-02
0.68852	4.61962e-02
0.67839	5.27575e-02
0.67839	5.27575e-02
0.67207	5.43087e-02
0.67143	4.70083e-02
0.68154	5.27181e-02
0.68976	4.45352e-02
0.68976	4.45352e-02
0.69180	4.40761e-02
0.70173	4.97612e-02
0.70023	4.99887e-02
0.70038	5.18039e-02
0.68770	6.08505e-02
0.68776	6.08449e-02
0.71111	4.94994e-02
0.70790	5.08452e-02
0.71546	4.75067e-02
0.71593	4.72545e-02
0.71113	5.06850e-02
0.70388	3.22850e-02
0.69521	2.90401e-02
0.70955	4.65953e-02
0.70894	3.92714e-02
0.71897	3.39948e-02
0.71897	3.39948e-02
0.71753	3.28810e-02
0.72128	3.41729e-02
0.71922	3.91417e-02
0.72379	3.40915e-02
0.70167	4.44516e-02
0.71454	4.28373e-02
0.71454	4.28373e-02
0.72207	3.81366e-02
0.71753	4.04747e-02
0.73555	3.26497e-02
0.72814	3.30779e-02
0.72953	3.08817e-02
0.74104	4.64329e-02
0.74853	4.58417e-02
0.75449	3.42931e-02
0.76049	3.70314e-02
0.75290	3.93736e-02
0.75311	3.96192e-02
0.75595	3.71495e-02
0.76008	3.89137e-02
0.75871	6.25727e-02
0.75871	6.25727e-02
0.76416	6.26197e-02
0.76499	4.67777e-02
0.76538	5.16438e-02
0.75919	5.63147e-02
0.77633	3.50024e-02
0.77766	3.61330e-02
0.77956	3.63605e-02
0.77956	3.63605e-02
0.77579	3.47106e-02
0.78164	2.55266e-02
0.79043	2.60141e-02
0.78219	2.77238e-02
0.78505	2.35621e-02
0.78734	3.42965e-02
0.78260	4.42359e-02
0.77799	3.96714e-02
0.78730	2.67670e-02
0.78619	2.69852e-02
0.79037	3.74869e-02
0.79525	3.96082e-02
0.80495	3.81793e-02
0.80937	3.77305e-02
0.81231	3.60106e-02
0.80093	3.35421e-02
0.80500	3.37533e-02
0.80030	4.13561e-02
0.80075	4.15089e-02
0.80075	4.15089e-02
0.80746	4.04443e-02
0.80075	3.68648e-02
0.79430	3.21124e-02
0.80596	2.76612e-02
0.81186	2.50042e-02
0.81714	2.95084e-02
0.81714	2.95084e-02
0.83102	1.97784e-02
0.81796	2.79634e-02
0.81595	3.54934e-02
0.80949	3.33406e-02
0.80458	3.09208e-02
0.81296	3.19417e-02
0.81807	3.58368e-02
0.81269	3.25370e-02
0.81435	3.41883e-02
0.81574	3.31310e-02
0.81574	3.31310e-02
0.81227	3.69019e-02
0.80538	2.97439e-02
0.82500	2.50036e-02
0.82489	2.49902e-02
0.82089	2.86149e-02
0.82358	3.20883e-02
0.82358	3.20883e-02
0.82775	3.61191e-02
0.82519	3.44428e-02
0.83688	4.20982e-02
0.83736	4.02533e-02
0.83931	4.10711e-02
0.83665	3.73636e-02
0.82643	3.03280e-02
0.81749	2.67222e-02
0.82350	2.39333e-02
0.82845	2.60859e-02
0.83187	2.69345e-02
0.83478	1.71068e-02
0.83626	1.83024e-02
0.83846	1.61162e-02
0.83567	1.21120e-02
0.83857	1.78388e-02
0.83918	1.78786e-02
0.83458	2.27071e-02
0.83855	2.35517e-02
0.83440	2.46602e-02
0.83009	2.54684e-02
0.83194	2.07392e-02
0.83614	2.55361e-02
0.83336	2.60471e-02
0.83881	2.59418e-02
0.83881	2.59418e-02
0.83814	2.55416e-02
0.84001	2.46287e-02
0.82906	2.73043e-02
0.82906	2.73043e-02
0.84196	3.73074e-02
0.83854	2.06514e-02
0.83390	2.47400e-02
0.83534	2.40396e-02
0.84076	1.85218e-02
0.84342	1.77380e-02
0.83775	2.39999e-02
0.83865	2.58984e-02
0.84314	2.56234e-02
0.84815	2.45468e-02
0.84170	2.46705e-02
0.84654	2.16283e-02
0.84935	1.83637e-02
0.85209	1.44478e-02
0.85146	1.36530e-02
0.85278	1.13730e-02
0.86023	1.39504e-02
0.85378	2.44756e-02
0.85466	2.43535e-02
0.86486	1.91522e-02
0.87111	2.28482e-02
0.86758	3.73664e-02
0.84975	3.75974e-02
0.85126	3.63647e-02
0.84694	3.36258e-02
0.84710	3.48591e-02
0.85741	4.07908e-02
0.85083	3.43395e-02
0.84956	3.40208e-02
0.85180	3.59574e-02
0.85393	2.77843e-02
0.85507	2.81219e-02
0.86186	2.77097e-02
0.87455	2.35027e-02
0.87078	2.34907e-02
0.87419	2.48105e-02
0.87419	2.48105e-02
0.87314	2.39777e-02
0.87269	2.55388e-02
0.86979	2.45690e-02
0.86916	2.12087e-02
0.87183	2.08549e-02
0.87867	2.09973e-02
0.88178	2.51783e-02
0.88316	2.45644e-02
0.88371	2.63752e-02
0.88934	2.30255e-02
0.88854	2.37317e-02
0.88982	2.54153e-02
0.88577	2.70433e-02
0.88720	2.80534e-02
0.88989	2.82534e-02
0.88921	2.22433e-02
0.88921	2.22433e-02
0.89486	2.08254e-02
0.89890	2.65011e-02
0.89890	2.65011e-02
0.90481	2.90672e-02
0.90327	3.14659e-02
0.90294	3.05774e-02
0.89614	2.93967e-02
0.90514	3.09650e-02
0.90903	3.01350e-02
0.91041	3.19208e-02
0.91406	3.32133e-02
0.90812	3.11252e-02
0.90379	3.21353e-02
0.89822	3.65278e-02
0.90177	3.69378e-02
0.90838	3.35955e-02
0.91415	3.66641e-02
0.91954	3.94004e-02
0.91233	4.53166e-02
0.91130	4.34262e-02
0.91428	3.88629e-02
0.91502	4.28546e-02
0.91846	4.56755e-02
0.92024	4.95955e-02
0.92231	5.18804e-02
0.93203	3.90699e-02
0.92858	4.18273e-02
0.92539	4.23501e-02
0.92508	4.18365e-02
0.94147	3.45443e-02
0.94338	3.52861e-02
0.93948	3.24911e-02
0.93538	3.38165e-02
0.93291	3.42540e-02
0.93291	3.42540e-02
0.93672	3.41527e-02
0.93686	3.30247e-02
0.93840	2.46297e-02
0.93840	2.46297e-02
0.93191	3.43715e-02
0.93628	2.83787e-02
0.94018	3.05539e-02
0.94876	3.18075e-02
0.94748	3.35678e-02
0.94468	3.39482e-02
0.94468	3.39482e-02
0.94468	3.39482e-02
0.94590	2.94873e-02
0.94739	3.07555e-02
0.95113	3.40843e-02
0.94438	3.34840e-02
0.93057	2.49007e-02
0.93081	2.83294e-02
0.93480	2.78136e-02
0.93267	2.73127e-02
0.93092	2.70267e-02
0.94056	3.32595e-02
0.95194	1.55742e-02
0.95194	1.55742e-02
0.95194	1.55742e-02
0.95661	2.16277e-02
0.96159	2.50871e-02
0.95362	2.41783e-02
0.93667	3.95462e-03
0.93667	3.95462e-03
0.93667	3.95462e-03
0.94180	1.17494e-03
0.91998	2.30015e-02
0.92890	1.40740e-02
0.92890	1.40740e-02
0.92890	1.40740e-02
0.92890	1.40740e-02
0.92890	1.40740e-02
0.92890	1.40740e-02
0.92890	1.40740e-02
0.93345	1.86166e-02
0.93345	1.86166e-02
0.93345	1.86166e-02
0.93345	1.86166e-02
0.93345	1.86166e-02
0.93345	1.86166e-02
0.93345	1.86166e-02
0.93345	1.86166e-02
0.93345	1.86166e-02
0.93345	1.86166e-02
0.93345	1.86166e-02
0.93156	2.05057e-02
0.93959	1.24736e-02
0.93959	1.24736e-02
0.93959	1.24736e-02
0.93765	1.05376e-02
0.93765	1.05376e-02
0.93765	1.05376e-02
0.93738	1.08131e-02
0.94834	2.17786e-02
0.94742	2.08572e-02
0.94742	2.08572e-02
0.95726	1.10230e-02
0.94503	2.32526e-02
0.95499	3.32167e-02
0.92177	0.00000e+00
0.92177	0.00000e+00
0.92177	0.00000e+00
0.92177	0.00000e+00
0.92177	0.00000e+00
0.92177	0.00000e+00
0.93436	0.00000e+00
0.95759	0.00000e+00
0.95759	0.00000e+00
0.95759	0.00000e+00
0.95759	0.00000e+00
0.95908	0.00000e+00
0.94097	0.00000e+00
0.94097	0.00000e+00
0.94097	0.00000e+00
0.94097	0.00000e+00
0.94097	0.00000e+00
0.96875	0.00000e+00
0.96875	0.00000e+00
0.96875	0.00000e+00
0.96875	0.00000e+00
0.96875	0.00000e+00
0.97026	0.00000e+00
0.97026	0.00000e+00
0.96626	0.00000e+00
0.96626	0.00000e+00
0.97675	0.00000e+00
0.97675	0.00000e+00
0.99018	0.00000e+00
