0.99415	1.08714e-03
0.98546	1.06275e-02
0.97792	6.75258e-03
0.96312	1.56056e-02
0.95034	1.86931e-02
0.94434	3.39832e-02
0.91656	5.20379e-02
0.92166	6.07440e-02
0.91748	4.42096e-02
0.90390	5.95474e-02
0.90948	5.78244e-02
0.87373	8.31607e-02
0.85549	1.10122e-01
0.81528	1.39537e-01
0.82967	1.54378e-01
0.83634	8.63526e-02
0.81533	1.16594e-01
0.82832	1.04283e-01
0.80660	6.89402e-02
0.79789	9.35596e-02
0.80678	1.11780e-01
0.81094	1.01272e-01
0.81743	7.32370e-02
0.83747	6.04148e-02
0.82113	8.39981e-02
0.82280	1.08289e-01
0.81051	1.06739e-01
0.80559	9.09959e-02
0.80947	6.76174e-02
0.81430	7.65978e-02
0.80820	8.62414e-02
0.80524	7.42134e-02
0.82372	6.45442e-02
0.80499	5.75185e-02
0.80512	5.91566e-02
0.83021	5.50601e-02
0.82073	6.80046e-02
0.81041	4.83695e-02
0.82071	2.49889e-02
0.79991	6.99549e-02
0.82870	2.58730e-02
0.82136	3.97549e-02
0.80847	4.12043e-02
0.79606	1.80228e-02
0.80851	2.71263e-02
0.80311	3.32480e-02
0.79118	3.33283e-02
0.77242	3.16642e-02
0.75819	1.91866e-02
0.77559	6.41061e-02
0.76693	5.53247e-02
0.76137	3.45779e-02
0.74559	5.05749e-02
0.76016	3.32195e-02
0.70952	4.64074e-02
0.74486	3.77879e-02
0.72910	3.09220e-02
0.72996	3.37272e-02
0.71396	2.33288e-02
0.72364	4.85742e-02
0.72773	4.46894e-02
0.69670	5.84917e-02
0.69230	6.18972e-02
0.67459	4.54087e-02
0.68600	3.82590e-02
0.70624	4.01291e-02
0.68172	4.71252e-02
0.69951	5.29188e-02
0.68775	5.10872e-02
0.70950	6.24286e-02
0.67171	4.47169e-02
0.70641	4.28495e-02
0.67848	5.47951e-02
0.69555	4.73712e-02
0.68289	6.82953e-02
0.65155	6.85554e-02
0.64437	7.50435e-02
0.68920	6.96605e-02
0.66752	4.81395e-02
0.64358	5.69340e-02
0.65061	6.51287e-02
0.67712	5.80640e-02
0.62163	5.91870e-02
0.65008	6.28516e-02
0.63393	5.67052e-02
0.61198	5.43747e-02
0.62014	7.86926e-02
0.61543	5.35313e-02
0.61619	6.60725e-02
0.60214	5.45825e-02
0.61524	5.69303e-02
0.58900	6.79671e-02
0.59971	7.25076e-02
0.58787	7.65851e-02
0.56846	8.02435e-02
0.58172	7.41793e-02
0.58352	7.89227e-02
0.54603	8.56085e-02
0.54731	9.32186e-02
0.54117	8.38437e-02
0.54117	8.38437e-02
0.55306	9.37371e-02
0.56505	1.03935e-01
0.56995	1.05064e-01
0.58288	1.05533e-01
0.58455	1.08271e-01
0.59454	7.81381e-02
0.59454	7.81381e-02
0.59454	7.81381e-02
0.61286	7.15146e-02
0.61558	7.25840e-02
0.62993	4.84729e-02
0.63945	4.85223e-02
0.63457	4.22886e-02
0.62837	5.59034e-02
0.63149	5.77317e-02
0.63123	5.56045e-02
0.63117	5.56895e-02
0.63059	8.45400e-02
0.61894	8.27755e-02
0.63602	8.76370e-02
0.67941	7.09236e-02
0.68162	7.25434e-02
0.66750	7.52206e-02
0.65793	6.31916e-02
0.66535	5.92562e-02
0.65817	6.36247e-02
0.65837	6.45106e-02
0.66388	6.32858e-02
0.65528	5.70290e-02
0.64714	6.29904e-02
0.67827	6.91256e-02
0.68362	7.14401e-02
0.68370	5.86953e-02
0.70436	6.07988e-02
0.70186	5.62260e-02
0.71390	4.84978e-02
0.71121	4.72814e-02
0.71081	4.76839e-02
0.71003	6.31808e-02
0.70378	6.30955e-02
0.73424	4.18862e-02
0.72803	4.68207e-02
0.71229	4.74752e-02
0.72311	4.68097e-02
0.72037	4.04254e-02
0.71992	4.15341e-02
0.71201	5.63069e-02
0.71081	5.76727e-02
0.71177	4.85635e-02
0.71768	4.67894e-02
0.71768	4.67894e-02
0.72818	3.34816e-02
0.72661	3.57778e-02
0.73179	3.73047e-02
0.73489	4.27253e-02
0.73824	4.65824e-02
0.73809	3.93836e-02
0.73237	3.99338e-02
0.72958	4.06761e-02
0.73036	4.66285e-02
0.73366	5.04350e-02
0.72787	5.57253e-02
0.73452	6.23948e-02
0.74451	4.96891e-02
0.75036	5.21019e-02
0.75170	5.81968e-02
0.75170	5.81968e-02
0.75360	5.68673e-02
0.75463	5.63725e-02
0.76745	5.23895e-02
0.76143	5.82966e-02
0.76467	5.50055e-02
0.77284	5.28102e-02
0.77197	5.36410e-02
0.76362	5.81847e-02
0.76323	6.51009e-02
0.75067	6.38915e-02
0.75566	5.29303e-02
0.75955	5.67176e-02
0.76397	5.63390e-02
0.75688	4.73523e-02
0.75688	4.73523e-02
0.75688	4.73523e-02
0.78045	3.13501e-02
0.78183	3.20318e-02
0.77553	3.60566e-02
0.78618	3.33397e-02
0.77997	2.43781e-02
0.78501	2.35598e-02
0.78461	2.39804e-02
0.78814	2.80892e-02
0.79376	3.30428e-02
0.79631	4.42470e-02
0.79549	3.69764e-02
0.79112	3.55081e-02
0.79048	3.47851e-02
0.79622	3.34100e-02
0.81029	3.67256e-02
0.80167	3.48364e-02
0.80431	3.74563e-02
0.80349	3.60072e-02
0.81022	3.86598e-02
0.81236	4.25990e-02
0.80872	3.92889e-02
0.81712	3.55877e-02
0.83048	2.52476e-02
0.83305	2.03925e-02
0.84434	2.88195e-02
0.84788	2.57819e-02
0.85309	3.70805e-02
0.85321	3.91803e-02
0.84775	3.75958e-02
0.83805	3.95650e-02
0.82915	4.86833e-02
0.83534	4.55756e-02
0.83267	5.66772e-02
0.82537	5.01513e-02
0.82548	4.99933e-02
0.82550	5.00094e-02
0.82833	5.26386e-02
0.83071	4.89028e-02
0.83071	4.89028e-02
0.82865	5.25307e-02
0.82865	5.25307e-02
0.82092	4.88802e-02
0.82907	3.07806e-02
0.83358	3.49406e-02
0.83738	3.35718e-02
0.83775	4.36677e-02
0.84903	4.07245e-02
0.84152	3.67797e-02
0.84097	3.68752e-02
0.83486	3.45505e-02
0.83287	3.27808e-02
0.83408	3.25723e-02
0.84712	2.89353e-02
0.84745	1.99273e-02
0.85858	2.92942e-02
0.85892	3.08821e-02
0.85652	3.05614e-02
0.85814	3.55248e-02
0.84801	3.40321e-02
0.84925	3.24379e-02
0.85596	3.88440e-02
0.86901	3.97775e-02
0.86952	4.01960e-02
0.86433	4.00723e-02
0.86462	4.01982e-02
0.86568	3.91327e-02
0.87204	3.50783e-02
0.86032	3.66597e-02
0.86325	3.23167e-02
0.86330	3.48948e-02
0.86496	3.60814e-02
0.85763	3.19947e-02
0.85491	3.24982e-02
0.85132	2.40862e-02
0.84789	1.95455e-02
0.83997	2.51531e-02
0.85558	2.88007e-02
0.85718	3.17143e-02
0.85718	3.17143e-02
0.85361	2.57833e-02
0.85785	2.64018e-02
0.86334	3.12212e-02
0.85717	3.91742e-02
0.86347	4.27414e-02
0.85681	4.04181e-02
0.85251	3.40086e-02
0.84127	1.97680e-02
0.84242	1.98746e-02
0.84240	1.98641e-02
0.85382	2.18195e-02
0.86559	2.50448e-02
0.86230	2.49809e-02
0.86481	2.50768e-02
0.87082	2.62853e-02
0.86608	2.51888e-02
0.86470	2.66537e-02
0.86976	2.13473e-02
0.86177	1.40282e-02
0.86283	1.58004e-02
0.85356	1.70660e-02
0.86515	2.37284e-02
0.85573	1.84062e-02
0.85734	1.88890e-02
0.86238	1.99191e-02
0.86963	2.15862e-02
0.86512	1.96175e-02
0.86950	1.66121e-02
0.86964	1.65667e-02
0.87097	1.88105e-02
0.87755	3.28464e-02
0.86816	1.83095e-02
0.86146	2.10084e-02
0.86036	1.94292e-02
0.85609	2.48783e-02
0.86286	3.63533e-02
0.86515	3.90858e-02
0.87922	3.43213e-02
0.87587	2.77022e-02
0.87352	2.86236e-02
0.87005	3.25202e-02
0.87097	3.33740e-02
0.87929	4.07427e-02
0.87305	4.54373e-02
0.87305	4.54373e-02
0.88859	4.75919e-02
0.88608	4.71476e-02
0.88161	4.48505e-02
0.88099	4.98042e-02
0.87733	4.96681e-02
0.88385	4.34940e-02
0.88713	4.31194e-02
0.88744	4.16411e-02
0.88972	4.09980e-02
0.88347	4.11592e-02
0.88962	4.18522e-02
0.88291	4.32157e-02
0.88022	4.03715e-02
0.88232	4.51475e-02
0.88108	4.05924e-02
0.88455	3.62411e-02
0.88246	2.87679e-02
0.88738	3.23912e-02
0.88867	3.33082e-02
0.89294	3.59361e-02
0.89868	3.20974e-02
0.89523	3.04059e-02
0.89838	3.48583e-02
0.89286	3.28795e-02
0.90127	2.86019e-02
0.90020	3.34046e-02
0.90291	3.55646e-02
0.90692	4.17742e-02
0.90097	5.24110e-02
0.90579	3.90706e-02
0.90580	3.90836e-02
0.91376	2.90591e-02
0.91615	3.41331e-02
0.91816	3.57166e-02
0.91278	3.04696e-02
0.91043	3.11510e-02
0.91344	3.79348e-02
0.91372	3.77925e-02
0.91402	3.76061e-02
0.90327	4.77921e-02
0.89934	4.43051e-02
0.89934	4.43051e-02
0.89824	4.54124e-02
0.90995	4.39995e-02
0.90755	4.11719e-02
0.91037	3.66112e-02
0.90927	3.73265e-02
0.91372	3.84026e-02
0.91482	3.95173e-02
0.91447	3.64038e-02
0.91263	4.39674e-02
0.91356	4.37042e-02
0.91789	4.11134e-02
0.91898	4.24271e-02
0.91899	4.24484e-02
0.92161	4.60992e-02
0.91297	4.46381e-02
0.90516	3.12557e-02
0.90707	3.14931e-02
0.89662	4.00949e-02
0.91993	4.46977e-02
0.91992	4.46808e-02
0.90144	3.41517e-02
0.89306	3.47433e-02
0.89204	3.03006e-02
0.89844	2.99427e-02
0.90593	3.22191e-02
0.91552	3.13291e-02
0.91032	2.95421e-02
0.90662	3.45535e-02
0.89856	3.08990e-02
0.88954	1.76033e-02
0.89518	2.44724e-02
0.91151	3.89653e-02
0.90620	3.23866e-02
0.92611	3.54373e-02
0.92611	3.54373e-02
0.92215	3.27532e-02
0.91528	2.97578e-02
0.91528	2.97578e-02
0.92539	2.66434e-02
0.92333	2.42453e-02
0.92142	2.73511e-02
0.92418	2.61601e-02
0.92834	3.06621e-02
0.92834	3.06621e-02
0.92063	5.35721e-02
0.93495	6.02215e-02
0.93495	6.02215e-02
0.95718	2.90547e-02
0.95718	2.90547e-02
0.95229	3.57956e-02
0.95675	2.84823e-02
0.95675	2.84823e-02
0.96072	3.18536e-02
0.95233	3.02732e-02
0.95889	2.57665e-02
0.95889	2.57665e-02
0.94936	1.81504e-02
0.94937	1.81519e-02
0.95200	1.45641e-02
0.95938	1.01969e-02
0.95938	1.01969e-02
0.95257	2.66306e-02
0.95257	2.66306e-02
0.94165	2.36568e-02
0.94082	2.24052e-02
0.94082	2.24052e-02
0.94992	1.68626e-02
0.94992	1.68626e-02
0.95511	2.48365e-02
0.95511	2.48365e-02
0.95511	2.48365e-02
0.96486	2.46470e-02
0.96895	2.41820e-02
0.96970	2.43199e-02
0.96970	2.43199e-02
0.96970	2.43199e-02
0.96968	2.43069e-02
0.96128	2.24838e-02
0.95446	2.88522e-02
0.93424	4.68356e-03
0.93424	4.68356e-03
0.94187	1.23068e-02
0.94187	1.23068e-02
0.94187	1.23068e-02
0.94187	1.23068e-02
0.94187	1.23068e-02
0.94187	1.23068e-02
0.94187	1.23068e-02
0.94187	1.23068e-02
0.93930	9.74138e-03
0.93930	9.74138e-03
0.93930	9.74138e-03
0.93930	9.74138e-03
0.95981	3.02496e-02
0.95248	2.29192e-02
0.96226	3.27047e-02
0.92478	0.00000e+00
0.92439	0.00000e+00
0.92439	0.00000e+00
0.92439	0.00000e+00
0.92439	0.00000e+00
0.92439	0.00000e+00
0.92439	0.00000e+00
0.92439	0.00000e+00
0.96098	0.00000e+00
0.93749	0.00000e+00
0.93749	0.00000e+00
0.93749	0.00000e+00
0.93749	0.00000e+00
0.93749	0.00000e+00
0.93749	0.00000e+00
0.93749	0.00000e+00
0.93749	0.00000e+00
0.93749	0.00000e+00
0.98093	0.00000e+00
0.98093	0.00000e+00
0.98093	0.00000e+00
0.98093	0.00000e+00
0.98093	0.00000e+00
0.98093	0.00000e+00
0.98093	0.00000e+00
0.98093	0.00000e+00
0.98093	0.00000e+00
0.98093	0.00000e+00
0.97158	0.00000e+00
0.97775	0.00000e+00
0.97403	0.00000e+00
0.97403	0.00000e+00
0.97403	0.00000e+00
0.97403	0.00000e+00
0.99393	0.00000e+00
