0.70246	1.03519e-01
0.66817	4.26976e-02
0.58992	6.33292e-02
0.53641	6.78813e-02
0.45596	9.17697e-02
0.42005	9.93861e-02
0.42782	7.46870e-02
0.39177	6.26248e-02
0.32106	1.19528e-01
0.32552	1.70386e-01
0.30601	1.55208e-01
0.27731	7.14085e-02
0.35711	1.16890e-01
0.37045	7.68082e-02
0.36969	1.34507e-01
0.40062	1.06629e-01
0.40439	1.29676e-01
0.40837	5.99803e-02
0.38903	1.44187e-01
0.38941	7.93552e-02
0.45458	1.06243e-01
0.42865	9.79839e-02
0.44913	1.28961e-01
0.44057	1.18790e-01
0.44747	1.36341e-01
0.43888	9.92396e-02
0.42769	1.23809e-01
0.45339	1.13453e-01
0.44579	1.40495e-01
0.42176	1.35254e-01
0.48285	7.57800e-02
0.41874	7.99231e-02
0.42741	1.25244e-01
0.41996	1.12231e-01
0.43126	5.21102e-02
0.40610	8.94041e-02
0.46309	1.06657e-01
0.45062	1.06013e-01
0.43806	1.16549e-01
0.48321	9.01599e-02
0.44020	1.39815e-01
0.44809	6.12472e-02
0.47722	5.04682e-02
0.48112	3.58140e-02
0.42616	6.89635e-02
0.47247	5.72132e-02
0.45610	5.52160e-02
0.45526	6.91138e-02
0.45374	7.19387e-02
0.45390	4.36072e-02
0.46373	8.82401e-02
0.44692	4.33146e-02
0.45737	6.76705e-02
0.45507	6.63145e-02
0.43384	5.73605e-02
0.45258	5.09766e-02
0.45241	5.22861e-02
0.41169	4.81661e-02
0.43101	5.28352e-02
0.39880	5.09909e-02
0.40925	5.45183e-02
0.41088	5.18847e-02
0.38955	3.52233e-02
0.32994	5.21137e-02
0.38992	6.24824e-02
0.34373	4.58310e-02
0.33776	5.02178e-02
0.34951	5.52046e-02
0.35985	5.93721e-02
0.35446	5.08166e-02
0.30902	4.03292e-02
0.32308	5.79921e-02
0.34541	4.94299e-02
0.30770	6.80091e-02
0.31902	6.29527e-02
0.35375	6.13947e-02
0.30865	8.24653e-02
0.34165	9.15326e-02
0.32392	8.86552e-02
0.33432	7.29474e-02
0.29139	4.98183e-02
0.31566	7.34780e-02
0.26243	4.58240e-02
0.26983	7.07426e-02
0.29586	6.66436e-02
0.27086	6.53548e-02
0.29088	6.41836e-02
0.20537	2.88131e-02
0.26809	6.37027e-02
0.21568	1.00331e-01
0.23580	4.23062e-02
0.23521	6.48202e-02
0.22231	8.83400e-02
0.22744	5.78084e-02
0.22839	9.08643e-02
0.21393	6.52335e-02
0.22712	7.37828e-02
0.18800	8.84272e-02
0.21157	5.19801e-02
0.19284	6.63807e-02
0.22812	4.52979e-02
0.23469	3.46412e-02
0.22831	4.57513e-02
0.22294	4.87598e-02
0.23088	5.67438e-02
0.23159	5.67183e-02
0.22744	6.74172e-02
0.20167	5.79067e-02
0.22403	5.29996e-02
0.23490	5.44506e-02
0.25106	6.93911e-02
0.26288	8.31032e-02
0.26885	8.66503e-02
0.26560	9.08308e-02
0.28328	8.26967e-02
0.22120	9.23203e-02
0.22934	9.23510e-02
0.22245	9.21150e-02
0.22245	9.21150e-02
0.26274	8.94664e-02
0.23976	8.94221e-02
0.21782	9.52712e-02
0.21841	8.37615e-02
0.22677	7.39833e-02
0.23448	7.85900e-02
0.24431	7.78130e-02
0.21835	5.55001e-02
0.22641	5.25506e-02
0.23664	6.09170e-02
0.25545	6.98155e-02
0.25601	8.16811e-02
0.21662	7.99839e-02
0.20997	7.90094e-02
0.25893	9.22727e-02
0.26610	8.61842e-02
0.28353	9.08755e-02
0.27076	9.55875e-02
0.26299	9.20493e-02
0.26299	9.20493e-02
0.23940	1.02133e-01
0.24956	9.41553e-02
0.26917	8.13192e-02
0.26198	8.84356e-02
0.26363	7.05824e-02
0.25444	7.00531e-02
0.24308	4.70534e-02
0.25348	4.95480e-02
0.25096	6.36763e-02
0.25532	4.96163e-02
0.25721	4.95836e-02
0.22876	6.88158e-02
0.25477	9.55335e-02
0.25199	9.78545e-02
0.23857	8.31837e-02
0.26734	8.32391e-02
0.29709	8.04157e-02
0.27869	8.99838e-02
0.27476	8.89772e-02
0.33616	7.84397e-02
0.32397	7.50981e-02
0.35570	7.80606e-02
0.29528	9.65046e-02
0.27201	8.45276e-02
0.27521	8.63663e-02
0.28990	9.09771e-02
0.31108	6.94976e-02
0.28796	9.95133e-02
0.32515	8.94244e-02
0.32476	8.03831e-02
0.31855	7.66038e-02
0.32054	7.08244e-02
0.32284	7.01839e-02
0.30318	4.19370e-02
0.33915	7.56078e-02
0.33376	8.44169e-02
0.32646	8.80200e-02
0.32073	8.88105e-02
0.31450	7.04195e-02
0.29076	6.65539e-02
0.28386	6.95762e-02
0.27455	6.57228e-02
0.30836	7.35117e-02
0.31671	8.32342e-02
0.33068	6.80628e-02
0.32910	6.81451e-02
0.32661	6.91091e-02
0.32468	7.08161e-02
0.34370	7.39605e-02
0.34370	7.39605e-02
0.34568	6.38116e-02
0.34531	6.39239e-02
0.35989	6.59801e-02
0.37198	4.72743e-02
0.37198	4.72743e-02
0.36798	5.30872e-02
0.36017	6.31138e-02
0.33858	6.17462e-02
0.31991	5.05196e-02
0.31871	5.23226e-02
0.31937	5.07412e-02
0.33619	6.18287e-02
0.32576	7.45941e-02
0.34955	7.90170e-02
0.35354	7.74571e-02
0.35640	8.24024e-02
0.36284	8.97168e-02
0.35356	8.87906e-02
0.37396	9.17396e-02
0.38422	9.04357e-02
0.34868	8.92213e-02
0.35358	7.51513e-02
0.34743	7.44346e-02
0.37864	6.77197e-02
0.38769	4.39909e-02
0.38818	4.86867e-02
0.37654	5.36299e-02
0.37878	5.23884e-02
0.36279	5.56100e-02
0.37202	4.97451e-02
0.38256	4.48236e-02
0.38057	5.87785e-02
0.37626	6.87428e-02
0.36159	7.08969e-02
0.38241	5.09925e-02
0.39485	5.26435e-02
0.37970	5.69749e-02
0.37970	5.69749e-02
0.37970	5.69749e-02
0.38311	6.80375e-02
0.37542	8.18271e-02
0.35524	7.48027e-02
0.36849	7.99019e-02
0.37070	8.56988e-02
0.36006	9.31375e-02
0.37518	1.00562e-01
0.38051	9.77461e-02
0.37356	9.19594e-02
0.37657	9.64428e-02
0.39328	8.80550e-02
0.39502	7.82585e-02
0.37203	5.94658e-02
0.37307	6.12001e-02
0.38975	7.48128e-02
0.38798	9.03464e-02
0.39797	8.78564e-02
0.41684	7.49724e-02
0.43588	5.45556e-02
0.43472	6.33466e-02
0.42776	5.32975e-02
0.42482	5.26115e-02
0.43073	7.22476e-02
0.42989	7.32236e-02
0.42631	6.94479e-02
0.42563	5.88765e-02
0.42931	6.05404e-02
0.40927	7.50194e-02
0.40927	7.50194e-02
0.42472	7.63854e-02
0.43132	5.00931e-02
0.42433	4.66282e-02
0.43175	5.93860e-02
0.40010	1.05369e-01
0.44058	8.48309e-02
0.41699	7.48260e-02
0.41937	6.98631e-02
0.43519	9.75758e-02
0.43647	8.34006e-02
0.44353	7.30214e-02
0.44691	5.72918e-02
0.42694	6.72681e-02
0.41192	7.80066e-02
0.41424	8.79679e-02
0.43532	8.23497e-02
0.43580	8.24521e-02
0.45828	8.62754e-02
0.44738	7.88704e-02
0.43927	7.76674e-02
0.46042	9.77131e-02
0.48324	7.66426e-02
0.48462	7.91340e-02
0.49950	1.02130e-01
0.47513	9.78861e-02
0.47284	9.31748e-02
0.47521	9.19772e-02
0.47766	6.53106e-02
0.49526	5.54705e-02
0.48286	6.71062e-02
0.49499	6.83974e-02
0.48926	7.18296e-02
0.49512	5.91852e-02
0.50580	6.48923e-02
0.52906	6.67527e-02
0.52462	6.77696e-02
0.51044	8.58533e-02
0.52489	8.38765e-02
0.53097	7.68763e-02
0.53099	7.68534e-02
0.52461	8.64841e-02
0.51826	9.78336e-02
0.53108	8.55298e-02
0.52829	8.54469e-02
0.50052	6.13648e-02
0.51510	8.08645e-02
0.51784	9.07341e-02
0.53138	8.17539e-02
0.53597	7.77111e-02
0.53612	7.27980e-02
0.53967	7.12347e-02
0.53224	7.21003e-02
0.51901	7.09816e-02
0.54036	7.87504e-02
0.53678	7.92533e-02
0.55323	8.01528e-02
0.54140	7.15908e-02
0.52246	7.77214e-02
0.50549	7.14436e-02
0.50646	7.34878e-02
0.51776	7.64852e-02
0.54446	8.20629e-02
0.54457	7.96752e-02
0.55055	7.99203e-02
0.57407	7.79782e-02
0.57407	7.79782e-02
0.57459	7.30736e-02
0.58405	6.94929e-02
0.56166	7.26097e-02
0.57289	8.04682e-02
0.57225	6.67657e-02
0.56782	6.69859e-02
0.58049	7.23987e-02
0.59237	8.43200e-02
0.57983	7.87375e-02
0.57334	7.47537e-02
0.56845	7.47058e-02
0.58314	6.97436e-02
0.58422	6.64701e-02
0.61550	6.35185e-02
0.59584	4.35184e-02
0.59989	4.57996e-02
0.59267	6.10743e-02
0.59924	5.78811e-02
0.59104	3.95365e-02
0.59104	3.95365e-02
0.60615	4.95848e-02
0.60842	4.14963e-02
0.61296	4.86367e-02
0.61519	6.71021e-02
0.62591	7.18727e-02
0.62701	7.45539e-02
0.64153	5.69740e-02
0.65824	5.70730e-02
0.66043	5.01088e-02
0.65214	7.83857e-02
0.64916	7.13643e-02
0.64660	6.81786e-02
0.63114	6.33146e-02
0.62755	6.63507e-02
0.62755	6.63507e-02
0.62326	6.35315e-02
0.62326	6.35315e-02
0.62755	6.52217e-02
0.63452	7.00071e-02
0.63531	7.01451e-02
0.63589	7.05740e-02
0.63589	7.05740e-02
0.63037	7.26730e-02
0.63040	7.90606e-02
0.67508	5.00694e-02
0.66680	5.69474e-02
0.67824	5.18395e-02
0.66860	4.26281e-02
0.67515	4.76105e-02
0.68407	4.57769e-02
0.67870	4.37992e-02
0.68132	5.25462e-02
0.65514	5.17242e-02
0.65198	4.72794e-02
0.64930	4.54712e-02
0.67358	5.69537e-02
0.68201	3.60348e-02
0.65090	1.08229e-01
0.67098	1.40917e-02
0.66104	2.98364e-02
0.67598	4.36531e-02
0.66136	6.66089e-02
0.66136	6.66089e-02
0.66816	7.05414e-02
0.66843	7.01032e-02
0.67689	5.64995e-02
0.67689	5.64995e-02
0.67689	5.64995e-02
0.67164	5.33200e-02
0.68740	2.62083e-02
0.64765	3.10232e-02
0.66229	4.51489e-02
0.66235	4.51591e-02
0.67910	5.33220e-02
0.65010	4.16544e-02
0.66667	6.40092e-02
0.62276	1.89809e-02
0.65235	1.06067e-02
0.66224	2.05007e-02
0.65125	9.50855e-03
0.69317	4.52838e-02
0.64789	0.00000e+00
0.71921	0.00000e+00
