0.94774	1.12776e-02
0.92185	1.40298e-02
0.88399	2.63943e-02
0.87095	4.71831e-02
0.84898	4.47434e-02
0.82335	6.75181e-02
0.82033	7.37945e-02
0.79198	7.31502e-02
0.76455	7.11897e-02
0.71184	9.53048e-02
0.69951	1.11725e-01
0.68827	1.19945e-01
0.69936	1.36482e-01
0.66226	1.68197e-01
0.61471	1.88942e-01
0.68774	1.37621e-01
0.70675	8.84837e-02
0.72869	9.38295e-02
0.73172	5.86808e-02
0.72499	5.19496e-02
0.73555	6.71967e-02
0.71958	6.04838e-02
0.72517	6.68770e-02
0.72192	8.06875e-02
0.71431	7.19796e-02
0.71110	8.02916e-02
0.72897	7.13302e-02
0.68711	9.42498e-02
0.72325	6.47271e-02
0.72810	5.33719e-02
0.72008	4.72457e-02
0.72072	6.49822e-02
0.71472	4.28583e-02
0.70297	7.76086e-02
0.70674	7.83748e-02
0.70542	5.85491e-02
0.69531	5.01052e-02
0.68492	5.92447e-02
0.67713	8.19881e-02
0.68219	5.46915e-02
0.68658	6.00638e-02
0.66057	5.31333e-02
0.65855	6.96088e-02
0.64471	5.04305e-02
0.66998	4.64530e-02
0.65550	5.72918e-02
0.62928	7.20914e-02
0.64014	6.78844e-02
0.63339	7.57434e-02
0.64276	4.84039e-02
0.62119	4.08810e-02
0.60478	8.38364e-02
0.65016	4.28563e-02
0.60078	5.08333e-02
0.58371	5.18097e-02
0.60849	4.06010e-02
0.56283	5.98165e-02
0.58673	5.93094e-02
0.58453	6.39193e-02
0.55362	5.90692e-02
0.58007	6.13912e-02
0.55781	5.05619e-02
0.52855	5.59465e-02
0.52290	7.14212e-02
0.55062	5.31600e-02
0.54527	4.79739e-02
0.53009	5.26155e-02
0.52457	3.83931e-02
0.52518	6.35795e-02
0.50099	4.20865e-02
0.52999	6.28760e-02
0.49841	7.91796e-02
0.50105	5.65249e-02
0.48948	4.52888e-02
0.46492	5.10626e-02
0.48979	3.75244e-02
0.47360	7.36567e-02
0.46657	6.67858e-02
0.47183	4.53130e-02
0.47592	3.50830e-02
0.45384	5.35114e-02
0.45398	6.48385e-02
0.44500	5.89924e-02
0.42413	8.37378e-02
0.42860	5.10752e-02
0.40340	6.64326e-02
0.40094	5.97229e-02
0.42407	6.78715e-02
0.36278	4.19164e-02
0.38154	5.46715e-02
0.40744	7.62232e-02
0.35981	6.13947e-02
0.36846	4.78074e-02
0.35367	7.09540e-02
0.35059	7.39761e-02
0.36228	4.95153e-02
0.34157	6.08803e-02
0.32658	7.97063e-02
0.31320	7.14620e-02
0.32714	6.51161e-02
0.33604	5.69584e-02
0.34371	4.92277e-02
0.34217	5.15803e-02
0.34598	5.18964e-02
0.34941	5.73703e-02
0.33987	5.72439e-02
0.33277	6.30477e-02
0.34365	7.20500e-02
0.34575	7.32391e-02
0.36645	8.98484e-02
0.35505	8.48513e-02
0.35555	8.31115e-02
0.35075	8.41326e-02
0.39537	1.02059e-01
0.41832	9.94835e-02
0.40445	1.06631e-01
0.41368	1.03970e-01
0.43254	7.05340e-02
0.45609	6.73682e-02
0.45334	6.69038e-02
0.42578	6.83289e-02
0.43761	7.44317e-02
0.45014	5.54465e-02
0.44492	5.43383e-02
0.41017	6.51561e-02
0.42083	6.53729e-02
0.42376	6.51679e-02
0.42376	6.51679e-02
0.43415	8.49241e-02
0.43415	8.49241e-02
0.44311	8.01862e-02
0.43423	7.06980e-02
0.44372	7.23400e-02
0.42750	7.94933e-02
0.43500	7.04545e-02
0.43723	7.31900e-02
0.43807	7.39441e-02
0.44225	7.29315e-02
0.41868	8.15586e-02
0.41523	8.11758e-02
0.42060	7.92035e-02
0.43067	8.23634e-02
0.43585	6.37513e-02
0.45044	7.17549e-02
0.44362	7.22658e-02
0.49013	5.13363e-02
0.50656	4.97204e-02
0.47771	4.66900e-02
0.46247	6.20212e-02
0.46321	5.53964e-02
0.45584	6.38195e-02
0.44925	5.96851e-02
0.44967	6.07783e-02
0.46829	4.84981e-02
0.46684	5.15422e-02
0.47283	5.66427e-02
0.45772	7.01569e-02
0.48603	8.46761e-02
0.48603	8.46761e-02
0.48795	8.13012e-02
0.49397	8.49502e-02
0.49207	7.40036e-02
0.47696	7.71750e-02
0.47696	7.71750e-02
0.47986	8.18804e-02
0.50055	9.89476e-02
0.49714	9.94650e-02
0.50282	1.00539e-01
0.49763	1.01033e-01
0.48168	8.45353e-02
0.49176	8.51173e-02
0.50434	7.67085e-02
0.51254	8.21840e-02
0.52354	9.11306e-02
0.51353	8.30399e-02
0.51203	8.46089e-02
0.51203	8.46089e-02
0.51255	8.40358e-02
0.50661	8.63572e-02
0.50661	8.63572e-02
0.49954	8.19127e-02
0.50395	8.30682e-02
0.50519	7.50325e-02
0.49890	6.84894e-02
0.51719	7.57099e-02
0.52787	7.24590e-02
0.54199	7.87844e-02
0.54970	7.57296e-02
0.54866	7.54661e-02
0.54903	7.04823e-02
0.54903	7.04823e-02
0.54941	7.07067e-02
0.55380	7.03355e-02
0.55409	7.05793e-02
0.55402	7.05584e-02
0.54592	6.53323e-02
0.56391	7.69098e-02
0.55291	9.16302e-02
0.56385	9.73710e-02
0.56385	9.73710e-02
0.56773	1.00011e-01
0.56773	1.00011e-01
0.57357	1.01973e-01
0.57641	1.00091e-01
0.57733	1.00565e-01
0.57666	9.83102e-02
0.58079	8.73913e-02
0.58079	8.73913e-02
0.57973	8.67282e-02
0.58125	8.81996e-02
0.56653	8.17166e-02
0.57610	8.84452e-02
0.57384	8.77772e-02
0.58274	7.32781e-02
0.59640	7.63729e-02
0.60638	8.79249e-02
0.60188	8.59513e-02
0.59295	7.24379e-02
0.59592	6.95954e-02
0.59787	8.16764e-02
0.58930	7.00135e-02
0.59445	7.18931e-02
0.59445	7.18931e-02
0.59303	7.10724e-02
0.59234	6.49032e-02
0.59234	6.49032e-02
0.61003	6.23229e-02
0.61742	6.77505e-02
0.61698	6.72677e-02
0.61807	6.75390e-02
0.62104	5.99481e-02
0.61893	5.64697e-02
0.61893	5.64697e-02
0.62827	5.55992e-02
0.62986	6.10019e-02
0.61564	6.81081e-02
0.61915	6.89516e-02
0.63317	7.94170e-02
0.61441	6.77680e-02
0.62067	7.24545e-02
0.62665	7.43085e-02
0.61924	7.82959e-02
0.61617	7.18042e-02
0.62516	8.24110e-02
0.64444	7.85337e-02
0.64337	6.64397e-02
0.63976	6.67691e-02
0.64111	6.25499e-02
0.64138	6.28651e-02
0.63614	5.81576e-02
0.63515	7.42403e-02
0.64701	8.07246e-02
0.65969	6.07472e-02
0.66043	5.29840e-02
0.65200	5.76072e-02
0.65854	5.88307e-02
0.66810	6.09563e-02
0.67903	6.28079e-02
0.67914	6.31516e-02
0.68055	6.20203e-02
0.68364	6.49093e-02
0.68278	6.40639e-02
0.68615	5.61934e-02
0.69108	6.29972e-02
0.68720	6.00357e-02
0.68624	5.98271e-02
0.68095	5.92360e-02
0.68095	5.92360e-02
0.68411	5.61936e-02
0.68632	5.26565e-02
0.69105	5.31068e-02
0.69490	5.80431e-02
0.70399	4.62811e-02
0.71060	4.57634e-02
0.70739	6.38177e-02
0.70283	6.16666e-02
0.69666	5.61263e-02
0.69808	5.66721e-02
0.69289	5.31110e-02
0.69835	5.78662e-02
0.71497	3.52545e-02
0.71260	3.84995e-02
0.71214	4.51070e-02
0.70863	4.08458e-02
0.71090	5.57119e-02
0.72004	4.35912e-02
0.72178	4.17600e-02
0.72184	3.95315e-02
0.72119	3.90931e-02
0.73805	4.06303e-02
0.74090	4.73477e-02
0.73181	5.62059e-02
0.73935	4.68697e-02
0.74179	4.16860e-02
0.74567	4.12400e-02
0.75205	3.60859e-02
0.75718	4.74023e-02
0.75916	4.73044e-02
0.75809	4.14332e-02
0.76401	4.67048e-02
0.75933	4.22599e-02
0.75933	4.22599e-02
0.74604	5.69897e-02
0.74700	5.79595e-02
0.76905	3.48206e-02
0.76886	3.09128e-02
0.77228	5.00920e-02
0.77342	5.80676e-02
0.77074	5.37855e-02
0.77022	5.37672e-02
0.77534	6.77469e-02
0.77784	6.79867e-02
0.78384	6.12532e-02
0.77392	5.67581e-02
0.77852	5.24818e-02
0.78276	5.19653e-02
0.78276	5.19653e-02
0.78708	5.57716e-02
0.78456	5.76425e-02
0.79585	6.34276e-02
0.79758	6.34636e-02
0.80055	6.60022e-02
0.79675	5.51401e-02
0.80120	5.91264e-02
0.79886	5.08974e-02
0.80224	4.90056e-02
0.80447	4.95916e-02
0.81642	5.75214e-02
0.82353	6.22262e-02
0.84518	5.47467e-02
0.84205	5.34200e-02
0.84841	5.14377e-02
0.83532	4.55182e-02
0.82939	5.56308e-02
0.82807	6.76294e-02
0.84118	5.45847e-02
0.84123	5.45036e-02
0.84195	6.45456e-02
0.83847	5.83372e-02
0.83994	5.98157e-02
0.85245	5.80664e-02
0.85237	5.91463e-02
0.85499	6.18381e-02
0.85324	6.27429e-02
0.85456	6.60775e-02
0.85288	7.27564e-02
0.85288	7.27564e-02
0.85288	7.27564e-02
0.86120	6.95811e-02
0.84242	5.29908e-02
0.83186	6.13328e-02
0.83405	6.58875e-02
0.83405	6.58875e-02
0.84129	6.14959e-02
0.85347	6.58210e-02
0.83905	5.56901e-02
0.83905	5.56901e-02
0.82631	5.71282e-02
0.83727	4.64470e-02
0.83429	4.79043e-02
0.84328	4.86099e-02
0.84544	4.52452e-02
0.85410	4.35524e-02
0.85020	5.07422e-02
0.85961	4.92537e-02
0.85934	4.23688e-02
0.86342	4.49128e-02
0.86320	4.86953e-02
0.84737	3.75773e-02
0.84737	3.75773e-02
0.86212	3.86045e-02
0.86185	3.85407e-02
0.86150	4.21215e-02
0.86194	4.10140e-02
0.86761	4.25521e-02
0.87577	4.67530e-02
0.88552	2.95210e-02
0.88178	3.28257e-02
0.87630	3.15602e-02
0.88812	3.34481e-02
0.87782	4.06280e-02
0.88040	3.79281e-02
0.88040	3.79281e-02
0.88040	3.79281e-02
0.88558	3.82763e-02
0.88214	3.83054e-02
0.88909	3.99365e-02
0.90026	2.85460e-02
0.89951	2.66137e-02
0.89869	2.66884e-02
0.89934	2.73634e-02
0.91094	3.32813e-02
0.90880	3.47803e-02
0.90886	3.48418e-02
0.91866	3.45946e-02
0.90384	3.37117e-02
0.90876	3.75253e-02
0.91271	4.05435e-02
0.90195	3.48364e-02
0.90195	3.48364e-02
0.89330	3.28826e-02
0.89330	3.28826e-02
0.89363	3.24839e-02
0.89363	3.24839e-02
0.90356	3.50441e-02
0.90593	3.71981e-02
0.90862	3.98414e-02
0.89831	4.38362e-02
0.89684	4.53036e-02
0.89699	4.54528e-02
0.89908	4.75470e-02
0.85153	0.00000e+00
0.85153	0.00000e+00
0.85153	0.00000e+00
0.86477	0.00000e+00
0.86477	0.00000e+00
0.86477	0.00000e+00
0.86481	0.00000e+00
0.86481	0.00000e+00
0.85611	0.00000e+00
0.85611	0.00000e+00
0.85611	0.00000e+00
0.85611	0.00000e+00
0.85611	0.00000e+00
0.88934	0.00000e+00
0.88934	0.00000e+00
0.88934	0.00000e+00
0.88934	0.00000e+00
0.88934	0.00000e+00
0.88934	0.00000e+00
0.88934	0.00000e+00
0.88934	0.00000e+00
0.88934	0.00000e+00
0.88934	0.00000e+00
0.88934	0.00000e+00
0.88934	0.00000e+00
0.88934	0.00000e+00
0.88934	0.00000e+00
0.89004	0.00000e+00
0.88022	0.00000e+00
0.88022	0.00000e+00
0.91490	0.00000e+00
0.91490	0.00000e+00
0.91490	0.00000e+00
0.91490	0.00000e+00
0.91490	0.00000e+00
0.91490	0.00000e+00
0.90739	0.00000e+00
0.90739	0.00000e+00
0.90739	0.00000e+00
0.90739	0.00000e+00
0.90739	0.00000e+00
0.90739	0.00000e+00
0.90739	0.00000e+00
0.90739	0.00000e+00
0.90739	0.00000e+00
0.90739	0.00000e+00
0.90739	0.00000e+00
0.90739	0.00000e+00
0.92391	0.00000e+00
0.92391	0.00000e+00
0.92391	0.00000e+00
0.92391	0.00000e+00
0.92391	0.00000e+00
0.92391	0.00000e+00
0.92391	0.00000e+00
0.92790	0.00000e+00
0.92790	0.00000e+00
0.93153	0.00000e+00
