0.98671	1.55212e-03
0.97431	1.02519e-02
0.96156	1.86452e-02
0.95406	1.93850e-02
0.94270	3.63852e-02
0.93404	2.87934e-02
0.91190	3.62375e-02
0.90878	3.59974e-02
0.89006	4.46530e-02
0.88164	4.19620e-02
0.86633	6.30229e-02
0.84484	5.89201e-02
0.84128	7.57317e-02
0.80767	1.00391e-01
0.80629	7.29045e-02
0.83350	6.25292e-02
0.81536	6.82022e-02
0.83764	5.78958e-02
0.82651	6.38553e-02
0.82195	7.60889e-02
0.82138	5.46589e-02
0.81064	4.72452e-02
0.82152	5.74500e-02
0.80616	5.83601e-02
0.80963	6.47779e-02
0.77685	7.40498e-02
0.79180	6.73968e-02
0.80771	5.93730e-02
0.77475	7.60000e-02
0.77336	6.72236e-02
0.78939	4.99253e-02
0.77912	4.41713e-02
0.79026	6.25878e-02
0.77884	6.60017e-02
0.78574	4.20883e-02
0.76996	3.64287e-02
0.76976	5.52029e-02
0.75677	5.25802e-02
0.75203	4.62722e-02
0.76549	6.38736e-02
0.75084	4.78784e-02
0.74340	4.69219e-02
0.74350	5.93490e-02
0.73835	2.79036e-02
0.74234	2.75044e-02
0.74884	5.36710e-02
0.72607	3.28478e-02
0.74616	4.02487e-02
0.71793	4.55820e-02
0.72698	3.66262e-02
0.72180	6.09805e-02
0.72556	4.88995e-02
0.72227	5.48390e-02
0.71901	3.59548e-02
0.70114	5.15728e-02
0.72162	3.90854e-02
0.68374	4.24359e-02
0.70549	4.54934e-02
0.67133	4.84142e-02
0.66499	4.52119e-02
0.66346	4.46644e-02
0.67355	3.85159e-02
0.64987	5.68743e-02
0.68876	3.02272e-02
0.64892	6.21067e-02
0.64659	5.38605e-02
0.64110	5.19465e-02
0.62992	5.00679e-02
0.61956	6.87601e-02
0.63595	5.62738e-02
0.60590	5.96950e-02
0.60859	6.14972e-02
0.59373	7.28062e-02
0.57631	4.39756e-02
0.59674	4.67533e-02
0.57586	5.88881e-02
0.57933	4.40820e-02
0.58632	8.00416e-02
0.54076	7.51041e-02
0.55659	7.40045e-02
0.55954	4.61021e-02
0.56187	7.48710e-02
0.54701	8.56514e-02
0.56268	6.89757e-02
0.52867	6.26543e-02
0.52975	7.29288e-02
0.53184	7.68685e-02
0.51173	7.14950e-02
0.48992	8.76903e-02
0.52758	6.93491e-02
0.50767	5.74782e-02
0.49003	4.07940e-02
0.50942	4.34360e-02
0.46983	6.06507e-02
0.47401	5.75087e-02
0.48776	3.26238e-02
0.44616	9.58063e-02
0.43720	7.05689e-02
0.45344	5.36837e-02
0.45318	5.92298e-02
0.45494	5.77423e-02
0.46632	6.39935e-02
0.46854	6.46890e-02
0.46866	6.48355e-02
0.46243	6.94448e-02
0.48327	6.89417e-02
0.49244	5.86145e-02
0.50549	5.93324e-02
0.49982	5.11800e-02
0.50168	5.14412e-02
0.49339	5.22000e-02
0.49339	5.22000e-02
0.48582	5.31655e-02
0.47982	4.83362e-02
0.49087	4.98449e-02
0.50024	6.11781e-02
0.50978	7.26594e-02
0.50822	6.89585e-02
0.53180	5.43633e-02
0.54498	5.84727e-02
0.54679	5.71480e-02
0.54527	5.45267e-02
0.55086	4.66876e-02
0.53401	3.43160e-02
0.53230	5.74651e-02
0.54033	6.01239e-02
0.54033	6.01239e-02
0.55956	4.14470e-02
0.57036	4.27828e-02
0.58602	4.94002e-02
0.58630	5.72748e-02
0.57893	6.39448e-02
0.60058	4.57512e-02
0.59473	4.28109e-02
0.59507	3.95531e-02
0.57674	3.48149e-02
0.56101	4.05080e-02
0.56316	3.64660e-02
0.56800	3.50325e-02
0.57808	5.03737e-02
0.57768	5.02886e-02
0.57925	5.09381e-02
0.58245	4.38497e-02
0.59029	5.15618e-02
0.60255	4.38406e-02
0.60719	4.53262e-02
0.59784	4.49302e-02
0.60212	6.13280e-02
0.60508	4.27764e-02
0.61576	4.70642e-02
0.61432	4.77280e-02
0.61432	4.77280e-02
0.61823	4.91815e-02
0.61823	4.91815e-02
0.62877	5.22012e-02
0.62120	4.69511e-02
0.63007	4.54413e-02
0.61657	5.25668e-02
0.63071	5.96011e-02
0.64153	5.55332e-02
0.62550	5.51022e-02
0.64055	5.45077e-02
0.63702	5.47564e-02
0.66505	2.68444e-02
0.65493	2.58415e-02
0.64691	4.10971e-02
0.64539	3.87043e-02
0.64613	3.91739e-02
0.64437	3.93204e-02
0.65307	2.54769e-02
0.64873	2.18889e-02
0.66206	3.17361e-02
0.66603	3.09645e-02
0.65974	2.13365e-02
0.66457	1.71920e-02
0.66596	1.72082e-02
0.66596	1.72082e-02
0.65366	3.65695e-02
0.65473	3.74961e-02
0.65166	4.13181e-02
0.65166	4.13181e-02
0.64699	3.96603e-02
0.63475	4.01953e-02
0.65507	2.94709e-02
0.65809	2.77168e-02
0.66043	2.59457e-02
0.66170	3.04474e-02
0.66552	3.36019e-02
0.67676	5.29505e-02
0.69444	5.68708e-02
0.71179	4.56477e-02
0.70666	4.75414e-02
0.70407	5.18027e-02
0.70556	5.40834e-02
0.70556	5.40834e-02
0.70541	5.67248e-02
0.71260	4.26845e-02
0.71305	4.29742e-02
0.68776	4.10212e-02
0.68793	4.10110e-02
0.69638	4.29152e-02
0.69171	3.42609e-02
0.69096	3.38313e-02
0.71081	3.63552e-02
0.70460	3.80318e-02
0.70107	3.13426e-02
0.69816	2.77054e-02
0.69396	2.80873e-02
0.70967	3.37327e-02
0.70967	3.37327e-02
0.70447	3.59690e-02
0.71105	3.54229e-02
0.70588	3.44397e-02
0.71766	4.21163e-02
0.70828	4.09306e-02
0.70900	3.91925e-02
0.70891	3.90980e-02
0.71361	3.99747e-02
0.71768	3.20732e-02
0.71941	3.41420e-02
0.72153	3.45860e-02
0.72657	3.41979e-02
0.72324	3.37047e-02
0.71743	4.60613e-02
0.72367	4.35886e-02
0.72416	3.78359e-02
0.72658	4.15820e-02
0.72292	5.30003e-02
0.73087	4.82794e-02
0.72400	3.45130e-02
0.72955	4.04058e-02
0.73172	4.19454e-02
0.73172	4.19454e-02
0.73705	4.17975e-02
0.73717	4.17178e-02
0.73300	4.28488e-02
0.73525	4.33477e-02
0.73525	4.33477e-02
0.73525	4.33477e-02
0.74765	3.32423e-02
0.74569	3.78497e-02
0.74114	3.92048e-02
0.74382	3.78237e-02
0.76131	5.88451e-02
0.76260	5.82940e-02
0.76143	5.24469e-02
0.76700	4.55734e-02
0.77296	4.92515e-02
0.77296	4.92515e-02
0.76198	4.43884e-02
0.76107	4.78346e-02
0.77797	3.59510e-02
0.77797	3.59510e-02
0.77800	2.72487e-02
0.77800	2.72487e-02
0.77980	2.65393e-02
0.78439	3.19681e-02
0.78568	3.17441e-02
0.78540	3.59572e-02
0.78210	3.75358e-02
0.77606	3.80840e-02
0.79003	4.13830e-02
0.79520	4.02678e-02
0.78833	3.99642e-02
0.79627	4.10552e-02
0.79842	3.83964e-02
0.78828	5.16079e-02
0.78830	5.16227e-02
0.80009	6.11014e-02
0.80013	6.11113e-02
0.78911	5.41040e-02
0.79254	5.32012e-02
0.78823	4.87082e-02
0.77879	4.65247e-02
0.78187	4.91071e-02
0.80922	2.53126e-02
0.81035	2.70197e-02
0.80496	3.12405e-02
0.81671	3.34733e-02
0.81905	3.34698e-02
0.82688	2.50631e-02
0.83002	2.41621e-02
0.83248	2.84062e-02
0.82647	4.16025e-02
0.83475	3.40180e-02
0.81772	4.08601e-02
0.82654	3.72698e-02
0.82788	3.94157e-02
0.82788	3.94157e-02
0.83269	4.17776e-02
0.84326	4.02261e-02
0.84057	4.14058e-02
0.83953	2.86104e-02
0.83255	4.22001e-02
0.84060	2.73526e-02
0.83579	2.86976e-02
0.83475	3.20325e-02
0.83367	2.94037e-02
0.82778	2.85516e-02
0.82708	2.15229e-02
0.82775	2.43490e-02
0.83174	2.97930e-02
0.82564	2.48841e-02
0.83665	2.13553e-02
0.84204	3.27485e-02
0.84916	2.76622e-02
0.85214	2.76240e-02
0.85677	2.70025e-02
0.86125	2.84310e-02
0.85100	2.23023e-02
0.85065	4.87531e-02
0.85173	4.98646e-02
0.85330	4.64486e-02
0.86080	4.45534e-02
0.86182	4.52003e-02
0.87241	3.60173e-02
0.86734	3.28132e-02
0.87473	3.34987e-02
0.87473	3.30901e-02
0.87915	3.50102e-02
0.88138	3.45291e-02
0.87148	3.60506e-02
0.86997	3.80725e-02
0.87477	5.02990e-02
0.88450	4.60209e-02
0.88943	4.03513e-02
0.88783	3.76349e-02
0.88786	3.76289e-02
0.89290	3.97371e-02
0.89290	3.97371e-02
0.89737	4.04618e-02
0.89627	4.09766e-02
0.89911	4.31895e-02
0.89911	4.31895e-02
0.89463	4.60317e-02
0.89765	5.04771e-02
0.90264	4.54550e-02
0.90417	4.61573e-02
0.90417	4.61573e-02
0.89860	4.78795e-02
0.89784	5.67798e-02
0.89258	6.12589e-02
0.90066	5.51979e-02
0.90168	5.45296e-02
0.90929	4.78519e-02
0.90956	4.87249e-02
0.90919	5.10169e-02
0.90715	5.25058e-02
0.90715	5.25058e-02
0.90969	5.18543e-02
0.90867	5.15272e-02
0.91204	5.26290e-02
0.91592	4.72347e-02
0.91930	4.83935e-02
0.92411	5.12928e-02
0.92568	5.29422e-02
0.92623	5.72099e-02
0.93220	5.39110e-02
0.92518	5.31642e-02
0.91955	5.70059e-02
0.90997	5.45922e-02
0.90344	5.56230e-02
0.90442	5.67246e-02
0.90464	5.70249e-02
0.88943	5.15121e-02
0.88943	5.15121e-02
0.89345	4.81006e-02
0.89345	4.81006e-02
0.90162	4.28290e-02
0.90804	4.60252e-02
0.89235	3.26333e-02
0.89237	4.11936e-02
0.88712	3.74544e-02
0.89239	3.15548e-02
0.89239	3.15548e-02
0.89239	3.15548e-02
0.89064	3.40104e-02
0.89030	3.39893e-02
0.88746	2.94089e-02
0.88746	2.94089e-02
0.89235	2.84622e-02
0.89604	2.20761e-02
0.88999	3.27638e-02
0.89586	3.77531e-02
0.90414	4.55718e-02
0.91705	3.72706e-02
0.91845	3.62455e-02
0.92000	3.84320e-02
0.91804	3.74838e-02
0.91917	3.76334e-02
0.91829	3.73600e-02
0.92099	3.83260e-02
0.92614	4.20157e-02
0.92479	4.08289e-02
0.92501	4.10220e-02
0.92949	4.52289e-02
0.92949	4.52289e-02
0.92626	4.59041e-02
0.92924	4.32677e-02
0.93156	4.53288e-02
0.93156	4.53288e-02
0.93255	4.28342e-02
0.93255	4.28342e-02
0.93985	4.83101e-02
0.93779	4.98463e-02
0.93779	4.98463e-02
0.94547	3.76138e-02
0.94569	3.78567e-02
0.94554	4.88471e-02
0.94554	4.88471e-02
0.94596	4.92025e-02
0.93202	4.95009e-02
0.89920	3.11966e-02
0.89920	3.11966e-02
0.91963	3.72657e-02
0.91963	3.72657e-02
0.91665	4.30139e-02
0.91665	4.30139e-02
0.91665	4.30139e-02
0.91665	4.30139e-02
0.91665	4.30139e-02
0.93668	2.29898e-02
0.93668	2.29898e-02
0.93219	1.85058e-02
0.93896	2.52677e-02
0.93896	2.52677e-02
0.94392	3.02329e-02
0.93425	3.99021e-02
0.93425	3.99021e-02
0.94467	2.94884e-02
0.94811	3.29346e-02
0.94811	3.29346e-02
0.94811	3.29346e-02
0.95122	3.60431e-02
0.91518	0.00000e+00
0.91136	0.00000e+00
0.91136	0.00000e+00
0.91136	0.00000e+00
0.91136	0.00000e+00
0.91136	0.00000e+00
0.91136	0.00000e+00
0.91136	0.00000e+00
0.91136	0.00000e+00
0.94846	0.00000e+00
0.94846	0.00000e+00
0.93506	0.00000e+00
0.93506	0.00000e+00
0.93506	0.00000e+00
0.93506	0.00000e+00
0.93506	0.00000e+00
0.93506	0.00000e+00
0.93506	0.00000e+00
0.93506	0.00000e+00
0.95096	0.00000e+00
0.95096	0.00000e+00
0.92878	0.00000e+00
0.92878	0.00000e+00
0.92878	0.00000e+00
0.94458	0.00000e+00
0.94458	0.00000e+00
0.94458	0.00000e+00
0.94458	0.00000e+00
0.94458	0.00000e+00
0.92796	0.00000e+00
0.92796	0.00000e+00
0.94744	0.00000e+00
0.94744	0.00000e+00
0.94744	0.00000e+00
0.94744	0.00000e+00
0.94744	0.00000e+00
0.94744	0.00000e+00
0.94744	0.00000e+00
0.94744	0.00000e+00
0.94744	0.00000e+00
0.94744	0.00000e+00
0.94681	0.00000e+00
0.94681	0.00000e+00
0.94681	0.00000e+00
0.94681	0.00000e+00
0.94681	0.00000e+00
0.94681	0.00000e+00
0.94681	0.00000e+00
0.94681	0.00000e+00
0.96485	0.00000e+00
0.96762	0.00000e+00
0.96762	0.00000e+00
0.96762	0.00000e+00
0.97476	0.00000e+00
0.97476	0.00000e+00
0.98460	0.00000e+00
