0.14207	5.86444e-02
0.10569	3.37115e-02
0.11600	5.88947e-02
0.12267	6.91551e-02
0.15811	5.32103e-02
0.09632	5.02700e-02
0.12233	5.35911e-02
0.12204	7.00822e-02
0.15642	7.72279e-02
0.11077	2.50295e-02
0.15741	5.78763e-02
0.10219	3.86558e-02
0.08033	6.77133e-02
0.12622	6.87507e-02
0.14091	5.03467e-02
0.14146	5.54123e-02
0.13507	7.48174e-02
0.13426	8.74893e-02
0.08510	6.15450e-02
0.15418	9.05020e-02
0.09407	2.68297e-02
0.12206	7.57269e-02
0.13350	7.13414e-02
0.13475	4.07373e-02
0.14560	6.42641e-02
0.10020	4.09107e-02
0.13945	4.77271e-02
0.12585	6.21320e-02
0.11999	5.51160e-02
0.13475	5.97832e-02
0.12262	5.97922e-02
0.10932	5.85346e-02
0.12183	8.25450e-02
0.15028	5.33921e-02
0.10840	6.46428e-02
0.10388	4.93221e-02
0.12065	3.58352e-02
0.12241	5.95710e-02
0.11441	7.27878e-02
0.12872	6.09136e-02
0.11195	5.97022e-02
0.13802	6.31632e-02
0.07664	3.83107e-02
0.10578	4.67680e-02
0.13477	5.07018e-02
0.12030	5.31500e-02
0.10113	6.02482e-02
0.12833	5.05936e-02
0.13500	5.11347e-02
0.15487	4.08721e-02
0.12528	6.98188e-02
0.10334	5.79200e-02
0.07652	2.44168e-02
0.10721	3.63622e-02
0.10010	6.40029e-02
0.06733	3.55507e-02
0.14185	7.34302e-02
0.12333	6.23112e-02
0.09287	4.24881e-02
0.13008	4.58242e-02
0.11224	3.75816e-02
0.09471	3.23395e-02
0.12228	5.82298e-02
0.10967	8.62544e-02
0.07721	4.86366e-02
0.11299	7.32367e-02
0.13127	3.95917e-02
0.08652	3.28816e-02
0.11451	6.32060e-02
0.13885	5.34521e-02
0.11719	4.11437e-02
0.11273	5.36645e-02
0.10628	5.18973e-02
0.11988	5.31273e-02
0.13188	2.95795e-02
0.11601	6.96306e-02
0.12719	5.21020e-02
0.10461	5.07138e-02
0.11411	5.79081e-02
0.10849	6.45079e-02
0.09428	5.94986e-02
0.10728	4.60807e-02
0.09105	5.20919e-02
0.12844	4.41203e-02
0.09462	5.72457e-02
0.10086	4.18493e-02
0.10283	4.95442e-02
0.08417	4.96420e-02
0.08720	4.47057e-02
0.11764	5.28662e-02
0.12238	2.81985e-02
0.09098	3.78783e-02
0.10144	3.94542e-02
0.10470	5.47363e-02
0.09257	4.43608e-02
0.07947	2.53718e-02
0.10892	6.09508e-02
0.10122	8.12275e-02
0.13370	6.63418e-02
0.08774	4.65735e-02
0.07891	4.43538e-02
0.09688	6.05048e-02
0.09697	6.04473e-02
0.09585	4.98332e-02
0.08955	4.83117e-02
0.09032	4.29960e-02
0.09471	4.77925e-02
0.10483	4.85094e-02
0.08148	4.38881e-02
0.08256	4.21398e-02
0.08256	4.21398e-02
0.09039	3.66232e-02
0.10493	5.58400e-02
0.11368	5.34457e-02
0.10456	5.13022e-02
0.08129	3.49579e-02
0.09866	5.70495e-02
0.09133	5.94187e-02
0.08636	6.12683e-02
0.07920	3.96196e-02
0.09656	4.93190e-02
0.10225	4.86365e-02
0.09920	5.10115e-02
0.07567	4.29310e-02
0.07487	4.15874e-02
0.07591	4.38468e-02
0.07591	4.38468e-02
0.07816	4.57308e-02
0.09681	4.58740e-02
0.08935	3.48475e-02
0.08327	3.00920e-02
0.08887	3.60463e-02
0.10421	4.49572e-02
0.11152	4.40447e-02
0.10576	4.05998e-02
0.11485	3.31613e-02
0.11495	3.47496e-02
0.11223	3.53712e-02
0.10420	2.47776e-02
0.11127	2.24795e-02
0.11127	2.24795e-02
0.11958	4.37318e-02
0.11958	4.37318e-02
0.15668	5.80676e-02
0.13734	5.95377e-02
0.14114	5.52768e-02
0.13512	4.50267e-02
0.13011	5.51194e-02
0.13994	6.09555e-02
0.12921	6.34093e-02
0.12867	6.25224e-02
0.13334	6.26812e-02
0.15483	6.19818e-02
0.16039	5.93662e-02
0.15431	7.04443e-02
0.15721	7.52848e-02
0.13970	8.33579e-02
0.13846	6.86890e-02
0.11132	6.28947e-02
0.11132	6.28947e-02
0.12661	4.10603e-02
0.13664	4.53636e-02
0.11193	5.92334e-02
0.14199	6.23576e-02
0.16056	5.04184e-02
0.14747	5.32696e-02
0.17210	5.36009e-02
0.18490	6.03010e-02
0.18265	6.30841e-02
0.15615	5.75386e-02
0.12499	6.78000e-02
0.12499	6.78000e-02
0.12833	5.48893e-02
0.10661	5.83318e-02
0.09543	5.42512e-02
0.09693	5.37374e-02
0.08105	4.80896e-02
0.08668	4.05983e-02
0.08956	4.04300e-02
0.10036	5.25757e-02
0.10519	3.85114e-02
0.11438	5.81053e-02
0.09704	3.39456e-02
0.12117	5.60291e-02
0.12637	5.69680e-02
0.11021	4.44977e-02
0.12984	5.76732e-02
0.13459	5.28593e-02
0.14271	4.90255e-02
0.13473	6.07348e-02
0.14622	4.69118e-02
0.13228	5.69340e-02
0.13010	4.87559e-02
0.10371	4.28740e-02
0.09950	4.56758e-02
0.11033	4.90221e-02
0.10478	6.80359e-02
0.14069	8.55927e-02
0.14600	8.24020e-02
0.12570	8.18898e-02
0.13240	8.65161e-02
0.12533	6.54466e-02
0.13933	8.65783e-02
0.11120	7.11082e-02
0.11572	6.67220e-02
0.11503	8.61975e-02
0.11651	8.54283e-02
0.14624	8.81693e-02
0.14258	8.86473e-02
0.16326	8.00055e-02
0.14341	5.71203e-02
0.15435	5.06077e-02
0.16649	6.08440e-02
0.13255	6.40083e-02
0.12085	5.30734e-02
0.11578	4.98970e-02
0.13481	5.95656e-02
0.12548	5.85306e-02
0.13139	5.81333e-02
0.13139	5.81333e-02
0.13362	4.92944e-02
0.12037	5.59530e-02
0.15174	6.52969e-02
0.12992	5.67239e-02
0.11790	5.96338e-02
0.13434	6.25293e-02
0.12939	4.66359e-02
0.13950	5.10448e-02
0.15085	4.89705e-02
0.16213	5.71216e-02
0.15159	5.83455e-02
0.16077	9.63763e-02
0.13282	1.01182e-01
0.13619	1.01126e-01
0.11814	6.48612e-02
0.17566	8.89630e-02
0.13994	5.82061e-02
0.12982	6.44602e-02
0.12223	6.55739e-02
0.11107	4.52193e-02
0.12581	7.62673e-02
0.12581	7.62673e-02
0.12272	7.99529e-02
0.11998	7.90220e-02
0.15474	9.52394e-02
0.16941	8.46897e-02
0.16834	8.80249e-02
0.14944	8.86649e-02
0.15662	8.24464e-02
0.15802	8.18393e-02
0.12682	7.85421e-02
0.11295	6.92089e-02
0.09568	4.60294e-02
0.14701	8.02083e-02
0.16472	6.15139e-02
0.17540	5.91844e-02
0.16856	5.78441e-02
0.16467	5.97389e-02
0.16044	6.50440e-02
0.14523	7.65553e-02
0.16694	8.33014e-02
0.17543	7.45068e-02
0.18225	8.10624e-02
0.14714	6.78490e-02
0.12249	6.70475e-02
0.12466	7.08268e-02
0.13135	6.98295e-02
0.12074	6.84292e-02
0.12053	5.48224e-02
0.13675	5.25524e-02
0.12756	6.14584e-02
0.14163	8.75048e-02
0.11577	5.89813e-02
0.11577	5.89813e-02
0.11577	5.89813e-02
0.10001	4.90699e-02
0.09848	4.64982e-02
0.11278	5.61408e-02
0.10483	5.69458e-02
0.12095	5.42749e-02
0.12704	5.05953e-02
0.13015	6.45011e-02
0.10823	5.67605e-02
0.14217	1.02426e-01
0.13060	1.04297e-01
0.13129	6.12906e-02
0.12446	6.64074e-02
0.12794	6.50785e-02
0.12580	6.16299e-02
0.12857	6.12260e-02
0.14014	5.42099e-02
0.13607	5.55036e-02
0.13607	5.55036e-02
0.12899	5.55022e-02
0.13192	6.33503e-02
0.12593	6.13264e-02
0.12220	5.59866e-02
0.12323	5.23372e-02
0.13596	7.97870e-02
0.14259	7.79355e-02
0.14255	7.79764e-02
0.15906	7.54260e-02
0.15874	7.29279e-02
0.15874	7.29279e-02
0.17324	6.93300e-02
0.15887	7.39590e-02
0.19934	8.08011e-02
0.16391	8.14745e-02
0.16832	8.13126e-02
0.15807	8.44177e-02
0.15786	8.22755e-02
0.16285	9.36149e-02
0.15835	6.30174e-02
0.13636	5.86968e-02
0.14782	4.69635e-02
0.13656	5.30579e-02
0.14440	4.98815e-02
0.15210	7.92069e-02
0.14456	5.12391e-02
0.12340	5.10298e-02
0.12170	4.82064e-02
0.13707	3.38664e-02
0.13293	5.01607e-02
0.12123	5.25752e-02
0.12908	4.12127e-02
0.14319	5.41363e-02
0.13438	6.18834e-02
0.13644	6.21957e-02
0.13644	6.21957e-02
0.11764	6.01034e-02
0.14011	7.09803e-02
0.14949	5.98166e-02
0.13831	6.29921e-02
0.15741	5.84115e-02
0.17050	5.34176e-02
0.14665	5.49541e-02
0.15618	6.78370e-02
0.12918	5.20077e-02
0.13189	6.09545e-02
0.16282	6.75136e-02
0.13460	6.66196e-02
0.13018	5.51008e-02
0.17056	7.15455e-02
0.17056	7.15455e-02
0.16984	6.33390e-02
0.18675	8.04619e-02
0.17162	9.22060e-02
0.19272	8.09691e-02
0.14320	5.25876e-02
0.14634	5.55117e-02
0.17367	4.59281e-02
0.17367	4.59281e-02
0.17329	5.79152e-02
0.15915	5.67378e-02
0.14652	5.86545e-02
0.16389	5.08107e-02
0.15894	6.03977e-02
0.15402	8.24051e-02
0.12746	7.31774e-02
0.16044	6.90915e-02
0.15415	7.12300e-02
0.15777	7.21747e-02
0.17524	7.03430e-02
0.19528	8.89594e-02
0.17939	9.38745e-02
0.19149	7.55501e-02
0.16596	5.00310e-02
0.16596	5.00310e-02
0.16596	5.00310e-02
0.19038	3.76010e-02
0.19038	3.76010e-02
0.16319	5.76767e-02
0.18310	3.46638e-02
0.18370	4.55738e-02
0.14330	5.02106e-02
0.16678	2.07316e-02
0.16678	2.07316e-02
0.16678	2.07316e-02
0.16678	2.07316e-02
0.18975	3.38694e-02
0.18975	3.38694e-02
0.18799	6.82065e-02
0.12971	9.38159e-02
0.15911	6.45035e-02
0.12098	8.28138e-02
0.17171	7.12249e-02
0.17298	6.94618e-02
0.17572	7.20734e-02
0.17572	7.20734e-02
0.25402	4.07150e-02
0.25402	4.07150e-02
0.21887	6.49827e-02
0.21887	6.49827e-02
0.20365	1.16294e-02
0.20365	1.16294e-02
0.18343	3.93784e-02
0.18343	3.93784e-02
0.18343	3.93784e-02
0.18194	3.86158e-02
0.18194	3.86158e-02
0.18194	3.86158e-02
0.18465	3.48526e-02
0.18465	3.48526e-02
0.17963	4.18282e-02
0.17963	4.18282e-02
0.15753	7.28452e-02
0.21333	9.41654e-03
0.21333	9.41654e-03
0.21333	9.41654e-03
0.18107	3.98215e-02
0.18107	3.98215e-02
0.18107	3.98215e-02
0.18107	3.98215e-02
0.14562	3.91602e-02
0.14562	3.91602e-02
0.17009	4.18543e-02
0.20567	8.02286e-02
0.20567	8.02286e-02
0.20567	8.02286e-02
0.15776	1.08002e-01
0.20900	9.80906e-02
0.16829	5.73786e-02
0.16829	5.73786e-02
0.13852	8.71423e-02
0.13852	8.71423e-02
0.13852	8.71423e-02
0.13852	8.71423e-02
0.14865	7.70097e-02
0.14865	7.70097e-02
0.21005	1.56188e-02
0.21580	9.86504e-03
0.22026	5.39967e-03
0.22026	5.39967e-03
0.18166	4.40030e-02
0.17259	3.49362e-02
0.18556	2.19750e-02
0.18556	2.19750e-02
0.18556	2.19750e-02
0.18556	2.19750e-02
0.14374	6.37885e-02
0.14374	6.37885e-02
0.14583	4.32545e-04
0.11495	3.04496e-02
0.20833	1.23831e-01
0.20833	1.23831e-01
0.20833	1.23831e-01
0.22136	1.10797e-01
0.22136	1.10797e-01
0.19681	1.35346e-01
0.33216	0.00000e+00
0.33216	0.00000e+00
0.33216	0.00000e+00
0.33216	0.00000e+00
0.33216	0.00000e+00
0.33216	0.00000e+00
0.33216	0.00000e+00
0.33216	0.00000e+00
0.33216	0.00000e+00
0.33216	0.00000e+00
0.33216	0.00000e+00
0.33216	0.00000e+00
0.14223	0.00000e+00
0.25768	0.00000e+00
0.25768	0.00000e+00
0.13227	0.00000e+00
0.05757	0.00000e+00
0.05757	0.00000e+00
0.05757	0.00000e+00
0.05757	0.00000e+00
0.05757	0.00000e+00
0.05757	0.00000e+00
0.05757	0.00000e+00
0.05757	0.00000e+00
0.05757	0.00000e+00
0.05757	0.00000e+00
0.04881	0.00000e+00
