0.98931	2.00332e-03
0.98170	1.02902e-02
0.97196	1.18907e-02
0.96846	1.63088e-02
0.96983	1.29996e-02
0.96035	1.12033e-02
0.95117	1.32962e-02
0.94419	1.24818e-02
0.93607	1.31045e-02
0.92804	2.58862e-02
0.90852	2.16173e-02
0.90107	2.92936e-02
0.88305	2.49908e-02
0.88048	2.82297e-02
0.85753	1.94414e-02
0.86983	3.12908e-02
0.84349	2.84012e-02
0.83693	3.71145e-02
0.84505	4.62037e-02
0.82115	3.83086e-02
0.82688	3.32353e-02
0.81626	4.37237e-02
0.82376	3.17704e-02
0.81975	3.54336e-02
0.80279	3.33362e-02
0.77837	5.78067e-02
0.78223	2.67552e-02
0.79943	3.67190e-02
0.77507	5.03346e-02
0.77385	5.09331e-02
0.73709	4.99875e-02
0.72799	4.62135e-02
0.72864	6.15043e-02
0.70540	6.55460e-02
0.68798	9.00597e-02
0.69526	7.54910e-02
0.67554	7.10936e-02
0.65944	1.09997e-01
0.67796	8.80163e-02
0.64996	1.20407e-01
0.64325	9.31078e-02
0.63431	1.01205e-01
0.64524	8.67654e-02
0.65602	6.45348e-02
0.64465	8.40506e-02
0.65602	1.01352e-01
0.63071	7.59148e-02
0.62900	1.10760e-01
0.62375	9.02391e-02
0.62688	7.52073e-02
0.64034	9.82652e-02
0.62018	9.36160e-02
0.61159	1.18005e-01
0.62697	8.16518e-02
0.61124	7.78075e-02
0.60050	1.05757e-01
0.60219	9.02280e-02
0.55591	1.06503e-01
0.61438	9.24693e-02
0.58558	1.08574e-01
0.54756	9.34906e-02
0.58842	9.90889e-02
0.58004	7.85251e-02
0.54015	8.44061e-02
0.52439	9.28777e-02
0.50701	1.09504e-01
0.52336	7.29357e-02
0.49208	9.79669e-02
0.49616	1.21827e-01
0.47238	1.22571e-01
0.48387	9.35450e-02
0.50454	1.01924e-01
0.52042	1.48158e-01
0.52153	1.64850e-01
0.51169	9.31296e-02
0.54411	1.00299e-01
0.55012	5.47756e-02
0.52717	7.40205e-02
0.57329	8.29269e-02
0.53433	7.15483e-02
0.54474	7.13488e-02
0.54632	6.38326e-02
0.55686	8.32836e-02
0.52770	7.97462e-02
0.53967	9.01733e-02
0.56021	7.21414e-02
0.54160	5.99906e-02
0.54642	3.96893e-02
0.55872	6.34940e-02
0.53950	8.48996e-02
0.54340	9.11373e-02
0.52386	6.13214e-02
0.51410	9.07034e-02
0.51835	1.06787e-01
0.50889	1.07946e-01
0.50667	9.17223e-02
0.50374	9.66381e-02
0.50510	1.07608e-01
0.50765	5.12547e-02
0.54169	1.03432e-01
0.54289	1.04393e-01
0.56773	1.18216e-01
0.57631	1.15559e-01
0.56303	1.13889e-01
0.57688	1.11844e-01
0.57232	1.11287e-01
0.58784	1.17984e-01
0.61267	8.79438e-02
0.60486	9.84425e-02
0.61901	1.08678e-01
0.61654	8.53787e-02
0.61852	8.98086e-02
0.63024	9.83361e-02
0.64035	1.02539e-01
0.63279	9.85979e-02
0.64174	8.71337e-02
0.66017	8.08728e-02
0.68049	8.22541e-02
0.67667	8.08534e-02
0.67901	8.12794e-02
0.67901	8.12794e-02
0.65903	8.70283e-02
0.68321	7.00681e-02
0.68003	6.63728e-02
0.69270	7.00927e-02
0.69744	7.62702e-02
0.70337	8.05982e-02
0.71556	8.31739e-02
0.71944	7.69405e-02
0.71007	7.34788e-02
0.71280	7.50476e-02
0.71169	7.39188e-02
0.71322	6.77454e-02
0.71322	6.77454e-02
0.71322	6.77454e-02
0.71322	6.77454e-02
0.71336	6.77733e-02
0.73734	6.96763e-02
0.74533	6.67771e-02
0.74365	6.59671e-02
0.74365	6.59671e-02
0.74662	6.47400e-02
0.74019	6.79923e-02
0.73437	6.21906e-02
0.73767	6.60027e-02
0.74352	7.05221e-02
0.74589	5.34328e-02
0.74312	5.56805e-02
0.75549	3.89110e-02
0.76321	3.70345e-02
0.76404	5.77037e-02
0.78895	5.94546e-02
0.79694	5.63984e-02
0.79692	5.79733e-02
0.79183	5.38180e-02
0.78877	5.09638e-02
0.78822	5.10971e-02
0.79998	6.02732e-02
0.79358	6.78958e-02
0.79110	7.07099e-02
0.78839	6.97324e-02
0.79914	7.26634e-02
0.79878	7.28534e-02
0.80533	6.64432e-02
0.79951	5.38847e-02
0.79806	5.24100e-02
0.79623	5.32531e-02
0.80793	4.02183e-02
0.81405	4.67596e-02
0.82100	4.00208e-02
0.82100	4.00208e-02
0.82985	3.86055e-02
0.83527	4.46459e-02
0.83376	4.61415e-02
0.82768	4.52597e-02
0.83204	4.49364e-02
0.83529	4.08152e-02
0.82877	3.90031e-02
0.83075	3.84551e-02
0.82700	3.98622e-02
0.83162	4.17238e-02
0.83980	4.00786e-02
0.83223	3.20243e-02
0.83133	3.14265e-02
0.83648	2.82933e-02
0.84181	3.18973e-02
0.84321	3.31230e-02
0.84798	3.79458e-02
0.84912	3.90270e-02
0.84719	4.20620e-02
0.84496	4.28024e-02
0.85984	3.88553e-02
0.86076	3.95860e-02
0.85371	3.72232e-02
0.84651	4.36475e-02
0.84422	4.33609e-02
0.85803	3.88402e-02
0.85996	4.44298e-02
0.86467	4.38083e-02
0.87748	4.80679e-02
0.87609	4.96226e-02
0.87513	4.95444e-02
0.87509	5.03393e-02
0.87461	4.97080e-02
0.87461	4.97080e-02
0.86728	4.71919e-02
0.86925	4.58527e-02
0.86470	4.28750e-02
0.87397	4.39465e-02
0.88139	3.51678e-02
0.87790	3.78463e-02
0.87897	3.82006e-02
0.87897	3.82006e-02
0.87872	3.79518e-02
0.87268	4.13753e-02
0.87497	4.39188e-02
0.87497	4.39188e-02
0.88403	4.45169e-02
0.88953	4.00591e-02
0.89479	3.19981e-02
0.89054	2.86824e-02
0.89487	3.03003e-02
0.89024	3.53216e-02
0.89393	3.07651e-02
0.89729	3.64912e-02
0.89893	3.48113e-02
0.89750	3.47944e-02
0.89338	2.98616e-02
0.90389	1.74361e-02
0.90069	3.16817e-02
0.89524	2.66710e-02
0.90400	3.26914e-02
0.90489	2.78363e-02
0.90704	2.74724e-02
0.90704	2.74724e-02
0.90153	2.29528e-02
0.90152	2.58942e-02
0.90312	2.70649e-02
0.90249	2.76983e-02
0.90477	2.85808e-02
0.90129	2.79869e-02
0.90375	2.73179e-02
0.90406	2.69435e-02
0.90406	2.69435e-02
0.90545	2.72132e-02
0.90343	2.53605e-02
0.91031	2.51392e-02
0.91131	2.45323e-02
0.91244	2.60467e-02
0.91756	2.31590e-02
0.91908	2.21648e-02
0.91969	2.27740e-02
0.91851	2.27674e-02
0.91800	2.27588e-02
0.92481	2.47394e-02
0.92315	2.28155e-02
0.92497	2.49028e-02
0.91795	2.15684e-02
0.91684	2.94122e-02
0.91494	3.03253e-02
0.91678	2.84045e-02
0.91678	2.84045e-02
0.91747	2.92416e-02
0.91642	2.85733e-02
0.91933	3.12275e-02
0.92809	3.08178e-02
0.92332	2.87434e-02
0.92856	2.75418e-02
0.93275	2.94832e-02
0.92927	3.71691e-02
0.93091	3.71017e-02
0.92427	3.87201e-02
0.92186	3.66868e-02
0.92872	2.25119e-02
0.92991	2.35510e-02
0.92852	2.54990e-02
0.92548	2.72286e-02
0.92888	2.98235e-02
0.93057	3.04016e-02
0.93857	2.90585e-02
0.93906	1.88182e-02
0.93843	1.94645e-02
0.93391	1.79985e-02
0.93511	1.92412e-02
0.93593	1.83731e-02
0.93588	1.74406e-02
0.93496	2.07144e-02
0.93880	2.14931e-02
0.93667	1.89333e-02
0.93491	1.86275e-02
0.93491	1.86275e-02
0.93713	1.87397e-02
0.93920	1.83320e-02
0.93512	1.94291e-02
0.93789	2.11251e-02
0.93785	2.09840e-02
0.94034	1.77573e-02
0.94104	1.69661e-02
0.94605	1.62889e-02
0.94411	1.68346e-02
0.94238	2.12968e-02
0.93985	1.95974e-02
0.93962	1.95961e-02
0.93963	1.95957e-02
0.93769	1.93003e-02
0.93896	1.96223e-02
0.93896	1.93064e-02
0.94501	1.96760e-02
0.94501	1.96760e-02
0.94395	1.35783e-02
0.94440	1.50043e-02
0.94323	1.64154e-02
0.94700	1.60134e-02
0.94700	1.60134e-02
0.94729	1.62543e-02
0.94746	1.64639e-02
0.94954	1.52753e-02
0.95109	1.37381e-02
0.94879	1.20153e-02
0.94868	1.65172e-02
0.94779	1.74435e-02
0.94832	1.67077e-02
0.95155	1.69651e-02
0.94941	1.97924e-02
0.95337	1.83794e-02
0.95109	1.60530e-02
0.94782	1.75016e-02
0.94851	1.93686e-02
0.94851	1.93686e-02
0.95270	1.83220e-02
0.95228	1.94259e-02
0.95373	1.41020e-02
0.94942	1.54458e-02
0.94926	1.55266e-02
0.95302	1.69031e-02
0.95423	1.51712e-02
0.95162	1.66439e-02
0.94962	1.83090e-02
0.94214	1.53691e-02
0.94211	1.53496e-02
0.94156	1.19932e-02
0.94441	1.53091e-02
0.94738	9.56172e-03
0.94845	8.18729e-03
0.94916	7.97083e-03
0.95173	1.22486e-02
0.95607	1.39723e-02
0.95518	1.49713e-02
0.95867	1.43719e-02
0.95867	1.43719e-02
0.95979	2.27929e-02
0.96362	1.48169e-02
0.96125	1.47343e-02
0.96481	1.43184e-02
0.96483	1.43028e-02
0.96104	1.80448e-02
0.96389	1.70781e-02
0.96532	1.78117e-02
0.96410	1.83406e-02
0.96577	1.35994e-02
0.96785	1.68827e-02
0.97009	1.79004e-02
0.96935	1.78492e-02
0.96899	1.77752e-02
0.96894	2.07059e-02
0.96796	1.98926e-02
0.96532	1.69068e-02
0.96276	2.02157e-02
0.96313	1.98096e-02
0.96163	2.08156e-02
0.96276	1.99147e-02
0.96276	1.99147e-02
0.96049	1.83838e-02
0.96051	1.83908e-02
0.96051	1.83908e-02
0.96410	1.38420e-02
0.96248	1.69253e-02
0.96830	1.21872e-02
0.96758	1.45332e-02
0.96758	1.45332e-02
0.96892	1.75820e-02
0.96944	1.81022e-02
0.96618	1.71273e-02
0.96720	1.58254e-02
0.96974	2.07665e-02
0.97389	1.28027e-02
0.97392	1.28309e-02
0.97045	1.56053e-02
0.97395	1.69503e-02
0.97651	1.41250e-02
0.97651	1.41250e-02
0.97651	1.41250e-02
0.97651	1.41250e-02
0.97229	1.94694e-02
0.96901	1.79994e-02
0.96901	1.80012e-02
0.96518	1.73489e-02
0.96700	1.92314e-02
0.97258	1.40821e-02
0.97258	1.40856e-02
0.96933	1.40204e-02
0.97203	1.07091e-02
0.97203	1.07091e-02
0.96752	1.44785e-02
0.96645	1.89704e-02
0.97481	8.62524e-03
0.97481	8.62524e-03
0.97022	1.33831e-02
0.96535	1.58769e-02
0.96535	1.58769e-02
0.96535	1.58769e-02
0.97366	9.54513e-03
0.97450	6.58615e-03
0.97224	8.66077e-03
0.97280	5.44683e-03
0.98641	5.28842e-03
0.98629	5.16848e-03
0.98442	1.18218e-02
0.98442	1.18218e-02
0.98442	1.18218e-02
0.98452	1.18823e-02
0.98453	1.18869e-02
0.98453	1.18869e-02
0.98450	1.18776e-02
0.98951	3.54483e-03
0.98541	1.03185e-02
0.98540	1.03112e-02
0.98271	1.06223e-02
0.96780	0.00000e+00
0.96780	0.00000e+00
0.96780	0.00000e+00
0.96780	0.00000e+00
0.96780	0.00000e+00
0.96780	0.00000e+00
0.96780	0.00000e+00
0.96780	0.00000e+00
0.96780	0.00000e+00
0.96780	0.00000e+00
0.96780	0.00000e+00
0.96780	0.00000e+00
0.98831	0.00000e+00
0.98831	0.00000e+00
0.98831	0.00000e+00
0.98831	0.00000e+00
0.98831	0.00000e+00
0.96884	0.00000e+00
0.96884	0.00000e+00
0.96884	0.00000e+00
0.96884	0.00000e+00
0.96884	0.00000e+00
0.96884	0.00000e+00
0.96884	0.00000e+00
0.98906	0.00000e+00
0.98906	0.00000e+00
0.98871	0.00000e+00
0.98871	0.00000e+00
0.98871	0.00000e+00
0.98871	0.00000e+00
0.98871	0.00000e+00
0.98858	0.00000e+00
0.98858	0.00000e+00
0.98858	0.00000e+00
0.98858	0.00000e+00
0.98854	0.00000e+00
