0.99087	1.87691e-03
0.97634	8.80722e-03
0.97872	1.45285e-02
0.97395	1.69859e-02
0.97582	1.30356e-02
0.97240	1.52855e-02
0.96264	2.00626e-02
0.95155	2.30850e-02
0.93362	2.52800e-02
0.92304	3.22386e-02
0.91256	3.07270e-02
0.90466	3.89697e-02
0.89871	4.63308e-02
0.88727	4.50499e-02
0.87006	4.62704e-02
0.88546	4.18506e-02
0.86528	4.38865e-02
0.85282	4.07080e-02
0.83963	4.79695e-02
0.85065	3.06549e-02
0.84374	3.74509e-02
0.82064	3.27834e-02
0.81347	4.00140e-02
0.82027	4.92574e-02
0.79891	4.74208e-02
0.81119	4.57195e-02
0.78378	5.83163e-02
0.78953	4.58434e-02
0.76588	5.77008e-02
0.76012	5.90818e-02
0.76232	6.82667e-02
0.73057	6.63428e-02
0.75109	4.75938e-02
0.70791	6.15726e-02
0.70666	6.39205e-02
0.68468	7.97095e-02
0.67582	1.07400e-01
0.67282	1.00960e-01
0.65354	1.10309e-01
0.62754	1.44055e-01
0.62941	1.42077e-01
0.64304	1.17055e-01
0.63973	9.77683e-02
0.62020	1.00680e-01
0.64413	1.26182e-01
0.62000	1.03223e-01
0.60359	1.29471e-01
0.61732	1.26961e-01
0.60046	1.22071e-01
0.58375	1.27979e-01
0.59757	8.43599e-02
0.60231	8.82409e-02
0.59272	6.12352e-02
0.59264	9.40605e-02
0.62359	6.57040e-02
0.61419	6.96935e-02
0.59277	7.60381e-02
0.60593	7.31165e-02
0.61463	8.12541e-02
0.58226	8.83255e-02
0.59698	6.21324e-02
0.59418	6.28451e-02
0.58900	7.55080e-02
0.60572	6.37355e-02
0.56923	7.20379e-02
0.57447	6.68707e-02
0.54085	6.53371e-02
0.55549	5.39807e-02
0.54635	7.93114e-02
0.52947	8.63362e-02
0.54335	4.57713e-02
0.54855	6.63847e-02
0.55287	8.34670e-02
0.58256	7.26325e-02
0.56978	6.02119e-02
0.55847	9.43970e-02
0.55997	8.28718e-02
0.55513	6.33730e-02
0.60369	5.93301e-02
0.55956	7.94770e-02
0.60682	3.78661e-02
0.56782	6.86789e-02
0.59513	5.52969e-02
0.56086	5.84102e-02
0.55828	6.58901e-02
0.55780	6.97373e-02
0.55491	5.39118e-02
0.56176	7.48196e-02
0.56731	4.60016e-02
0.53267	5.62217e-02
0.54277	5.73545e-02
0.52392	8.39771e-02
0.54445	5.93738e-02
0.52204	6.86765e-02
0.55943	5.56405e-02
0.50436	5.33479e-02
0.49945	6.93769e-02
0.53483	4.80009e-02
0.50785	7.92223e-02
0.55228	5.07976e-02
0.56538	5.62534e-02
0.58388	5.93617e-02
0.58322	5.98032e-02
0.58412	5.84631e-02
0.58041	5.64478e-02
0.58832	2.73780e-02
0.58968	5.53556e-02
0.58391	4.29002e-02
0.58550	4.14456e-02
0.59604	5.57467e-02
0.60415	6.04973e-02
0.60149	5.85797e-02
0.61482	4.65868e-02
0.61907	6.36419e-02
0.63926	6.52202e-02
0.64259	6.75992e-02
0.64508	6.14329e-02
0.64508	6.14329e-02
0.65201	6.97838e-02
0.65047	6.18246e-02
0.65414	6.15534e-02
0.65978	6.36312e-02
0.65512	7.33916e-02
0.66070	7.39411e-02
0.66448	6.27405e-02
0.68984	5.53048e-02
0.68942	5.49562e-02
0.69955	4.42214e-02
0.70020	4.03266e-02
0.71133	4.95982e-02
0.70003	5.67782e-02
0.70497	5.52442e-02
0.70395	5.32023e-02
0.70975	4.39368e-02
0.70804	4.85336e-02
0.70758	4.27966e-02
0.73003	6.96459e-02
0.73210	6.77874e-02
0.75800	7.85354e-02
0.74743	7.16271e-02
0.75729	5.11029e-02
0.75471	5.20756e-02
0.75816	5.16284e-02
0.75655	4.61853e-02
0.74914	5.99119e-02
0.76008	5.76156e-02
0.75764	5.71425e-02
0.77943	3.10217e-02
0.77545	3.60433e-02
0.78425	4.01718e-02
0.78069	3.81614e-02
0.78221	4.04427e-02
0.79013	4.02980e-02
0.78998	4.04518e-02
0.79552	4.09535e-02
0.78917	3.26564e-02
0.79063	3.33592e-02
0.79426	3.49900e-02
0.81412	2.42575e-02
0.81015	2.84798e-02
0.80135	3.67091e-02
0.79273	3.60275e-02
0.79448	4.28283e-02
0.80223	4.51833e-02
0.80186	4.45139e-02
0.81193	4.80074e-02
0.82165	4.25490e-02
0.83121	4.38063e-02
0.82804	4.26354e-02
0.83267	4.21102e-02
0.83192	4.35843e-02
0.82849	4.79382e-02
0.82849	4.79382e-02
0.82866	4.59422e-02
0.83732	3.87458e-02
0.82629	3.17705e-02
0.81857	4.24463e-02
0.81861	4.24250e-02
0.81861	4.24250e-02
0.81327	4.44380e-02
0.81419	4.48289e-02
0.81773	4.76283e-02
0.82803	4.57314e-02
0.82803	4.57314e-02
0.83924	4.03566e-02
0.83921	4.03998e-02
0.84581	3.29842e-02
0.86015	3.51483e-02
0.86411	3.41240e-02
0.86427	3.43267e-02
0.86288	2.49635e-02
0.86048	2.31082e-02
0.85711	2.46596e-02
0.86864	2.20813e-02
0.87112	2.68145e-02
0.86319	2.75875e-02
0.86312	2.75126e-02
0.86312	2.75126e-02
0.86742	3.37832e-02
0.86145	3.92414e-02
0.86809	3.75214e-02
0.87096	2.93873e-02
0.87519	3.78389e-02
0.88699	2.70037e-02
0.88832	2.84390e-02
0.89174	2.63803e-02
0.89175	2.72763e-02
0.90204	2.12773e-02
0.90094	2.13000e-02
0.89901	2.25088e-02
0.90038	2.44018e-02
0.89717	2.56500e-02
0.90348	2.05693e-02
0.90543	1.89979e-02
0.90165	2.09640e-02
0.89980	2.66903e-02
0.90099	2.60344e-02
0.89856	3.24400e-02
0.90357	3.31772e-02
0.90357	3.31772e-02
0.90890	2.69651e-02
0.90890	2.69651e-02
0.90043	2.77023e-02
0.90097	2.74090e-02
0.90867	3.11886e-02
0.90867	3.11886e-02
0.90752	3.00092e-02
0.90411	2.79898e-02
0.90803	2.76627e-02
0.90814	2.44934e-02
0.90814	2.44934e-02
0.90603	2.11940e-02
0.90969	2.48714e-02
0.91471	2.59303e-02
0.91721	1.93875e-02
0.91617	2.05344e-02
0.92388	2.09822e-02
0.92264	1.81066e-02
0.91543	1.40126e-02
0.92019	1.72707e-02
0.92224	1.68804e-02
0.92564	1.66751e-02
0.92690	1.64984e-02
0.92535	1.78812e-02
0.93083	8.93208e-03
0.93098	9.12248e-03
0.92817	1.53363e-02
0.92530	1.60418e-02
0.92497	1.59506e-02
0.92434	1.59628e-02
0.93088	2.08195e-02
0.92632	2.23813e-02
0.92910	2.23266e-02
0.93211	1.61747e-02
0.93310	1.46217e-02
0.93254	1.46069e-02
0.93578	1.55256e-02
0.93297	1.31111e-02
0.93614	1.01099e-02
0.93667	1.61981e-02
0.93983	1.76062e-02
0.93983	1.76062e-02
0.94015	1.54987e-02
0.93939	1.48360e-02
0.93677	1.15374e-02
0.93439	1.13329e-02
0.93580	1.21547e-02
0.93109	1.07496e-02
0.93220	1.12534e-02
0.94082	1.46361e-02
0.94773	1.25136e-02
0.94680	1.50322e-02
0.94513	1.47916e-02
0.94611	1.89496e-02
0.94715	1.36861e-02
0.94777	1.39480e-02
0.94832	1.36362e-02
0.94413	1.29303e-02
0.94180	1.26363e-02
0.94607	1.56017e-02
0.94047	7.51450e-03
0.94199	1.00737e-02
0.94294	1.02517e-02
0.94112	1.31855e-02
0.94070	1.45006e-02
0.94100	1.45415e-02
0.94214	1.33606e-02
0.94058	1.22168e-02
0.93946	1.28600e-02
0.93979	1.55051e-02
0.94375	1.76313e-02
0.94236	1.85641e-02
0.94575	1.90196e-02
0.94355	2.08059e-02
0.93758	2.08992e-02
0.94226	2.17172e-02
0.94219	2.21925e-02
0.94589	2.19400e-02
0.94817	2.12612e-02
0.94167	2.17460e-02
0.94154	1.59542e-02
0.94301	1.61379e-02
0.94971	1.69661e-02
0.94804	1.62916e-02
0.94672	1.49646e-02
0.95136	1.40046e-02
0.95119	1.39984e-02
0.94960	1.16292e-02
0.94849	1.20826e-02
0.94901	1.31511e-02
0.94292	1.52014e-02
0.94458	1.43370e-02
0.94169	1.58544e-02
0.94986	1.57181e-02
0.94957	1.57832e-02
0.94889	1.63104e-02
0.94785	1.82020e-02
0.95011	1.48320e-02
0.95315	1.67944e-02
0.95201	1.36454e-02
0.95040	1.37811e-02
0.94679	1.39060e-02
0.94587	1.34633e-02
0.94971	1.51590e-02
0.94543	2.11503e-02
0.95009	2.37691e-02
0.95270	2.32205e-02
0.95818	1.55948e-02
0.96424	1.44296e-02
0.96481	1.33444e-02
0.95978	1.86861e-02
0.95978	1.86861e-02
0.95761	1.75050e-02
0.95843	1.63445e-02
0.95984	1.66073e-02
0.96026	1.70892e-02
0.96467	1.74985e-02
0.96597	1.48861e-02
0.96792	1.68820e-02
0.96547	2.04370e-02
0.96592	2.02052e-02
0.96231	2.06128e-02
0.96107	2.42979e-02
0.95935	2.29393e-02
0.96162	2.47810e-02
0.96273	2.41734e-02
0.96582	2.25883e-02
0.96654	2.25503e-02
0.97037	1.46722e-02
0.97194	1.46491e-02
0.96952	1.34323e-02
0.96800	1.81278e-02
0.96595	1.68500e-02
0.96595	1.68500e-02
0.96581	2.03934e-02
0.96578	2.03613e-02
0.96732	2.17231e-02
0.96369	2.10852e-02
0.96345	1.98773e-02
0.96215	1.87673e-02
0.96215	1.87609e-02
0.96048	1.56605e-02
0.95800	1.61025e-02
0.97078	8.59151e-03
0.96769	1.24711e-02
0.96343	1.37249e-02
0.96567	1.52064e-02
0.97313	1.39039e-02
0.96861	1.23597e-02
0.96333	1.46622e-02
0.96637	1.22802e-02
0.96426	1.38558e-02
0.96819	1.81830e-02
0.97449	1.12742e-02
0.97443	1.10332e-02
0.97493	1.11725e-02
0.97593	1.18324e-02
0.97593	1.18324e-02
0.97590	1.18043e-02
0.97590	1.18043e-02
0.97590	1.18043e-02
0.97328	1.38787e-02
0.97372	1.42837e-02
0.97783	1.54982e-02
0.98398	1.20863e-02
0.98398	1.20863e-02
0.97833	1.25043e-02
0.97851	1.22450e-02
0.97851	1.22450e-02
0.98246	1.17298e-02
0.97982	1.17093e-02
0.98133	9.27502e-03
0.98132	9.26312e-03
0.98132	9.26312e-03
0.97928	1.02748e-02
0.97925	1.02465e-02
0.96912	1.96710e-03
0.97838	1.12277e-02
0.97838	1.12277e-02
0.98500	4.60505e-03
0.98500	4.60505e-03
0.98500	4.60505e-03
0.98500	4.60505e-03
0.98500	4.60505e-03
0.98910	5.07337e-04
0.98910	5.07337e-04
0.98910	5.07337e-04
0.98926	3.48518e-04
0.98926	3.48518e-04
0.98932	4.08779e-04
0.98932	4.08779e-04
0.98932	4.08779e-04
0.98964	1.34116e-04
0.98971	0.00000e+00
0.98971	0.00000e+00
0.98971	0.00000e+00
0.98966	0.00000e+00
0.98966	0.00000e+00
0.98966	0.00000e+00
0.98966	0.00000e+00
0.98963	0.00000e+00
