0.99243	2.77716e-03
0.98104	8.52618e-03
0.97250	9.78924e-03
0.96864	1.58588e-02
0.97155	1.81017e-02
0.95251	1.46191e-02
0.95021	2.46964e-02
0.94117	3.07540e-02
0.92002	3.58427e-02
0.91303	3.52864e-02
0.90921	2.58369e-02
0.88920	2.49797e-02
0.87710	2.98216e-02
0.87539	3.11679e-02
0.85893	2.61640e-02
0.85940	1.97664e-02
0.85232	2.78474e-02
0.84612	3.68964e-02
0.85816	3.26727e-02
0.83372	5.35244e-02
0.84389	5.10102e-02
0.82534	3.17116e-02
0.81046	4.34429e-02
0.80839	4.41471e-02
0.80212	4.71037e-02
0.79138	4.54544e-02
0.78412	3.95200e-02
0.78289	4.75402e-02
0.77552	5.09670e-02
0.75581	3.32997e-02
0.77825	5.27148e-02
0.72457	6.76114e-02
0.73208	4.97606e-02
0.73647	6.88303e-02
0.73504	7.48978e-02
0.72914	7.28564e-02
0.71634	4.98867e-02
0.68532	9.84310e-02
0.68930	7.17367e-02
0.67808	5.85882e-02
0.66865	6.94397e-02
0.63911	8.86984e-02
0.64322	1.12586e-01
0.63781	1.10182e-01
0.64431	1.04894e-01
0.63796	7.05417e-02
0.61364	8.06353e-02
0.62593	7.36022e-02
0.61859	8.16616e-02
0.61315	8.17709e-02
0.62011	9.88039e-02
0.64833	6.72678e-02
0.64416	7.68769e-02
0.63058	7.51334e-02
0.63274	6.35984e-02
0.61056	5.63801e-02
0.62394	4.79233e-02
0.61688	6.13147e-02
0.61075	7.24724e-02
0.58429	9.08135e-02
0.58649	6.12514e-02
0.57537	9.01463e-02
0.56188	8.84353e-02
0.54934	7.96190e-02
0.52242	1.11951e-01
0.53763	8.08542e-02
0.48948	7.74258e-02
0.52009	9.85643e-02
0.48709	1.11829e-01
0.47158	1.16254e-01
0.51975	9.41197e-02
0.51911	9.63156e-02
0.50765	8.10095e-02
0.54083	1.08393e-01
0.54602	1.01517e-01
0.52228	8.31692e-02
0.54258	6.47861e-02
0.55876	6.68242e-02
0.55453	7.13598e-02
0.55727	7.59092e-02
0.57772	4.50306e-02
0.53176	8.22438e-02
0.54697	7.13189e-02
0.51880	7.89761e-02
0.54567	5.77654e-02
0.53457	6.65894e-02
0.54784	7.62667e-02
0.55617	7.34086e-02
0.53189	7.07829e-02
0.54967	9.41863e-02
0.51996	7.03977e-02
0.54306	7.73952e-02
0.49951	1.18847e-01
0.53321	5.60632e-02
0.51479	8.09494e-02
0.51923	7.45145e-02
0.50342	6.82971e-02
0.52275	5.04315e-02
0.54808	6.54247e-02
0.56448	4.57607e-02
0.57014	3.69297e-02
0.56917	3.81427e-02
0.56471	3.18908e-02
0.58476	4.89319e-02
0.57894	3.76773e-02
0.59274	5.17038e-02
0.59962	5.14014e-02
0.59962	5.14014e-02
0.62786	4.46691e-02
0.60777	5.63864e-02
0.60930	5.83793e-02
0.61302	6.20827e-02
0.61302	6.20827e-02
0.60616	6.33064e-02
0.60616	6.33064e-02
0.63249	6.63895e-02
0.64652	4.94645e-02
0.67962	3.02268e-02
0.68482	2.47017e-02
0.68270	2.51060e-02
0.68204	2.57705e-02
0.68283	2.67737e-02
0.67257	2.21291e-02
0.66768	3.19289e-02
0.67631	5.18355e-02
0.67631	5.18355e-02
0.67177	4.05398e-02
0.69080	4.00718e-02
0.68970	4.70016e-02
0.70321	4.86030e-02
0.71733	6.57429e-02
0.72154	6.25394e-02
0.72096	6.29358e-02
0.73575	5.17568e-02
0.73034	4.34116e-02
0.73110	4.14805e-02
0.72966	4.29308e-02
0.72511	4.13704e-02
0.73981	4.41239e-02
0.74124	4.48479e-02
0.75121	3.73590e-02
0.74804	4.39907e-02
0.74745	4.38654e-02
0.75059	3.60200e-02
0.74332	6.12465e-02
0.74343	6.12819e-02
0.77715	4.73306e-02
0.77826	4.66982e-02
0.77305	4.85748e-02
0.77856	5.14605e-02
0.78470	5.16468e-02
0.79729	5.39935e-02
0.80940	4.94650e-02
0.80814	4.90264e-02
0.81462	5.83212e-02
0.81462	5.83212e-02
0.81634	5.71406e-02
0.81635	5.71408e-02
0.80990	5.42073e-02
0.81525	5.68289e-02
0.81293	5.62597e-02
0.81341	4.89418e-02
0.80658	5.73235e-02
0.80018	5.51228e-02
0.80018	5.51228e-02
0.80963	6.18533e-02
0.82029	5.15800e-02
0.83123	5.08094e-02
0.82650	5.34170e-02
0.81792	4.75400e-02
0.81862	4.72076e-02
0.81862	4.72076e-02
0.82169	4.84840e-02
0.82461	5.19892e-02
0.81994	4.58601e-02
0.82398	4.93734e-02
0.82104	4.64492e-02
0.82382	4.82489e-02
0.83252	3.27989e-02
0.83432	3.43284e-02
0.84027	3.21990e-02
0.84268	3.66372e-02
0.83569	5.26367e-02
0.83569	5.26367e-02
0.83546	5.38244e-02
0.83788	5.56270e-02
0.84229	5.77415e-02
0.83683	5.82139e-02
0.83835	5.88193e-02
0.83655	5.96279e-02
0.85885	5.27293e-02
0.85885	5.27293e-02
0.85677	5.51217e-02
0.86130	5.14384e-02
0.86371	5.54609e-02
0.86031	5.23729e-02
0.86031	5.23729e-02
0.86247	5.41332e-02
0.85997	5.19899e-02
0.85997	5.19899e-02
0.86742	4.22144e-02
0.86595	4.64950e-02
0.87085	4.40485e-02
0.87839	3.09959e-02
0.87848	3.11418e-02
0.87593	3.57688e-02
0.88501	4.92173e-02
0.89112	5.50545e-02
0.88369	4.74396e-02
0.88463	4.34404e-02
0.89461	3.72280e-02
0.88253	3.88125e-02
0.88538	4.17668e-02
0.88960	4.10161e-02
0.89388	4.59936e-02
0.88331	4.23569e-02
0.88331	4.23559e-02
0.88805	4.16699e-02
0.89061	4.10217e-02
0.89770	4.40888e-02
0.89378	3.79633e-02
0.89110	4.21760e-02
0.89312	3.68727e-02
0.89855	3.07241e-02
0.90224	3.34923e-02
0.90402	3.07491e-02
0.90696	3.25412e-02
0.91073	3.47436e-02
0.90918	3.42869e-02
0.91128	3.36568e-02
0.90861	3.86047e-02
0.92400	2.84790e-02
0.92737	2.64469e-02
0.92454	2.58981e-02
0.92471	2.61126e-02
0.93049	2.18818e-02
0.92626	2.65358e-02
0.92626	2.65358e-02
0.92683	2.72739e-02
0.93062	2.69296e-02
0.92575	2.72321e-02
0.92878	2.64640e-02
0.93042	2.57886e-02
0.93265	2.71721e-02
0.93629	2.49763e-02
0.93630	2.82927e-02
0.93219	3.24133e-02
0.92372	3.29099e-02
0.92434	3.49172e-02
0.93361	3.36383e-02
0.93890	2.60100e-02
0.93786	2.47228e-02
0.93839	2.52962e-02
0.93789	2.54133e-02
0.93812	1.73680e-02
0.93873	1.97342e-02
0.94043	1.45094e-02
0.93798	1.10269e-02
0.93930	1.48650e-02
0.94379	1.22532e-02
0.94533	1.55015e-02
0.94581	1.63174e-02
0.94635	1.63212e-02
0.94770	1.76101e-02
0.94740	1.78821e-02
0.94516	1.57082e-02
0.94271	1.23497e-02
0.94135	1.42559e-02
0.93905	1.10238e-02
0.94354	9.23733e-03
0.94673	1.10988e-02
0.94673	1.10988e-02
0.94676	1.24068e-02
0.94675	1.24175e-02
0.94897	1.41987e-02
0.95217	1.37782e-02
0.94850	1.30187e-02
0.94680	1.18321e-02
0.95181	1.52194e-02
0.95188	1.52899e-02
0.94927	1.19090e-02
0.94957	1.26153e-02
0.95179	1.57395e-02
0.95146	1.66439e-02
0.95317	1.57417e-02
0.94936	1.27009e-02
0.94997	1.05065e-02
0.95132	1.10851e-02
0.95425	9.80983e-03
0.94413	1.67978e-02
0.94374	1.68685e-02
0.94606	1.76257e-02
0.94861	1.27368e-02
0.95348	1.03225e-02
0.95348	1.03225e-02
0.95107	1.30323e-02
0.95680	1.57791e-02
0.95352	1.71820e-02
0.94766	1.59139e-02
0.94609	1.54109e-02
0.94551	1.44925e-02
0.94982	1.90773e-02
0.95350	1.90021e-02
0.95350	1.90021e-02
0.95239	1.94834e-02
0.95301	2.01065e-02
0.95123	1.67838e-02
0.94990	1.61943e-02
0.95394	1.60381e-02
0.95777	1.73493e-02
0.95419	2.12366e-02
0.94378	2.20547e-02
0.95005	2.71821e-02
0.95413	2.69096e-02
0.95573	2.74351e-02
0.95874	2.06228e-02
0.95486	2.20966e-02
0.95379	2.20881e-02
0.95576	1.68907e-02
0.95576	1.68907e-02
0.95566	1.50691e-02
0.95602	1.57209e-02
0.95811	1.53109e-02
0.95772	1.53282e-02
0.95603	1.38193e-02
0.95697	1.45534e-02
0.95609	1.92847e-02
0.95659	1.76829e-02
0.96096	2.03771e-02
0.96040	1.92085e-02
0.96231	2.07577e-02
0.95955	2.19989e-02
0.96182	1.97816e-02
0.96131	2.01211e-02
0.96131	2.01211e-02
0.96131	2.01211e-02
0.96263	1.86727e-02
0.96463	2.04788e-02
0.96488	2.03170e-02
0.96672	1.83252e-02
0.96703	1.83816e-02
0.96492	1.89209e-02
0.96492	1.89270e-02
0.95855	1.86700e-02
0.96240	1.76896e-02
0.96014	1.87496e-02
0.96344	1.63256e-02
0.96462	1.57429e-02
0.96720	1.80389e-02
0.96610	1.85989e-02
0.96452	1.83212e-02
0.96465	1.73290e-02
0.96923	1.43414e-02
0.96761	1.59105e-02
0.97298	1.45977e-02
0.97083	1.40450e-02
0.96805	1.58204e-02
0.96614	1.58932e-02
0.96669	1.33467e-02
0.96835	1.65826e-02
0.96814	1.15249e-02
0.96834	1.49801e-02
0.96834	1.49801e-02
0.96696	1.54537e-02
0.96657	1.58690e-02
0.96750	1.54714e-02
0.96979	1.74478e-02
0.97067	1.70897e-02
0.97079	1.70170e-02
0.96556	1.33587e-02
0.96751	1.17671e-02
0.97163	1.22548e-02
0.96944	1.08634e-02
0.96455	2.15924e-02
0.96614	2.23161e-02
0.96612	2.22990e-02
0.95666	1.90152e-02
0.95664	1.90076e-02
0.96649	1.77068e-02
0.96649	1.77008e-02
0.95887	1.03182e-02
0.96228	1.37775e-02
0.96463	1.44239e-02
0.96783	9.56180e-03
0.96797	9.66684e-03
0.96873	1.08879e-02
0.96830	1.13590e-02
0.96830	1.13590e-02
0.96830	1.13590e-02
0.96910	1.19691e-02
0.96910	1.19696e-02
0.96910	1.19696e-02
0.96910	1.19696e-02
0.96644	1.09651e-02
0.96803	9.81830e-03
0.96476	1.53379e-02
0.96476	1.53379e-02
0.97159	1.44981e-02
0.96823	1.17400e-02
0.96823	1.17400e-02
0.96776	1.43517e-02
0.96955	1.75081e-02
0.96995	1.71706e-02
0.96687	1.45746e-02
0.96247	1.44470e-02
0.96231	1.55018e-02
0.96410	1.33650e-02
0.96414	1.33639e-02
0.96903	1.50503e-02
0.96907	1.50127e-02
0.96602	1.13709e-02
0.96821	1.04685e-02
0.97693	1.16926e-02
0.97808	1.12013e-02
0.97901	1.16588e-02
0.98007	9.74643e-03
0.97738	1.52176e-02
0.96644	1.35904e-02
0.96650	1.36163e-02
0.96650	1.36163e-02
0.96491	1.49695e-02
0.96491	1.49695e-02
0.96494	1.49398e-02
0.96836	1.72172e-02
0.97147	1.39578e-02
0.97415	1.28811e-02
0.97415	1.28811e-02
0.98078	1.27772e-02
0.97787	1.27185e-02
0.97956	1.09654e-02
0.97956	1.09654e-02
0.97952	1.09161e-02
0.97952	1.09161e-02
0.97952	1.09161e-02
0.97953	1.09210e-02
0.97728	1.19092e-02
0.97726	1.18768e-02
0.98192	1.09553e-02
0.98191	1.09472e-02
0.97589	8.43339e-03
0.97620	8.12333e-03
0.96583	2.25583e-03
0.96583	2.25583e-03
0.96584	2.27088e-03
0.96584	2.27088e-03
0.97686	8.80818e-03
0.97686	8.80818e-03
0.97686	8.80818e-03
0.96775	3.00248e-04
0.97761	9.56172e-03
0.97761	9.56172e-03
0.96835	8.40609e-04
0.96882	1.30826e-03
0.97871	8.58430e-03
0.97871	8.58430e-03
0.97871	8.58430e-03
0.97888	8.41210e-03
0.98032	1.02926e-02
0.98032	1.02926e-02
0.98032	1.02926e-02
0.98032	1.02926e-02
0.98032	1.02926e-02
0.98032	1.02926e-02
0.98029	1.02590e-02
0.98029	1.02590e-02
0.99127	7.25037e-04
0.99083	2.81003e-04
0.99081	2.99575e-04
0.99111	0.00000e+00
0.99111	0.00000e+00
0.99098	0.00000e+00
0.99094	0.00000e+00
