0.93133	6.53695e-02
0.93913	1.31368e-02
0.92573	1.73792e-02
0.91771	2.54806e-02
0.89962	1.51024e-02
0.88433	3.54964e-02
0.87015	3.88355e-02
0.87034	4.84665e-02
0.85388	3.03890e-02
0.83841	4.24395e-02
0.81841	5.38531e-02
0.80884	4.35383e-02
0.79248	6.48468e-02
0.77944	6.77758e-02
0.78406	7.30822e-02
0.75551	6.33464e-02
0.73990	6.43930e-02
0.72633	7.46507e-02
0.72632	6.54160e-02
0.71818	9.28750e-02
0.69090	1.13680e-01
0.66727	1.09243e-01
0.68697	1.21708e-01
0.68948	1.24294e-01
0.64255	1.26195e-01
0.63505	1.24583e-01
0.60700	1.69783e-01
0.59370	1.54810e-01
0.62368	1.37471e-01
0.60147	1.69789e-01
0.62873	1.27157e-01
0.60561	1.26979e-01
0.61044	9.73790e-02
0.56105	1.38986e-01
0.54199	1.11219e-01
0.55100	8.55753e-02
0.57093	1.19883e-01
0.52118	1.24827e-01
0.53992	1.10470e-01
0.49248	1.51129e-01
0.48890	1.29485e-01
0.46491	9.22100e-02
0.44542	1.24619e-01
0.49530	1.57283e-01
0.50749	1.24170e-01
0.45422	1.30058e-01
0.41788	1.50700e-01
0.46349	9.87421e-02
0.44126	1.10068e-01
0.39631	1.83184e-01
0.47344	9.96832e-02
0.41965	9.35319e-02
0.42136	1.16445e-01
0.38291	1.08139e-01
0.38939	1.04594e-01
0.44752	9.12945e-02
0.45586	8.76432e-02
0.39661	1.18887e-01
0.39604	1.25791e-01
0.40931	1.23366e-01
0.41123	1.04944e-01
0.43889	1.13981e-01
0.41063	1.29789e-01
0.41857	1.09796e-01
0.39945	1.21811e-01
0.38076	1.44820e-01
0.35613	1.26095e-01
0.38887	1.55750e-01
0.34504	1.01081e-01
0.35584	1.63215e-01
0.40348	8.98708e-02
0.37533	1.11044e-01
0.37280	1.14452e-01
0.38214	1.37574e-01
0.42567	1.09599e-01
0.34914	1.45674e-01
0.35333	1.24728e-01
0.36678	9.16831e-02
0.41863	1.06215e-01
0.39616	1.43506e-01
0.33911	1.31041e-01
0.37102	1.26808e-01
0.35158	1.26072e-01
0.35312	1.46422e-01
0.33335	9.13839e-02
0.40866	3.73278e-02
0.36957	1.01997e-01
0.39669	6.86914e-02
0.40839	7.08281e-02
0.38736	1.06651e-01
0.38145	7.03842e-02
0.37291	1.00457e-01
0.37730	8.43642e-02
0.35977	1.26204e-01
0.36032	6.95164e-02
0.35127	5.34662e-02
0.33380	9.01048e-02
0.35392	1.05784e-01
0.34525	7.41706e-02
0.38374	8.50525e-02
0.38133	8.83476e-02
0.39489	9.32859e-02
0.41852	7.48119e-02
0.41487	6.87416e-02
0.42045	7.43743e-02
0.42045	7.43743e-02
0.42261	6.96093e-02
0.44032	7.84268e-02
0.43154	8.21544e-02
0.40815	9.97585e-02
0.40815	9.97585e-02
0.41100	1.02432e-01
0.41521	1.04705e-01
0.42589	1.10741e-01
0.44216	1.06504e-01
0.44581	1.06323e-01
0.45364	9.45814e-02
0.46312	1.03925e-01
0.46721	1.04027e-01
0.47550	1.08752e-01
0.50927	9.73232e-02
0.50642	9.80108e-02
0.49199	9.64164e-02
0.50159	8.04561e-02
0.50457	8.28377e-02
0.51176	4.93282e-02
0.53736	6.91027e-02
0.53579	6.78349e-02
0.53758	6.98364e-02
0.54146	6.44494e-02
0.54146	6.44494e-02
0.55171	5.75208e-02
0.55105	5.76590e-02
0.55372	5.97968e-02
0.53879	6.08868e-02
0.53752	6.00606e-02
0.54405	6.19999e-02
0.53972	5.63093e-02
0.53497	9.92212e-02
0.53868	1.01187e-01
0.53955	9.02868e-02
0.54974	9.56231e-02
0.55918	9.68792e-02
0.56121	1.04367e-01
0.56121	1.04367e-01
0.56224	1.04886e-01
0.57777	1.18422e-01
0.58242	1.02047e-01
0.60301	7.51326e-02
0.60709	7.88384e-02
0.61260	8.38225e-02
0.60486	8.34176e-02
0.62246	7.82784e-02
0.62122	7.85294e-02
0.63242	5.91997e-02
0.63604	6.34294e-02
0.65369	6.39492e-02
0.66758	4.21841e-02
0.65683	6.11380e-02
0.66722	6.97920e-02
0.64891	7.00371e-02
0.65787	7.78834e-02
0.66953	6.44738e-02
0.67687	6.24846e-02
0.66464	5.51710e-02
0.66674	5.49741e-02
0.66821	5.94647e-02
0.67237	5.73034e-02
0.67026	5.58698e-02
0.66743	5.50481e-02
0.66026	5.82032e-02
0.67449	5.78677e-02
0.68249	6.68546e-02
0.67597	5.83027e-02
0.67547	5.83408e-02
0.68773	6.61188e-02
0.69479	6.67779e-02
0.68633	6.15993e-02
0.68985	6.22720e-02
0.69236	6.38071e-02
0.69236	6.38071e-02
0.68150	6.40383e-02
0.68706	6.62198e-02
0.69596	6.67667e-02
0.69596	6.67667e-02
0.70352	6.48869e-02
0.70665	6.10039e-02
0.70528	6.25897e-02
0.69700	6.22990e-02
0.70783	5.92675e-02
0.70593	5.94959e-02
0.71687	6.01484e-02
0.73405	5.69354e-02
0.73145	5.57261e-02
0.73129	5.57173e-02
0.73129	5.57173e-02
0.72974	5.42723e-02
0.73164	5.79295e-02
0.73164	5.79295e-02
0.73205	5.78679e-02
0.73137	6.36193e-02
0.73177	5.95375e-02
0.73779	6.64019e-02
0.73908	6.72128e-02
0.74200	6.96674e-02
0.73495	6.92066e-02
0.73030	6.84625e-02
0.73050	6.82669e-02
0.72563	7.58841e-02
0.72721	7.56200e-02
0.73032	7.73470e-02
0.73184	7.88249e-02
0.73083	7.90122e-02
0.74540	6.26874e-02
0.74657	6.02820e-02
0.75113	4.99090e-02
0.75643	5.24921e-02
0.76131	5.35228e-02
0.76747	5.19627e-02
0.76995	4.74196e-02
0.76982	4.71742e-02
0.77281	4.27811e-02
0.78013	4.39722e-02
0.77732	5.37257e-02
0.78467	5.32141e-02
0.78194	4.73951e-02
0.78449	4.97212e-02
0.78336	5.08337e-02
0.78336	5.08337e-02
0.78608	4.39828e-02
0.78890	3.63127e-02
0.78930	3.29922e-02
0.78516	4.31551e-02
0.78747	4.34458e-02
0.78981	4.07575e-02
0.78600	3.67533e-02
0.77884	3.91420e-02
0.78417	3.50271e-02
0.79856	3.99622e-02
0.79856	3.99622e-02
0.80106	4.10990e-02
0.80371	4.02959e-02
0.79863	4.28445e-02
0.79863	4.28445e-02
0.79821	4.27698e-02
0.79658	4.18917e-02
0.79304	3.43532e-02
0.78604	4.14827e-02
0.78605	4.14895e-02
0.79416	5.21851e-02
0.79484	5.36192e-02
0.79253	5.30122e-02
0.80547	3.41279e-02
0.80991	3.76148e-02
0.81222	3.44977e-02
0.81483	3.64378e-02
0.80748	4.69384e-02
0.81733	4.14731e-02
0.82173	3.46025e-02
0.81517	3.41954e-02
0.80962	3.02685e-02
0.81076	3.04157e-02
0.81415	3.50463e-02
0.81421	3.49965e-02
0.81670	3.69594e-02
0.81413	3.72667e-02
0.81524	3.73951e-02
0.81098	4.80644e-02
0.81333	4.78842e-02
0.82130	2.82502e-02
0.82769	3.70086e-02
0.81808	3.73882e-02
0.82772	3.68406e-02
0.83996	4.08875e-02
0.83793	4.00471e-02
0.83908	3.99065e-02
0.84050	3.29401e-02
0.83467	4.08796e-02
0.83434	3.57997e-02
0.84625	3.03909e-02
0.85105	3.57678e-02
0.84614	3.09987e-02
0.84638	3.12601e-02
0.84666	3.20027e-02
0.84676	3.20091e-02
0.84704	3.20235e-02
0.84720	3.27941e-02
0.85139	2.67662e-02
0.84618	2.53698e-02
0.84545	2.53950e-02
0.84974	2.79101e-02
0.85492	3.28493e-02
0.85495	3.28923e-02
0.85465	3.26370e-02
0.85245	2.98086e-02
0.85678	3.21542e-02
0.86052	3.26664e-02
0.85630	3.78392e-02
0.85336	3.42551e-02
0.85707	3.76137e-02
0.86157	3.22371e-02
0.85757	3.05373e-02
0.85761	3.05601e-02
0.85761	3.05601e-02
0.85147	3.28641e-02
0.85433	3.67437e-02
0.85354	3.59272e-02
0.85787	3.19333e-02
0.85744	3.28215e-02
0.85871	3.47337e-02
0.85889	3.60156e-02
0.85884	3.05853e-02
0.85876	3.06022e-02
0.85707	3.30647e-02
0.86404	3.84944e-02
0.87173	3.19327e-02
0.87071	3.30952e-02
0.87254	2.98401e-02
0.87616	2.89966e-02
0.87516	2.84762e-02
0.87512	2.83049e-02
0.87582	2.89530e-02
0.87582	2.89530e-02
0.87887	2.73609e-02
0.87887	2.73609e-02
0.87359	3.09966e-02
0.86867	3.41810e-02
0.87007	3.32800e-02
0.87189	3.17773e-02
0.86896	3.00111e-02
0.86637	2.91754e-02
0.86637	2.91754e-02
0.87484	3.41494e-02
0.88291	3.51375e-02
0.88457	3.54943e-02
0.89305	3.73711e-02
0.89257	3.84357e-02
0.89919	3.69235e-02
0.89919	3.69235e-02
0.89409	3.80765e-02
0.89369	3.54905e-02
0.88813	3.75813e-02
0.88460	3.32307e-02
0.88972	3.85937e-02
0.88972	3.85937e-02
0.88480	3.73868e-02
0.88359	3.84410e-02
0.88359	3.84410e-02
0.88276	3.70166e-02
0.87626	3.28022e-02
0.87680	3.26121e-02
0.87683	3.26138e-02
0.87683	3.26138e-02
0.88287	3.44965e-02
0.88287	3.44965e-02
0.88315	3.49855e-02
0.88318	3.61444e-02
0.87658	4.11328e-02
0.88172	4.66131e-02
0.87426	4.22509e-02
0.87096	3.82871e-02
0.87768	3.20014e-02
0.87494	3.68070e-02
0.88196	4.05079e-02
0.88427	4.08413e-02
0.89343	3.03628e-02
0.89081	2.67830e-02
0.89072	2.69173e-02
0.89072	2.69173e-02
0.89015	2.77626e-02
0.88971	3.03554e-02
0.88669	3.52106e-02
0.88814	3.66016e-02
0.88812	3.65929e-02
0.89107	3.42409e-02
0.89897	3.17041e-02
0.90274	3.43333e-02
0.90167	3.43383e-02
0.90844	3.63557e-02
0.90828	3.63028e-02
0.90901	3.65978e-02
0.91008	3.76063e-02
0.91342	4.04434e-02
0.91342	4.04434e-02
0.91606	4.09412e-02
0.91193	4.02965e-02
0.91166	3.70328e-02
0.91255	4.62010e-02
0.91297	4.66828e-02
0.91428	4.51790e-02
0.91389	4.31355e-02
0.92011	4.84385e-02
0.91972	4.81058e-02
0.91104	4.33175e-02
0.91678	4.43979e-02
0.91678	4.43979e-02
0.91678	4.43979e-02
0.92164	4.89129e-02
0.93155	3.86931e-02
0.93269	3.81224e-02
0.92573	3.64866e-02
0.92601	3.66233e-02
0.92610	3.66703e-02
0.92822	3.40285e-02
0.92822	3.40285e-02
0.92822	3.40285e-02
0.93310	3.19115e-02
0.93310	3.19115e-02
0.93393	3.22813e-02
0.92956	3.89866e-02
0.92424	4.22528e-02
0.93036	4.17754e-02
0.91728	4.51287e-02
0.92787	3.04030e-02
0.92962	3.01459e-02
0.92704	3.60642e-02
0.92704	3.60642e-02
0.93158	3.95919e-02
0.94089	2.50401e-02
0.94135	2.45620e-02
0.94083	2.63294e-02
0.94081	2.63384e-02
0.94086	2.64077e-02
0.93416	2.55166e-02
0.93604	2.91061e-02
0.94817	1.64970e-02
0.94417	1.99227e-02
0.94407	1.97966e-02
0.94146	5.04290e-03
0.92667	1.37396e-03
0.92530	0.00000e+00
0.92530	0.00000e+00
0.94265	0.00000e+00
