0.95430	1.89084e-02
0.95342	1.21517e-02
0.94097	1.36790e-02
0.93521	1.50747e-02
0.91512	2.12904e-02
0.90400	1.96019e-02
0.90050	2.82168e-02
0.89935	3.18406e-02
0.87620	3.22446e-02
0.86601	3.09453e-02
0.85494	3.04267e-02
0.86782	1.96435e-02
0.83458	2.99352e-02
0.83372	2.51129e-02
0.81011	3.62980e-02
0.80055	3.58331e-02
0.78018	3.98107e-02
0.78412	4.62590e-02
0.77026	5.14440e-02
0.77325	4.81655e-02
0.76464	3.71880e-02
0.75269	5.87041e-02
0.75016	4.50371e-02
0.72487	4.37436e-02
0.71815	5.42405e-02
0.71220	6.60677e-02
0.69967	6.42313e-02
0.66917	8.51745e-02
0.63773	9.90368e-02
0.62363	8.66363e-02
0.65620	6.51889e-02
0.65840	4.22650e-02
0.61181	6.93434e-02
0.63556	5.32194e-02
0.60366	6.61150e-02
0.63334	6.08830e-02
0.57640	6.59617e-02
0.56844	1.24246e-01
0.58171	1.23349e-01
0.52594	1.11230e-01
0.51868	1.18260e-01
0.47810	1.17841e-01
0.46398	1.54426e-01
0.45901	1.60299e-01
0.50188	1.29781e-01
0.50632	1.15532e-01
0.49995	1.12772e-01
0.46811	1.40871e-01
0.43991	1.35227e-01
0.43020	1.19047e-01
0.41420	1.46578e-01
0.44032	1.21366e-01
0.46973	1.03606e-01
0.47479	8.23344e-02
0.48586	9.18221e-02
0.47398	1.06858e-01
0.49513	1.11143e-01
0.45633	7.86594e-02
0.42852	1.03577e-01
0.41450	1.00833e-01
0.39225	1.07262e-01
0.45592	1.23298e-01
0.39324	1.04073e-01
0.40422	9.00071e-02
0.41764	7.09930e-02
0.37985	5.31893e-02
0.36488	9.57462e-02
0.32052	9.57997e-02
0.35000	9.11986e-02
0.37401	5.66357e-02
0.34334	5.42483e-02
0.35728	6.58433e-02
0.34233	8.20825e-02
0.34079	9.61117e-02
0.34542	8.50539e-02
0.35077	7.93313e-02
0.34827	7.38619e-02
0.37644	8.00482e-02
0.41340	1.09924e-01
0.41111	9.16680e-02
0.41703	1.10275e-01
0.36208	8.80855e-02
0.42625	1.16726e-01
0.40862	7.84652e-02
0.44084	5.83116e-02
0.42243	6.51812e-02
0.44327	8.69861e-02
0.41143	7.70875e-02
0.43439	9.80660e-02
0.43455	4.87396e-02
0.41951	4.75960e-02
0.43481	5.73568e-02
0.40383	7.73583e-02
0.39903	8.16573e-02
0.42974	9.22343e-02
0.40992	9.76541e-02
0.38938	7.30916e-02
0.43344	6.72163e-02
0.41379	5.19862e-02
0.42641	6.11559e-02
0.42590	6.44098e-02
0.44174	6.95582e-02
0.46797	6.94566e-02
0.48065	7.55806e-02
0.49151	5.56162e-02
0.49151	5.56162e-02
0.48515	6.38263e-02
0.50200	6.98077e-02
0.49856	9.31268e-02
0.49839	8.99913e-02
0.48723	8.40454e-02
0.50294	7.41552e-02
0.50385	7.51230e-02
0.49670	7.96932e-02
0.50184	7.36564e-02
0.52792	5.25850e-02
0.54023	6.26382e-02
0.54233	6.20769e-02
0.52745	9.45003e-02
0.52996	9.27753e-02
0.53095	9.34079e-02
0.53742	9.83756e-02
0.54897	9.62788e-02
0.54654	9.42347e-02
0.56022	9.23942e-02
0.56104	9.26822e-02
0.56746	9.75674e-02
0.55484	9.50807e-02
0.55047	9.21442e-02
0.58532	4.46093e-02
0.61121	4.84336e-02
0.61995	3.76639e-02
0.60860	6.64134e-02
0.60626	6.88765e-02
0.60963	7.08843e-02
0.61665	7.48043e-02
0.62119	7.93190e-02
0.62037	7.78790e-02
0.62974	8.83388e-02
0.63386	8.80240e-02
0.63701	8.65165e-02
0.64927	8.40031e-02
0.64945	8.45967e-02
0.65268	8.69284e-02
0.65647	9.04981e-02
0.66586	9.90879e-02
0.66299	1.01550e-01
0.66541	1.00257e-01
0.67510	7.00265e-02
0.69226	5.88798e-02
0.68664	6.00345e-02
0.67315	8.65180e-02
0.67439	8.98254e-02
0.68338	9.34568e-02
0.69470	5.92984e-02
0.69692	5.34738e-02
0.70091	5.60819e-02
0.70554	6.03053e-02
0.70554	6.03053e-02
0.71025	6.40157e-02
0.71790	5.92499e-02
0.71540	6.19309e-02
0.72359	5.81641e-02
0.72167	5.89351e-02
0.72953	5.88334e-02
0.72271	5.52252e-02
0.72672	5.73973e-02
0.72867	4.82583e-02
0.72877	4.83848e-02
0.73118	5.83229e-02
0.72500	6.40629e-02
0.72110	6.38210e-02
0.71822	5.98883e-02
0.73340	6.21132e-02
0.73825	6.25944e-02
0.73761	5.49675e-02
0.73891	5.50795e-02
0.73462	4.86524e-02
0.73480	4.18878e-02
0.73102	4.81643e-02
0.73951	4.23348e-02
0.75053	3.91832e-02
0.76181	3.25622e-02
0.76049	3.24789e-02
0.76614	2.32725e-02
0.76334	4.20219e-02
0.76794	4.36942e-02
0.75307	4.16294e-02
0.76482	3.84200e-02
0.76280	3.85665e-02
0.76843	3.49326e-02
0.76843	3.49326e-02
0.77446	3.59001e-02
0.77364	3.70636e-02
0.78035	4.56175e-02
0.78766	4.15993e-02
0.78767	4.15800e-02
0.78515	4.07220e-02
0.78332	4.67709e-02
0.78525	4.87642e-02
0.78773	4.95743e-02
0.79384	5.51701e-02
0.79261	5.05368e-02
0.80073	2.56353e-02
0.80515	2.72358e-02
0.80592	2.69206e-02
0.79958	3.05088e-02
0.80086	2.72564e-02
0.80024	2.72899e-02
0.80724	2.30548e-02
0.80371	3.17570e-02
0.80842	3.28727e-02
0.80118	3.44752e-02
0.80445	3.61802e-02
0.80889	4.29170e-02
0.80897	4.39669e-02
0.81603	3.18718e-02
0.83255	2.95042e-02
0.83212	2.80037e-02
0.83173	2.81992e-02
0.83498	2.93847e-02
0.82898	3.58387e-02
0.82265	3.22639e-02
0.81471	2.67142e-02
0.82091	2.85893e-02
0.83151	3.65927e-02
0.83233	3.65683e-02
0.83608	3.89232e-02
0.83588	3.88677e-02
0.83996	4.21715e-02
0.83996	4.21715e-02
0.84039	4.25692e-02
0.84596	3.80037e-02
0.84979	3.92754e-02
0.85506	2.84961e-02
0.85533	2.31101e-02
0.85759	2.76162e-02
0.85351	3.71913e-02
0.85361	3.71509e-02
0.84887	3.11401e-02
0.84574	3.20383e-02
0.85032	2.46559e-02
0.85598	2.56966e-02
0.85476	2.32438e-02
0.85473	2.62962e-02
0.85586	2.39797e-02
0.85997	2.99366e-02
0.86033	3.00021e-02
0.86028	3.00380e-02
0.86210	3.18162e-02
0.86383	3.28367e-02
0.86151	3.31384e-02
0.86427	3.16077e-02
0.86564	3.60252e-02
0.86993	3.43448e-02
0.86424	3.11523e-02
0.87328	1.75603e-02
0.87371	1.79937e-02
0.87882	2.13258e-02
0.87867	2.29381e-02
0.87448	2.24432e-02
0.88173	2.20161e-02
0.88056	2.12743e-02
0.87967	2.45327e-02
0.87010	2.75648e-02
0.87325	2.82638e-02
0.86832	2.50916e-02
0.86832	2.50916e-02
0.86844	2.56938e-02
0.86798	2.62132e-02
0.86943	2.61941e-02
0.86910	2.62039e-02
0.87063	2.64903e-02
0.87736	2.60824e-02
0.87339	2.47184e-02
0.87015	2.33531e-02
0.87285	2.49774e-02
0.87291	2.50246e-02
0.87685	2.22565e-02
0.87982	1.64430e-02
0.88094	1.79032e-02
0.88089	1.79603e-02
0.88092	1.86027e-02
0.87745	2.18336e-02
0.88230	1.25237e-02
0.88084	1.25823e-02
0.88457	1.13903e-02
0.88908	1.74063e-02
0.89279	2.20566e-02
0.89216	2.31169e-02
0.88602	2.34269e-02
0.88670	2.44234e-02
0.88670	2.44234e-02
0.88965	2.44770e-02
0.89583	2.07017e-02
0.89748	1.76276e-02
0.89248	1.70525e-02
0.89248	1.70525e-02
0.89433	1.79346e-02
0.89288	1.62946e-02
0.89442	1.45024e-02
0.88902	1.93079e-02
0.88788	2.60345e-02
0.88737	2.61680e-02
0.88669	2.34997e-02
0.88361	2.08979e-02
0.88651	2.47738e-02
0.88578	2.44280e-02
0.89601	3.02322e-02
0.89601	3.02322e-02
0.89717	2.99696e-02
0.89808	2.83345e-02
0.90086	2.40168e-02
0.90224	2.46280e-02
0.89659	2.43056e-02
0.90393	2.26797e-02
0.89789	2.62864e-02
0.89601	2.39864e-02
0.89769	2.32479e-02
0.89790	2.32313e-02
0.89815	2.31007e-02
0.90113	2.49052e-02
0.90217	2.58329e-02
0.89746	2.16949e-02
0.89274	1.56292e-02
0.89686	1.96331e-02
0.90010	2.25413e-02
0.90277	2.04304e-02
0.90278	2.04192e-02
0.89913	1.99735e-02
0.89570	1.86806e-02
0.90077	2.58486e-02
0.90386	2.83629e-02
0.90528	2.96760e-02
0.90555	3.32846e-02
0.91037	2.45622e-02
0.90637	2.47397e-02
0.90671	2.52201e-02
0.90669	2.52841e-02
0.91280	2.18187e-02
0.91284	2.17804e-02
0.90947	1.98114e-02
0.90560	1.50430e-02
0.90806	1.85608e-02
0.91444	2.02736e-02
0.91493	2.05740e-02
0.91609	2.33028e-02
0.91644	2.29284e-02
0.91949	2.66010e-02
0.91786	2.41703e-02
0.91954	2.53374e-02
0.91732	3.27222e-02
0.91733	3.27269e-02
0.92018	3.56414e-02
0.92197	3.65763e-02
0.91933	3.74626e-02
0.92414	3.66330e-02
0.92669	2.93932e-02
0.92986	2.91873e-02
0.93028	2.92818e-02
0.93038	2.93414e-02
0.93499	2.21123e-02
0.93343	2.39717e-02
0.93299	3.23454e-02
0.93413	3.11523e-02
0.93021	3.08632e-02
0.93789	3.40844e-02
0.94847	1.93946e-02
0.94993	1.99259e-02
0.94610	1.93839e-02
0.94381	2.35511e-02
0.94203	1.95741e-02
0.94203	1.95741e-02
0.93407	2.48508e-02
0.94282	1.96657e-02
0.92415	2.62887e-02
0.92415	2.62887e-02
0.92415	2.62887e-02
0.92415	2.62887e-02
0.92415	2.62887e-02
0.92415	2.62887e-02
0.92415	2.62887e-02
0.92248	2.54437e-02
0.92291	2.58461e-02
0.93203	1.91499e-02
0.93567	2.26310e-02
0.93567	2.26310e-02
0.92415	1.54554e-02
0.92415	1.54554e-02
0.92415	1.54554e-02
0.93691	2.39500e-02
0.93691	2.39500e-02
0.93927	2.08518e-02
0.93915	2.08324e-02
0.93619	2.65999e-02
0.93619	2.65999e-02
0.93619	2.65999e-02
0.94507	1.77246e-02
0.93628	2.65093e-02
0.93628	2.65093e-02
0.94087	2.19261e-02
0.94087	2.19261e-02
0.94087	2.19261e-02
0.94087	2.19261e-02
0.94087	2.19261e-02
0.94087	2.19261e-02
0.94087	2.19261e-02
0.94260	2.01890e-02
0.94260	2.01890e-02
0.94260	2.01890e-02
0.94260	2.01890e-02
0.94260	2.01890e-02
0.94260	2.01890e-02
0.94260	2.01890e-02
0.94260	2.01890e-02
0.94629	1.64995e-02
0.94004	3.68866e-03
0.94004	3.68866e-03
0.94004	3.68866e-03
0.94994	1.35912e-02
0.94651	1.70254e-02
0.94648	1.70052e-02
0.94648	1.70052e-02
0.94648	1.70052e-02
0.94697	1.65230e-02
0.95582	7.66594e-03
0.95582	7.66594e-03
0.95846	4.96362e-03
0.95349	0.00000e+00
0.95393	0.00000e+00
0.95393	0.00000e+00
0.95393	0.00000e+00
0.95393	0.00000e+00
0.97283	0.00000e+00
0.97283	0.00000e+00
0.97303	0.00000e+00
0.97303	0.00000e+00
0.97314	0.00000e+00
