0.99328	6.58771e-04
0.98267	8.59467e-03
0.97686	1.24207e-02
0.97525	1.77040e-02
0.97300	1.65730e-02
0.96403	7.91508e-03
0.96137	1.69269e-02
0.94575	9.82332e-03
0.94549	2.16374e-02
0.91715	2.14683e-02
0.92298	1.45840e-02
0.89876	2.00546e-02
0.89527	1.47179e-02
0.88294	3.01635e-02
0.86090	3.11989e-02
0.87523	2.72316e-02
0.84573	4.10333e-02
0.84680	3.40710e-02
0.84173	3.06371e-02
0.85238	4.58169e-02
0.85185	3.39031e-02
0.83691	3.99610e-02
0.81722	4.43233e-02
0.82909	5.17863e-02
0.81558	4.72972e-02
0.80533	5.91764e-02
0.79692	3.88273e-02
0.78245	4.19332e-02
0.78458	4.51853e-02
0.80168	3.41502e-02
0.80155	5.31263e-02
0.74132	5.72278e-02
0.76380	3.52117e-02
0.72928	5.63278e-02
0.73435	5.12749e-02
0.74055	6.08050e-02
0.71882	5.93087e-02
0.70762	6.44979e-02
0.73746	6.76542e-02
0.71342	7.64464e-02
0.68950	7.63947e-02
0.69546	8.32057e-02
0.69633	7.69792e-02
0.70674	8.63656e-02
0.69082	1.05518e-01
0.68647	1.06601e-01
0.69005	9.47850e-02
0.68834	6.36617e-02
0.67524	5.43174e-02
0.67019	7.49994e-02
0.64854	6.68358e-02
0.65679	7.64830e-02
0.65276	5.81817e-02
0.62875	6.55242e-02
0.63518	4.37154e-02
0.64692	6.40463e-02
0.66036	6.27947e-02
0.65327	5.32989e-02
0.62914	7.16661e-02
0.62912	7.65100e-02
0.64585	7.46357e-02
0.64210	7.98240e-02
0.60868	6.43335e-02
0.59833	8.34756e-02
0.62141	7.46211e-02
0.58375	8.22131e-02
0.59226	7.33054e-02
0.60690	7.80717e-02
0.58589	7.55696e-02
0.57009	6.34259e-02
0.57123	6.91580e-02
0.56718	7.30497e-02
0.57611	5.61451e-02
0.59375	6.02579e-02
0.58229	5.36429e-02
0.59675	5.88891e-02
0.58736	3.73474e-02
0.56940	6.26757e-02
0.57599	4.39203e-02
0.59653	4.58560e-02
0.58200	7.12968e-02
0.57556	4.04588e-02
0.60700	4.78971e-02
0.57674	4.59826e-02
0.56978	6.02838e-02
0.57585	5.70725e-02
0.60791	8.51743e-02
0.57612	6.45803e-02
0.54613	6.78042e-02
0.56262	7.34088e-02
0.55681	7.91888e-02
0.58838	8.33181e-02
0.55778	8.02158e-02
0.55357	4.67426e-02
0.54625	6.78594e-02
0.56893	9.77444e-02
0.52338	8.66102e-02
0.57750	6.52662e-02
0.53347	8.70191e-02
0.59739	4.78391e-02
0.59159	5.89220e-02
0.59643	6.19882e-02
0.59315	5.93709e-02
0.59724	6.48498e-02
0.58265	8.39316e-02
0.60291	7.18098e-02
0.59492	6.85221e-02
0.60948	6.49277e-02
0.61454	6.74416e-02
0.61556	5.98095e-02
0.62941	4.89798e-02
0.64709	3.98154e-02
0.64709	3.98154e-02
0.65819	4.10338e-02
0.65286	3.34629e-02
0.65519	3.95410e-02
0.67076	4.48326e-02
0.66628	3.83748e-02
0.66817	5.91218e-02
0.67053	6.04132e-02
0.68820	6.27891e-02
0.68820	6.27891e-02
0.68189	5.57867e-02
0.69671	5.84865e-02
0.68545	6.12113e-02
0.71749	3.06495e-02
0.71497	3.17239e-02
0.72763	4.83651e-02
0.73248	4.83739e-02
0.73205	3.99312e-02
0.73431	4.17986e-02
0.73868	4.50686e-02
0.73092	4.28347e-02
0.73295	4.83711e-02
0.73613	4.42078e-02
0.74118	4.51580e-02
0.75156	4.93741e-02
0.74471	4.32540e-02
0.76231	4.00339e-02
0.76633	3.91628e-02
0.77886	2.26751e-02
0.77143	3.49171e-02
0.77796	3.93702e-02
0.77695	3.95393e-02
0.77802	4.10085e-02
0.77645	3.93133e-02
0.77386	3.82710e-02
0.76834	4.03132e-02
0.76699	3.65238e-02
0.77738	3.69769e-02
0.77738	3.69769e-02
0.78843	3.21820e-02
0.78829	3.19910e-02
0.80160	4.60834e-02
0.79872	3.76960e-02
0.79872	3.76960e-02
0.78427	4.87567e-02
0.78563	5.13446e-02
0.78461	4.98336e-02
0.78584	5.18823e-02
0.80814	4.93399e-02
0.81605	5.13925e-02
0.81638	5.16355e-02
0.81336	4.75501e-02
0.82684	4.92964e-02
0.81709	4.72070e-02
0.81552	4.83993e-02
0.82232	4.64600e-02
0.82275	4.66611e-02
0.81596	4.80025e-02
0.80990	3.62579e-02
0.81753	4.45258e-02
0.81258	4.36264e-02
0.82467	3.96490e-02
0.84373	5.31389e-02
0.85663	4.28369e-02
0.85211	4.05085e-02
0.85681	4.15480e-02
0.85794	3.96292e-02
0.85726	3.38487e-02
0.85633	2.78670e-02
0.86143	3.20379e-02
0.85985	3.22981e-02
0.85434	3.39249e-02
0.85665	3.96824e-02
0.85352	3.86181e-02
0.84672	3.15631e-02
0.84107	3.74393e-02
0.84107	3.74393e-02
0.84463	5.91337e-02
0.84061	5.10850e-02
0.84320	4.98613e-02
0.84834	4.71727e-02
0.85437	4.16541e-02
0.86172	4.22037e-02
0.86557	4.15934e-02
0.86758	4.17894e-02
0.86766	4.18963e-02
0.87028	4.28741e-02
0.88995	3.51323e-02
0.87461	4.26638e-02
0.88133	3.82025e-02
0.88066	3.98026e-02
0.88763	3.45023e-02
0.89117	2.37406e-02
0.89199	2.98368e-02
0.89199	2.98422e-02
0.89243	2.81552e-02
0.89362	2.90827e-02
0.89775	3.83888e-02
0.89502	4.31261e-02
0.90044	4.28630e-02
0.89666	4.60790e-02
0.90226	4.14209e-02
0.90448	4.35978e-02
0.90801	3.75189e-02
0.90395	3.79423e-02
0.91015	2.97074e-02
0.90012	3.69392e-02
0.89387	4.20993e-02
0.90455	4.42810e-02
0.90185	4.28407e-02
0.90542	3.73261e-02
0.90639	3.64028e-02
0.90415	3.06721e-02
0.90281	3.05463e-02
0.89700	2.88678e-02
0.90036	3.10000e-02
0.90069	3.16848e-02
0.90922	2.53444e-02
0.91232	2.24460e-02
0.91648	2.29923e-02
0.91628	2.62418e-02
0.90527	2.30926e-02
0.92214	3.15929e-02
0.93045	2.82445e-02
0.93217	2.85818e-02
0.93217	2.85818e-02
0.93313	3.04397e-02
0.93685	2.72785e-02
0.93777	2.63929e-02
0.93777	2.63929e-02
0.94132	1.80992e-02
0.93986	2.15418e-02
0.93788	2.47044e-02
0.93668	2.72496e-02
0.92890	2.44150e-02
0.93683	1.60689e-02
0.93155	2.15699e-02
0.93261	2.21661e-02
0.93478	2.28181e-02
0.93757	1.97239e-02
0.93635	2.17076e-02
0.93606	2.45950e-02
0.93602	2.08077e-02
0.93495	2.51718e-02
0.93074	2.42288e-02
0.93881	1.99031e-02
0.93755	1.89110e-02
0.93682	2.04172e-02
0.94246	2.88277e-02
0.94246	2.88277e-02
0.94498	2.74679e-02
0.94603	2.78590e-02
0.94952	2.89561e-02
0.94202	3.01528e-02
0.94402	2.85888e-02
0.94689	1.43509e-02
0.94818	1.07170e-02
0.94339	1.59545e-02
0.94061	1.64882e-02
0.94346	1.74141e-02
0.94462	1.86072e-02
0.94450	1.43451e-02
0.94138	1.24836e-02
0.93743	3.05438e-02
0.94200	1.39353e-02
0.94200	1.39335e-02
0.93945	1.30977e-02
0.94601	1.53347e-02
0.95012	1.59718e-02
0.95012	1.59718e-02
0.95061	1.65221e-02
0.95108	2.46957e-02
0.94808	2.31030e-02
0.95341	1.86108e-02
0.94693	2.14192e-02
0.94382	2.12878e-02
0.94382	2.12878e-02
0.94338	2.14830e-02
0.94781	2.16354e-02
0.94523	1.65373e-02
0.94614	1.83951e-02
0.94952	2.08238e-02
0.94661	1.96908e-02
0.95092	1.82220e-02
0.94644	2.17245e-02
0.94362	2.20386e-02
0.94245	2.05945e-02
0.93963	2.26991e-02
0.94232	2.32683e-02
0.93946	2.27406e-02
0.93496	1.89120e-02
0.94021	2.13443e-02
0.94545	2.68284e-02
0.95620	1.80005e-02
0.95290	1.76283e-02
0.95678	1.64988e-02
0.95833	1.59692e-02
0.95401	1.37362e-02
0.94979	1.48342e-02
0.95107	1.35689e-02
0.95223	1.47907e-02
0.94904	1.73700e-02
0.94647	1.73381e-02
0.94840	1.80816e-02
0.94582	1.70579e-02
0.95480	1.83446e-02
0.95483	1.83462e-02
0.96446	1.73098e-02
0.96688	1.60824e-02
0.96688	1.60824e-02
0.96453	1.62541e-02
0.96185	1.62017e-02
0.96073	1.64509e-02
0.95354	1.84728e-02
0.95275	1.72397e-02
0.95750	2.10030e-02
0.95588	2.10810e-02
0.95536	1.81373e-02
0.96285	1.90677e-02
0.96528	1.99170e-02
0.96811	1.41940e-02
0.96395	1.46349e-02
0.96594	1.21566e-02
0.95965	1.94326e-02
0.95622	1.71183e-02
0.96358	1.75354e-02
0.96364	1.75681e-02
0.96811	2.04570e-02
0.96567	1.89930e-02
0.96567	1.89930e-02
0.96789	2.09091e-02
0.96691	2.09643e-02
0.96904	1.25377e-02
0.97245	1.18273e-02
0.97245	1.18273e-02
0.97244	1.18114e-02
0.97197	8.36881e-03
0.96633	1.32111e-02
0.96633	1.32111e-02
0.96807	1.35966e-02
0.96808	1.36013e-02
0.96344	1.91965e-02
0.96613	2.16861e-02
0.96444	2.11620e-02
0.96695	2.22590e-02
0.96681	2.29102e-02
0.96462	2.54013e-02
0.96462	2.54013e-02
0.97473	2.14481e-02
0.97013	2.48294e-02
0.97571	1.74818e-02
0.97288	1.61507e-02
0.97439	1.58036e-02
0.98125	7.14916e-03
0.98411	6.96848e-03
0.98528	5.99790e-03
0.98769	5.27401e-03
0.98777	5.36212e-03
0.98274	1.35775e-02
0.98856	5.65343e-03
0.98804	7.21424e-03
0.99101	3.37767e-03
0.98843	7.73955e-03
0.98840	7.72785e-03
0.99095	3.54814e-03
0.99095	3.54814e-03
0.99094	3.54567e-03
0.98663	1.19898e-02
0.98347	1.83039e-02
0.97957	1.83506e-02
0.97957	1.83506e-02
0.97958	1.83565e-02
0.97958	1.83565e-02
0.97959	1.83641e-02
0.97600	1.89040e-02
0.97698	2.12635e-02
0.96939	2.24824e-02
0.96939	2.24824e-02
0.96964	2.27262e-02
0.96964	2.27262e-02
0.98187	1.04915e-02
0.98187	1.04915e-02
0.98186	1.04762e-02
0.98186	1.04762e-02
0.98185	1.04700e-02
0.98185	1.04700e-02
0.98185	1.04700e-02
0.99293	6.06129e-04
0.99293	6.06129e-04
0.99290	5.76454e-04
0.99290	5.76454e-04
0.99290	5.76454e-04
0.99290	5.76454e-04
0.99290	5.77438e-04
0.99325	0.00000e+00
0.99325	0.00000e+00
0.99325	0.00000e+00
0.99325	0.00000e+00
0.99325	0.00000e+00
0.99325	0.00000e+00
0.99325	0.00000e+00
0.99325	0.00000e+00
0.99325	0.00000e+00
0.99325	0.00000e+00
0.99325	0.00000e+00
0.99325	0.00000e+00
0.99325	0.00000e+00
0.99325	0.00000e+00
0.99325	0.00000e+00
0.99425	0.00000e+00
0.99427	0.00000e+00
0.99427	0.00000e+00
0.99427	0.00000e+00
