0.26075	1.47283e-01
0.30289	1.48603e-01
0.27167	1.61778e-01
0.33234	7.57947e-02
0.24103	9.91701e-02
0.25037	1.11304e-01
0.26864	1.03003e-01
0.25546	9.21992e-02
0.24145	1.08946e-01
0.16101	6.04697e-02
0.18437	8.67530e-02
0.25320	8.04732e-02
0.20997	7.24975e-02
0.16947	7.62584e-02
0.19873	8.28797e-02
0.19255	1.21168e-01
0.18949	7.25709e-02
0.18098	5.02603e-02
0.17509	4.88172e-02
0.15660	7.31075e-02
0.17429	7.71328e-02
0.18432	7.48637e-02
0.15053	8.14963e-02
0.15101	8.22600e-02
0.25933	8.57213e-02
0.17916	1.12116e-01
0.16986	6.79694e-02
0.18378	1.16707e-01
0.24929	7.61113e-02
0.18039	6.18473e-02
0.17935	6.80561e-02
0.14786	6.99315e-02
0.12569	8.41805e-02
0.13381	5.75652e-02
0.18397	8.83199e-02
0.12930	5.68096e-02
0.17028	9.92257e-02
0.13337	5.85810e-02
0.13563	6.86121e-02
0.13426	6.55157e-02
0.10733	6.36013e-02
0.15999	8.02002e-02
0.15782	7.14078e-02
0.14287	6.66018e-02
0.13958	6.61341e-02
0.14531	6.60517e-02
0.12848	9.42039e-02
0.11454	8.26731e-02
0.10702	6.23702e-02
0.13051	7.90219e-02
0.15174	5.58030e-02
0.13300	6.01855e-02
0.15299	6.29227e-02
0.09907	5.33001e-02
0.15195	6.62392e-02
0.11321	6.45701e-02
0.13665	4.73589e-02
0.14048	6.55446e-02
0.14409	5.04300e-02
0.14577	6.03614e-02
0.13893	6.16677e-02
0.12535	7.87033e-02
0.13894	5.68935e-02
0.14455	4.79789e-02
0.12408	5.48618e-02
0.10864	5.19072e-02
0.12503	5.29125e-02
0.13504	6.00360e-02
0.14990	6.63853e-02
0.11910	5.28560e-02
0.15030	6.83845e-02
0.15040	6.69908e-02
0.10713	5.25290e-02
0.10829	7.33741e-02
0.11970	5.89567e-02
0.13996	4.48154e-02
0.12653	6.78258e-02
0.09442	4.91289e-02
0.14851	6.87321e-02
0.11803	6.11770e-02
0.14770	5.17402e-02
0.15224	8.32306e-02
0.14358	7.07750e-02
0.11788	6.74698e-02
0.16274	6.68677e-02
0.13640	9.53912e-02
0.14301	4.95446e-02
0.11766	8.35639e-02
0.12261	7.70258e-02
0.10777	4.41196e-02
0.11668	6.09420e-02
0.13127	7.82431e-02
0.11272	6.00153e-02
0.11988	7.68001e-02
0.13455	8.32350e-02
0.10196	4.68029e-02
0.10681	5.46705e-02
0.17040	6.95390e-02
0.09682	6.17760e-02
0.12187	5.41701e-02
0.12442	5.30202e-02
0.12748	5.01085e-02
0.12465	5.18373e-02
0.14840	6.50920e-02
0.15055	6.54792e-02
0.15994	6.45218e-02
0.15994	6.45218e-02
0.12097	3.93467e-02
0.11272	4.53406e-02
0.13543	4.86083e-02
0.15291	5.82613e-02
0.13288	4.54979e-02
0.15008	3.88998e-02
0.16221	3.47477e-02
0.16071	3.26865e-02
0.16071	3.26865e-02
0.15694	3.69841e-02
0.16390	5.51265e-02
0.16149	5.08500e-02
0.13956	5.04174e-02
0.13956	5.04174e-02
0.13808	5.87860e-02
0.14207	5.88938e-02
0.13129	7.47277e-02
0.14874	7.61966e-02
0.17937	4.80287e-02
0.17664	4.57140e-02
0.17714	7.45855e-02
0.16728	6.95064e-02
0.13300	7.27464e-02
0.15033	7.99794e-02
0.15873	5.32645e-02
0.12261	5.52592e-02
0.13815	8.28344e-02
0.15071	7.25329e-02
0.15027	7.24061e-02
0.16771	6.96758e-02
0.17352	8.58861e-02
0.15462	7.30494e-02
0.15462	7.30494e-02
0.17625	6.85607e-02
0.18273	6.38149e-02
0.17363	6.72982e-02
0.16624	7.35975e-02
0.17166	6.54768e-02
0.19274	5.85959e-02
0.18029	6.93979e-02
0.18332	7.20612e-02
0.17578	7.56921e-02
0.15188	7.38719e-02
0.15188	7.38719e-02
0.16494	8.31408e-02
0.14933	7.76813e-02
0.13416	6.46250e-02
0.14483	5.31046e-02
0.12115	5.42607e-02
0.10378	5.60981e-02
0.14375	9.05056e-02
0.14675	6.49461e-02
0.14897	6.85668e-02
0.20282	1.08661e-01
0.21168	1.06266e-01
0.23264	1.42553e-01
0.16764	9.55962e-02
0.11794	7.09915e-02
0.15705	8.99098e-02
0.15859	8.87600e-02
0.18096	8.42190e-02
0.16783	8.16971e-02
0.17798	7.18276e-02
0.15523	7.01107e-02
0.15971	6.40472e-02
0.19080	8.31674e-02
0.18835	8.41228e-02
0.19681	9.95296e-02
0.19681	9.95296e-02
0.16619	1.05540e-01
0.19054	1.03047e-01
0.19640	8.21319e-02
0.22618	6.33779e-02
0.20350	8.21120e-02
0.17452	7.31258e-02
0.15541	7.39116e-02
0.17516	8.59694e-02
0.20527	1.07565e-01
0.17963	8.76653e-02
0.22303	1.43145e-01
0.22142	1.44155e-01
0.23960	1.38889e-01
0.23090	1.36415e-01
0.20322	9.33473e-02
0.19410	7.68608e-02
0.19410	7.68608e-02
0.18882	8.32367e-02
0.18855	7.94245e-02
0.22111	9.28959e-02
0.22182	8.53654e-02
0.19927	1.01189e-01
0.19099	1.08719e-01
0.19099	1.08719e-01
0.20855	9.39254e-02
0.22482	8.31431e-02
0.21193	7.83147e-02
0.22383	7.74062e-02
0.20705	7.44337e-02
0.21624	7.02762e-02
0.21969	7.06104e-02
0.21885	8.00993e-02
0.22393	4.10405e-02
0.22393	4.10405e-02
0.21185	8.39600e-02
0.20168	8.36485e-02
0.17984	8.31307e-02
0.21050	8.85921e-02
0.21618	9.06594e-02
0.23226	8.38994e-02
0.23032	8.36596e-02
0.23057	8.33500e-02
0.24437	8.89705e-02
0.22042	7.73617e-02
0.21745	8.02846e-02
0.21340	9.07380e-02
0.20334	9.23477e-02
0.19546	9.72406e-02
0.19486	9.65431e-02
0.21778	1.04941e-01
0.21851	1.04745e-01
0.23701	8.87996e-02
0.21249	9.36078e-02
0.20773	8.87248e-02
0.20222	8.64328e-02
0.21848	9.97977e-02
0.16338	7.87517e-02
0.18387	7.88784e-02
0.18387	7.88784e-02
0.20312	7.16617e-02
0.22189	8.46356e-02
0.22248	7.45158e-02
0.27646	4.90248e-02
0.26092	6.54376e-02
0.20560	9.55130e-02
0.22759	7.72818e-02
0.24057	7.82381e-02
0.24057	7.82381e-02
0.23827	7.76422e-02
0.23029	8.34203e-02
0.22129	1.05835e-01
0.22254	1.31244e-01
0.22254	1.31244e-01
0.22125	1.29210e-01
0.21558	1.19839e-01
0.20673	1.16087e-01
0.22043	1.27890e-01
0.22438	1.25674e-01
0.27288	9.33638e-02
0.29282	8.14432e-02
0.24609	1.08141e-01
0.29021	7.78185e-02
0.30212	6.24660e-02
0.25992	9.28689e-02
0.23623	7.94752e-02
0.28052	1.12757e-01
0.28895	1.17698e-01
0.28481	1.17852e-01
0.24216	1.21850e-01
0.20170	1.22493e-01
0.20170	1.22493e-01
0.21065	1.22739e-01
0.23793	1.34487e-01
0.22951	1.20981e-01
0.24712	1.39402e-01
0.19193	9.44228e-02
0.23224	1.43837e-01
0.24902	1.50726e-01
0.26578	1.37582e-01
0.29013	9.20377e-02
0.23959	1.31455e-01
0.26102	1.17148e-01
0.24126	1.25912e-01
0.20821	9.38713e-02
0.20800	9.37734e-02
0.24274	1.17616e-01
0.24335	1.27929e-01
0.24335	1.27929e-01
0.29907	1.27960e-01
0.30532	1.33711e-01
0.29212	1.35809e-01
0.25591	1.41841e-01
0.23950	1.30886e-01
0.29744	1.36708e-01
0.32745	1.26382e-01
0.30079	1.21941e-01
0.28412	1.10324e-01
0.29391	6.76550e-02
0.30559	7.60298e-02
0.30705	7.35993e-02
0.30938	5.80836e-02
0.30938	5.80836e-02
0.30843	5.93992e-02
0.32720	7.56402e-02
0.31997	8.77664e-02
0.24514	1.46001e-01
0.25415	1.67400e-01
0.24444	1.67436e-01
0.26774	1.79566e-01
0.26427	1.80703e-01
0.29399	1.60417e-01
0.26812	1.56861e-01
0.32316	1.25195e-01
0.32316	1.25195e-01
0.27802	1.22562e-01
0.26299	6.99292e-02
0.26720	6.54673e-02
0.26256	7.06774e-02
0.25891	7.78436e-02
0.27364	1.07835e-01
0.30112	1.62165e-01
0.33356	1.28546e-01
0.32535	1.52914e-01
0.30163	1.42986e-01
0.32173	1.28575e-01
0.31885	1.27966e-01
0.30048	1.30218e-01
0.27880	1.26446e-01
0.28523	1.04547e-01
0.30489	9.74270e-02
0.28544	9.75576e-02
0.24557	1.23154e-01
0.25948	1.12367e-01
0.23549	1.18023e-01
0.20931	1.02243e-01
0.25488	1.04471e-01
0.25488	1.04471e-01
0.24936	1.35031e-01
0.24318	1.12123e-01
0.23371	1.13496e-01
0.29746	1.04827e-01
0.29278	1.19426e-01
0.28936	1.19769e-01
0.28756	1.19806e-01
0.30105	1.19668e-01
0.30695	1.09147e-01
0.33004	1.29380e-01
0.29984	1.38430e-01
0.29213	1.45640e-01
0.32009	1.40777e-01
0.32707	1.35781e-01
0.30055	1.46838e-01
0.31376	1.54811e-01
0.26684	1.42689e-01
0.27321	1.50308e-01
0.27321	1.50308e-01
0.26818	1.21160e-01
0.30271	1.62884e-01
0.28565	1.61035e-01
0.27604	1.56698e-01
0.27604	1.56696e-01
0.27604	1.56696e-01
0.22866	1.55903e-01
0.24580	1.57955e-01
0.21771	1.54691e-01
0.27774	1.48351e-01
0.27537	1.14026e-01
0.25318	9.93339e-02
0.24524	1.13533e-01
0.25684	7.91611e-02
0.29152	1.00006e-01
0.33327	8.19076e-02
0.35327	1.07238e-01
0.33019	6.96093e-02
0.33019	6.96093e-02
0.32887	5.95094e-02
0.32887	5.95094e-02
0.25917	1.29634e-01
0.20237	1.00345e-01
0.18702	9.62703e-02
0.15029	5.12714e-02
0.15539	5.20590e-02
0.15539	5.20590e-02
0.18101	7.50142e-02
0.22797	1.29203e-01
0.28226	9.89785e-02
0.28226	9.89785e-02
0.28226	9.89785e-02
0.19788	5.25325e-02
0.18576	5.49660e-02
0.28544	1.47475e-01
0.26499	1.43637e-01
0.26499	1.43637e-01
0.33195	9.49563e-02
0.30878	9.48077e-02
0.38436	9.77084e-02
0.37583	7.79554e-02
0.40245	5.39264e-02
0.30530	1.20987e-01
0.29959	1.21762e-01
0.29959	1.21762e-01
0.29959	1.21762e-01
0.30738	1.27979e-01
0.27559	1.23957e-01
0.27559	1.23957e-01
0.30812	5.45029e-02
0.25684	5.28498e-02
0.27621	3.66361e-02
0.31284	0.00000e+00
0.31284	0.00000e+00
0.55324	0.00000e+00
0.55324	0.00000e+00
0.55324	0.00000e+00
0.55324	0.00000e+00
0.55324	0.00000e+00
0.55324	0.00000e+00
0.55324	0.00000e+00
0.55324	0.00000e+00
0.55324	0.00000e+00
0.55324	0.00000e+00
0.55324	0.00000e+00
0.55324	0.00000e+00
0.55324	0.00000e+00
0.55324	0.00000e+00
0.41369	0.00000e+00
0.41369	0.00000e+00
0.25910	0.00000e+00
0.25910	0.00000e+00
0.25910	0.00000e+00
0.25910	0.00000e+00
0.52939	0.00000e+00
0.52939	0.00000e+00
0.40288	0.00000e+00
