0.87885	4.12695e-02
0.88095	1.72334e-02
0.86254	3.03033e-02
0.85600	2.50960e-02
0.84113	4.50812e-02
0.83437	4.65067e-02
0.81850	5.68026e-02
0.78624	5.42654e-02
0.78455	6.16961e-02
0.75025	4.93571e-02
0.74193	5.79383e-02
0.74385	5.99720e-02
0.73896	7.21729e-02
0.72399	5.18133e-02
0.69989	7.15154e-02
0.68481	6.60442e-02
0.69944	5.82218e-02
0.67664	6.37890e-02
0.69035	6.95505e-02
0.63498	9.74047e-02
0.63824	9.77361e-02
0.62480	9.08954e-02
0.58997	1.03482e-01
0.59124	1.23348e-01
0.57368	1.25323e-01
0.55206	1.78922e-01
0.57704	6.51615e-02
0.54030	1.38557e-01
0.54484	1.04451e-01
0.51938	1.10106e-01
0.49876	1.04856e-01
0.50299	1.06219e-01
0.48213	8.84171e-02
0.50375	1.16584e-01
0.45717	8.89161e-02
0.42500	1.10240e-01
0.45634	8.29555e-02
0.43860	5.00790e-02
0.39016	9.26211e-02
0.35595	1.45499e-01
0.36605	1.32105e-01
0.34149	1.16333e-01
0.33296	1.01259e-01
0.30042	1.19244e-01
0.35722	1.42414e-01
0.31119	1.35661e-01
0.29177	1.22181e-01
0.22693	1.55938e-01
0.26837	1.28570e-01
0.30119	1.24676e-01
0.25301	8.14229e-02
0.31816	1.52048e-01
0.30548	7.41463e-02
0.29622	1.40239e-01
0.29587	1.07922e-01
0.25584	1.14934e-01
0.31578	9.05561e-02
0.30968	8.70054e-02
0.28766	1.22348e-01
0.29686	1.36778e-01
0.28163	1.08085e-01
0.33466	8.76966e-02
0.31515	1.17565e-01
0.26764	1.08349e-01
0.28144	1.01087e-01
0.26681	9.79509e-02
0.26200	7.09843e-02
0.26949	1.13707e-01
0.27274	8.59534e-02
0.27692	7.56498e-02
0.24984	1.18491e-01
0.29740	1.06166e-01
0.29563	9.81327e-02
0.23836	7.72258e-02
0.29234	7.20141e-02
0.23778	1.19412e-01
0.25707	7.08333e-02
0.26444	1.00486e-01
0.24895	1.11093e-01
0.23922	8.47025e-02
0.21975	6.93551e-02
0.28245	1.01223e-01
0.30634	1.08132e-01
0.24879	8.03081e-02
0.22100	9.17041e-02
0.19708	1.10074e-01
0.25015	1.22125e-01
0.24674	9.84605e-02
0.28462	1.09347e-01
0.26368	8.59086e-02
0.25950	1.16073e-01
0.27820	1.03648e-01
0.25030	1.26035e-01
0.23937	1.19415e-01
0.28909	9.78160e-02
0.27619	7.56416e-02
0.23711	6.13686e-02
0.24449	1.02007e-01
0.23160	1.19573e-01
0.29094	1.03482e-01
0.28622	1.06765e-01
0.29016	1.16664e-01
0.32022	8.39839e-02
0.30945	8.52841e-02
0.34040	5.51535e-02
0.33340	5.48337e-02
0.31498	1.14602e-01
0.30176	1.13660e-01
0.30176	1.13660e-01
0.30176	1.13660e-01
0.30176	1.13660e-01
0.25928	1.44046e-01
0.24633	1.26337e-01
0.25479	1.10483e-01
0.25225	1.20901e-01
0.26128	1.08259e-01
0.27256	9.61552e-02
0.26003	8.70958e-02
0.25965	8.71515e-02
0.26746	1.01117e-01
0.29692	1.25598e-01
0.34765	1.19644e-01
0.37848	1.12307e-01
0.37848	1.12307e-01
0.38281	1.17338e-01
0.35137	1.29978e-01
0.35388	1.46943e-01
0.35897	1.28437e-01
0.34260	1.39843e-01
0.34227	1.39907e-01
0.33586	1.30621e-01
0.34201	1.30858e-01
0.35071	1.37516e-01
0.36273	1.24241e-01
0.35650	1.19079e-01
0.39753	1.25369e-01
0.40427	9.79795e-02
0.38670	1.31918e-01
0.38518	1.29516e-01
0.42870	9.73127e-02
0.42299	9.52770e-02
0.42933	1.06039e-01
0.42599	1.16945e-01
0.43719	1.13250e-01
0.44699	1.21478e-01
0.42722	1.09611e-01
0.43926	1.12376e-01
0.45227	9.58958e-02
0.44623	7.77187e-02
0.46690	6.34399e-02
0.46759	6.35145e-02
0.46008	7.06022e-02
0.46709	7.33886e-02
0.46429	7.22634e-02
0.43972	1.33171e-01
0.47382	1.53845e-01
0.50416	8.54582e-02
0.52704	8.06311e-02
0.54620	5.54335e-02
0.54448	5.47704e-02
0.54211	5.66080e-02
0.53258	6.90042e-02
0.54218	6.85496e-02
0.56009	4.47279e-02
0.56889	5.34019e-02
0.56145	4.70055e-02
0.56490	2.72579e-02
0.57010	5.14419e-02
0.57283	5.09675e-02
0.57575	5.07855e-02
0.57575	5.07855e-02
0.57689	5.08701e-02
0.58681	5.30954e-02
0.57362	5.64567e-02
0.57335	3.86509e-02
0.58121	4.02422e-02
0.58904	5.03340e-02
0.58100	5.00740e-02
0.57010	3.84288e-02
0.57747	3.31673e-02
0.59616	3.73314e-02
0.58835	4.61836e-02
0.60483	5.25540e-02
0.59327	5.46250e-02
0.59189	5.44005e-02
0.58475	4.52757e-02
0.57991	5.29154e-02
0.59142	5.81561e-02
0.60193	5.11608e-02
0.60193	5.11608e-02
0.60477	5.23788e-02
0.60633	6.17990e-02
0.61215	5.76831e-02
0.62474	4.62809e-02
0.62164	4.55054e-02
0.62579	4.14969e-02
0.61866	4.48844e-02
0.61838	4.48723e-02
0.61710	3.96407e-02
0.63884	4.78788e-02
0.64591	3.21313e-02
0.63788	2.23954e-02
0.64652	2.30380e-02
0.65006	2.86556e-02
0.64168	2.31561e-02
0.63885	2.09587e-02
0.63514	2.69939e-02
0.63513	2.69940e-02
0.63939	3.71955e-02
0.63667	4.12948e-02
0.64731	4.90831e-02
0.65395	5.43006e-02
0.66424	4.73113e-02
0.66555	4.79465e-02
0.65407	5.39149e-02
0.65239	4.49865e-02
0.65846	4.16881e-02
0.65270	3.96847e-02
0.66403	4.61909e-02
0.65647	4.22430e-02
0.65247	3.64287e-02
0.65878	3.69296e-02
0.66170	3.72351e-02
0.66262	3.75748e-02
0.67622	2.82579e-02
0.68411	3.89216e-02
0.68546	5.81493e-02
0.69145	4.86930e-02
0.68552	3.85144e-02
0.68984	4.17704e-02
0.69311	4.54967e-02
0.69047	4.68198e-02
0.69113	4.65217e-02
0.69244	4.93223e-02
0.68525	4.80629e-02
0.69626	4.83777e-02
0.71018	4.33604e-02
0.72830	4.62827e-02
0.71663	4.85932e-02
0.71663	4.85932e-02
0.72235	4.30921e-02
0.72037	4.81648e-02
0.71580	4.86708e-02
0.72704	4.83268e-02
0.72130	4.69954e-02
0.74551	4.73531e-02
0.72549	5.66782e-02
0.72990	6.22002e-02
0.73508	6.33793e-02
0.73598	6.31900e-02
0.73217	4.39687e-02
0.72418	3.90460e-02
0.72822	3.94907e-02
0.72757	4.04999e-02
0.72698	4.42244e-02
0.72957	4.87226e-02
0.73556	4.35912e-02
0.73957	4.26086e-02
0.76365	5.20829e-02
0.76170	5.36931e-02
0.75414	4.88687e-02
0.75181	4.90892e-02
0.76218	4.21356e-02
0.75681	4.74910e-02
0.75289	4.80769e-02
0.74608	4.45557e-02
0.75016	4.85943e-02
0.74910	5.31978e-02
0.74603	5.01229e-02
0.75401	4.58466e-02
0.75353	4.55671e-02
0.75870	4.82429e-02
0.75761	3.98904e-02
0.75909	4.50393e-02
0.76188	4.53292e-02
0.77126	4.04609e-02
0.77143	3.38990e-02
0.77429	3.89669e-02
0.76551	3.87862e-02
0.76216	4.58094e-02
0.76208	4.56812e-02
0.76268	4.66329e-02
0.76268	4.66329e-02
0.76621	3.86699e-02
0.76264	3.58776e-02
0.76264	3.58776e-02
0.76685	3.74361e-02
0.78051	3.83135e-02
0.79263	4.00712e-02
0.78963	3.93032e-02
0.79035	3.88436e-02
0.78112	3.71832e-02
0.78055	3.60959e-02
0.79053	4.37080e-02
0.78760	5.09389e-02
0.78972	5.41277e-02
0.79413	4.71223e-02
0.79413	4.71223e-02
0.80139	4.47244e-02
0.80518	4.69303e-02
0.80895	4.69467e-02
0.81241	4.67830e-02
0.81266	4.81447e-02
0.80607	4.91442e-02
0.80600	4.92983e-02
0.80766	5.01718e-02
0.80824	4.96273e-02
0.81457	4.47200e-02
0.81694	4.86908e-02
0.81012	4.61591e-02
0.80952	4.05063e-02
0.81576	4.55259e-02
0.80952	3.84136e-02
0.80914	4.54183e-02
0.81591	3.87869e-02
0.81333	3.61652e-02
0.81250	3.47816e-02
0.81623	3.46237e-02
0.81525	3.56669e-02
0.81434	3.91383e-02
0.81276	3.56446e-02
0.81547	3.99701e-02
0.82279	3.94403e-02
0.81521	4.03885e-02
0.82465	4.05688e-02
0.82866	3.39408e-02
0.83188	3.14793e-02
0.82762	3.22453e-02
0.83073	3.06744e-02
0.83025	3.02208e-02
0.83012	3.01537e-02
0.82649	4.30038e-02
0.82942	3.83181e-02
0.83637	4.24314e-02
0.83658	4.17853e-02
0.84022	3.89897e-02
0.83582	3.92802e-02
0.84493	3.68353e-02
0.84584	3.81351e-02
0.84108	3.69756e-02
0.84378	4.03117e-02
0.84810	4.06051e-02
0.85129	4.04548e-02
0.84220	4.33584e-02
0.84997	3.85679e-02
0.84784	3.83342e-02
0.85351	4.10575e-02
0.84684	3.98181e-02
0.85154	3.41810e-02
0.84733	5.11886e-02
0.85241	4.17368e-02
0.85340	4.16387e-02
0.85371	4.18802e-02
0.85251	4.11080e-02
0.86102	3.36717e-02
0.85114	4.02002e-02
0.85905	4.58199e-02
0.85825	4.84099e-02
0.86439	4.10691e-02
0.86193	4.34053e-02
0.85972	4.46393e-02
0.85637	4.55683e-02
0.85840	4.83001e-02
0.85579	3.60727e-02
0.85966	3.79066e-02
0.85690	3.42617e-02
0.86373	3.28614e-02
0.85723	2.50356e-02
0.87377	1.74948e-02
0.86935	1.86694e-02
0.87412	1.76822e-02
0.87264	9.85867e-03
0.86351	1.70129e-02
0.85740	1.93722e-02
0.86456	2.33033e-02
0.85950	1.54090e-02
0.85537	2.02473e-02
0.85616	2.03219e-02
0.85616	2.03219e-02
0.86321	2.28323e-02
0.86321	2.28323e-02
0.86321	2.28323e-02
0.86321	2.28323e-02
0.86714	2.68059e-02
0.86714	2.68059e-02
0.86675	2.63039e-02
0.88299	1.43761e-02
0.88406	1.57562e-02
0.89001	1.26744e-02
0.88949	1.24171e-02
0.88823	1.09622e-02
0.88168	1.33429e-02
0.88547	1.31566e-02
0.88561	1.46720e-02
0.88561	1.46720e-02
0.88838	2.04719e-02
0.89072	2.22854e-02
0.89072	2.22854e-02
0.89072	2.22854e-02
0.89072	2.22854e-02
0.87869	2.63422e-02
0.87353	1.79908e-02
0.87685	1.47271e-02
0.87685	1.47271e-02
0.87685	1.47271e-02
0.87676	1.47459e-02
0.88560	1.62262e-02
0.88560	1.62262e-02
0.88147	2.03512e-02
0.88147	2.03512e-02
0.88469	2.39947e-02
0.89044	1.87610e-02
0.88568	1.67093e-02
0.89442	2.77885e-02
0.88065	1.64619e-02
0.88065	1.64619e-02
0.88065	1.64619e-02
0.88065	1.64619e-02
0.89421	1.05497e-02
0.89421	1.05497e-02
0.89077	9.06925e-03
0.89806	1.41412e-02
0.89806	1.41412e-02
0.89125	1.56964e-02
0.89171	1.53500e-02
0.89722	1.61964e-02
0.89196	1.09275e-02
0.89196	1.09275e-02
0.88876	7.73409e-03
0.88876	7.73409e-03
0.88876	7.73409e-03
0.88876	7.73409e-03
0.88876	7.73409e-03
0.88876	7.73409e-03
0.89842	1.73880e-02
0.88103	0.00000e+00
0.88103	0.00000e+00
0.88103	0.00000e+00
0.89314	0.00000e+00
