0.87799	9.45706e-02
0.91777	2.39633e-02
0.90710	1.41449e-02
0.89157	2.62870e-02
0.87281	3.41627e-02
0.85972	2.78970e-02
0.85974	2.74992e-02
0.84583	3.92033e-02
0.83560	2.39735e-02
0.82509	4.58906e-02
0.79114	4.78157e-02
0.78948	3.51803e-02
0.78410	5.35713e-02
0.77550	5.89285e-02
0.75927	6.08026e-02
0.75246	5.44048e-02
0.75152	7.76800e-02
0.72471	6.71122e-02
0.72869	6.04946e-02
0.69548	9.22347e-02
0.68369	9.98229e-02
0.66589	8.19917e-02
0.68301	5.22764e-02
0.65613	6.25387e-02
0.65003	6.06791e-02
0.61470	7.03368e-02
0.62035	7.64377e-02
0.59518	7.12146e-02
0.60542	7.29615e-02
0.60773	6.01616e-02
0.57386	9.61021e-02
0.54080	9.57821e-02
0.53394	7.32614e-02
0.51573	9.29924e-02
0.55237	6.17694e-02
0.52179	7.83054e-02
0.51354	7.56521e-02
0.46332	7.62513e-02
0.50321	8.77166e-02
0.43920	1.00150e-01
0.38159	1.28758e-01
0.37929	1.14550e-01
0.37241	1.05508e-01
0.32241	1.09727e-01
0.40558	1.17859e-01
0.36931	8.21657e-02
0.35250	9.12489e-02
0.34359	1.02579e-01
0.39568	1.24502e-01
0.33970	1.26057e-01
0.35121	1.17776e-01
0.39584	5.83578e-02
0.43075	1.04006e-01
0.37956	8.83266e-02
0.39998	8.02170e-02
0.33787	1.06778e-01
0.32793	1.43495e-01
0.39727	1.00944e-01
0.36919	5.04887e-02
0.31964	7.14039e-02
0.28233	1.23705e-01
0.24944	1.49836e-01
0.34478	7.53234e-02
0.37310	7.00557e-02
0.37194	6.11087e-02
0.32835	7.09993e-02
0.30998	9.26073e-02
0.35949	1.12998e-01
0.38048	6.13701e-02
0.36599	8.99385e-02
0.38042	4.21753e-02
0.37228	7.44044e-02
0.35242	4.39896e-02
0.36123	8.35318e-02
0.33848	9.88036e-02
0.35347	6.50522e-02
0.30078	8.61391e-02
0.29552	9.09218e-02
0.31022	1.11587e-01
0.36795	9.64716e-02
0.34529	5.79238e-02
0.34978	7.41862e-02
0.31391	9.53757e-02
0.32717	1.16289e-01
0.31083	9.30073e-02
0.29179	8.97250e-02
0.34700	7.61665e-02
0.26996	7.94915e-02
0.28262	8.58188e-02
0.31716	6.51142e-02
0.30713	1.22145e-01
0.29348	9.39895e-02
0.28810	6.85070e-02
0.33203	8.40134e-02
0.24771	8.73694e-02
0.28259	9.98785e-02
0.25892	9.36007e-02
0.27323	1.04026e-01
0.23485	8.98060e-02
0.31794	8.12298e-02
0.32167	8.39334e-02
0.32867	8.13885e-02
0.33060	8.32319e-02
0.33060	8.32319e-02
0.32572	1.05083e-01
0.32906	1.11037e-01
0.32633	1.01533e-01
0.30616	1.29466e-01
0.31366	1.24811e-01
0.33592	1.49740e-01
0.32079	1.59007e-01
0.32079	1.59007e-01
0.32299	1.30784e-01
0.35284	1.28135e-01
0.37527	1.33553e-01
0.36504	1.21652e-01
0.35622	1.37078e-01
0.35654	1.37049e-01
0.38903	1.37982e-01
0.38836	1.38993e-01
0.38836	1.38993e-01
0.39634	1.42294e-01
0.39634	1.42294e-01
0.38049	1.22835e-01
0.38049	1.22835e-01
0.45606	1.01306e-01
0.45257	1.07545e-01
0.44871	1.05523e-01
0.46886	1.05162e-01
0.46402	1.02052e-01
0.46261	1.13121e-01
0.45502	1.00749e-01
0.50340	9.80969e-02
0.50943	7.88963e-02
0.52155	7.26179e-02
0.52217	6.98214e-02
0.53258	6.52738e-02
0.53915	8.09453e-02
0.52537	6.07193e-02
0.53369	5.72335e-02
0.53402	6.48480e-02
0.53599	7.06922e-02
0.51971	8.38631e-02
0.52865	9.59511e-02
0.52591	9.70728e-02
0.51834	9.42887e-02
0.53453	1.03813e-01
0.54623	8.97191e-02
0.54621	8.97137e-02
0.55498	9.04604e-02
0.57450	6.80228e-02
0.57676	7.05531e-02
0.57676	7.05531e-02
0.58016	6.59252e-02
0.57525	7.90385e-02
0.58279	8.34027e-02
0.58070	8.17151e-02
0.58075	8.16363e-02
0.57825	7.35710e-02
0.57468	8.35844e-02
0.59133	6.82609e-02
0.61959	5.29209e-02
0.62931	6.02780e-02
0.63323	6.42033e-02
0.63272	6.44475e-02
0.62816	5.91310e-02
0.64164	7.04512e-02
0.64184	6.79841e-02
0.63716	6.58308e-02
0.63619	6.65532e-02
0.63377	6.45496e-02
0.64415	6.08634e-02
0.64299	5.86425e-02
0.64421	5.54947e-02
0.65265	5.05443e-02
0.64398	6.11275e-02
0.65183	5.92511e-02
0.65827	6.10412e-02
0.66059	6.12508e-02
0.66117	6.14256e-02
0.67710	4.58653e-02
0.67250	4.06365e-02
0.67268	4.04059e-02
0.67422	3.86297e-02
0.67639	3.83371e-02
0.67763	4.39428e-02
0.67763	4.39428e-02
0.69090	5.01980e-02
0.68624	5.13445e-02
0.68894	5.20723e-02
0.67819	4.37851e-02
0.66919	2.91778e-02
0.66958	2.96840e-02
0.69121	4.59988e-02
0.68394	3.17905e-02
0.68972	3.69954e-02
0.69246	3.74802e-02
0.70271	4.61517e-02
0.70621	4.60071e-02
0.71984	3.70129e-02
0.73558	4.42845e-02
0.71892	3.93277e-02
0.71981	3.95094e-02
0.72272	3.43207e-02
0.73140	3.43606e-02
0.73215	3.46209e-02
0.73215	3.46209e-02
0.73604	2.95303e-02
0.73587	2.93312e-02
0.74407	3.74481e-02
0.74099	4.76187e-02
0.72105	4.54603e-02
0.72149	4.64318e-02
0.72450	3.89626e-02
0.72543	3.90892e-02
0.73441	3.92904e-02
0.73741	2.65908e-02
0.74308	3.18474e-02
0.74545	3.23150e-02
0.73736	3.37974e-02
0.73989	3.50509e-02
0.74166	3.47597e-02
0.74418	3.62125e-02
0.74418	3.62125e-02
0.74312	2.61640e-02
0.75242	2.24379e-02
0.74354	2.84940e-02
0.74125	2.28155e-02
0.73220	3.96886e-02
0.73869	3.12837e-02
0.74498	3.17276e-02
0.74551	3.20039e-02
0.75116	2.02548e-02
0.74967	2.05917e-02
0.74980	3.97106e-02
0.74121	4.83859e-02
0.73654	3.10540e-02
0.73927	3.46507e-02
0.73927	3.46507e-02
0.75921	3.36076e-02
0.76630	3.89397e-02
0.76639	3.63749e-02
0.75951	3.26921e-02
0.75103	2.55070e-02
0.74744	2.99875e-02
0.74622	3.01901e-02
0.75483	4.22648e-02
0.75618	4.20637e-02
0.76837	4.24183e-02
0.77076	4.48226e-02
0.77783	3.49206e-02
0.77239	4.30832e-02
0.77904	3.24419e-02
0.77920	3.23939e-02
0.78484	3.96307e-02
0.78282	3.80434e-02
0.78764	3.70285e-02
0.78900	3.92763e-02
0.77941	2.94022e-02
0.77820	3.19887e-02
0.78208	2.80885e-02
0.77595	2.50369e-02
0.76975	2.91220e-02
0.78507	4.10862e-02
0.78577	4.21899e-02
0.78510	3.29003e-02
0.78270	3.86318e-02
0.79027	4.45094e-02
0.78551	3.37241e-02
0.77857	4.20039e-02
0.78424	4.56538e-02
0.78320	4.28534e-02
0.78594	4.32674e-02
0.78906	4.40835e-02
0.79485	4.66148e-02
0.80500	4.25670e-02
0.80500	4.25670e-02
0.80537	4.28484e-02
0.80417	4.15093e-02
0.80680	4.97550e-02
0.80565	4.94171e-02
0.81305	5.31770e-02
0.81309	5.31801e-02
0.81167	4.59864e-02
0.82041	4.43531e-02
0.82707	4.55898e-02
0.82329	4.34993e-02
0.82321	4.07271e-02
0.81619	4.13192e-02
0.81723	4.15610e-02
0.81536	4.40967e-02
0.81549	4.66665e-02
0.81396	4.72732e-02
0.81405	5.14807e-02
0.81910	4.90872e-02
0.82317	4.72297e-02
0.81985	4.59612e-02
0.81985	4.59612e-02
0.81290	5.57073e-02
0.81393	5.50604e-02
0.81355	5.33201e-02
0.81570	5.42137e-02
0.82004	5.30290e-02
0.82500	5.15050e-02
0.83306	5.52935e-02
0.84065	4.23739e-02
0.84065	4.23739e-02
0.83460	4.90343e-02
0.84260	4.41037e-02
0.84260	4.41037e-02
0.84444	4.17868e-02
0.84481	4.15854e-02
0.85524	4.21975e-02
0.85524	4.21975e-02
0.85321	4.23323e-02
0.85274	4.41109e-02
0.84924	4.64627e-02
0.84737	4.99682e-02
0.84846	5.04568e-02
0.85714	4.54846e-02
0.85787	4.68377e-02
0.85504	4.66672e-02
0.84994	4.61535e-02
0.85397	5.06087e-02
0.85108	4.95822e-02
0.84269	5.23637e-02
0.84326	5.23758e-02
0.84323	5.23737e-02
0.84067	4.88765e-02
0.84813	4.39996e-02
0.84814	4.50295e-02
0.84839	4.55034e-02
0.86336	4.89993e-02
0.84889	4.85438e-02
0.84945	4.99497e-02
0.85410	4.72632e-02
0.85669	4.85116e-02
0.84333	4.94681e-02
0.84721	5.11969e-02
0.84512	4.61176e-02
0.84738	4.65762e-02
0.84963	4.92042e-02
0.84690	4.79605e-02
0.85197	4.25992e-02
0.85369	3.62823e-02
0.86423	2.93144e-02
0.86133	2.81233e-02
0.86688	2.80197e-02
0.86542	3.17829e-02
0.86302	3.77723e-02
0.85732	4.26534e-02
0.86369	4.62488e-02
0.86493	4.67259e-02
0.87207	4.87232e-02
0.88059	4.63483e-02
0.87821	4.64368e-02
0.88165	3.45951e-02
0.88064	3.46784e-02
0.88064	3.46784e-02
0.88156	3.23686e-02
0.87877	3.28693e-02
0.88002	3.46836e-02
0.88198	4.16745e-02
0.89385	3.91845e-02
0.89107	3.85461e-02
0.89173	3.90258e-02
0.88789	3.73137e-02
0.88750	3.44335e-02
0.88463	4.35155e-02
0.87359	4.53450e-02
0.87595	4.14071e-02
0.88131	4.37821e-02
0.87422	4.16391e-02
0.87431	4.15733e-02
0.87431	4.15733e-02
0.87431	4.15733e-02
0.89215	5.40213e-02
0.90342	4.96604e-02
0.90104	4.74952e-02
0.90081	4.49521e-02
0.90081	4.49521e-02
0.90214	4.63369e-02
0.90355	4.68054e-02
0.90349	4.67924e-02
0.90349	4.67924e-02
0.90038	4.79134e-02
0.89830	4.56982e-02
0.89439	5.07446e-02
0.89311	4.95885e-02
0.89024	5.43741e-02
0.89056	5.46668e-02
0.89040	5.44466e-02
0.89598	4.49912e-02
0.89598	4.49912e-02
0.89598	4.49930e-02
0.89146	4.11939e-02
0.88241	5.35571e-02
0.87834	5.10186e-02
0.88207	5.04407e-02
0.88207	5.04407e-02
0.88207	5.04407e-02
0.89039	5.59602e-02
0.89039	5.59602e-02
0.89631	5.14168e-02
0.90154	4.38359e-02
0.90142	4.38984e-02
0.90146	4.39479e-02
0.90220	4.05861e-02
0.89880	3.89174e-02
0.89880	3.89174e-02
0.90022	3.67996e-02
0.89529	3.86319e-02
0.89634	3.26045e-02
0.90148	3.99780e-02
0.88155	2.33060e-02
0.89065	3.58244e-02
0.86575	8.12630e-03
0.86575	8.12630e-03
0.86575	8.12630e-03
0.86575	8.12630e-03
0.86575	8.12630e-03
0.88034	6.45613e-03
0.88034	6.45613e-03
0.88034	6.45613e-03
0.89899	1.22020e-02
0.89899	1.22020e-02
0.89340	1.77998e-02
0.89340	1.77998e-02
0.89461	1.90093e-02
0.89461	1.90093e-02
0.89461	1.90093e-02
0.90533	8.28328e-03
0.90934	1.22859e-02
0.90934	1.22859e-02
0.90934	1.22859e-02
0.90993	1.16861e-02
0.91004	1.17885e-02
0.91795	3.87989e-03
0.91795	3.87989e-03
0.91795	3.87989e-03
0.91795	3.87989e-03
0.91273	9.09563e-03
0.92909	2.54568e-02
0.92570	2.88496e-02
0.92570	2.88496e-02
0.92570	2.88496e-02
0.92570	2.88496e-02
0.92570	2.88496e-02
0.92570	2.88496e-02
0.92570	2.88496e-02
0.92570	2.88496e-02
0.93553	1.90169e-02
0.95455	0.00000e+00
0.95455	0.00000e+00
0.94705	0.00000e+00
0.94705	0.00000e+00
0.94671	0.00000e+00
