0.99388	1.62699e-03
0.98569	9.28300e-03
0.98390	8.03234e-03
0.96870	1.51632e-02
0.96249	1.23138e-02
0.95985	1.68608e-02
0.94477	1.48723e-02
0.94306	2.07003e-02
0.92715	2.46863e-02
0.91474	3.14651e-02
0.91541	2.29879e-02
0.90646	2.35629e-02
0.90326	4.08029e-02
0.90102	4.20582e-02
0.88736	3.56661e-02
0.88786	3.62915e-02
0.86961	2.97529e-02
0.86429	2.77922e-02
0.85721	4.71374e-02
0.86405	4.23798e-02
0.83270	3.65878e-02
0.84624	3.97385e-02
0.82149	5.94071e-02
0.82780	6.57723e-02
0.81383	6.76256e-02
0.83387	7.06121e-02
0.81654	5.95465e-02
0.82588	6.61893e-02
0.77533	9.34504e-02
0.77786	9.21162e-02
0.77467	1.01475e-01
0.76243	1.21361e-01
0.73875	1.03320e-01
0.74467	9.37209e-02
0.74099	9.76777e-02
0.74813	9.45338e-02
0.72688	1.10212e-01
0.72188	8.74601e-02
0.73833	8.64766e-02
0.73933	7.98609e-02
0.72716	9.88685e-02
0.72389	6.35308e-02
0.69968	1.08544e-01
0.68786	7.36985e-02
0.70895	8.13134e-02
0.69986	1.16123e-01
0.70007	9.99640e-02
0.66832	9.80880e-02
0.66024	9.46760e-02
0.67610	1.09321e-01
0.64727	9.07106e-02
0.62846	1.05155e-01
0.65724	8.01565e-02
0.64451	5.39970e-02
0.64510	6.47276e-02
0.64832	6.67636e-02
0.63263	5.61564e-02
0.64968	4.13129e-02
0.62661	8.58219e-02
0.59904	5.67877e-02
0.58412	5.95790e-02
0.57789	6.79874e-02
0.58384	3.98634e-02
0.56498	7.13096e-02
0.57644	5.14158e-02
0.55393	3.81790e-02
0.58018	6.04821e-02
0.56816	7.01774e-02
0.55715	7.46230e-02
0.59549	5.91774e-02
0.58508	5.99289e-02
0.58581	7.32545e-02
0.61603	8.60906e-02
0.61602	7.81306e-02
0.62294	9.20641e-02
0.60844	7.86027e-02
0.62611	4.21314e-02
0.60719	8.40008e-02
0.60734	9.76378e-02
0.60249	3.33192e-02
0.59756	7.32691e-02
0.61044	4.27048e-02
0.60304	8.00385e-02
0.60736	3.56146e-02
0.60173	6.52743e-02
0.59640	4.84539e-02
0.61363	5.15254e-02
0.59167	5.21535e-02
0.59586	5.28297e-02
0.56471	6.98065e-02
0.59210	7.92117e-02
0.57710	7.06450e-02
0.57692	9.29298e-02
0.57809	6.98257e-02
0.57515	9.44177e-02
0.59924	7.94968e-02
0.53909	9.15645e-02
0.56312	6.34013e-02
0.60808	7.48707e-02
0.61047	7.44046e-02
0.62989	7.63924e-02
0.64021	6.26043e-02
0.62945	8.59166e-02
0.64398	9.94213e-02
0.65968	5.89716e-02
0.66087	5.79759e-02
0.66843	7.20447e-02
0.68055	7.60199e-02
0.69247	8.05542e-02
0.69477	8.04777e-02
0.69403	8.20601e-02
0.69174	8.73742e-02
0.69735	5.21385e-02
0.70469	5.97010e-02
0.71895	5.72895e-02
0.71934	4.90619e-02
0.73042	4.83077e-02
0.73665	4.72074e-02
0.74261	4.09830e-02
0.73840	3.90996e-02
0.74986	4.65698e-02
0.75165	4.87620e-02
0.75898	4.89327e-02
0.77405	4.99091e-02
0.77507	5.03116e-02
0.76972	4.90418e-02
0.78418	4.09386e-02
0.78258	5.19145e-02
0.76785	5.00219e-02
0.77469	4.68081e-02
0.77106	4.47632e-02
0.77659	5.11689e-02
0.78157	4.99562e-02
0.77984	5.04563e-02
0.79017	4.94503e-02
0.79971	2.98900e-02
0.80270	3.50025e-02
0.80619	3.76332e-02
0.80871	3.75763e-02
0.81470	3.34944e-02
0.81100	2.94025e-02
0.80606	3.49644e-02
0.80691	2.85741e-02
0.80366	3.94475e-02
0.79983	4.24467e-02
0.80774	4.45047e-02
0.80774	4.45047e-02
0.80786	4.45829e-02
0.80432	4.22574e-02
0.80504	4.66680e-02
0.82404	3.50254e-02
0.82577	3.01813e-02
0.82172	3.98919e-02
0.82257	3.99470e-02
0.83495	3.84364e-02
0.83308	3.87738e-02
0.84510	4.80446e-02
0.85020	4.39055e-02
0.85425	2.32200e-02
0.84927	2.11610e-02
0.84927	2.11610e-02
0.85404	1.62402e-02
0.84630	2.52414e-02
0.85039	3.01336e-02
0.84388	2.57244e-02
0.84549	2.53817e-02
0.85259	2.80430e-02
0.85259	2.80430e-02
0.85503	2.75110e-02
0.85137	2.59497e-02
0.84091	2.88663e-02
0.84672	2.43403e-02
0.84647	2.41494e-02
0.85729	3.36676e-02
0.85765	3.07425e-02
0.85745	3.08831e-02
0.85745	3.08831e-02
0.85997	3.08435e-02
0.86640	3.07720e-02
0.85353	2.48001e-02
0.86599	3.24075e-02
0.86743	3.47749e-02
0.86173	3.35718e-02
0.86668	2.63072e-02
0.87329	2.35853e-02
0.87434	2.49080e-02
0.88181	3.14219e-02
0.87801	2.71822e-02
0.88720	1.91676e-02
0.88855	2.15102e-02
0.88749	2.21586e-02
0.88573	1.79260e-02
0.88390	1.48620e-02
0.88592	1.60223e-02
0.88743	1.86513e-02
0.88204	2.33745e-02
0.88601	1.81577e-02
0.88993	2.21313e-02
0.89359	2.23002e-02
0.89404	1.87177e-02
0.89248	1.85069e-02
0.89068	1.49426e-02
0.89357	1.73445e-02
0.89531	1.95148e-02
0.89767	1.71359e-02
0.89742	2.38173e-02
0.89057	2.85911e-02
0.89370	2.81399e-02
0.89139	2.70793e-02
0.89934	2.31630e-02
0.90240	2.78740e-02
0.89995	2.70125e-02
0.90078	2.68893e-02
0.90915	2.66591e-02
0.89694	2.89655e-02
0.89281	2.78525e-02
0.90031	2.83028e-02
0.90720	2.17831e-02
0.90823	2.17670e-02
0.90895	1.38580e-02
0.90895	1.38580e-02
0.90490	1.81254e-02
0.90268	1.77139e-02
0.90303	1.87301e-02
0.90731	1.75753e-02
0.90731	1.75753e-02
0.90529	1.88833e-02
0.90630	2.67082e-02
0.91312	2.56261e-02
0.91578	2.62737e-02
0.91779	2.25346e-02
0.92142	2.37310e-02
0.91421	3.18821e-02
0.92554	2.85028e-02
0.91378	2.31634e-02
0.91104	2.11665e-02
0.91201	2.34537e-02
0.91406	2.75665e-02
0.91880	2.67338e-02
0.91708	1.81791e-02
0.91433	2.04602e-02
0.91890	2.16009e-02
0.91437	2.72201e-02
0.92064	2.61592e-02
0.92466	2.32600e-02
0.92564	2.15005e-02
0.92792	1.27789e-02
0.92904	1.45115e-02
0.92995	1.55403e-02
0.92995	1.55403e-02
0.92828	1.38617e-02
0.93273	1.53946e-02
0.93307	1.55670e-02
0.93080	1.56813e-02
0.92532	1.63075e-02
0.92680	1.67863e-02
0.93416	1.73297e-02
0.93955	1.38758e-02
0.93959	1.38188e-02
0.93203	1.86422e-02
0.93267	1.86889e-02
0.92458	1.85253e-02
0.92351	1.70365e-02
0.92732	2.02059e-02
0.92732	2.02059e-02
0.92695	2.00338e-02
0.93676	2.34204e-02
0.93517	2.18276e-02
0.93542	2.12179e-02
0.93680	2.19845e-02
0.93182	2.27168e-02
0.93605	2.37452e-02
0.93875	2.18753e-02
0.93843	2.62998e-02
0.93618	2.07263e-02
0.93542	1.79323e-02
0.93306	1.91372e-02
0.93638	1.81601e-02
0.93522	1.56720e-02
0.93283	1.66590e-02
0.94187	2.30074e-02
0.94207	2.22107e-02
0.94340	2.46043e-02
0.94293	2.57270e-02
0.94148	2.36793e-02
0.94209	2.31750e-02
0.93243	2.71386e-02
0.93756	2.81693e-02
0.93596	3.19248e-02
0.93243	3.01059e-02
0.93842	2.75692e-02
0.94078	2.79513e-02
0.94794	2.83887e-02
0.95344	2.01965e-02
0.94625	2.59416e-02
0.94625	2.59416e-02
0.94753	2.27315e-02
0.94983	2.38124e-02
0.95214	2.12993e-02
0.95329	2.12914e-02
0.94892	2.87721e-02
0.94588	2.68519e-02
0.94421	3.15668e-02
0.94437	3.05723e-02
0.94646	3.17677e-02
0.94598	2.31506e-02
0.94949	2.59369e-02
0.95124	2.65586e-02
0.94861	2.70470e-02
0.94627	2.59648e-02
0.94641	2.48965e-02
0.94974	2.66698e-02
0.94974	2.66698e-02
0.94730	2.98605e-02
0.94843	3.21778e-02
0.95070	3.36165e-02
0.95269	2.54841e-02
0.95843	2.06028e-02
0.95326	2.61121e-02
0.95376	2.86812e-02
0.95650	2.52398e-02
0.95009	2.76588e-02
0.95136	2.56753e-02
0.95870	2.22537e-02
0.95876	2.64200e-02
0.95666	2.52715e-02
0.95673	2.19734e-02
0.96045	2.23691e-02
0.95790	2.13746e-02
0.95798	2.14526e-02
0.95798	2.14526e-02
0.96121	2.03083e-02
0.95631	1.70592e-02
0.95920	2.03443e-02
0.96082	1.94682e-02
0.96212	1.90827e-02
0.95442	2.14669e-02
0.96408	2.48291e-02
0.95870	2.51354e-02
0.96121	2.52682e-02
0.96147	2.18495e-02
0.96522	2.15334e-02
0.96357	2.20085e-02
0.96659	2.14394e-02
0.96678	2.16804e-02
0.96010	1.98587e-02
0.96648	1.48302e-02
0.96170	2.18028e-02
0.96210	2.50589e-02
0.95915	2.52868e-02
0.96395	2.60421e-02
0.96508	2.70057e-02
0.96355	2.67174e-02
0.96707	2.81368e-02
0.96447	2.70543e-02
0.96845	2.32172e-02
0.96478	2.45988e-02
0.96478	2.45988e-02
0.97625	1.37656e-02
0.97625	1.37659e-02
0.96801	1.58950e-02
0.96846	1.79524e-02
0.96983	1.80390e-02
0.97312	1.56269e-02
0.97557	8.56173e-03
0.97216	1.36701e-02
0.96944	1.40071e-02
0.97331	1.72783e-02
0.97331	1.72783e-02
0.98237	1.76363e-02
0.98245	1.76676e-02
0.97951	1.86301e-02
0.98668	6.86587e-03
0.98176	7.52083e-03
0.98176	7.52083e-03
0.98176	7.52083e-03
0.98168	7.60966e-03
0.97130	1.52682e-02
0.97759	1.66153e-02
0.97097	1.64925e-02
0.97095	1.64664e-02
0.97095	1.64664e-02
0.97687	1.65601e-02
0.96507	1.08604e-02
0.96507	1.08604e-02
0.96507	1.08604e-02
0.96507	1.08604e-02
0.96311	8.89850e-03
0.97339	1.38400e-03
0.97350	1.27789e-03
0.97350	1.27789e-03
0.97350	1.27789e-03
0.97350	1.27789e-03
0.97362	1.39741e-03
0.97362	1.39741e-03
0.97362	1.39741e-03
0.97453	4.83194e-04
0.97453	4.83194e-04
0.97453	4.83194e-04
0.97451	5.07326e-04
0.98384	9.46552e-03
0.97437	0.00000e+00
0.97437	0.00000e+00
0.97437	0.00000e+00
0.97437	0.00000e+00
0.97435	0.00000e+00
0.97435	0.00000e+00
0.99422	0.00000e+00
0.99422	0.00000e+00
0.99430	0.00000e+00
0.99432	0.00000e+00
