0.97114	2.86768e-03
0.94684	6.84966e-03
0.92453	1.41548e-02
0.87521	2.65167e-02
0.84079	2.22513e-02
0.78324	3.71281e-02
0.71703	4.31878e-02
0.67186	5.75499e-02
0.57716	9.62395e-02
0.47153	9.62856e-02
0.38330	7.05282e-02
0.29736	1.12890e-01
0.29964	1.36978e-01
0.17203	1.16163e-01
0.18567	1.22525e-01
0.17338	6.53572e-02
0.14505	7.91816e-02
0.12549	8.63630e-02
0.14335	5.40399e-02
0.17180	8.75642e-02
0.12771	6.85380e-02
0.08898	4.23952e-02
0.13120	7.09977e-02
0.09632	5.92367e-02
0.13018	7.12672e-02
0.12803	5.15690e-02
0.12510	4.91347e-02
0.10145	4.26007e-02
0.11643	6.23924e-02
0.12712	5.03079e-02
0.10980	6.01526e-02
0.12836	5.30983e-02
0.11199	5.42263e-02
0.13790	7.57902e-02
0.11861	5.02635e-02
0.09612	3.50818e-02
0.09887	3.21602e-02
0.14057	6.67695e-02
0.10049	5.82391e-02
0.08949	5.08627e-02
0.11324	5.64525e-02
0.08965	4.57713e-02
0.11444	5.02982e-02
0.09542	6.34120e-02
0.10703	5.01184e-02
0.12816	7.35461e-02
0.10345	5.23543e-02
0.08873	4.04784e-02
0.10258	3.24452e-02
0.08475	5.08691e-02
0.07576	4.81100e-02
0.08590	3.19560e-02
0.05003	1.97892e-02
0.08775	5.86513e-02
0.11001	5.24904e-02
0.10969	3.70022e-02
0.08043	5.54566e-02
0.09092	5.29268e-02
0.09991	3.74064e-02
0.08832	3.01365e-02
0.09879	5.45439e-02
0.07048	3.74755e-02
0.08563	5.54304e-02
0.05056	2.81248e-02
0.08191	5.44667e-02
0.08828	4.68050e-02
0.12021	5.25360e-02
0.05644	3.44506e-02
0.11145	5.32487e-02
0.08078	5.22326e-02
0.10153	4.66367e-02
0.09420	4.11361e-02
0.08569	4.57397e-02
0.10963	6.80735e-02
0.09416	5.63325e-02
0.11391	7.45967e-02
0.09823	4.59517e-02
0.07240	4.40276e-02
0.08943	4.05655e-02
0.09045	5.26943e-02
0.09523	4.30732e-02
0.07467	2.90269e-02
0.07797	5.16749e-02
0.10013	6.07262e-02
0.12215	5.17929e-02
0.08972	4.39168e-02
0.09007	4.40062e-02
0.11318	6.83331e-02
0.11769	3.81422e-02
0.09839	3.53299e-02
0.06738	2.93331e-02
0.06591	4.36476e-02
0.07374	3.99647e-02
0.07445	4.49085e-02
0.09212	2.63028e-02
0.08562	6.61444e-02
0.05794	2.95850e-02
0.08842	5.96387e-02
0.08533	3.36873e-02
