0.99492	7.58386e-04
0.97828	7.61391e-03
0.97365	1.02407e-02
0.94900	1.27642e-02
0.93354	1.25640e-02
0.89569	1.98444e-02
0.87258	1.94162e-02
0.84567	2.43168e-02
0.80557	3.75829e-02
0.74344	3.64079e-02
0.68443	3.82070e-02
0.59299	6.67679e-02
0.49848	8.03560e-02
0.36405	1.20407e-01
0.32383	1.53295e-01
0.24693	1.22923e-01
0.18881	9.31510e-02
0.20538	8.33835e-02
0.17387	1.17655e-01
0.14116	1.12214e-01
0.11398	5.31549e-02
0.13271	7.13710e-02
0.13560	6.88596e-02
0.13511	5.89061e-02
0.14667	7.64712e-02
0.16755	9.65594e-02
0.14119	7.27118e-02
0.11875	5.76868e-02
0.11467	3.87463e-02
0.13125	5.67517e-02
0.11002	6.88147e-02
0.12557	3.43979e-02
0.10720	5.27338e-02
0.10510	2.65254e-02
0.11164	4.15265e-02
0.13170	6.22835e-02
0.11941	4.07531e-02
0.13791	5.00132e-02
0.10687	7.03418e-02
0.12229	5.73083e-02
0.06614	2.44046e-02
0.12085	6.56820e-02
0.09234	4.07268e-02
0.14299	7.31045e-02
0.09778	5.09680e-02
0.07716	3.51036e-02
0.10315	4.48588e-02
0.08066	4.17352e-02
0.09565	7.10967e-02
0.09984	4.54257e-02
0.10833	5.48945e-02
0.07546	1.71662e-02
0.09431	3.73207e-02
0.08199	4.01076e-02
0.08154	3.61407e-02
0.08904	4.66431e-02
0.08213	4.77649e-02
0.09321	3.74952e-02
0.10832	3.95546e-02
0.07774	2.66270e-02
0.11499	3.86303e-02
0.08430	3.07545e-02
0.08659	3.47814e-02
0.09691	4.72089e-02
0.08107	4.43974e-02
0.09213	4.35613e-02
0.10291	4.49606e-02
0.07300	3.66696e-02
0.07961	4.99244e-02
0.07357	2.87689e-02
0.06371	3.39782e-02
0.09520	3.72805e-02
0.08090	4.37379e-02
0.08575	3.44143e-02
0.09119	4.03957e-02
0.06988	4.83297e-02
0.09635	3.53497e-02
0.09051	4.10191e-02
0.07499	5.63876e-02
0.08524	3.76292e-02
0.09279	4.19317e-02
0.11231	3.25532e-02
0.09886	3.19278e-02
0.08458	5.70164e-02
0.11468	2.83296e-02
0.09179	4.42757e-02
0.07082	4.12776e-02
0.09826	3.30577e-02
0.06690	2.95911e-02
0.08456	1.50997e-02
0.06525	3.00707e-02
0.09213	4.35328e-02
0.08603	3.98194e-02
0.09720	4.48874e-02
0.08664	4.42399e-02
0.10400	4.46757e-02
0.10123	4.93343e-02
0.08498	3.94024e-02
0.10765	6.99790e-02
