0.99493	6.91549e-04
0.98469	9.67032e-03
0.97291	1.18365e-02
0.95086	9.54190e-03
0.93847	1.33742e-02
0.90152	1.28608e-02
0.86467	3.33379e-02
0.85312	2.75544e-02
0.81542	2.44785e-02
0.75678	4.80427e-02
0.68741	5.73183e-02
0.61738	6.96926e-02
0.51591	7.02281e-02
0.40962	9.82907e-02
0.33362	7.08188e-02
0.24665	7.63039e-02
0.21226	7.52559e-02
0.19448	1.03929e-01
0.18572	1.09051e-01
0.19964	6.74603e-02
0.18946	6.84934e-02
0.19022	8.79727e-02
0.17049	8.59202e-02
0.13635	5.96301e-02
0.13192	6.13545e-02
0.16680	5.29170e-02
0.15053	4.10165e-02
0.15020	5.62214e-02
0.13424	7.31662e-02
0.12341	7.50854e-02
0.14776	8.75818e-02
0.12687	6.07269e-02
0.12360	3.57991e-02
0.10659	5.28152e-02
0.08633	4.55735e-02
0.09581	4.58002e-02
0.11094	5.13256e-02
0.11335	7.38981e-02
0.12835	5.17375e-02
0.08380	2.95448e-02
0.09189	3.99932e-02
0.09977	4.01397e-02
0.09282	4.88728e-02
0.07968	3.66513e-02
0.08631	3.59412e-02
0.10235	4.18574e-02
0.11007	3.45440e-02
0.12421	6.01477e-02
0.10815	5.55329e-02
0.08185	2.75235e-02
0.09061	3.97286e-02
0.08997	7.21500e-02
0.09356	3.37644e-02
0.08695	3.72894e-02
0.09449	4.73743e-02
0.07944	4.09176e-02
0.08667	2.97210e-02
0.08373	4.50776e-02
0.09753	4.97869e-02
0.08224	3.53362e-02
0.09299	4.43929e-02
0.07905	3.67596e-02
0.10258	6.56493e-02
0.07862	3.53339e-02
0.09741	4.57319e-02
0.07640	4.19920e-02
0.08790	3.26994e-02
0.09080	4.27891e-02
0.09140	5.41079e-02
0.06310	3.71946e-02
0.07793	3.53465e-02
0.09894	4.06355e-02
0.09446	4.21659e-02
0.07795	4.58377e-02
0.07654	3.29576e-02
0.09856	5.63265e-02
0.11037	4.49524e-02
0.07341	2.47721e-02
0.09935	5.21798e-02
0.10566	5.54264e-02
0.11158	4.59692e-02
0.09464	4.30366e-02
0.08448	4.37483e-02
0.07236	2.60471e-02
0.07330	3.65719e-02
0.06611	3.43338e-02
0.07356	3.31199e-02
0.06952	3.02010e-02
0.09517	3.48713e-02
0.07319	3.55289e-02
0.09032	3.99594e-02
0.11789	5.71691e-02
0.07568	4.61903e-02
0.08655	5.66914e-02
0.10059	5.01716e-02
0.10536	4.88520e-02
0.08734	2.06937e-02
0.06279	2.84022e-02
0.08304	3.68880e-02
