0.56578	9.26077e-02
0.69089	7.88634e-02
0.67529	8.35117e-02
0.66553	1.10920e-01
0.63933	1.54792e-01
0.60368	1.41654e-01
0.60424	1.40121e-01
0.54277	1.41004e-01
0.50572	1.39722e-01
0.49130	1.53074e-01
0.48315	1.25438e-01
0.41742	1.70634e-01
0.43555	1.71671e-01
0.38016	1.72580e-01
0.38611	1.18165e-01
0.39996	1.45919e-01
0.30326	1.54236e-01
0.31550	1.23963e-01
0.33155	1.00861e-01
0.23897	1.36308e-01
0.34908	1.16812e-01
0.31078	1.17122e-01
0.35284	7.21180e-02
0.28052	7.65590e-02
0.31803	1.11334e-01
0.26104	1.15000e-01
0.26455	1.04941e-01
0.30700	6.94447e-02
0.26342	1.25429e-01
0.25019	1.44418e-01
0.25117	1.14164e-01
0.24401	7.73719e-02
0.23282	1.16159e-01
0.22690	6.86411e-02
0.19280	8.74669e-02
0.22342	5.04832e-02
0.20706	7.55513e-02
0.23369	7.11974e-02
0.16444	1.11013e-01
0.20219	9.82792e-02
0.15355	8.95076e-02
0.17395	9.72008e-02
0.20075	1.15869e-01
0.20562	7.36863e-02
0.15141	7.31399e-02
0.14687	9.46004e-02
0.14011	1.02105e-01
0.16913	5.73443e-02
0.16533	8.67230e-02
0.15886	5.85905e-02
0.20526	6.27433e-02
0.20215	1.15264e-01
0.18299	8.86110e-02
0.18877	1.01714e-01
0.24228	7.28415e-02
0.17971	4.51255e-02
0.21767	9.75744e-02
0.19475	6.90546e-02
0.21830	6.54232e-02
0.18229	8.56839e-02
0.22957	6.68173e-02
0.19469	1.01170e-01
0.19579	7.27427e-02
0.19063	1.14851e-01
0.21593	6.40430e-02
0.18583	4.22625e-02
0.15591	1.22937e-01
0.19943	7.05586e-02
0.19200	6.69282e-02
0.17800	6.29354e-02
0.19616	8.07629e-02
0.19733	9.81278e-02
0.17070	7.49984e-02
0.17992	9.17065e-02
0.19881	8.47951e-02
0.16926	7.25425e-02
0.16780	9.12248e-02
0.16611	7.87178e-02
0.15889	5.90738e-02
0.19774	5.31242e-02
0.16536	8.98781e-02
0.17176	7.58519e-02
0.19371	5.59628e-02
0.15839	6.57392e-02
0.18215	5.72943e-02
0.13538	7.48815e-02
0.12819	7.42587e-02
0.16837	8.08364e-02
0.15015	7.69981e-02
0.17811	7.35361e-02
0.15300	6.14804e-02
0.18911	6.90695e-02
0.14322	8.92325e-02
0.12009	8.23604e-02
0.11872	7.58922e-02
0.12985	1.07105e-01
0.12584	5.07247e-02
0.13461	1.17730e-01
0.17571	9.70005e-02
0.16417	6.69285e-02
0.14262	7.98785e-02
0.15094	8.73287e-02
0.15166	8.75683e-02
0.15406	8.46061e-02
0.18751	7.70379e-02
0.19242	8.18604e-02
0.18331	7.55084e-02
0.18075	7.54274e-02
0.19177	6.06987e-02
0.17838	6.91343e-02
0.18188	6.25365e-02
0.18188	6.25365e-02
0.17083	5.51639e-02
0.16554	5.92618e-02
0.16753	5.32897e-02
0.17161	6.25561e-02
0.15718	7.88143e-02
0.14809	8.26336e-02
0.16666	9.92044e-02
0.16666	9.92044e-02
0.14907	9.40093e-02
0.17783	1.15669e-01
0.17438	1.18060e-01
0.21815	1.18080e-01
0.20603	1.24097e-01
0.20603	1.24097e-01
0.20546	1.34140e-01
0.20546	1.34140e-01
0.21026	1.22341e-01
0.21818	1.18755e-01
0.20488	1.05150e-01
0.20933	1.05758e-01
0.20488	1.04488e-01
0.19715	1.05050e-01
0.15739	9.87658e-02
0.15739	9.87658e-02
0.15942	8.96670e-02
0.15379	7.06359e-02
0.15454	6.69936e-02
0.19712	1.20567e-01
0.20953	1.09068e-01
0.17121	8.04547e-02
0.19772	1.02667e-01
0.19771	8.87304e-02
0.21325	7.54063e-02
0.25444	1.08649e-01
0.25698	1.46520e-01
0.27671	1.45301e-01
0.27739	1.38637e-01
0.26665	1.46069e-01
0.28616	1.34177e-01
0.27419	1.40871e-01
0.27724	1.29996e-01
0.27219	1.09964e-01
0.26104	9.18329e-02
0.27873	7.35352e-02
0.27210	8.61078e-02
0.24150	8.78817e-02
0.22271	9.27971e-02
0.27128	7.68180e-02
0.30162	1.05655e-01
0.28144	1.24511e-01
0.30233	1.30705e-01
0.34289	1.34625e-01
0.32501	1.15382e-01
0.32083	1.17832e-01
0.33873	1.37187e-01
0.33690	1.41080e-01
0.33617	1.56646e-01
0.31941	1.42296e-01
0.31111	1.43048e-01
0.30255	1.34310e-01
0.35179	1.17900e-01
0.37942	1.42392e-01
0.34731	1.36641e-01
0.34514	1.56227e-01
0.36466	1.62727e-01
0.36727	1.60880e-01
0.36648	1.60480e-01
0.36844	1.80955e-01
0.39081	1.71230e-01
0.41705	1.24923e-01
0.43367	1.22174e-01
0.45675	1.01855e-01
0.45675	1.01855e-01
0.43369	1.50198e-01
0.42535	1.40764e-01
0.41337	1.66256e-01
0.41309	1.66023e-01
0.40530	1.65785e-01
0.39532	1.58207e-01
0.37352	1.73847e-01
0.40613	1.49234e-01
0.36600	1.67855e-01
0.35206	1.42093e-01
0.37146	1.40448e-01
0.35817	1.66306e-01
0.35697	1.56721e-01
0.35891	1.55467e-01
0.38789	1.95922e-01
0.40582	1.86925e-01
0.40204	1.74740e-01
0.41257	1.78675e-01
0.40381	1.72713e-01
0.38409	1.78337e-01
0.40612	1.73114e-01
0.43793	1.84597e-01
0.44435	1.90433e-01
0.42651	1.98913e-01
0.42283	1.90458e-01
0.40835	1.82478e-01
0.39465	1.86951e-01
0.38945	1.86863e-01
0.39284	1.98357e-01
0.43423	2.16134e-01
0.39691	1.91472e-01
0.40242	1.91932e-01
0.40622	1.87121e-01
0.46918	1.80463e-01
0.46058	1.73289e-01
0.45564	1.68071e-01
0.45832	1.71060e-01
0.45717	1.62408e-01
0.45890	1.62488e-01
0.46834	1.87695e-01
0.51455	1.50289e-01
0.51778	1.22361e-01
0.50677	1.05706e-01
0.54030	5.00467e-02
0.54033	5.00924e-02
0.53757	6.80512e-02
0.52549	1.09065e-01
0.50636	1.57388e-01
0.54488	1.62900e-01
0.52339	1.86528e-01
0.51057	1.75968e-01
0.49337	1.75575e-01
0.52096	1.56631e-01
0.49925	1.78230e-01
0.49473	1.76771e-01
0.50233	1.78429e-01
0.50432	1.86123e-01
0.51684	1.95656e-01
0.53054	2.03438e-01
0.53516	2.09780e-01
0.52066	2.00026e-01
0.57783	8.64950e-02
0.55942	1.07869e-01
0.54491	1.47001e-01
0.55162	1.45441e-01
0.56618	1.57640e-01
0.58535	1.56839e-01
0.61035	1.08778e-01
0.60319	1.07765e-01
0.59768	1.10279e-01
0.59322	1.07951e-01
0.60472	9.68459e-02
0.61819	1.02523e-01
0.58717	9.80197e-02
0.59391	1.03873e-01
0.57652	1.45096e-01
0.56813	1.38673e-01
0.58951	1.08769e-01
0.58951	1.08769e-01
0.58420	1.04218e-01
0.59782	1.15163e-01
0.58397	1.35610e-01
0.58397	1.35610e-01
0.57374	1.30649e-01
0.56883	1.27992e-01
0.56926	1.31951e-01
0.58433	1.31955e-01
0.58433	1.31955e-01
0.58170	1.18258e-01
0.58270	1.18347e-01
0.57419	1.15432e-01
0.55975	1.42931e-01
0.57541	1.40308e-01
0.56426	1.31337e-01
0.58662	1.43968e-01
0.58927	1.45034e-01
0.58381	1.39933e-01
0.58732	1.38508e-01
0.58175	1.71540e-01
0.57487	1.68392e-01
0.57801	1.75967e-01
0.58274	1.77726e-01
0.59723	1.73950e-01
0.64830	7.93060e-02
0.64649	9.17014e-02
0.62858	8.67782e-02
0.63816	9.14121e-02
0.63816	9.14121e-02
0.63010	9.38074e-02
0.62840	9.33477e-02
0.62909	9.32468e-02
0.64315	1.03207e-01
0.64356	1.00794e-01
0.62894	1.25200e-01
0.63257	1.37182e-01
0.65782	9.38252e-02
0.63583	8.92672e-02
0.62948	1.11074e-01
0.62948	1.11074e-01
0.63039	1.12156e-01
0.63929	1.10890e-01
0.63969	1.29083e-01
0.63975	1.29042e-01
0.61975	1.43089e-01
0.63229	1.62343e-01
0.63020	1.62038e-01
0.63020	1.62038e-01
0.64284	1.42696e-01
0.64353	1.43255e-01
0.64538	1.44482e-01
0.64538	1.44482e-01
0.64632	1.44839e-01
0.67297	9.30106e-02
0.67346	9.31496e-02
0.67671	9.62122e-02
0.69337	8.63745e-02
0.69131	8.50169e-02
0.67704	8.95581e-02
0.68200	9.21729e-02
0.69005	7.61302e-02
0.68951	7.70249e-02
0.68822	7.63012e-02
0.68963	7.68075e-02
0.68963	7.68075e-02
0.68963	7.68075e-02
0.67950	7.89852e-02
0.67950	7.89852e-02
0.67950	7.89852e-02
0.67606	7.19471e-02
0.67606	7.19471e-02
0.68631	6.47120e-02
0.65177	1.32342e-01
0.64335	1.33066e-01
0.64337	1.33058e-01
0.65133	1.30087e-01
0.65427	1.29990e-01
0.65427	1.29990e-01
0.66500	1.03918e-01
0.65810	1.06578e-01
0.66016	1.08153e-01
0.65441	1.07372e-01
0.66424	7.85706e-02
0.67942	7.59433e-02
0.67942	7.59433e-02
0.67087	8.78881e-02
0.66293	8.32949e-02
0.65359	1.06478e-01
0.65434	1.07097e-01
0.65718	1.07571e-01
0.67328	9.95377e-02
0.67337	9.95306e-02
0.67615	1.01246e-01
0.68589	9.88018e-02
0.68661	9.88360e-02
0.68070	1.03289e-01
0.67764	1.02967e-01
0.67693	1.02836e-01
0.67693	1.02836e-01
0.67693	1.02836e-01
0.67693	1.02836e-01
0.67693	1.02836e-01
0.67693	1.02836e-01
0.66139	1.60329e-01
0.64443	1.65122e-01
0.64684	1.66190e-01
0.65407	1.68315e-01
0.65407	1.68315e-01
0.66996	1.74225e-01
0.67327	1.76438e-01
0.66371	1.68959e-01
0.66429	1.69286e-01
0.66429	1.69286e-01
0.68304	1.65912e-01
0.67988	1.65244e-01
0.66889	1.78178e-01
0.68745	1.72196e-01
0.69796	9.72535e-02
0.69726	9.65239e-02
0.70969	1.03466e-01
0.67484	1.02754e-01
0.67991	1.08748e-01
0.67529	1.03260e-01
0.64609	9.52154e-02
0.66364	1.11106e-01
0.65918	1.07736e-01
0.65671	1.06073e-01
0.65232	1.00766e-01
0.65232	1.00766e-01
0.65678	1.06152e-01
0.66110	1.09163e-01
0.66110	1.09163e-01
0.65689	1.04385e-01
0.66372	1.10666e-01
0.62490	1.01499e-01
0.62490	1.01499e-01
0.63051	1.00154e-01
0.63051	1.00154e-01
0.62295	1.57421e-01
0.68357	7.37067e-02
0.68357	7.37067e-02
0.68797	7.84637e-02
0.69162	7.94064e-02
0.67960	9.49968e-02
0.67960	9.49968e-02
0.67960	9.49968e-02
0.67960	9.49968e-02
0.65726	7.26548e-02
0.65726	7.26548e-02
0.59846	1.31447e-01
0.61373	1.46719e-01
0.61373	1.46719e-01
0.61373	1.46719e-01
0.61373	1.46719e-01
0.62163	1.54611e-01
0.50293	0.00000e+00
0.50293	0.00000e+00
0.45325	0.00000e+00
0.32334	0.00000e+00
0.32334	0.00000e+00
0.32334	0.00000e+00
0.32334	0.00000e+00
0.32334	0.00000e+00
0.32334	0.00000e+00
0.44989	0.00000e+00
0.60074	0.00000e+00
0.60074	0.00000e+00
0.51862	0.00000e+00
0.32702	0.00000e+00
0.42406	0.00000e+00
0.42406	0.00000e+00
0.42406	0.00000e+00
0.56178	0.00000e+00
0.56178	0.00000e+00
0.49026	0.00000e+00
0.49026	0.00000e+00
0.49026	0.00000e+00
0.49026	0.00000e+00
0.44955	0.00000e+00
0.46192	0.00000e+00
0.46192	0.00000e+00
0.46192	0.00000e+00
0.46192	0.00000e+00
0.46192	0.00000e+00
0.46192	0.00000e+00
0.46192	0.00000e+00
0.46192	0.00000e+00
0.46192	0.00000e+00
0.46192	0.00000e+00
0.46192	0.00000e+00
0.46192	0.00000e+00
0.46192	0.00000e+00
0.66164	0.00000e+00
0.66164	0.00000e+00
0.59283	0.00000e+00
0.59283	0.00000e+00
0.59283	0.00000e+00
0.59283	0.00000e+00
0.59283	0.00000e+00
0.59283	0.00000e+00
0.59283	0.00000e+00
0.59283	0.00000e+00
0.51162	0.00000e+00
0.47094	0.00000e+00
0.47094	0.00000e+00
0.58561	0.00000e+00
0.58509	0.00000e+00
