0.73664	1.23649e-01
0.83801	2.92024e-02
0.82505	3.82405e-02
0.80456	3.38882e-02
0.80148	4.39454e-02
0.77932	4.01012e-02
0.75560	4.04968e-02
0.72711	5.88858e-02
0.72581	7.10094e-02
0.70863	8.13607e-02
0.67950	9.60383e-02
0.69818	7.66139e-02
0.66677	9.91002e-02
0.62866	1.05622e-01
0.64518	9.49603e-02
0.58747	9.51030e-02
0.58517	1.35549e-01
0.58234	8.39905e-02
0.55025	1.06808e-01
0.45965	1.54198e-01
0.46251	1.48780e-01
0.51582	1.55241e-01
0.44923	1.42582e-01
0.48238	1.07139e-01
0.42477	1.22328e-01
0.37375	1.20689e-01
0.35898	1.09005e-01
0.37800	1.38014e-01
0.36024	1.02740e-01
0.35514	1.12487e-01
0.33313	1.37209e-01
0.34965	1.70234e-01
0.36224	1.37213e-01
0.33775	1.55429e-01
0.26939	1.06293e-01
0.33048	1.16719e-01
0.29312	1.03523e-01
0.26802	1.05244e-01
0.28830	8.77546e-02
0.31536	8.84991e-02
0.27032	1.14654e-01
0.27304	9.18386e-02
0.25502	1.11170e-01
0.22971	1.17729e-01
0.34318	9.00469e-02
0.27548	8.38447e-02
0.24586	9.72019e-02
0.30060	1.32107e-01
0.24313	7.71871e-02
0.25803	9.18462e-02
0.24889	5.25254e-02
0.27288	7.53856e-02
0.25243	9.40709e-02
0.25124	7.85952e-02
0.25410	5.79834e-02
0.29569	8.34593e-02
0.21838	1.07376e-01
0.23223	6.74555e-02
0.29005	9.40954e-02
0.21009	8.29967e-02
0.23977	8.51668e-02
0.26108	1.00695e-01
0.28345	5.59052e-02
0.25049	1.30850e-01
0.26175	7.96143e-02
0.28870	5.36299e-02
0.23181	1.04579e-01
0.25414	5.61057e-02
0.32345	7.03469e-02
0.23360	8.03603e-02
0.28133	8.52307e-02
0.28268	6.85546e-02
0.24089	5.36906e-02
0.24092	8.92028e-02
0.29427	8.80463e-02
0.24400	6.50756e-02
0.28288	6.04347e-02
0.24466	1.00043e-01
0.20653	1.02636e-01
0.25414	1.08297e-01
0.21280	1.17184e-01
0.18202	8.56529e-02
0.19122	8.15408e-02
0.20092	8.61563e-02
0.20216	1.13106e-01
0.19620	7.71356e-02
0.19168	9.16291e-02
0.23132	7.87445e-02
0.18048	1.11668e-01
0.19289	8.05433e-02
0.16360	5.70059e-02
0.21236	7.27189e-02
0.23796	5.93803e-02
0.22219	8.05039e-02
0.20733	7.25211e-02
0.16767	9.57543e-02
0.19140	7.51220e-02
0.19591	1.17355e-01
0.24241	6.54715e-02
0.22964	8.95696e-02
0.25479	6.57295e-02
0.23873	8.44975e-02
0.23873	8.44975e-02
0.23768	6.90534e-02
0.23851	7.83205e-02
0.20157	8.33617e-02
0.21670	8.09200e-02
0.21143	7.12163e-02
0.20204	7.61285e-02
0.26202	8.22728e-02
0.27279	7.01548e-02
0.26218	6.90786e-02
0.27888	7.14789e-02
0.27522	7.77316e-02
0.25798	9.39002e-02
0.23840	1.07101e-01
0.25131	1.03760e-01
0.27330	8.61305e-02
0.28269	8.28190e-02
0.26704	8.99412e-02
0.23980	9.12854e-02
0.24093	8.02149e-02
0.24093	8.02149e-02
0.25048	8.58493e-02
0.25183	8.70551e-02
0.27429	1.03245e-01
0.26557	1.03089e-01
0.24492	9.03047e-02
0.31562	1.44260e-01
0.31851	1.09872e-01
0.32060	1.13172e-01
0.29435	1.39667e-01
0.28379	1.35596e-01
0.25849	1.04964e-01
0.26701	1.38037e-01
0.29281	1.62507e-01
0.26168	1.58200e-01
0.25981	1.59424e-01
0.27391	1.43769e-01
0.27294	1.43597e-01
0.28493	1.49388e-01
0.31255	1.29839e-01
0.32076	1.42567e-01
0.31426	1.24452e-01
0.31426	1.24452e-01
0.33757	1.40119e-01
0.35898	1.32540e-01
0.34423	1.20093e-01
0.34604	1.18998e-01
0.36267	1.28600e-01
0.38231	1.28372e-01
0.39708	1.24387e-01
0.41476	1.31304e-01
0.40904	1.24431e-01
0.41081	1.23872e-01
0.42785	1.34919e-01
0.41804	1.52353e-01
0.40630	1.85160e-01
0.40262	1.79279e-01
0.41156	1.84040e-01
0.42525	1.78541e-01
0.41870	1.72615e-01
0.42471	1.78395e-01
0.41315	1.77007e-01
0.45553	1.46226e-01
0.45615	1.45986e-01
0.47389	1.30060e-01
0.43090	1.71813e-01
0.45071	1.83752e-01
0.45071	1.83752e-01
0.46531	1.81946e-01
0.44429	1.61482e-01
0.44429	1.61482e-01
0.45689	1.39137e-01
0.47818	1.57968e-01
0.52460	1.39114e-01
0.50585	1.51324e-01
0.50270	1.50422e-01
0.51465	1.50511e-01
0.49168	1.52965e-01
0.49160	1.52893e-01
0.49355	1.53927e-01
0.49355	1.53927e-01
0.48748	1.49524e-01
0.48310	1.37517e-01
0.49240	1.39963e-01
0.49477	1.55188e-01
0.48428	1.49610e-01
0.50090	1.67647e-01
0.51213	1.65350e-01
0.50125	1.54225e-01
0.46718	1.81442e-01
0.47367	1.76243e-01
0.50284	1.14284e-01
0.53411	9.57482e-02
0.54720	7.55419e-02
0.54436	7.27547e-02
0.56047	9.30558e-02
0.57802	7.30788e-02
0.56640	1.07009e-01
0.54669	1.10098e-01
0.53628	9.58265e-02
0.58008	7.81738e-02
0.58101	7.87546e-02
0.59626	8.38394e-02
0.59626	8.38394e-02
0.59540	6.11365e-02
0.59131	6.70812e-02
0.58931	6.32461e-02
0.59329	6.37190e-02
0.56551	1.03188e-01
0.56976	1.06380e-01
0.58448	1.28413e-01
0.57918	1.25709e-01
0.57778	1.20517e-01
0.56114	1.61935e-01
0.57666	1.52856e-01
0.58041	1.54679e-01
0.59298	1.20451e-01
0.59651	1.19380e-01
0.60199	1.23379e-01
0.60199	1.23379e-01
0.58792	1.16880e-01
0.59223	1.12356e-01
0.61241	7.77849e-02
0.61411	7.43784e-02
0.62171	8.45513e-02
0.63370	8.77201e-02
0.62710	8.36406e-02
0.63183	8.61088e-02
0.63424	8.92240e-02
0.63680	9.06034e-02
0.63680	9.06034e-02
0.62994	9.71834e-02
0.64799	7.43421e-02
0.64808	7.44552e-02
0.64011	7.32623e-02
0.64684	7.24553e-02
0.66915	6.43942e-02
0.67811	5.85442e-02
0.68284	6.12789e-02
0.67452	6.36617e-02
0.67058	7.27683e-02
0.67604	6.04178e-02
0.68568	5.82346e-02
0.66917	8.54548e-02
0.66675	8.42913e-02
0.66957	7.81237e-02
0.66937	7.88027e-02
0.65826	7.92043e-02
0.66289	7.27538e-02
0.66291	7.27674e-02
0.66508	7.59540e-02
0.65861	7.34431e-02
0.64882	8.94763e-02
0.68522	7.50806e-02
0.70374	5.29775e-02
0.70020	4.91497e-02
0.69120	5.42225e-02
0.69105	5.42355e-02
0.69469	5.50306e-02
0.69774	5.55455e-02
0.69813	5.59755e-02
0.69813	5.59755e-02
0.69507	5.96996e-02
0.69528	5.97456e-02
0.70005	5.22293e-02
0.69387	5.36675e-02
0.70562	5.43332e-02
0.70737	5.53041e-02
0.71211	5.66254e-02
0.70710	6.44485e-02
0.70494	7.75290e-02
0.69255	6.56732e-02
0.69256	6.59586e-02
0.68760	7.47560e-02
0.69027	6.53573e-02
0.69027	6.53573e-02
0.69367	6.41673e-02
0.68930	6.25919e-02
0.70818	7.65132e-02
0.70818	7.65132e-02
0.71760	6.40111e-02
0.72074	4.79844e-02
0.72251	5.02470e-02
0.71505	6.02652e-02
0.72232	5.05077e-02
0.71580	5.33286e-02
0.70922	5.22987e-02
0.72103	5.52196e-02
0.71750	5.30631e-02
0.72449	5.52035e-02
0.71973	4.93060e-02
0.71665	5.35369e-02
0.71925	5.66003e-02
0.72083	5.60978e-02
0.71330	6.77944e-02
0.69978	5.69032e-02
0.71526	5.99956e-02
0.72675	4.78502e-02
0.72692	4.52144e-02
0.72644	3.61553e-02
0.72644	3.61553e-02
0.74335	3.69939e-02
0.74822	2.95717e-02
0.74291	3.48102e-02
0.74291	3.48102e-02
0.74844	4.45076e-02
0.74897	4.59461e-02
0.74889	4.58845e-02
0.74454	4.58159e-02
0.74809	4.52029e-02
0.74362	4.23714e-02
0.75247	2.90212e-02
0.75293	2.91939e-02
0.75297	2.92578e-02
0.75237	2.92317e-02
0.75465	4.22723e-02
0.75277	4.77993e-02
0.75623	5.08746e-02
0.76764	5.89334e-02
0.76343	5.87203e-02
0.76491	5.62116e-02
0.76670	5.68341e-02
0.77165	5.34832e-02
0.76041	4.02746e-02
0.75906	3.94114e-02
0.76889	4.33917e-02
0.77374	4.27430e-02
0.78251	4.91169e-02
0.78189	4.87090e-02
0.78460	4.77063e-02
0.78460	4.77063e-02
0.78530	4.85263e-02
0.78686	5.05448e-02
0.78417	4.79762e-02
0.79121	5.15919e-02
0.79863	4.71044e-02
0.79460	5.53463e-02
0.79782	5.37962e-02
0.79767	5.38344e-02
0.79758	5.46405e-02
0.79199	5.58118e-02
0.78973	5.22919e-02
0.78949	5.28800e-02
0.78790	5.16806e-02
0.79131	5.46724e-02
0.78596	5.46255e-02
0.78901	5.48186e-02
0.78789	5.37367e-02
0.78756	5.34494e-02
0.79077	5.82288e-02
0.79846	5.80059e-02
0.79846	5.80059e-02
0.80295	5.35506e-02
0.80675	5.57398e-02
0.80106	4.90906e-02
0.80106	4.90906e-02
0.80234	4.78497e-02
0.80384	4.67546e-02
0.80377	4.72511e-02
0.81104	4.54188e-02
0.82505	4.75869e-02
0.82583	5.23489e-02
0.83381	4.60152e-02
0.83012	3.86929e-02
0.82012	6.18081e-02
0.82778	4.90975e-02
0.82946	5.00258e-02
0.82946	5.00258e-02
0.83069	4.79349e-02
0.83343	4.13142e-02
0.82483	4.59811e-02
0.81771	5.04664e-02
0.81771	5.04664e-02
0.81982	5.29121e-02
0.82824	5.47735e-02
0.83819	3.65453e-02
0.84094	4.03886e-02
0.84094	4.03886e-02
0.84004	3.94688e-02
0.82252	5.67753e-02
0.82454	5.87372e-02
0.81484	5.64878e-02
0.82360	5.56320e-02
0.81691	5.52068e-02
0.82026	4.89778e-02
0.82026	4.89778e-02
0.82196	3.94320e-02
0.82196	3.94320e-02
0.83109	4.63457e-02
0.83937	5.04364e-02
0.83441	4.82608e-02
0.83642	5.32090e-02
0.84250	5.14086e-02
0.84194	4.33377e-02
0.84375	4.35475e-02
0.84926	3.96239e-02
0.84437	4.29496e-02
0.84988	3.78444e-02
0.84893	3.78179e-02
0.84922	3.79305e-02
0.85522	3.99973e-02
0.86153	3.16520e-02
0.85611	3.20243e-02
0.85619	3.20473e-02
0.85584	3.26663e-02
0.85196	3.59881e-02
0.84351	3.55305e-02
0.85180	2.39889e-02
0.85384	2.28355e-02
0.84883	2.64376e-02
0.84883	2.64376e-02
0.84883	2.64376e-02
0.84806	2.59924e-02
0.84019	1.73600e-02
0.84019	1.73600e-02
0.84025	1.74340e-02
0.84025	1.74340e-02
0.84782	2.56157e-02
0.84782	2.56153e-02
0.83078	3.95792e-02
0.85302	2.94163e-02
0.87374	8.70207e-03
0.87596	1.09292e-02
0.86985	4.81354e-03
0.86985	4.81354e-03
0.87049	5.45207e-03
0.86406	0.00000e+00
0.86406	0.00000e+00
0.86406	0.00000e+00
0.86406	0.00000e+00
0.86406	0.00000e+00
0.86406	0.00000e+00
0.86406	0.00000e+00
0.86406	0.00000e+00
0.86406	0.00000e+00
0.86406	0.00000e+00
0.86406	0.00000e+00
0.86491	0.00000e+00
0.86433	0.00000e+00
0.86433	0.00000e+00
0.86433	0.00000e+00
0.86433	0.00000e+00
0.86433	0.00000e+00
0.86433	0.00000e+00
0.86433	0.00000e+00
0.87462	0.00000e+00
