0.82655	1.36722e-01
0.88983	2.37701e-02
0.86547	3.12542e-02
0.86173	2.73703e-02
0.84711	2.75150e-02
0.82434	1.86425e-02
0.81235	3.40037e-02
0.78879	2.14403e-02
0.78863	4.60667e-02
0.77572	3.34002e-02
0.75525	3.86125e-02
0.74976	4.42938e-02
0.76215	5.20785e-02
0.72727	3.27907e-02
0.70139	5.61380e-02
0.70190	4.28889e-02
0.69138	5.98578e-02
0.67725	4.43256e-02
0.66918	3.55687e-02
0.68542	6.50474e-02
0.63754	6.44110e-02
0.62481	6.19550e-02
0.65022	6.81457e-02
0.61470	4.93207e-02
0.57951	5.97130e-02
0.56377	4.79127e-02
0.54853	7.85150e-02
0.50655	9.32567e-02
0.49619	8.43588e-02
0.43690	1.25241e-01
0.44771	1.35779e-01
0.47069	9.18092e-02
0.49532	8.13367e-02
0.49372	7.75582e-02
0.48588	8.53177e-02
0.43632	8.30758e-02
0.42659	8.32826e-02
0.41879	1.04971e-01
0.39811	1.07263e-01
0.34614	8.71376e-02
0.34199	1.02303e-01
0.30453	1.17516e-01
0.28025	1.13840e-01
0.34183	1.29786e-01
0.32801	1.32375e-01
0.32450	8.59829e-02
0.34663	1.16698e-01
0.35429	7.18908e-02
0.35831	8.70214e-02
0.34693	1.56645e-01
0.31950	1.40324e-01
0.30119	9.71160e-02
0.33187	1.14755e-01
0.34253	8.09961e-02
0.29758	1.08115e-01
0.28967	1.02862e-01
0.32305	9.89751e-02
0.29590	1.24630e-01
0.31538	6.17839e-02
0.31945	9.58532e-02
0.32936	8.92909e-02
0.25969	8.03965e-02
0.29046	6.74769e-02
0.31653	7.58704e-02
0.28664	7.09830e-02
0.29688	5.89355e-02
0.25998	9.59275e-02
0.32218	5.73599e-02
0.30428	6.18787e-02
0.26901	9.75348e-02
0.24309	6.91898e-02
0.28843	9.31902e-02
0.28125	8.49492e-02
0.25708	6.93280e-02
0.26549	7.62586e-02
0.28505	7.47427e-02
0.22458	9.51519e-02
0.31351	7.06859e-02
0.24942	9.54301e-02
0.27974	9.47806e-02
0.25134	6.05560e-02
0.28073	1.06294e-01
0.25555	1.17893e-01
0.22331	1.24730e-01
0.22986	1.25368e-01
0.25203	8.25194e-02
0.23421	4.69234e-02
0.22649	8.02150e-02
0.26236	7.48156e-02
0.19701	8.68572e-02
0.21720	9.17273e-02
0.23217	1.01085e-01
0.21514	9.12769e-02
0.22132	9.83753e-02
0.24108	1.21122e-01
0.22783	6.69151e-02
0.28937	1.06010e-01
0.22284	6.72593e-02
0.25021	7.24406e-02
0.23555	9.65201e-02
0.26028	1.09367e-01
0.25015	9.78455e-02
0.24273	8.82601e-02
0.24315	1.03071e-01
0.25207	9.84931e-02
0.25649	9.67829e-02
0.26940	8.29714e-02
0.28150	9.69446e-02
0.29311	9.58357e-02
0.25439	1.04892e-01
0.23615	9.37718e-02
0.20721	9.48308e-02
0.20443	9.72146e-02
0.23231	1.23925e-01
0.24920	1.55432e-01
0.29165	1.55984e-01
0.29814	1.56067e-01
0.29738	1.55379e-01
0.29170	1.48480e-01
0.30717	1.61757e-01
0.31071	1.44629e-01
0.35268	1.54994e-01
0.35674	1.32683e-01
0.35674	1.32683e-01
0.35414	1.27341e-01
0.35414	1.27341e-01
0.36080	1.73701e-01
0.38001	1.70045e-01
0.40007	1.62254e-01
0.38129	1.61272e-01
0.38931	1.69117e-01
0.38597	1.74439e-01
0.38758	1.69495e-01
0.38944	1.68585e-01
0.40296	1.50238e-01
0.44657	1.58401e-01
0.43562	1.47944e-01
0.42883	1.42490e-01
0.45192	1.40642e-01
0.46032	1.42729e-01
0.46320	1.44462e-01
0.47840	1.05681e-01
0.47414	1.24549e-01
0.48207	1.31900e-01
0.46413	1.23565e-01
0.46384	1.15514e-01
0.49070	1.30446e-01
0.51393	1.37651e-01
0.51680	1.45356e-01
0.51272	1.37320e-01
0.53842	1.14428e-01
0.52361	1.05894e-01
0.52274	1.07943e-01
0.54930	7.00757e-02
0.53715	8.44523e-02
0.53576	8.73324e-02
0.54115	9.28071e-02
0.56127	9.90624e-02
0.55196	1.25860e-01
0.54801	1.23472e-01
0.56162	6.72079e-02
0.56955	6.67366e-02
0.57090	6.47669e-02
0.56075	8.01466e-02
0.57207	7.95315e-02
0.56514	7.06567e-02
0.58765	9.00155e-02
0.57816	8.46500e-02
0.57816	8.46500e-02
0.58929	4.39857e-02
0.58786	4.36733e-02
0.61469	7.16578e-02
0.61344	7.21679e-02
0.60865	7.38226e-02
0.60865	7.38226e-02
0.60758	8.44888e-02
0.58136	9.52783e-02
0.61483	8.97790e-02
0.63001	8.92510e-02
0.62122	8.80685e-02
0.61533	8.21532e-02
0.61464	9.58255e-02
0.62789	8.56988e-02
0.62692	8.54631e-02
0.62803	8.57738e-02
0.63364	8.93764e-02
0.63699	9.05311e-02
0.63417	8.90451e-02
0.63968	7.68031e-02
0.64496	7.98342e-02
0.64745	7.63497e-02
0.65442	7.17895e-02
0.65533	6.88343e-02
0.65869	6.69874e-02
0.65834	6.85461e-02
0.65283	7.29932e-02
0.64948	6.59816e-02
0.65694	6.08089e-02
0.65425	6.17386e-02
0.66590	4.64487e-02
0.65766	3.82102e-02
0.66172	4.38419e-02
0.66471	5.07925e-02
0.67391	5.05714e-02
0.68226	5.59591e-02
0.67929	5.25569e-02
0.68987	5.57504e-02
0.68301	7.09704e-02
0.68301	7.09704e-02
0.68034	7.22154e-02
0.66793	7.28690e-02
0.67462	7.32075e-02
0.67732	7.41918e-02
0.67337	7.68975e-02
0.67411	7.77034e-02
0.68191	6.82079e-02
0.68191	6.82079e-02
0.70034	6.64695e-02
0.69396	6.51791e-02
0.70827	4.82963e-02
0.71034	4.91556e-02
0.71873	5.18140e-02
0.72627	6.73589e-02
0.70903	6.76800e-02
0.69273	6.38940e-02
0.71541	4.21174e-02
0.71336	3.47174e-02
0.70706	4.25719e-02
0.70772	4.19099e-02
0.72431	5.72740e-02
0.71722	5.65980e-02
0.71633	5.66066e-02
0.72591	5.87162e-02
0.72823	5.82823e-02
0.73371	6.16539e-02
0.73054	6.01553e-02
0.72921	5.81483e-02
0.73357	5.12754e-02
0.73187	5.06290e-02
0.73152	5.00389e-02
0.74543	4.91619e-02
0.74579	4.77021e-02
0.74071	4.61574e-02
0.72898	4.27461e-02
0.72972	4.48199e-02
0.74053	5.49706e-02
0.74052	5.25158e-02
0.74422	5.21225e-02
0.73883	4.46848e-02
0.74039	5.11701e-02
0.73357	3.60857e-02
0.73793	3.82418e-02
0.73813	5.64038e-02
0.74998	5.33688e-02
0.75247	5.21049e-02
0.75222	5.20747e-02
0.74886	5.14672e-02
0.74809	5.13910e-02
0.75617	4.80454e-02
0.74047	4.78887e-02
0.74047	4.78887e-02
0.74127	4.87182e-02
0.75328	6.34382e-02
0.76077	6.68557e-02
0.75292	5.79912e-02
0.75814	5.93137e-02
0.77305	6.91925e-02
0.76694	6.72372e-02
0.77651	5.98742e-02
0.78369	4.77896e-02
0.77259	4.52277e-02
0.77656	4.68428e-02
0.78108	3.49743e-02
0.78928	3.89642e-02
0.78371	5.00800e-02
0.78077	5.12918e-02
0.78541	4.23155e-02
0.78494	4.00781e-02
0.77828	4.40053e-02
0.77828	4.40053e-02
0.78846	4.01399e-02
0.78240	3.57893e-02
0.78636	4.60986e-02
0.79734	4.68242e-02
0.79590	4.97704e-02
0.79982	5.30727e-02
0.80174	5.35586e-02
0.80703	4.89723e-02
0.80957	4.15650e-02
0.80302	4.10835e-02
0.80780	4.38294e-02
0.80881	4.39050e-02
0.80754	4.14269e-02
0.81143	3.76509e-02
0.80837	3.91487e-02
0.80892	3.88808e-02
0.81216	4.56195e-02
0.80802	4.50925e-02
0.80592	4.16352e-02
0.80266	4.90654e-02
0.81073	5.50314e-02
0.80720	5.10273e-02
0.81724	5.32603e-02
0.82277	4.76269e-02
0.82053	4.30564e-02
0.81269	3.77301e-02
0.80631	3.42173e-02
0.80238	4.34886e-02
0.80949	4.83295e-02
0.80602	4.86763e-02
0.80846	5.03201e-02
0.80476	5.08265e-02
0.80455	5.06948e-02
0.80650	5.20377e-02
0.80613	5.21728e-02
0.81033	5.57868e-02
0.81561	5.06602e-02
0.81312	4.82671e-02
0.81390	4.81502e-02
0.81630	4.91950e-02
0.81630	4.91950e-02
0.81992	5.21220e-02
0.81992	5.21220e-02
0.82099	5.27688e-02
0.83704	4.25800e-02
0.83885	4.46150e-02
0.82768	3.70891e-02
0.82547	4.36757e-02
0.82606	4.40943e-02
0.83043	3.72297e-02
0.82727	3.65055e-02
0.84310	3.73159e-02
0.84737	3.08118e-02
0.83983	3.51192e-02
0.83983	3.51192e-02
0.83555	3.42828e-02
0.82542	3.77672e-02
0.82765	3.58593e-02
0.83717	3.61671e-02
0.84131	4.36873e-02
0.85380	3.95026e-02
0.85046	4.60957e-02
0.84534	4.24032e-02
0.84891	4.09835e-02
0.85170	3.74827e-02
0.85690	3.11776e-02
0.86455	3.62183e-02
0.86139	3.84025e-02
0.85959	3.26801e-02
0.85959	3.26801e-02
0.85482	3.28591e-02
0.87029	3.87849e-02
0.86946	3.65128e-02
0.86946	3.65128e-02
0.87017	3.72344e-02
0.86557	3.35334e-02
0.86565	3.36347e-02
0.86565	3.36347e-02
0.86565	3.36347e-02
0.86243	3.45941e-02
0.85906	4.11738e-02
0.85207	5.26388e-02
0.85207	5.26367e-02
0.85535	5.28766e-02
0.85918	4.17248e-02
0.85937	4.17866e-02
0.85311	4.00638e-02
0.86166	2.77533e-02
0.86036	2.73355e-02
0.86929	3.53049e-02
0.85670	3.41509e-02
0.85682	3.40822e-02
0.86494	4.16310e-02
0.86958	4.12188e-02
0.87020	4.04633e-02
0.86961	4.02795e-02
0.86961	4.02795e-02
0.86961	4.02795e-02
0.86909	3.87047e-02
0.87222	4.10071e-02
0.86830	3.64747e-02
0.86830	3.64747e-02
0.88230	3.93888e-02
0.87553	4.57666e-02
0.88217	4.80435e-02
0.88338	4.67931e-02
0.87946	4.22469e-02
0.87946	4.22469e-02
0.87883	4.14867e-02
0.88068	3.47793e-02
0.88068	3.47793e-02
0.88371	3.70131e-02
0.85158	3.35345e-02
0.88077	4.41230e-02
0.88077	4.41230e-02
0.88077	4.41230e-02
0.88077	4.41230e-02
0.89366	2.62445e-02
0.89364	2.62182e-02
0.89364	2.62182e-02
0.89364	2.62182e-02
0.89364	2.62182e-02
0.89364	2.62182e-02
0.90203	1.05759e-02
0.89456	7.94585e-04
0.89456	7.94585e-04
0.89474	9.68367e-04
0.88299	1.12403e-02
0.88299	1.12403e-02
0.88299	1.12403e-02
0.88453	1.27829e-02
0.88423	1.30839e-02
0.87490	2.42147e-02
0.87490	2.42147e-02
0.90059	6.40795e-04
0.90123	0.00000e+00
0.90123	0.00000e+00
0.90123	0.00000e+00
0.90123	0.00000e+00
0.90123	0.00000e+00
0.90123	0.00000e+00
0.90123	0.00000e+00
0.90123	0.00000e+00
0.90123	0.00000e+00
0.90123	0.00000e+00
0.90123	0.00000e+00
0.90123	0.00000e+00
0.90123	0.00000e+00
0.90123	0.00000e+00
0.90123	0.00000e+00
0.89163	0.00000e+00
0.88178	0.00000e+00
