0.66850	1.44011e-01
0.66173	6.44710e-02
0.63696	7.24658e-02
0.52901	7.57169e-02
0.47111	1.04417e-01
0.39651	8.46767e-02
0.34873	1.60775e-01
0.33397	1.46812e-01
0.30474	1.48002e-01
0.26257	1.55741e-01
0.31302	1.35278e-01
0.28692	1.20070e-01
0.30427	7.85504e-02
0.27023	1.58164e-01
0.28865	1.20627e-01
0.30499	1.17124e-01
0.28205	1.15465e-01
0.29996	1.08342e-01
0.30964	1.27126e-01
0.29332	8.36974e-02
0.32961	8.96332e-02
0.29142	1.36192e-01
0.30470	1.08429e-01
0.33421	1.06852e-01
0.32196	1.38785e-01
0.34329	8.77293e-02
0.32637	8.78439e-02
0.31861	1.38390e-01
0.35907	7.28037e-02
0.35275	1.04049e-01
0.37160	1.10764e-01
0.36708	7.61994e-02
0.40007	7.01351e-02
0.37208	1.11301e-01
0.37346	7.47818e-02
0.36405	9.67146e-02
0.38402	6.21613e-02
0.37018	6.16929e-02
0.33019	7.45028e-02
0.37887	6.74041e-02
0.40367	6.31593e-02
0.37024	9.71906e-02
0.39613	9.55004e-02
0.39297	7.88649e-02
0.41059	8.06079e-02
0.39833	6.10705e-02
0.36468	7.18311e-02
0.39015	9.96844e-02
0.41225	7.61388e-02
0.43077	9.04007e-02
0.38011	5.39178e-02
0.38971	7.18264e-02
0.39863	4.21141e-02
0.38847	8.66280e-02
0.38156	5.84059e-02
0.38385	6.49942e-02
0.39158	9.44989e-02
0.38469	7.43542e-02
0.39069	8.36451e-02
0.38929	7.30309e-02
0.38440	7.92622e-02
0.39374	6.53597e-02
0.37754	6.87887e-02
0.38427	8.26158e-02
0.41391	8.76087e-02
0.35475	5.41460e-02
0.39987	9.37460e-02
0.39237	6.64865e-02
0.41350	4.92790e-02
0.40227	6.80995e-02
0.37058	7.84043e-02
0.39229	6.12191e-02
0.37681	4.67884e-02
0.39535	7.83174e-02
0.38118	6.28325e-02
0.37483	8.15845e-02
0.38781	4.79690e-02
0.37109	4.21906e-02
0.34735	6.79093e-02
0.35923	5.65289e-02
0.31581	8.86641e-02
0.36719	5.19181e-02
0.34326	6.84703e-02
0.30974	5.41354e-02
0.33406	5.22211e-02
0.34487	6.05822e-02
0.28615	9.76029e-02
0.29741	7.60384e-02
0.31675	7.27301e-02
0.35638	8.07450e-02
0.29637	6.76818e-02
0.27233	7.01191e-02
0.27661	6.22850e-02
0.28040	6.67003e-02
0.26979	8.38679e-02
0.28024	6.44511e-02
0.27011	5.14134e-02
0.30169	8.36021e-02
0.24376	6.95241e-02
0.27161	8.19406e-02
0.27435	8.27515e-02
0.24314	5.10954e-02
0.26648	6.87313e-02
0.25163	7.27462e-02
0.24670	7.77484e-02
0.27484	9.12971e-02
0.25680	9.12650e-02
0.25551	9.05891e-02
0.27707	9.38196e-02
0.25214	7.59735e-02
0.25214	7.59735e-02
0.24704	7.34511e-02
0.25741	8.15722e-02
0.28251	8.14002e-02
0.28475	7.31230e-02
0.26958	7.47871e-02
0.28875	4.80632e-02
0.29194	4.51052e-02
0.29929	4.08600e-02
0.29929	4.08600e-02
0.28488	4.97338e-02
0.30773	7.51455e-02
0.32241	8.88451e-02
0.30882	8.01511e-02
0.30717	6.55607e-02
0.30502	6.89944e-02
0.32471	7.13126e-02
0.33642	5.85657e-02
0.33858	5.69416e-02
0.32400	5.59334e-02
0.32579	6.30567e-02
0.34078	6.31149e-02
0.31056	6.71031e-02
0.31056	6.71031e-02
0.30396	6.18014e-02
0.28805	6.60210e-02
0.28805	6.60210e-02
0.30267	8.27197e-02
0.29588	8.03466e-02
0.30913	7.35699e-02
0.30730	5.02213e-02
0.33678	5.77669e-02
0.31209	4.10344e-02
0.30916	4.58098e-02
0.30719	4.73791e-02
0.30758	5.94862e-02
0.32204	6.72926e-02
0.34464	6.47252e-02
0.33624	6.52963e-02
0.34622	6.65439e-02
0.33878	5.90975e-02
0.34818	5.74577e-02
0.34602	5.53968e-02
0.36225	4.34043e-02
0.37492	3.40101e-02
0.35337	5.86042e-02
0.35236	6.02275e-02
0.35042	7.66271e-02
0.36718	6.16723e-02
0.35385	7.59644e-02
0.37950	5.26866e-02
0.36832	6.34437e-02
0.37423	7.13687e-02
0.35459	8.59292e-02
0.32103	5.33400e-02
0.33229	6.30842e-02
0.35070	5.19195e-02
0.34780	5.20693e-02
0.36826	6.72333e-02
0.39712	4.00870e-02
0.37562	6.50650e-02
0.37587	6.48111e-02
0.37364	6.35278e-02
0.39708	5.82802e-02
0.37710	6.27994e-02
0.38539	7.08170e-02
0.37620	6.64679e-02
0.39667	5.40720e-02
0.38924	4.49951e-02
0.37860	4.86476e-02
0.37823	5.70759e-02
0.37768	4.82248e-02
0.36963	4.53089e-02
0.40386	6.26242e-02
0.41482	6.72668e-02
0.42386	4.94687e-02
0.42013	4.09794e-02
0.39979	5.20062e-02
0.37941	6.00701e-02
0.39369	7.68780e-02
0.39358	7.66557e-02
0.41951	5.39376e-02
0.38441	4.31233e-02
0.39894	4.68267e-02
0.40668	4.15378e-02
0.40124	3.60035e-02
0.40185	5.43311e-02
0.39052	5.57178e-02
0.42127	5.89837e-02
0.42127	5.89837e-02
0.43471	5.73334e-02
0.42835	7.51812e-02
0.41339	6.00106e-02
0.40879	5.91859e-02
0.41539	7.54699e-02
0.42075	5.08787e-02
0.40935	5.61578e-02
0.41659	5.44498e-02
0.42228	5.27008e-02
0.42294	6.54326e-02
0.42371	6.61835e-02
0.42650	7.08363e-02
0.41122	6.07214e-02
0.43598	6.48814e-02
0.44840	5.82101e-02
0.42972	6.59167e-02
0.44788	7.61911e-02
0.43817	7.58942e-02
0.44414	7.59064e-02
0.43154	6.98952e-02
0.45334	5.77831e-02
0.44513	5.53574e-02
0.44633	5.53397e-02
0.44580	5.57789e-02
0.45112	5.13530e-02
0.43707	6.13784e-02
0.42973	6.89187e-02
0.42154	7.14215e-02
0.43944	6.62717e-02
0.44827	6.86747e-02
0.46087	6.60037e-02
0.45231	5.93475e-02
0.44066	5.32497e-02
0.46769	7.74790e-02
0.46653	7.40266e-02
0.45305	7.05903e-02
0.45580	7.33392e-02
0.46656	6.17500e-02
0.46112	7.20207e-02
0.46112	7.20207e-02
0.46772	8.83756e-02
0.46499	7.84714e-02
0.46362	7.85867e-02
0.45608	7.08077e-02
0.45462	6.88744e-02
0.45552	5.24976e-02
0.46777	5.46532e-02
0.50830	7.62914e-02
0.50374	8.26943e-02
0.49544	8.68157e-02
0.48685	7.16071e-02
0.46229	8.53514e-02
0.48480	6.83295e-02
0.48480	6.83295e-02
0.49063	5.96315e-02
0.49094	6.01637e-02
0.49491	5.56701e-02
0.47798	4.21433e-02
0.48221	4.02840e-02
0.49706	5.15943e-02
0.49467	4.91335e-02
0.50122	4.78785e-02
0.49820	4.75121e-02
0.49226	9.14988e-02
0.47733	8.01075e-02
0.49841	8.50904e-02
0.51334	7.82691e-02
0.51799	7.67051e-02
0.52106	8.87941e-02
0.51054	7.54311e-02
0.49664	6.83008e-02
0.50372	8.00615e-02
0.52799	7.05090e-02
0.55587	6.17010e-02
0.54901	6.98487e-02
0.53416	5.10469e-02
0.52357	4.97470e-02
0.53119	5.21732e-02
0.49663	1.02598e-01
0.49873	9.57799e-02
0.51387	1.01694e-01
0.52211	1.03447e-01
0.54124	8.89401e-02
0.53946	9.00129e-02
0.53449	8.96232e-02
0.53916	7.23994e-02
0.54513	7.63525e-02
0.53535	6.68348e-02
0.54901	4.02097e-02
0.55114	6.30473e-02
0.56514	5.82760e-02
0.56363	7.73749e-02
0.56998	6.76903e-02
0.56262	6.58185e-02
0.57508	6.37223e-02
0.57254	7.00861e-02
0.58442	8.58416e-02
0.58288	7.92575e-02
0.58347	7.67849e-02
0.58752	5.65474e-02
0.57812	8.07472e-02
0.58615	7.65137e-02
0.59287	8.73554e-02
0.56904	1.05478e-01
0.58190	8.65582e-02
0.57916	8.44226e-02
0.57622	9.91986e-02
0.57202	1.00351e-01
0.56392	9.39601e-02
0.57370	8.54431e-02
0.58689	7.97977e-02
0.58813	7.93357e-02
0.60284	7.92367e-02
0.60951	8.01649e-02
0.60723	8.46802e-02
0.61256	6.57190e-02
0.61746	5.78077e-02
0.60616	7.34408e-02
0.60805	7.03290e-02
0.61504	8.28099e-02
0.62390	8.08159e-02
0.62411	7.31227e-02
0.62573	6.79604e-02
0.61461	7.04736e-02
0.62239	6.65934e-02
0.61855	6.62336e-02
0.62285	6.59637e-02
0.62711	6.73387e-02
0.62656	7.03952e-02
0.64267	6.82897e-02
0.64300	7.25173e-02
0.63136	6.95389e-02
0.62328	6.90837e-02
0.63352	8.14701e-02
0.63535	8.64723e-02
0.64569	8.17894e-02
0.64315	9.51370e-02
0.65179	6.94408e-02
0.65179	6.94408e-02
0.65277	7.07632e-02
0.65536	7.49739e-02
0.65710	7.59332e-02
0.66354	6.51413e-02
0.66402	6.69446e-02
0.64754	8.16770e-02
0.64459	7.87334e-02
0.65832	8.36214e-02
0.64510	7.45395e-02
0.65142	7.75809e-02
0.65307	7.78971e-02
0.65548	6.89606e-02
0.65352	6.84041e-02
0.64889	7.46589e-02
0.64213	7.75814e-02
0.65031	8.49644e-02
0.65835	8.70508e-02
0.64932	8.26614e-02
0.65376	7.42017e-02
0.65230	7.33343e-02
0.66889	3.87586e-02
0.67358	4.19449e-02
0.68577	6.81201e-02
0.68577	6.81201e-02
0.68577	6.81201e-02
0.68618	6.74469e-02
0.66643	8.51749e-02
0.67386	8.53196e-02
0.67855	7.58977e-02
0.68048	7.72221e-02
0.68344	8.03876e-02
0.68509	8.08771e-02
0.68551	7.21855e-02
0.69878	6.26286e-02
0.69878	6.26286e-02
0.69209	6.22453e-02
0.68914	6.86919e-02
0.68583	6.98645e-02
0.68432	7.02703e-02
0.68432	7.02720e-02
0.68694	7.18020e-02
0.67866	7.53998e-02
0.67866	7.53998e-02
0.68316	7.51022e-02
0.68824	8.36470e-02
0.67494	8.04427e-02
0.69623	7.75487e-02
0.68227	7.48599e-02
0.65724	5.44570e-02
0.67307	6.20634e-02
0.67458	5.78260e-02
0.67733	6.07824e-02
0.62565	1.08479e-01
0.62565	1.08479e-01
0.61611	1.07091e-01
0.68974	3.35654e-02
0.65397	7.18925e-02
0.65397	7.18925e-02
0.65487	7.20645e-02
0.66399	6.02766e-02
0.66399	6.02766e-02
0.66399	6.02766e-02
0.66399	6.02766e-02
0.67553	4.30546e-02
0.67553	4.30546e-02
0.67553	4.30546e-02
0.67553	4.30546e-02
0.66455	4.53593e-02
0.68132	4.40515e-02
0.67160	5.73059e-02
0.67160	5.73059e-02
0.67160	5.73059e-02
0.67160	5.73059e-02
0.66470	5.53329e-02
0.66141	5.91355e-02
0.66141	5.91355e-02
0.67752	6.62374e-02
0.67146	6.20991e-02
0.67721	4.40543e-02
0.67721	4.40543e-02
0.69644	9.30657e-03
0.69644	9.30657e-03
0.69229	5.15580e-03
0.64706	5.03840e-02
0.64706	5.03840e-02
0.64706	5.03840e-02
0.66438	6.76986e-02
0.66438	6.76986e-02
0.66438	6.76986e-02
0.66438	6.76986e-02
0.67948	8.27994e-02
0.68457	8.78955e-02
0.59668	0.00000e+00
0.59668	0.00000e+00
0.59668	0.00000e+00
0.59668	0.00000e+00
0.59668	0.00000e+00
0.59668	0.00000e+00
0.59668	0.00000e+00
0.62175	0.00000e+00
0.62175	0.00000e+00
0.62175	0.00000e+00
0.62175	0.00000e+00
0.62175	0.00000e+00
0.62175	0.00000e+00
0.62175	0.00000e+00
0.69377	0.00000e+00
0.69377	0.00000e+00
0.69377	0.00000e+00
0.69377	0.00000e+00
0.69377	0.00000e+00
0.61993	0.00000e+00
0.61993	0.00000e+00
0.61993	0.00000e+00
0.66901	0.00000e+00
0.66901	0.00000e+00
0.66901	0.00000e+00
0.66901	0.00000e+00
0.69310	0.00000e+00
0.69310	0.00000e+00
0.69310	0.00000e+00
0.69189	0.00000e+00
0.69189	0.00000e+00
0.69189	0.00000e+00
0.69189	0.00000e+00
0.69189	0.00000e+00
0.69189	0.00000e+00
0.69189	0.00000e+00
0.69189	0.00000e+00
0.69189	0.00000e+00
0.69189	0.00000e+00
0.69189	0.00000e+00
0.69189	0.00000e+00
0.69189	0.00000e+00
0.64290	0.00000e+00
0.64290	0.00000e+00
0.64290	0.00000e+00
0.64290	0.00000e+00
0.64290	0.00000e+00
0.64290	0.00000e+00
0.68113	0.00000e+00
0.70740	0.00000e+00
0.70181	0.00000e+00
0.70181	0.00000e+00
0.67626	0.00000e+00
0.67626	0.00000e+00
0.67626	0.00000e+00
0.67626	0.00000e+00
0.67626	0.00000e+00
0.67626	0.00000e+00
0.67626	0.00000e+00
0.70921	0.00000e+00
