0.97124	3.49153e-03
0.95385	1.18014e-02
0.94327	1.84279e-02
0.91090	4.13173e-02
0.88904	5.48540e-02
0.86390	7.85264e-02
0.82085	1.16621e-01
0.80337	1.02320e-01
0.79634	1.16249e-01
0.80377	1.01235e-01
0.78817	1.10405e-01
0.75817	1.40105e-01
0.75294	1.41647e-01
0.74650	1.50489e-01
0.72702	1.52197e-01
0.72709	1.64936e-01
0.71024	1.84182e-01
0.72042	1.59848e-01
0.69004	1.43373e-01
0.73115	1.16553e-01
0.70603	1.41208e-01
0.71110	1.48966e-01
0.71582	1.28676e-01
0.74060	1.29623e-01
0.70652	1.42661e-01
0.74194	1.01687e-01
0.74054	1.16855e-01
0.73467	8.37655e-02
0.74191	7.40416e-02
0.73431	9.94431e-02
0.73129	9.58883e-02
0.70179	1.33315e-01
0.72547	1.05339e-01
0.73661	7.61697e-02
0.74137	8.69292e-02
0.72178	7.40423e-02
0.72724	5.68611e-02
0.72194	7.27229e-02
0.72826	6.15427e-02
0.70385	4.69088e-02
0.70257	6.43176e-02
0.72798	5.82244e-02
0.71958	3.62543e-02
0.71837	3.10617e-02
0.72310	3.34064e-02
0.72272	4.04070e-02
0.69224	4.35537e-02
0.67797	5.56172e-02
0.69980	6.04767e-02
0.71213	4.19327e-02
0.69567	5.36060e-02
0.68695	4.66769e-02
0.69512	6.82882e-02
0.68280	4.69167e-02
0.67568	5.61394e-02
0.68178	5.28240e-02
0.68823	4.61504e-02
0.67867	3.64787e-02
0.67411	6.21946e-02
0.67390	4.84524e-02
0.66470	5.57675e-02
0.65332	4.22852e-02
0.63502	6.93629e-02
0.65056	6.51407e-02
0.63264	4.27849e-02
0.64670	4.94813e-02
0.61973	5.31289e-02
0.62355	4.52267e-02
0.62553	5.24112e-02
0.61877	5.20685e-02
0.62418	5.38870e-02
0.61518	5.25859e-02
0.59034	4.02965e-02
0.60790	5.80984e-02
0.57455	5.66713e-02
0.57336	3.85370e-02
0.56930	5.76689e-02
0.57355	5.33858e-02
0.56687	5.80784e-02
0.55088	4.04936e-02
0.57072	4.21023e-02
0.53921	5.76613e-02
0.54638	3.98284e-02
0.55551	5.00059e-02
0.53155	6.28609e-02
0.51233	4.14269e-02
0.55171	6.20398e-02
0.51531	3.07918e-02
0.50012	4.84548e-02
0.49826	4.40152e-02
0.49843	5.14389e-02
0.49191	5.52480e-02
0.48260	3.57749e-02
0.46861	7.17847e-02
0.45776	3.82306e-02
0.45262	4.65439e-02
0.45249	7.21533e-02
0.44991	6.52722e-02
0.43244	5.25465e-02
0.43561	3.59227e-02
0.46592	5.63554e-02
0.47653	5.99781e-02
0.46920	5.53266e-02
0.47059	4.67857e-02
0.46689	5.77061e-02
0.49113	5.40910e-02
0.49769	4.79615e-02
0.49131	5.09659e-02
0.49156	5.09253e-02
0.47485	4.39034e-02
0.46807	6.14326e-02
0.49455	3.39461e-02
0.48550	3.47157e-02
0.49892	2.94486e-02
0.49913	3.00598e-02
0.51108	3.37664e-02
0.51666	3.50666e-02
0.54063	5.14128e-02
0.51923	3.69991e-02
0.51973	3.71707e-02
0.51988	3.95326e-02
0.52142	4.06703e-02
0.51899	4.81021e-02
0.53445	4.52916e-02
0.53445	4.52916e-02
0.54723	4.48453e-02
0.53650	3.63580e-02
0.53868	3.51582e-02
0.55852	2.80196e-02
0.54919	4.18397e-02
0.53940	3.12226e-02
0.55560	3.81209e-02
0.57464	3.22157e-02
0.57629	3.53129e-02
0.55305	5.37543e-02
0.55305	5.37543e-02
0.52674	5.42753e-02
0.52551	5.32506e-02
0.52104	5.03301e-02
0.54958	4.56883e-02
0.56006	4.55480e-02
0.56006	4.55480e-02
0.56041	3.60059e-02
0.56041	3.60059e-02
0.56582	3.24079e-02
0.54852	5.22970e-02
0.55010	5.64663e-02
0.56702	5.23188e-02
0.58465	5.15469e-02
0.58813	4.78227e-02
0.59145	5.25104e-02
0.59130	5.24781e-02
0.59130	5.24781e-02
0.58846	5.03210e-02
0.59345	4.99855e-02
0.59977	5.67218e-02
0.59199	5.96944e-02
0.59199	5.96944e-02
0.58916	6.03086e-02
0.59486	5.99916e-02
0.60449	6.91559e-02
0.60654	5.92371e-02
0.59478	4.81197e-02
0.59688	4.58537e-02
0.60055	4.75541e-02
0.60063	4.74632e-02
0.60063	4.74632e-02
0.59778	6.05128e-02
0.60695	4.31707e-02
0.62058	5.19542e-02
0.62606	4.75331e-02
0.62865	6.60394e-02
0.62502	5.94765e-02
0.63048	6.10702e-02
0.62816	5.91217e-02
0.62219	5.54062e-02
0.63140	4.39406e-02
0.62504	4.17336e-02
0.62504	4.17336e-02
0.62902	3.86987e-02
0.63005	4.25522e-02
0.63058	4.24548e-02
0.63058	4.24548e-02
0.65154	4.91454e-02
0.65111	3.88125e-02
0.63348	3.69536e-02
0.63065	3.89132e-02
0.62354	4.52356e-02
0.62287	3.98946e-02
0.64326	4.84560e-02
0.64432	5.76883e-02
0.65348	5.27201e-02
0.64735	4.48281e-02
0.64920	5.28242e-02
0.65726	4.47275e-02
0.65181	5.02319e-02
0.65185	5.02388e-02
0.65531	5.70586e-02
0.67721	4.57666e-02
0.68577	4.96351e-02
0.69199	5.40533e-02
0.67997	4.81188e-02
0.66853	4.59381e-02
0.67025	8.02268e-02
0.67069	7.89040e-02
0.66185	8.64604e-02
0.66939	9.14508e-02
0.66939	9.14508e-02
0.68891	7.18025e-02
0.68229	6.30192e-02
0.67445	4.87149e-02
0.68581	4.93504e-02
0.70032	5.05694e-02
0.70032	5.05694e-02
0.70744	5.26212e-02
0.70670	5.06880e-02
0.70670	5.06880e-02
0.70957	5.26140e-02
0.70352	5.44445e-02
0.69874	5.82442e-02
0.70071	5.80191e-02
0.70111	5.78312e-02
0.70861	5.38572e-02
0.71392	5.47884e-02
0.71518	5.66041e-02
0.72192	5.73808e-02
0.72418	6.92737e-02
0.74238	6.48206e-02
0.74392	6.59361e-02
0.73673	5.87644e-02
0.74484	4.82090e-02
0.73806	4.35145e-02
0.74736	4.44809e-02
0.74930	4.21217e-02
0.74085	4.35387e-02
0.73450	4.01334e-02
0.74030	5.26395e-02
0.74913	5.02685e-02
0.73819	6.54596e-02
0.74491	5.12933e-02
0.75389	7.01298e-02
0.75285	6.95940e-02
0.75441	7.07551e-02
0.75406	7.52827e-02
0.75988	6.36779e-02
0.76020	6.15419e-02
0.77050	5.18603e-02
0.76888	5.26217e-02
0.76822	5.15031e-02
0.75881	6.23477e-02
0.76843	7.31957e-02
0.76477	7.12384e-02
0.76516	7.48012e-02
0.76391	7.60627e-02
0.77175	7.44004e-02
0.76699	7.04554e-02
0.77974	6.58906e-02
0.78725	6.38087e-02
0.78651	6.28768e-02
0.78042	6.57632e-02
0.78613	6.27521e-02
0.78527	6.46110e-02
0.77905	7.47200e-02
0.77894	7.57499e-02
0.77894	7.57499e-02
0.78906	7.77660e-02
0.79331	7.39577e-02
0.79327	7.39492e-02
0.79401	7.44066e-02
0.79400	7.43456e-02
0.79680	7.26116e-02
0.80062	7.05384e-02
0.80739	7.68744e-02
0.81436	7.05658e-02
0.82141	6.70797e-02
0.82119	6.07827e-02
0.83107	6.13585e-02
0.82422	5.97042e-02
0.82206	6.63748e-02
0.82448	7.11371e-02
0.82164	6.87045e-02
0.79622	5.28277e-02
0.80856	6.65079e-02
0.81009	6.43442e-02
0.80030	7.82678e-02
0.80846	6.15100e-02
0.81155	6.16672e-02
0.81155	6.16672e-02
0.82024	5.77622e-02
0.81830	5.77946e-02
0.82181	6.33366e-02
0.82829	6.10610e-02
0.81850	6.70738e-02
0.80834	8.03333e-02
0.82696	6.74647e-02
0.83592	6.04987e-02
0.82981	6.59062e-02
0.83201	6.94934e-02
0.83910	6.29772e-02
0.84458	6.72659e-02
0.84297	6.82935e-02
0.83369	7.81470e-02
0.83200	7.82349e-02
0.83201	8.41073e-02
0.83228	8.29532e-02
0.83222	7.91458e-02
0.83689	6.72415e-02
0.83689	6.72415e-02
0.83523	6.43669e-02
0.82983	8.07038e-02
0.83216	7.99678e-02
0.83420	8.15344e-02
0.84255	8.24945e-02
0.85137	6.70456e-02
0.85695	6.36265e-02
0.84815	6.42690e-02
0.84777	6.43857e-02
0.85139	6.69185e-02
0.86087	6.01096e-02
0.84885	4.77038e-02
0.84793	4.86048e-02
0.84844	6.46509e-02
0.84199	6.22461e-02
0.84709	5.63628e-02
0.85426	5.00309e-02
0.86111	6.08736e-02
0.86133	7.08357e-02
0.84702	5.86161e-02
0.84537	5.66200e-02
0.85015	5.86681e-02
0.85590	5.88005e-02
0.85237	5.58893e-02
0.85620	5.01506e-02
0.85620	5.01506e-02
0.86847	5.76710e-02
0.85145	4.30442e-02
0.86120	4.32824e-02
0.85929	4.39888e-02
0.86633	3.44840e-02
0.85424	4.38602e-02
0.85424	4.38602e-02
0.85434	3.78583e-02
0.85668	3.87460e-02
0.86511	4.43574e-02
0.87396	3.95941e-02
0.87445	3.90924e-02
0.86985	3.56582e-02
0.87868	4.08967e-02
0.88104	4.40151e-02
0.87836	5.31517e-02
0.88068	5.28082e-02
0.88068	5.28082e-02
0.88104	5.32124e-02
0.88038	5.28681e-02
0.88852	4.61990e-02
0.89266	3.29430e-02
0.89597	3.77071e-02
0.90004	4.15591e-02
0.90090	4.32655e-02
0.90361	4.34308e-02
0.90922	3.84580e-02
0.90575	4.24473e-02
0.89235	3.29181e-02
0.89362	3.49110e-02
0.89362	3.49110e-02
0.88313	3.70204e-02
0.89306	3.83572e-02
0.89952	3.62058e-02
0.89708	3.85596e-02
0.89708	3.85596e-02
0.89708	3.85596e-02
0.89106	3.99532e-02
0.88963	4.17461e-02
0.89687	4.13077e-02
0.89687	4.13077e-02
0.89687	4.13077e-02
0.91265	2.84083e-02
0.90978	3.15229e-02
0.92199	2.56218e-02
0.92191	2.57264e-02
0.92191	2.57264e-02
0.92191	2.57264e-02
0.91828	3.05329e-02
0.91828	3.05329e-02
0.92042	2.89324e-02
0.92080	3.06353e-02
0.91030	2.49250e-02
0.91499	2.99524e-02
0.92117	2.92657e-02
0.91811	2.79271e-02
0.91811	2.79271e-02
0.92793	1.34571e-02
0.93183	1.92024e-02
0.93183	1.92024e-02
0.93183	1.92024e-02
0.93785	2.35477e-02
0.92909	1.16514e-02
0.93954	4.19171e-03
0.93590	5.79450e-03
0.93590	5.79450e-03
0.93590	5.79450e-03
0.93590	5.79450e-03
0.93089	3.98393e-03
0.94559	1.87812e-02
0.94559	1.87812e-02
0.93807	1.03582e-02
0.94467	1.96104e-02
0.93087	2.35267e-03
0.94892	4.26764e-03
0.95264	5.50206e-04
0.95264	5.50206e-04
0.95264	5.50206e-04
0.96216	1.00748e-02
0.95209	0.00000e+00
0.95209	0.00000e+00
0.95209	0.00000e+00
0.95839	0.00000e+00
0.95839	0.00000e+00
0.97309	0.00000e+00
