0.98944	2.00166e-03
0.97548	1.11818e-02
0.96615	1.61525e-02
0.94820	1.53036e-02
0.94759	1.93650e-02
0.94714	2.42108e-02
0.93018	2.49805e-02
0.91722	3.64366e-02
0.89195	2.81561e-02
0.87310	6.12718e-02
0.84971	5.38472e-02
0.82097	9.10957e-02
0.78960	1.11212e-01
0.75448	1.24574e-01
0.77949	1.25510e-01
0.74911	1.86674e-01
0.76562	1.41566e-01
0.78127	1.15147e-01
0.76061	8.00130e-02
0.77893	7.35396e-02
0.79457	7.72643e-02
0.77232	7.03519e-02
0.78104	6.53177e-02
0.78096	6.27354e-02
0.75585	9.01352e-02
0.77295	8.53868e-02
0.76795	8.06599e-02
0.76354	6.96982e-02
0.78923	5.84788e-02
0.76385	7.19572e-02
0.75389	8.65076e-02
0.78801	6.02905e-02
0.76398	5.80713e-02
0.76393	7.47245e-02
0.78263	5.52048e-02
0.77703	6.72844e-02
0.79119	5.82357e-02
0.77580	5.55498e-02
0.76550	6.17725e-02
0.79160	4.98655e-02
0.77792	4.53111e-02
0.77834	5.69953e-02
0.76463	4.45853e-02
0.77504	5.42622e-02
0.75984	6.50200e-02
0.77311	3.52653e-02
0.75718	5.30022e-02
0.73575	6.69728e-02
0.75267	4.58033e-02
0.75697	4.40167e-02
0.73394	6.61957e-02
0.74164	4.52961e-02
0.73639	3.54157e-02
0.73963	4.36896e-02
0.72806	1.68045e-02
0.73823	4.08192e-02
0.74256	4.57083e-02
0.71557	3.85491e-02
0.72200	2.91163e-02
0.72683	4.36678e-02
0.69980	2.54558e-02
0.71599	2.77999e-02
0.71145	3.07014e-02
0.69503	2.73149e-02
0.67583	3.72533e-02
0.69591	4.45183e-02
0.67488	5.02105e-02
0.67995	5.82745e-02
0.67381	5.12135e-02
0.65092	4.97315e-02
0.67768	7.71969e-02
0.66431	6.20945e-02
0.65200	3.55283e-02
0.67997	5.64319e-02
0.65551	5.42326e-02
0.63641	4.98294e-02
0.64288	5.42308e-02
0.65011	4.39527e-02
0.60943	5.58805e-02
0.63448	4.52026e-02
0.61144	7.04271e-02
0.61666	3.95948e-02
0.61728	5.64281e-02
0.60573	5.73157e-02
0.59552	6.25935e-02
0.58339	4.72506e-02
0.60996	4.89794e-02
0.57859	5.73195e-02
0.56782	4.95612e-02
0.57132	7.13265e-02
0.55588	5.16168e-02
0.55882	6.84558e-02
0.54064	3.41739e-02
0.51428	4.99149e-02
0.53869	6.07329e-02
0.52996	7.29152e-02
0.49525	4.07296e-02
0.51642	4.27438e-02
0.51786	3.27247e-02
0.54934	5.95877e-02
0.55762	4.85846e-02
0.54997	4.77176e-02
0.55639	4.43114e-02
0.55601	5.34441e-02
0.55540	5.43388e-02
0.57635	4.27075e-02
0.57654	4.57160e-02
0.57193	4.28643e-02
0.58181	5.55773e-02
0.58181	5.55773e-02
0.57549	6.01758e-02
0.56042	4.77484e-02
0.59315	4.76880e-02
0.59507	5.20904e-02
0.59279	4.94507e-02
0.58358	4.00520e-02
0.59153	2.37744e-02
0.58428	2.98495e-02
0.58688	3.36084e-02
0.59864	2.84516e-02
0.60215	3.43644e-02
0.62190	3.79530e-02
0.64431	5.12032e-02
0.62504	5.10723e-02
0.63051	4.86574e-02
0.64255	4.05711e-02
0.63630	3.26309e-02
0.64929	4.19188e-02
0.64904	4.19088e-02
0.65420	4.79537e-02
0.64112	3.87866e-02
0.64641	2.79253e-02
0.64353	2.38491e-02
0.63474	2.06313e-02
0.63644	3.61553e-02
0.63904	3.75318e-02
0.65763	4.21241e-02
0.66425	3.18402e-02
0.66468	3.28428e-02
0.66671	3.66991e-02
0.66966	3.84076e-02
0.66966	3.84076e-02
0.68093	3.17361e-02
0.69453	3.41990e-02
0.69226	3.34480e-02
0.68413	4.81963e-02
0.69565	4.77582e-02
0.67495	3.66032e-02
0.68424	3.26997e-02
0.68424	3.26997e-02
0.68779	3.28030e-02
0.68518	3.09817e-02
0.68518	3.09817e-02
0.68596	3.34092e-02
0.67954	4.64163e-02
0.68349	5.42082e-02
0.67609	4.48736e-02
0.68083	4.75417e-02
0.68371	5.48952e-02
0.69418	5.90728e-02
0.70218	5.27019e-02
0.71124	5.06351e-02
0.71124	5.06351e-02
0.70119	6.25946e-02
0.69904	6.16196e-02
0.69731	6.13298e-02
0.70829	4.90960e-02
0.70451	4.36711e-02
0.70451	4.36711e-02
0.70451	4.36711e-02
0.72295	3.00681e-02
0.72378	3.02288e-02
0.72378	3.02288e-02
0.72070	3.86288e-02
0.72136	3.92418e-02
0.70896	3.90417e-02
0.71460	4.29348e-02
0.70963	4.30496e-02
0.71307	4.18551e-02
0.72267	4.84385e-02
0.71311	3.69016e-02
0.74067	3.72027e-02
0.74067	3.72027e-02
0.73362	4.68276e-02
0.73176	4.49736e-02
0.72809	5.04001e-02
0.73363	4.46763e-02
0.74484	4.41368e-02
0.75879	4.74559e-02
0.75933	4.47821e-02
0.75496	4.42012e-02
0.75387	4.61364e-02
0.75752	4.39171e-02
0.75631	4.23918e-02
0.75995	4.31286e-02
0.75402	4.59174e-02
0.75369	3.95765e-02
0.76777	4.55388e-02
0.75778	4.29486e-02
0.76084	4.48549e-02
0.76019	4.42985e-02
0.74496	2.56986e-02
0.73959	3.09381e-02
0.74774	3.61852e-02
0.76183	3.94043e-02
0.76677	3.91368e-02
0.76357	3.76131e-02
0.76357	3.76131e-02
0.75930	3.33664e-02
0.75930	3.33664e-02
0.75206	3.83212e-02
0.75640	4.25501e-02
0.76303	4.21991e-02
0.76666	4.00707e-02
0.76226	3.57615e-02
0.76226	3.57615e-02
0.76043	3.51736e-02
0.77076	4.15391e-02
0.77254	4.27439e-02
0.77964	4.63316e-02
0.77632	4.76582e-02
0.78059	4.81299e-02
0.78393	4.77319e-02
0.77741	4.93335e-02
0.78774	3.03206e-02
0.79248	3.08563e-02
0.79033	3.18536e-02
0.80131	3.47945e-02
0.79931	3.59711e-02
0.79642	3.42221e-02
0.80930	3.64872e-02
0.80099	3.13105e-02
0.80092	3.13202e-02
0.80426	3.40939e-02
0.80666	3.51679e-02
0.81267	3.76321e-02
0.81870	2.79552e-02
0.81651	3.05820e-02
0.82523	3.22087e-02
0.80617	4.39172e-02
0.80446	4.53059e-02
0.80274	4.38973e-02
0.80842	3.81401e-02
0.80912	3.10970e-02
0.82134	2.26062e-02
0.82134	2.26062e-02
0.81712	2.91991e-02
0.82046	1.77679e-02
0.81949	1.98594e-02
0.81990	2.01965e-02
0.81688	1.87604e-02
0.81362	2.20819e-02
0.81051	2.16789e-02
0.81470	1.88401e-02
0.81982	2.71289e-02
0.82374	3.57357e-02
0.82344	3.11619e-02
0.82585	2.86955e-02
0.81779	3.81502e-02
0.82109	3.71191e-02
0.82264	3.82620e-02
0.82149	3.76045e-02
0.81901	3.64229e-02
0.82211	3.58418e-02
0.82253	3.57499e-02
0.84063	4.28933e-02
0.84172	4.33654e-02
0.84394	4.50480e-02
0.84243	4.25142e-02
0.82652	4.50361e-02
0.82762	4.12795e-02
0.82522	4.29985e-02
0.83770	3.50948e-02
0.83960	3.93553e-02
0.83449	3.97151e-02
0.84206	5.11190e-02
0.83473	4.14788e-02
0.84189	4.33145e-02
0.83164	4.20326e-02
0.83640	5.15706e-02
0.83395	5.02070e-02
0.85093	4.25055e-02
0.84564	4.99390e-02
0.84568	4.88073e-02
0.84031	4.27010e-02
0.84913	3.52109e-02
0.84913	3.52109e-02
0.85153	3.63811e-02
0.85194	3.64606e-02
0.85394	3.60721e-02
0.85651	4.20607e-02
0.86018	4.25966e-02
0.85817	4.17260e-02
0.85052	4.64143e-02
0.85129	4.37990e-02
0.85580	4.42108e-02
0.85736	4.34086e-02
0.86370	4.78035e-02
0.86206	4.93643e-02
0.86219	4.93879e-02
0.86836	4.69422e-02
0.86886	4.56776e-02
0.86903	4.71218e-02
0.87499	4.61957e-02
0.87337	4.24320e-02
0.88482	3.16312e-02
0.88419	3.90206e-02
0.87736	4.77532e-02
0.87422	4.82695e-02
0.87226	5.13272e-02
0.87065	4.90653e-02
0.87120	3.65371e-02
0.86551	3.71696e-02
0.86415	3.80201e-02
0.87012	4.80861e-02
0.87179	5.01204e-02
0.87616	4.88599e-02
0.87505	4.82563e-02
0.88054	4.71867e-02
0.88727	5.31123e-02
0.87877	4.36248e-02
0.87313	3.72081e-02
0.87948	2.99922e-02
0.88023	2.85608e-02
0.88305	2.96894e-02
0.88204	3.00104e-02
0.88174	4.01536e-02
0.88101	4.01012e-02
0.89543	2.25300e-02
0.90175	2.90141e-02
0.90489	2.60837e-02
0.90495	2.60878e-02
0.90433	2.71836e-02
0.90255	3.22668e-02
0.90655	3.44824e-02
0.90671	4.01858e-02
0.90148	4.28091e-02
0.90292	3.69934e-02
0.90407	3.80801e-02
0.90407	3.80801e-02
0.90740	3.31010e-02
0.90444	3.78469e-02
0.90684	3.78277e-02
0.91418	3.42130e-02
0.92222	3.03330e-02
0.92500	3.33571e-02
0.91182	4.31205e-02
0.90717	3.18850e-02
0.90838	3.43942e-02
0.90623	3.43846e-02
0.90646	3.47425e-02
0.90160	3.13413e-02
0.91244	2.39140e-02
0.91194	2.40455e-02
0.91194	2.40455e-02
0.90811	2.88027e-02
0.90265	3.85716e-02
0.90322	3.86175e-02
0.91973	2.25972e-02
0.91955	2.25806e-02
0.91776	2.36343e-02
0.91646	2.01850e-02
0.93339	2.25000e-02
0.93339	2.25000e-02
0.93300	1.70731e-02
0.92936	2.25814e-02
0.94079	1.49948e-02
0.93368	1.76606e-02
0.93616	1.63684e-02
0.93422	1.52230e-02
0.94008	1.98576e-02
0.93936	2.40377e-02
0.93919	2.58925e-02
0.93919	2.58925e-02
0.94255	2.64528e-02
0.94697	2.20435e-02
0.94691	2.21205e-02
0.94611	1.24421e-02
0.95049	1.83472e-02
0.95218	1.52910e-02
0.95234	1.53410e-02
0.95643	1.59826e-02
0.95457	1.58045e-02
0.95457	1.58045e-02
0.95208	1.42754e-02
0.95208	1.42754e-02
0.95945	1.53255e-02
0.96290	1.83997e-02
0.96281	1.85345e-02
0.96553	9.57385e-03
0.96951	1.30734e-02
0.96536	1.68438e-02
0.96686	9.23652e-03
0.96812	1.04663e-02
0.96812	1.04663e-02
0.96812	1.04663e-02
0.96812	1.04663e-02
0.97400	3.52152e-03
0.97280	4.64598e-03
0.97321	5.19781e-03
0.97321	5.19781e-03
0.97321	5.19781e-03
0.97524	7.98380e-03
0.97524	7.98380e-03
0.97562	8.51526e-03
0.98129	9.66204e-03
0.98129	9.66204e-03
0.98761	3.26658e-03
0.98974	0.00000e+00
