0.20989	8.05282e-02
0.21604	7.87796e-02
0.18204	1.11138e-01
0.15347	6.82679e-02
0.13871	4.42696e-02
0.08779	2.39062e-02
0.14996	1.20741e-01
0.13308	6.62847e-02
0.13672	3.81373e-02
0.13882	4.05528e-02
0.14705	8.42698e-02
0.12718	6.71985e-02
0.08480	4.82458e-02
0.16784	3.77150e-02
0.13321	4.66999e-02
0.15403	5.41194e-02
0.13535	5.94382e-02
0.13227	5.81821e-02
0.10488	5.16365e-02
0.13561	6.80863e-02
0.16586	4.01425e-02
0.15494	6.58247e-02
0.12943	6.82775e-02
0.15879	6.20496e-02
0.09675	5.08413e-02
0.14324	5.38549e-02
0.15819	7.29439e-02
0.14539	5.77919e-02
0.11703	6.27998e-02
0.14342	4.06969e-02
0.13161	5.03578e-02
0.13029	5.31098e-02
0.13540	6.68661e-02
0.17996	6.07870e-02
0.14543	4.20325e-02
0.13157	4.37055e-02
0.14608	4.06208e-02
0.15490	7.24142e-02
0.17018	6.58689e-02
0.15285	5.90311e-02
0.13830	4.80384e-02
0.12731	6.95803e-02
0.15119	5.42834e-02
0.14470	5.94145e-02
0.14686	7.43580e-02
0.17628	6.88998e-02
0.17524	6.90611e-02
0.13610	6.02272e-02
0.11133	8.35853e-02
0.14457	5.11134e-02
0.10988	7.61119e-02
0.12513	5.84581e-02
0.10968	4.08109e-02
0.13505	5.04767e-02
0.12766	5.79280e-02
0.13035	6.37168e-02
0.15007	6.19581e-02
0.15448	4.40428e-02
0.13138	8.02040e-02
0.11110	6.79030e-02
0.11359	3.77081e-02
0.13183	5.35999e-02
0.09702	3.05464e-02
0.11884	4.71854e-02
0.13789	4.43365e-02
0.14557	4.41186e-02
0.15054	7.76582e-02
0.12188	6.80091e-02
0.09618	2.75796e-02
0.12821	3.28893e-02
0.12681	7.06494e-02
0.13013	5.97188e-02
0.11892	7.66056e-02
0.10625	4.68566e-02
0.11963	5.81825e-02
0.14168	6.05107e-02
0.08448	5.18603e-02
0.14378	5.49615e-02
0.12689	6.26427e-02
0.13391	7.81484e-02
0.10581	5.40255e-02
0.09422	4.60609e-02
0.12595	4.17396e-02
0.10710	7.64142e-02
0.15452	7.68127e-02
0.14228	5.94631e-02
0.10195	1.11879e-01
0.10909	5.09338e-02
0.11355	4.96060e-02
0.15273	7.23810e-02
0.12075	5.37586e-02
0.12424	4.84444e-02
0.11629	2.87944e-02
0.08362	5.24505e-02
0.10165	6.20875e-02
0.10155	4.54058e-02
0.11531	4.99352e-02
0.09035	4.12847e-02
0.08634	3.36870e-02
0.10121	5.03844e-02
0.09563	5.27042e-02
0.08625	5.33931e-02
0.08609	5.28052e-02
0.07664	3.84642e-02
0.07846	3.52493e-02
0.06417	4.13601e-02
0.06864	5.06018e-02
0.08756	4.99877e-02
0.09307	6.13432e-02
0.09979	5.93528e-02
0.10261	5.81749e-02
0.09235	4.86129e-02
0.09399	5.42599e-02
0.10779	4.25082e-02
0.10779	4.25082e-02
0.09818	4.06458e-02
0.08934	5.14915e-02
0.07748	4.88750e-02
0.08181	4.40393e-02
0.09730	6.05841e-02
0.10719	6.18253e-02
0.10359	6.46598e-02
0.10996	5.11870e-02
0.10643	5.86434e-02
0.09831	5.72279e-02
0.09432	5.97399e-02
0.09981	6.14514e-02
0.09958	5.89421e-02
0.11165	5.81532e-02
0.09841	5.10216e-02
0.09640	5.20856e-02
0.09088	4.42835e-02
0.08790	4.44729e-02
0.08828	4.43003e-02
0.10549	3.72893e-02
0.10713	3.65141e-02
0.10912	3.41732e-02
0.10234	3.69224e-02
0.11200	3.65413e-02
0.10674	4.90639e-02
0.10830	6.22279e-02
0.11602	5.26052e-02
0.12876	5.83789e-02
0.11030	5.76948e-02
0.10152	3.49454e-02
0.08365	4.14644e-02
0.09558	3.97315e-02
0.10277	3.32422e-02
0.09929	4.47994e-02
0.09607	4.62671e-02
0.13444	5.44906e-02
0.13798	5.10776e-02
0.11498	5.18291e-02
0.10738	5.77854e-02
0.10571	6.09336e-02
0.10458	6.07621e-02
0.10036	6.73713e-02
0.10354	6.90466e-02
0.10850	6.65833e-02
0.13554	7.11859e-02
0.13593	8.04211e-02
0.15983	8.09661e-02
0.16358	7.95928e-02
0.15637	7.26611e-02
0.15637	7.26611e-02
0.13289	8.37822e-02
0.13665	8.01426e-02
0.13340	8.35193e-02
0.13266	8.20464e-02
0.12908	8.39099e-02
0.11030	7.57984e-02
0.11295	7.57322e-02
0.09509	4.05054e-02
0.09223	3.49633e-02
0.08390	4.36210e-02
0.08532	4.33508e-02
0.09338	3.34351e-02
0.10265	3.00713e-02
0.09218	5.36100e-02
0.10673	6.69912e-02
0.09057	5.38762e-02
0.09261	5.47679e-02
0.10494	4.65160e-02
0.09970	6.37837e-02
0.10308	6.67727e-02
0.12300	7.71943e-02
0.11863	7.21502e-02
0.14727	6.93565e-02
0.15991	7.41708e-02
0.16345	5.76449e-02
0.16416	5.63777e-02
0.15327	5.49419e-02
0.14676	5.59401e-02
0.12947	6.95736e-02
0.14096	6.94219e-02
0.15883	5.68550e-02
0.17905	6.57022e-02
0.17205	7.36603e-02
0.15451	8.03960e-02
0.14121	6.54384e-02
0.14771	6.06335e-02
0.13604	5.84452e-02
0.14667	5.23035e-02
0.11639	5.44928e-02
0.13055	8.65758e-02
0.13339	8.78328e-02
0.11493	8.54112e-02
0.12094	6.54998e-02
0.14302	6.74338e-02
0.11773	7.98734e-02
0.10162	6.77985e-02
0.12029	6.57565e-02
0.12925	7.01585e-02
0.13182	7.22939e-02
0.12731	7.60677e-02
0.13076	7.80767e-02
0.11922	6.83509e-02
0.12614	6.35050e-02
0.13027	5.28366e-02
0.14724	6.83524e-02
0.16229	7.62481e-02
0.16032	7.86292e-02
0.16032	7.86292e-02
0.15988	7.91595e-02
0.16140	7.85756e-02
0.14587	7.39214e-02
0.12604	4.80480e-02
0.12967	5.92707e-02
0.13774	6.76208e-02
0.12701	5.28262e-02
0.12472	5.58196e-02
0.12059	6.43253e-02
0.14606	7.32835e-02
0.14606	7.32835e-02
0.13475	7.60268e-02
0.13450	7.98590e-02
0.15645	6.85420e-02
0.15162	6.21097e-02
0.12978	5.24619e-02
0.12540	5.39689e-02
0.14740	6.84826e-02
0.13375	6.99459e-02
0.11037	6.56813e-02
0.11574	6.34778e-02
0.12814	4.20591e-02
0.14196	4.91907e-02
0.11583	5.39548e-02
0.10599	5.74948e-02
0.13057	6.27003e-02
0.11511	5.34704e-02
0.13393	6.50018e-02
0.13361	6.44980e-02
0.13962	4.81158e-02
0.12814	4.33500e-02
0.12908	4.32089e-02
0.11588	5.15397e-02
0.11470	5.16563e-02
0.11873	5.92435e-02
0.10760	6.25240e-02
0.11665	5.59526e-02
0.11904	4.84899e-02
0.11497	4.57273e-02
0.11497	4.57273e-02
0.11246	3.73668e-02
0.13625	5.02617e-02
0.11542	4.24740e-02
0.11129	4.60845e-02
0.12887	5.62593e-02
0.14775	6.95105e-02
0.14439	5.59517e-02
0.14698	1.06212e-01
0.13488	6.91405e-02
0.13997	6.74776e-02
0.13811	6.91332e-02
0.12170	7.97106e-02
0.12636	8.24636e-02
0.13826	7.59791e-02
0.14462	8.71019e-02
0.16919	7.73884e-02
0.19190	7.11425e-02
0.17935	6.67043e-02
0.17935	6.67043e-02
0.14153	4.77344e-02
0.16018	6.50620e-02
0.16118	6.31679e-02
0.17073	5.82409e-02
0.15925	6.28466e-02
0.12431	7.76472e-02
0.13042	7.38483e-02
0.12657	7.17584e-02
0.12115	6.64990e-02
0.10545	5.07808e-02
0.08552	4.13495e-02
0.09459	4.43881e-02
0.15650	7.16457e-02
0.14016	6.40223e-02
0.13981	6.58036e-02
0.12391	4.92169e-02
0.12391	4.92169e-02
0.12341	4.96080e-02
0.10826	4.56703e-02
0.12296	5.53326e-02
0.12018	5.28867e-02
0.10709	5.91673e-02
0.10157	6.38868e-02
0.09500	5.69114e-02
0.07806	5.83156e-02
0.12133	7.25017e-02
0.12317	6.95196e-02
0.12792	6.43561e-02
0.15148	6.30206e-02
0.12691	5.97432e-02
0.13732	6.12597e-02
0.17329	4.99926e-02
0.15537	6.32095e-02
0.14332	5.15271e-02
0.15699	4.18622e-02
0.15602	4.48421e-02
0.14669	4.07599e-02
0.15574	4.98716e-02
0.15381	5.14461e-02
0.15381	5.14461e-02
0.12867	3.70997e-02
0.14448	4.98239e-02
0.13823	5.54039e-02
0.13823	5.54039e-02
0.16838	9.65682e-02
0.16850	5.76468e-02
0.12103	4.10154e-02
0.11955	3.94031e-02
0.12085	3.55554e-02
0.12085	3.55554e-02
0.12316	3.27739e-02
0.13730	3.88050e-02
0.15032	4.68559e-02
0.13854	3.89595e-02
0.14742	5.32804e-02
0.13382	4.51371e-02
0.13032	4.03195e-02
0.13955	4.90317e-02
0.12374	7.13011e-02
0.14145	7.91629e-02
0.14145	7.91629e-02
0.14686	7.82545e-02
0.14696	8.63184e-02
0.16439	9.04669e-02
0.17200	9.15709e-02
0.16794	8.07319e-02
0.18276	7.94843e-02
0.17484	8.18938e-02
0.17936	7.89098e-02
0.17936	7.89098e-02
0.17936	7.89098e-02
0.17936	7.89098e-02
0.15332	7.51055e-02
0.17066	6.73487e-02
0.14804	5.48367e-02
0.13165	3.98732e-02
0.18401	1.04798e-01
0.17271	1.10381e-01
0.15174	1.18429e-01
0.16292	1.20906e-01
0.16292	1.20906e-01
0.17451	1.17870e-01
0.18618	1.06971e-01
0.17621	1.13602e-01
0.15664	1.19535e-01
0.16974	1.16216e-01
0.13583	1.25235e-01
0.11166	6.20717e-02
0.11856	5.72851e-02
0.11257	6.10115e-02
0.08761	2.14679e-02
0.08912	2.02521e-02
0.06691	3.82328e-02
0.08899	7.57908e-02
0.08899	7.57908e-02
0.14025	7.67309e-02
0.17326	1.07001e-01
0.21311	7.98403e-02
0.19697	8.96898e-02
0.12696	5.43099e-02
0.12696	5.43099e-02
0.16018	7.52734e-02
0.13835	9.38361e-02
0.13028	8.85257e-02
0.08047	3.96293e-02
0.14669	5.02398e-02
0.14366	4.87509e-02
0.14366	4.87509e-02
0.17719	5.75292e-02
0.21580	3.25217e-02
0.21580	3.25217e-02
0.21643	3.15061e-02
0.16450	6.63372e-02
0.14304	6.54505e-02
0.12141	4.38680e-02
0.13433	3.65851e-02
0.12858	4.20920e-02
0.13231	4.80103e-02
0.10550	2.08290e-02
0.09612	3.09044e-02
0.12137	4.99879e-02
0.12102	5.04570e-02
0.12102	5.04570e-02
0.15178	3.36326e-02
0.12607	4.96670e-03
0.16869	4.75857e-02
0.18336	6.22557e-02
0.18336	6.22557e-02
0.18336	6.22557e-02
0.18336	6.22557e-02
0.13508	1.39778e-02
0.19464	4.55847e-02
0.19464	4.55847e-02
0.19464	4.55847e-02
0.14495	4.11330e-03
0.13348	7.35723e-03
0.14083	0.00000e+00
0.14083	0.00000e+00
0.14083	0.00000e+00
0.14083	0.00000e+00
0.29381	0.00000e+00
0.29381	0.00000e+00
0.17357	0.00000e+00
0.17357	0.00000e+00
0.17357	0.00000e+00
0.17357	0.00000e+00
0.17357	0.00000e+00
0.17357	0.00000e+00
0.18624	0.00000e+00
0.18624	0.00000e+00
0.18624	0.00000e+00
0.18624	0.00000e+00
0.18624	0.00000e+00
0.19570	0.00000e+00
