0.97080	4.25218e-03
0.95143	8.96125e-03
0.93562	2.25933e-02
0.92856	2.30501e-02
0.90784	3.40075e-02
0.88106	4.25397e-02
0.85317	5.74168e-02
0.81391	8.21124e-02
0.79955	1.01666e-01
0.74110	1.23581e-01
0.73281	1.39283e-01
0.72967	1.05451e-01
0.72527	1.10470e-01
0.74294	6.18155e-02
0.66463	9.97106e-02
0.70709	9.32920e-02
0.70193	9.36588e-02
0.68231	1.04002e-01
0.70624	1.00752e-01
0.68683	1.15627e-01
0.65850	1.20475e-01
0.69222	9.34720e-02
0.68960	1.15858e-01
0.70106	1.03979e-01
0.70040	1.12297e-01
0.69038	1.37022e-01
0.71332	1.18902e-01
0.72267	8.45811e-02
0.71374	8.00433e-02
0.72652	4.88155e-02
0.73780	5.49610e-02
0.73710	6.69772e-02
0.71681	6.47884e-02
0.72915	5.11964e-02
0.74758	4.86372e-02
0.74167	5.25986e-02
0.73855	2.73413e-02
0.74315	4.53910e-02
0.74199	4.52415e-02
0.73135	3.13928e-02
0.72452	4.57460e-02
0.72546	4.24514e-02
0.71573	4.38582e-02
0.72284	4.29198e-02
0.70958	5.32527e-02
0.69505	7.31081e-02
0.69865	4.47653e-02
0.68515	5.63145e-02
0.67722	4.82810e-02
0.65774	7.07983e-02
0.66278	6.71803e-02
0.64545	7.03301e-02
0.67442	5.35368e-02
0.66545	5.01470e-02
0.65703	6.13235e-02
0.64505	5.54881e-02
0.66966	5.68263e-02
0.65625	5.36765e-02
0.61487	3.69556e-02
0.60565	3.51144e-02
0.60399	4.80622e-02
0.60438	4.40199e-02
0.59993	5.55321e-02
0.57562	4.91176e-02
0.57347	6.07837e-02
0.59286	6.08252e-02
0.57641	5.36783e-02
0.56335	5.75961e-02
0.55637	4.96290e-02
0.58067	7.79903e-02
0.54239	3.78168e-02
0.53773	5.42988e-02
0.54514	5.46691e-02
0.53340	6.67636e-02
0.52648	5.66518e-02
0.51931	5.04773e-02
0.52660	5.98768e-02
0.51740	6.29679e-02
0.49546	7.57693e-02
0.53078	3.93907e-02
0.50455	8.40042e-02
0.49639	5.53120e-02
0.48052	7.31935e-02
0.46668	4.01138e-02
0.46291	7.36391e-02
0.43080	5.81598e-02
0.44164	5.81598e-02
0.44265	4.36249e-02
0.41983	4.34450e-02
0.40260	5.67096e-02
0.40742	5.94753e-02
0.40151	4.78160e-02
0.39861	7.53400e-02
0.40335	4.28629e-02
0.39612	7.91050e-02
0.35658	6.45670e-02
0.34833	7.28087e-02
0.36069	5.05366e-02
0.34605	8.10760e-02
0.32327	6.72395e-02
0.32875	7.63580e-02
0.34065	6.73669e-02
0.35707	5.86188e-02
0.35757	5.87479e-02
0.36783	4.41979e-02
0.36912	4.52164e-02
0.36219	3.93679e-02
0.35327	4.51080e-02
0.36064	4.09058e-02
0.38458	2.74795e-02
0.38697	4.29407e-02
0.39197	4.18821e-02
0.40077	4.15684e-02
0.40754	5.25652e-02
0.38650	5.15525e-02
0.38176	5.09705e-02
0.40128	4.37462e-02
0.42031	6.36560e-02
0.40972	6.23132e-02
0.40907	6.34003e-02
0.40892	7.04504e-02
0.40206	6.96892e-02
0.40423	6.28994e-02
0.40562	6.20945e-02
0.40831	6.12141e-02
0.41440	6.84968e-02
0.42601	7.45691e-02
0.44600	8.16280e-02
0.44948	7.65356e-02
0.46548	7.41926e-02
0.46042	5.49226e-02
0.46001	5.66032e-02
0.46053	4.65521e-02
0.46203	6.25734e-02
0.46764	5.40360e-02
0.44964	6.71748e-02
0.44812	6.64651e-02
0.43644	7.42503e-02
0.42696	1.02577e-01
0.42696	1.02577e-01
0.44385	9.50996e-02
0.46734	9.78367e-02
0.49488	1.02621e-01
0.50535	8.80645e-02
0.48948	8.45765e-02
0.48674	8.77534e-02
0.49726	9.62367e-02
0.48464	7.47730e-02
0.47883	8.15260e-02
0.48202	7.07725e-02
0.49831	6.07419e-02
0.49831	6.07419e-02
0.49414	7.10649e-02
0.49984	9.88836e-02
0.50881	8.95884e-02
0.51264	9.66702e-02
0.49680	9.73261e-02
0.49314	9.42974e-02
0.50421	1.10325e-01
0.48730	1.05383e-01
0.49724	1.06930e-01
0.48113	1.10588e-01
0.50617	1.06254e-01
0.51199	1.00282e-01
0.51219	1.00189e-01
0.51360	9.97108e-02
0.51153	9.63637e-02
0.51209	9.72408e-02
0.51398	9.02964e-02
0.52667	8.45711e-02
0.52098	8.41062e-02
0.51450	8.36785e-02
0.51168	8.61238e-02
0.53434	8.66374e-02
0.53434	8.66374e-02
0.52998	9.16663e-02
0.53571	7.90025e-02
0.52415	9.74284e-02
0.53667	1.01571e-01
0.53879	1.04424e-01
0.55307	1.00668e-01
0.55560	1.12528e-01
0.55774	1.09078e-01
0.56952	1.03613e-01
0.55536	1.18021e-01
0.56626	1.14507e-01
0.58571	1.03852e-01
0.58385	8.02368e-02
0.57619	8.47578e-02
0.56523	8.42295e-02
0.56500	8.47504e-02
0.57234	8.24042e-02
0.56627	8.17786e-02
0.56538	7.56056e-02
0.57097	6.84550e-02
0.56658	8.18585e-02
0.56266	8.25104e-02
0.57123	9.30068e-02
0.57157	9.27602e-02
0.59295	8.90369e-02
0.59743	8.65317e-02
0.59499	8.60204e-02
0.59198	8.52469e-02
0.60941	9.44231e-02
0.61729	8.18029e-02
0.62314	6.85607e-02
0.63096	9.02715e-02
0.63083	9.05045e-02
0.63423	9.46286e-02
0.63699	9.38115e-02
0.63699	9.38115e-02
0.64728	5.53174e-02
0.64728	5.53174e-02
0.62677	6.40906e-02
0.63114	6.29048e-02
0.63740	5.23324e-02
0.64031	5.88684e-02
0.64176	6.08058e-02
0.64418	5.77680e-02
0.66044	5.23521e-02
0.66655	6.33746e-02
0.66430	5.88582e-02
0.66450	6.70668e-02
0.66613	5.93494e-02
0.66806	5.53636e-02
0.68149	5.37127e-02
0.68405	4.54296e-02
0.67812	5.06172e-02
0.66581	6.32432e-02
0.67029	6.91442e-02
0.67029	6.91442e-02
0.67029	6.91442e-02
0.66322	7.18787e-02
0.66322	7.18787e-02
0.68316	6.75687e-02
0.68485	7.31697e-02
0.68811	5.89423e-02
0.70331	4.56905e-02
0.70736	3.92849e-02
0.70369	4.16758e-02
0.71000	4.39865e-02
0.71187	4.21688e-02
0.72007	4.68722e-02
0.72495	5.27620e-02
0.71803	5.55128e-02
0.71092	5.36647e-02
0.71162	5.30900e-02
0.71654	5.99231e-02
0.71654	5.99231e-02
0.71743	5.95256e-02
0.73060	5.97310e-02
0.73632	5.96049e-02
0.74437	5.12271e-02
0.74664	5.19088e-02
0.73349	5.45158e-02
0.72757	4.75581e-02
0.73669	5.23169e-02
0.73669	5.23169e-02
0.74421	4.89597e-02
0.74530	4.88006e-02
0.74988	4.70282e-02
0.74289	4.72009e-02
0.73756	4.21745e-02
0.73724	4.17611e-02
0.74915	3.65412e-02
0.75745	2.93281e-02
0.75472	3.06205e-02
0.75472	3.06205e-02
0.76426	3.77149e-02
0.75624	4.02076e-02
0.76617	3.78926e-02
0.76668	3.88984e-02
0.77022	4.22845e-02
0.77342	4.17562e-02
0.76537	4.12112e-02
0.76537	4.12112e-02
0.77228	5.17879e-02
0.77023	4.90672e-02
0.77693	3.77413e-02
0.77998	4.02858e-02
0.77916	4.10568e-02
0.76856	2.97396e-02
0.76239	3.02968e-02
0.76239	3.02968e-02
0.76246	3.02825e-02
0.76246	3.02825e-02
0.77748	3.85644e-02
0.77286	3.97040e-02
0.77861	3.87447e-02
0.78654	3.37101e-02
0.77889	3.60326e-02
0.78165	3.21870e-02
0.78315	3.24011e-02
0.79039	3.30931e-02
0.78525	3.77867e-02
0.79741	3.14670e-02
0.79414	3.42327e-02
0.79624	3.54313e-02
0.79246	3.65882e-02
0.79246	3.65882e-02
0.79509	4.05482e-02
0.78685	4.15860e-02
0.79027	3.80985e-02
0.79301	4.01197e-02
0.79712	4.16313e-02
0.79617	3.64986e-02
0.79603	3.66648e-02
0.79603	3.66648e-02
0.79618	3.12221e-02
0.78637	3.30701e-02
0.78830	3.27871e-02
0.78993	3.23729e-02
0.79529	2.94967e-02
0.79434	3.70431e-02
0.79949	3.43968e-02
0.79889	3.76069e-02
0.80379	3.80156e-02
0.81153	4.33613e-02
0.80859	4.11300e-02
0.80816	4.10534e-02
0.80510	4.30203e-02
0.80234	4.19724e-02
0.80531	4.10071e-02
0.80614	3.94978e-02
0.80558	4.20924e-02
0.81593	4.32863e-02
0.81952	4.73353e-02
0.82383	4.57139e-02
0.82152	4.48218e-02
0.82152	4.48218e-02
0.82162	4.49289e-02
0.82450	4.40125e-02
0.83107	5.23527e-02
0.82514	3.71585e-02
0.83090	3.21686e-02
0.83090	3.21686e-02
0.82234	3.94328e-02
0.82560	4.40006e-02
0.82776	3.86731e-02
0.83746	3.47485e-02
0.83159	3.36113e-02
0.84288	3.55595e-02
0.84288	3.55595e-02
0.85131	4.41633e-02
0.85474	4.05275e-02
0.85702	4.52338e-02
0.85900	4.63204e-02
0.85900	4.63204e-02
0.85498	3.79239e-02
0.85344	3.63138e-02
0.84492	4.30832e-02
0.84762	4.07262e-02
0.84824	4.09846e-02
0.85661	4.33443e-02
0.85367	4.94605e-02
0.86482	4.36912e-02
0.86221	5.21516e-02
0.86221	5.21516e-02
0.86976	4.77221e-02
0.87925	4.04583e-02
0.87950	4.10267e-02
0.88416	4.59707e-02
0.88078	4.85665e-02
0.87468	5.26465e-02
0.87788	5.36618e-02
0.87788	5.36618e-02
0.87963	5.32081e-02
0.88114	5.09506e-02
0.88164	5.18066e-02
0.89055	5.25043e-02
0.89756	5.15938e-02
0.89047	4.89346e-02
0.89306	4.69131e-02
0.89306	4.69131e-02
0.89501	4.34608e-02
0.89378	4.44472e-02
0.89378	4.44472e-02
0.89984	4.57289e-02
0.89528	4.74790e-02
0.89528	4.74790e-02
0.89434	4.64461e-02
0.89521	4.95841e-02
0.90711	4.36391e-02
0.89614	4.22579e-02
0.89868	4.22108e-02
0.88824	3.41023e-02
0.89252	4.06666e-02
0.89252	4.06666e-02
0.91148	3.00799e-02
0.91483	3.14642e-02
0.91504	3.16107e-02
0.92046	3.44955e-02
0.90929	2.93733e-02
0.90087	3.10210e-02
0.90087	3.10210e-02
0.91304	3.10545e-02
0.92414	2.63198e-02
0.92064	2.71602e-02
0.91764	2.78144e-02
0.92367	2.75597e-02
0.92387	2.76656e-02
0.92387	2.76656e-02
0.92779	2.62203e-02
0.92369	2.87674e-02
0.92987	3.41116e-02
0.93676	3.25036e-02
0.93821	2.84069e-02
0.93791	3.16902e-02
0.94105	3.31252e-02
0.93977	3.46362e-02
0.93435	3.69618e-02
0.92144	3.39970e-02
0.93141	2.18639e-02
0.93141	2.18639e-02
0.93886	2.81500e-02
0.91141	1.51689e-02
0.93014	3.38977e-02
0.92370	2.74590e-02
0.92370	2.74590e-02
0.92370	2.74590e-02
0.95186	1.94551e-02
0.95155	1.91529e-02
0.95155	1.91529e-02
0.95190	1.95000e-02
0.95190	1.95000e-02
0.94021	3.11905e-02
0.94021	3.11905e-02
0.94181	3.27931e-02
0.90902	0.00000e+00
0.90902	0.00000e+00
0.90902	0.00000e+00
0.90902	0.00000e+00
0.90902	0.00000e+00
0.90902	0.00000e+00
0.90902	0.00000e+00
0.90902	0.00000e+00
0.94088	0.00000e+00
0.92170	0.00000e+00
0.92170	0.00000e+00
0.92170	0.00000e+00
0.94154	0.00000e+00
0.94154	0.00000e+00
0.94154	0.00000e+00
0.94154	0.00000e+00
0.95890	0.00000e+00
0.95890	0.00000e+00
0.95890	0.00000e+00
0.95890	0.00000e+00
0.95890	0.00000e+00
0.95890	0.00000e+00
0.95890	0.00000e+00
0.97102	0.00000e+00
