0.98459	2.10041e-03
0.97290	1.32056e-02
0.96203	1.61211e-02
0.95349	2.38393e-02
0.93100	3.90390e-02
0.91308	4.30426e-02
0.90659	5.48140e-02
0.89608	5.92547e-02
0.88551	7.33437e-02
0.86920	1.10924e-01
0.87285	5.76685e-02
0.85652	4.41872e-02
0.86110	4.94846e-02
0.85471	4.81588e-02
0.82933	5.13431e-02
0.82935	4.28679e-02
0.83619	5.20873e-02
0.84436	4.34627e-02
0.83151	7.01334e-02
0.83229	6.01842e-02
0.83060	5.85176e-02
0.82014	4.48242e-02
0.81450	5.65080e-02
0.84188	3.31245e-02
0.83820	3.45049e-02
0.84000	3.26354e-02
0.84132	4.09262e-02
0.81369	2.69647e-02
0.82381	3.24774e-02
0.80484	3.40388e-02
0.80004	4.03993e-02
0.81944	3.43102e-02
0.80943	3.64905e-02
0.81046	4.50930e-02
0.80051	1.64646e-02
0.78503	3.55954e-02
0.77925	3.26214e-02
0.76428	3.23597e-02
0.78230	2.95223e-02
0.79586	4.07838e-02
0.78001	4.06159e-02
0.77827	3.08602e-02
0.76411	2.85745e-02
0.74359	3.84515e-02
0.77239	3.84646e-02
0.74595	3.72429e-02
0.74275	3.37623e-02
0.72798	3.63467e-02
0.73220	4.39726e-02
0.73479	2.63361e-02
0.72962	3.54379e-02
0.72060	4.39576e-02
0.71186	3.58739e-02
0.71086	4.19958e-02
0.70290	2.78171e-02
0.68357	4.30141e-02
0.72264	5.23758e-02
0.69803	3.87309e-02
0.66314	3.74821e-02
0.66264	5.14697e-02
0.66153	3.68792e-02
0.64207	4.37413e-02
0.64712	3.86987e-02
0.64140	4.21997e-02
0.63545	5.26048e-02
0.63182	4.25484e-02
0.63775	4.19446e-02
0.60679	3.87250e-02
0.61073	5.49921e-02
0.63434	4.45938e-02
0.60150	6.06036e-02
0.60614	4.66117e-02
0.59565	3.26882e-02
0.59687	5.40761e-02
0.58003	4.26333e-02
0.58337	5.40430e-02
0.54355	6.09517e-02
0.55834	5.32946e-02
0.54450	6.04942e-02
0.54339	4.36647e-02
0.53294	4.49393e-02
0.51236	3.25621e-02
0.52065	7.21126e-02
0.48337	7.40925e-02
0.48521	5.35569e-02
0.51045	6.25526e-02
0.48720	6.85659e-02
0.45367	4.85952e-02
0.45632	7.95046e-02
0.47095	8.21128e-02
0.45280	7.63904e-02
0.45504	7.78498e-02
0.45058	6.38047e-02
0.41917	5.59203e-02
0.45755	9.07474e-02
0.39972	7.21285e-02
0.40941	6.11348e-02
0.33653	6.89810e-02
0.36718	9.01431e-02
0.38647	5.63169e-02
0.36420	5.78120e-02
0.38299	5.33193e-02
0.40423	5.85099e-02
0.43837	7.31525e-02
0.43070	4.35006e-02
0.43070	4.35006e-02
0.42815	4.73926e-02
0.44157	6.70555e-02
0.44157	6.70555e-02
0.44492	7.21116e-02
0.43614	7.49480e-02
0.46043	6.25586e-02
0.46332	6.27322e-02
0.45711	6.67735e-02
0.43928	5.49514e-02
0.45996	7.24043e-02
0.44069	9.01617e-02
0.41907	8.61505e-02
0.44529	9.39656e-02
0.44938	9.15934e-02
0.44938	9.15934e-02
0.44975	8.49716e-02
0.45070	7.29409e-02
0.44765	9.04798e-02
0.46066	6.42261e-02
0.46244	6.27573e-02
0.49027	6.64035e-02
0.47408	7.93013e-02
0.47956	7.29023e-02
0.48347	8.01997e-02
0.47983	6.96632e-02
0.47983	6.96632e-02
0.48969	6.40104e-02
0.48654	6.88897e-02
0.48871	6.99662e-02
0.47798	6.50371e-02
0.48610	5.92594e-02
0.50051	5.02792e-02
0.49107	5.75217e-02
0.49596	6.76635e-02
0.49851	7.02983e-02
0.49883	7.14970e-02
0.49769	7.31779e-02
0.50775	7.51532e-02
0.50775	7.51532e-02
0.52926	6.49672e-02
0.50828	6.58215e-02
0.50229	8.33021e-02
0.49734	7.65619e-02
0.49734	7.65619e-02
0.49155	8.12123e-02
0.49155	8.12123e-02
0.50494	7.97137e-02
0.51494	1.00609e-01
0.51494	1.00609e-01
0.50929	8.24186e-02
0.51263	8.97062e-02
0.54588	8.18199e-02
0.54758	7.95762e-02
0.55769	6.12570e-02
0.55932	6.43546e-02
0.55616	6.29482e-02
0.57483	7.58000e-02
0.56594	5.54481e-02
0.57136	6.86191e-02
0.57925	6.47755e-02
0.58515	6.81203e-02
0.59483	7.27949e-02
0.59467	7.28935e-02
0.59641	7.90461e-02
0.60818	6.89362e-02
0.60506	7.20797e-02
0.60307	7.26008e-02
0.61131	7.13543e-02
0.61341	6.68421e-02
0.60113	8.88555e-02
0.61170	6.58886e-02
0.59599	6.23415e-02
0.61886	6.87055e-02
0.63321	6.32288e-02
0.64078	5.82047e-02
0.64084	5.73957e-02
0.63872	6.49387e-02
0.63768	6.63498e-02
0.64615	6.35514e-02
0.65491	5.35950e-02
0.63996	7.74804e-02
0.64994	6.47551e-02
0.66779	4.65409e-02
0.66750	4.37866e-02
0.66963	4.49655e-02
0.67656	3.95309e-02
0.68258	3.32540e-02
0.69059	4.63372e-02
0.68759	6.74292e-02
0.68674	6.56909e-02
0.69168	6.50783e-02
0.68547	6.13875e-02
0.68360	6.01936e-02
0.68280	5.98392e-02
0.69293	7.26245e-02
0.69062	6.95661e-02
0.69570	6.64596e-02
0.71326	6.98811e-02
0.73811	4.89936e-02
0.73712	5.08568e-02
0.72839	5.81720e-02
0.73243	5.91030e-02
0.73491	5.86879e-02
0.74711	3.97288e-02
0.74704	4.00782e-02
0.73738	5.51039e-02
0.73527	5.53382e-02
0.73919	5.67592e-02
0.74320	5.47650e-02
0.74664	5.52157e-02
0.75338	4.18451e-02
0.76302	3.47711e-02
0.76029	4.37494e-02
0.75271	4.77775e-02
0.75054	4.76238e-02
0.75054	4.76238e-02
0.75921	5.25299e-02
0.75419	4.47459e-02
0.75340	4.40994e-02
0.75385	4.33839e-02
0.75108	3.49284e-02
0.76135	4.07849e-02
0.76402	3.91387e-02
0.75971	3.52025e-02
0.75537	3.97250e-02
0.75301	4.29978e-02
0.76201	3.41730e-02
0.77160	4.65792e-02
0.77691	4.47735e-02
0.76886	4.49768e-02
0.76979	4.66909e-02
0.76680	3.62270e-02
0.77316	4.31899e-02
0.77602	4.44528e-02
0.76869	3.89912e-02
0.77512	3.87370e-02
0.77835	3.69301e-02
0.78117	4.04524e-02
0.78477	4.54143e-02
0.78886	3.31837e-02
0.78886	3.31837e-02
0.79118	3.54793e-02
0.79402	2.92425e-02
0.79402	2.92425e-02
0.79160	2.88508e-02
0.80369	4.00505e-02
0.80635	3.83907e-02
0.79281	2.79967e-02
0.79289	2.80162e-02
0.79551	2.79958e-02
0.79873	3.26834e-02
0.79866	3.26449e-02
0.81796	2.38905e-02
0.82101	2.89708e-02
0.82012	2.75142e-02
0.82236	2.92213e-02
0.81942	2.95008e-02
0.80972	2.17055e-02
0.82327	3.43173e-02
0.82469	4.18381e-02
0.82330	4.22571e-02
0.82930	3.75044e-02
0.82268	3.00393e-02
0.82987	3.42270e-02
0.83162	3.81181e-02
0.82060	3.89271e-02
0.81720	3.67640e-02
0.83218	3.25914e-02
0.83126	3.69322e-02
0.83840	2.54442e-02
0.83985	1.76150e-02
0.83726	1.51686e-02
0.83110	3.36323e-02
0.84098	3.54801e-02
0.83696	3.51993e-02
0.83649	3.44608e-02
0.83443	3.49573e-02
0.83213	2.48592e-02
0.83273	2.53603e-02
0.83869	2.95670e-02
0.84645	2.61053e-02
0.84686	2.57425e-02
0.84847	1.95137e-02
0.84502	1.88213e-02
0.85001	2.35324e-02
0.84594	2.41420e-02
0.84569	2.44147e-02
0.84531	1.92625e-02
0.84834	1.73599e-02
0.84834	1.73599e-02
0.84825	1.83573e-02
0.85267	1.57911e-02
0.84653	2.30175e-02
0.84295	2.48362e-02
0.84218	2.41190e-02
0.84662	2.13767e-02
0.85519	2.88396e-02
0.85029	3.12908e-02
0.85310	3.31285e-02
0.85388	3.32334e-02
0.85267	3.23820e-02
0.85299	3.27288e-02
0.85654	3.78106e-02
0.85442	3.79659e-02
0.85574	3.87032e-02
0.86067	3.35098e-02
0.86515	3.99981e-02
0.86319	3.94029e-02
0.86574	4.07905e-02
0.86795	4.25348e-02
0.86761	4.00397e-02
0.86992	4.24116e-02
0.86992	4.24116e-02
0.87447	4.34479e-02
0.88240	4.20183e-02
0.88155	4.13123e-02
0.88942	2.81408e-02
0.88682	3.00229e-02
0.88525	2.67471e-02
0.89246	2.28387e-02
0.89711	1.76735e-02
0.89915	1.80986e-02
0.90197	2.06546e-02
0.90233	2.08326e-02
0.89724	3.13971e-02
0.89534	3.01176e-02
0.89534	3.01176e-02
0.89527	3.29079e-02
0.89554	3.34211e-02
0.89382	3.52670e-02
0.89382	3.52670e-02
0.89884	3.45860e-02
0.90414	3.59080e-02
0.91582	4.06313e-02
0.91905	4.25740e-02
0.91688	4.12919e-02
0.91688	4.13770e-02
0.91860	3.95223e-02
0.92677	4.19072e-02
0.93242	2.98542e-02
0.93388	3.01620e-02
0.92680	2.65284e-02
0.92938	2.82164e-02
0.93009	3.34886e-02
0.92908	3.95443e-02
0.92936	3.97751e-02
0.93348	4.01464e-02
0.93985	2.51664e-02
0.94563	2.85529e-02
0.95107	2.67332e-02
0.95213	2.76880e-02
0.95026	2.62071e-02
0.94802	2.52534e-02
0.94440	3.38854e-02
0.94626	2.17743e-02
0.94260	2.45470e-02
0.94260	2.45470e-02
0.94288	2.61423e-02
0.94014	2.79763e-02
0.94335	2.55440e-02
0.94335	2.55440e-02
0.94335	2.55440e-02
0.94184	2.64094e-02
0.94654	2.55053e-02
0.94645	2.54369e-02
0.94645	2.54369e-02
0.94539	2.51110e-02
0.95289	2.72752e-02
0.95329	2.77090e-02
0.95408	2.70808e-02
0.95512	2.80368e-02
0.94318	2.45044e-02
0.94277	2.44051e-02
0.94594	2.23927e-02
0.93708	1.26420e-02
0.94262	1.62388e-02
0.94262	1.62388e-02
0.94060	1.47047e-02
0.94060	1.47047e-02
0.94060	1.47047e-02
0.94872	9.44049e-04
0.94872	9.44049e-04
0.95367	9.32138e-03
0.96168	1.30845e-02
0.96168	1.30845e-02
0.96166	1.31111e-02
0.96174	1.32464e-02
0.95461	5.53065e-03
0.95461	5.53065e-03
0.95461	5.53065e-03
0.95619	6.12534e-03
0.96265	1.34286e-02
0.96265	1.34286e-02
0.96272	1.35138e-02
0.96927	1.53715e-02
0.97162	1.72436e-02
0.96896	1.62792e-02
0.96896	1.62792e-02
0.96601	1.61915e-02
0.96392	1.86653e-02
0.96988	2.03718e-02
0.97070	2.08690e-02
0.97085	2.09608e-02
0.96410	2.28581e-02
0.97386	1.30986e-02
0.98346	3.49983e-03
0.98374	3.77828e-03
0.97996	0.00000e+00
0.97996	0.00000e+00
0.97996	0.00000e+00
0.98037	0.00000e+00
0.98037	0.00000e+00
0.98544	0.00000e+00
