0.97591	5.67306e-03
0.96355	9.27614e-03
0.96257	1.06934e-02
0.94862	2.03417e-02
0.93313	1.22424e-02
0.93615	2.25037e-02
0.91109	2.62746e-02
0.90724	3.89963e-02
0.90057	3.37923e-02
0.88640	2.57812e-02
0.86936	3.59865e-02
0.86907	2.75523e-02
0.83977	2.83774e-02
0.84243	3.09813e-02
0.82491	4.55516e-02
0.82203	4.51689e-02
0.81417	2.61789e-02
0.79967	4.49135e-02
0.80075	3.74474e-02
0.78791	2.76058e-02
0.78255	4.32496e-02
0.78098	3.40462e-02
0.77340	3.14349e-02
0.76680	5.19268e-02
0.75499	4.30273e-02
0.74899	4.79009e-02
0.72631	5.91918e-02
0.71214	7.22862e-02
0.71116	4.35841e-02
0.70985	5.44940e-02
0.69101	7.18239e-02
0.65546	7.55389e-02
0.67529	6.94514e-02
0.66858	6.35433e-02
0.64934	5.34582e-02
0.65108	7.75911e-02
0.64519	8.51687e-02
0.59510	9.71774e-02
0.60398	9.60716e-02
0.59435	1.13728e-01
0.58143	8.96603e-02
0.55323	1.04530e-01
0.53848	1.18901e-01
0.57259	9.74204e-02
0.57831	8.87321e-02
0.56405	8.12979e-02
0.54430	1.02847e-01
0.54513	9.24357e-02
0.55769	8.75419e-02
0.52105	8.23574e-02
0.54019	9.37922e-02
0.52335	1.09484e-01
0.54653	6.84394e-02
0.52291	1.08958e-01
0.49973	1.01186e-01
0.55066	6.26003e-02
0.52106	8.19283e-02
0.49956	9.20632e-02
0.50308	8.63804e-02
0.52821	7.79282e-02
0.48265	9.70712e-02
0.50154	8.61578e-02
0.47610	1.22012e-01
0.48955	6.37225e-02
0.46021	7.40086e-02
0.47603	9.51254e-02
0.48009	4.96735e-02
0.46806	7.34636e-02
0.47542	7.25607e-02
0.48869	6.83249e-02
0.49425	7.49975e-02
0.45599	5.99106e-02
0.44714	6.75478e-02
0.47429	9.88458e-02
0.45904	7.82886e-02
0.43332	8.50766e-02
0.44993	5.36185e-02
0.42508	8.45274e-02
0.43591	5.61210e-02
0.44416	1.01963e-01
0.45717	8.81483e-02
0.42432	8.48526e-02
0.43398	1.11959e-01
0.43080	8.36255e-02
0.44927	7.52852e-02
0.43758	8.24645e-02
0.42234	7.34902e-02
0.41720	7.93897e-02
0.41935	6.14187e-02
0.41751	9.25505e-02
0.41736	6.97689e-02
0.42924	6.91765e-02
0.39545	5.52630e-02
0.38358	5.68546e-02
0.34982	7.00815e-02
0.42163	7.75935e-02
0.37035	8.26812e-02
0.37873	8.06204e-02
0.39316	1.26783e-01
0.39132	1.42103e-01
0.38913	1.44450e-01
0.40150	1.12581e-01
0.41895	1.11649e-01
0.43757	1.11292e-01
0.43098	1.30048e-01
0.43461	1.24510e-01
0.44936	8.60457e-02
0.44147	9.11742e-02
0.45232	9.94747e-02
0.45298	1.00415e-01
0.46745	1.01276e-01
0.48114	1.10944e-01
0.50162	1.04270e-01
0.50162	1.04270e-01
0.51494	1.23456e-01
0.52929	1.20027e-01
0.54399	1.23575e-01
0.55122	1.35699e-01
0.55122	1.35699e-01
0.55585	1.31105e-01
0.56214	1.19305e-01
0.58423	1.04745e-01
0.58581	1.03302e-01
0.57465	9.13078e-02
0.58159	7.79520e-02
0.58061	8.54511e-02
0.59671	8.60602e-02
0.59787	8.71335e-02
0.60870	7.18094e-02
0.61186	7.89866e-02
0.61933	7.57513e-02
0.61933	7.57513e-02
0.61976	8.31070e-02
0.63475	8.95998e-02
0.62780	8.98419e-02
0.63289	9.34318e-02
0.64797	8.76084e-02
0.65179	8.52507e-02
0.66814	5.47702e-02
0.66700	5.35775e-02
0.67473	6.10079e-02
0.68437	5.89336e-02
0.68300	5.64767e-02
0.67929	5.25372e-02
0.68522	7.39020e-02
0.68955	7.02270e-02
0.68955	7.02270e-02
0.69731	6.58477e-02
0.69506	6.65745e-02
0.69231	6.43528e-02
0.70985	6.11027e-02
0.70904	6.09821e-02
0.70362	5.89765e-02
0.72220	5.12195e-02
0.72573	5.59331e-02
0.73078	5.85418e-02
0.74706	5.04301e-02
0.74540	4.96825e-02
0.74216	5.42333e-02
0.74461	4.74860e-02
0.75803	4.57829e-02
0.76446	4.33184e-02
0.76577	4.48064e-02
0.76700	4.48118e-02
0.77055	4.38089e-02
0.77538	4.49429e-02
0.77995	4.89086e-02
0.78920	4.20449e-02
0.78141	3.84330e-02
0.77815	4.52253e-02
0.78370	3.78417e-02
0.78370	3.78417e-02
0.78108	3.94418e-02
0.78778	4.83710e-02
0.78635	4.89485e-02
0.80112	3.97198e-02
0.79454	4.02790e-02
0.79814	4.22210e-02
0.80562	3.84160e-02
0.80027	4.75257e-02
0.80405	4.84331e-02
0.78980	4.38951e-02
0.80025	3.05654e-02
0.80048	3.06362e-02
0.80302	2.99726e-02
0.81433	4.35507e-02
0.81452	4.38848e-02
0.81563	3.84940e-02
0.81075	4.06750e-02
0.82414	4.36771e-02
0.82056	4.82498e-02
0.82422	4.15062e-02
0.83183	4.04776e-02
0.83046	4.27167e-02
0.82811	4.07765e-02
0.83199	4.43537e-02
0.83119	4.22483e-02
0.82407	4.14623e-02
0.82805	4.19260e-02
0.83093	3.80449e-02
0.82750	3.91440e-02
0.83081	3.96392e-02
0.83662	3.64600e-02
0.83963	3.80858e-02
0.82710	3.24141e-02
0.82841	3.35290e-02
0.82852	3.36401e-02
0.82715	3.32029e-02
0.83234	3.59663e-02
0.83301	4.00346e-02
0.83424	3.54851e-02
0.84115	4.43548e-02
0.84114	4.43581e-02
0.84245	4.33058e-02
0.84242	4.51240e-02
0.84242	4.51240e-02
0.84348	4.42169e-02
0.84158	3.42696e-02
0.84138	3.40137e-02
0.84225	3.34943e-02
0.83814	4.23560e-02
0.83940	3.94607e-02
0.83983	3.92455e-02
0.83821	3.88033e-02
0.83021	4.24503e-02
0.83894	4.81994e-02
0.84787	4.09829e-02
0.84823	4.58317e-02
0.84578	4.39891e-02
0.85018	4.26575e-02
0.85227	4.33062e-02
0.85555	4.21116e-02
0.85878	4.40339e-02
0.85923	4.40554e-02
0.85437	4.51771e-02
0.86120	2.89310e-02
0.85814	2.87632e-02
0.85937	2.66793e-02
0.85999	3.09101e-02
0.85977	2.98775e-02
0.86396	3.26178e-02
0.85835	3.20777e-02
0.86169	3.00122e-02
0.85935	3.36817e-02
0.85706	3.06412e-02
0.85706	3.06412e-02
0.86118	2.98446e-02
0.86011	3.41713e-02
0.86159	3.47331e-02
0.85839	3.15358e-02
0.86444	3.32939e-02
0.86708	3.50933e-02
0.87020	3.73368e-02
0.87020	3.73368e-02
0.86994	3.63156e-02
0.87341	3.74916e-02
0.86928	3.56122e-02
0.86931	3.72352e-02
0.86885	3.78452e-02
0.88295	2.92196e-02
0.87955	2.52568e-02
0.88327	2.47698e-02
0.88483	2.50856e-02
0.88870	2.25686e-02
0.88949	2.26120e-02
0.89085	2.33730e-02
0.88363	2.77287e-02
0.88583	2.71631e-02
0.88685	2.78667e-02
0.88810	3.01882e-02
0.88708	2.90706e-02
0.88544	2.78506e-02
0.88422	2.80232e-02
0.88035	2.90720e-02
0.88367	2.83216e-02
0.88635	2.89099e-02
0.88637	2.63749e-02
0.88886	2.83986e-02
0.89661	1.64929e-02
0.89827	1.83894e-02
0.90104	2.45999e-02
0.90132	2.27140e-02
0.89941	1.99460e-02
0.89463	1.91013e-02
0.89086	2.18376e-02
0.89021	2.18202e-02
0.89541	1.75129e-02
0.89610	1.73287e-02
0.90062	1.42951e-02
0.90085	1.41645e-02
0.90085	1.41645e-02
0.90548	1.55392e-02
0.90180	2.24675e-02
0.90496	1.99007e-02
0.90469	2.04104e-02
0.89989	1.93654e-02
0.89853	2.17573e-02
0.89693	2.42619e-02
0.89208	2.16872e-02
0.89208	2.16872e-02
0.89535	2.73405e-02
0.89714	2.76415e-02
0.89659	2.63564e-02
0.89622	2.58709e-02
0.89775	2.70135e-02
0.89999	3.01802e-02
0.90509	2.83621e-02
0.90335	2.72815e-02
0.90580	2.66696e-02
0.90711	2.61999e-02
0.90370	2.31240e-02
0.90622	2.68409e-02
0.90995	2.90812e-02
0.91169	2.77811e-02
0.90904	2.54765e-02
0.91479	1.67266e-02
0.91557	1.88713e-02
0.91632	1.81841e-02
0.91737	2.03335e-02
0.91755	1.85855e-02
0.92351	2.10516e-02
0.91710	2.01712e-02
0.91253	2.19290e-02
0.91642	2.78122e-02
0.91512	2.97619e-02
0.91258	3.06370e-02
0.91646	3.09704e-02
0.92103	2.62483e-02
0.92296	2.99987e-02
0.92276	2.51350e-02
0.92352	2.38431e-02
0.92866	2.57458e-02
0.92703	2.31386e-02
0.92874	2.09063e-02
0.92554	2.53011e-02
0.92519	2.35174e-02
0.92530	2.34634e-02
0.92973	2.27606e-02
0.93235	2.52456e-02
0.92547	2.40502e-02
0.92950	2.61373e-02
0.92836	2.79379e-02
0.93257	2.38444e-02
0.93955	2.03942e-02
0.93816	2.34154e-02
0.93814	2.33840e-02
0.93799	2.31557e-02
0.94084	2.23049e-02
0.94166	2.24062e-02
0.94158	2.24516e-02
0.93826	2.12002e-02
0.94322	2.22595e-02
0.94322	2.22595e-02
0.93490	3.16856e-02
0.93366	3.06507e-02
0.93486	3.05160e-02
0.93377	2.96706e-02
0.93376	2.96531e-02
0.93633	1.86393e-02
0.92948	1.44263e-02
0.92730	1.54640e-02
0.92730	1.54640e-02
0.93583	1.92432e-02
0.93023	2.69384e-02
0.93023	2.69384e-02
0.93759	2.40467e-02
0.93382	2.40980e-02
0.93968	2.36670e-02
0.94129	2.26287e-02
0.94129	2.26287e-02
0.93911	2.41782e-02
0.94584	2.23397e-02
0.94584	2.23397e-02
0.94248	2.48008e-02
0.94429	1.80746e-02
0.94899	1.38790e-02
0.94569	1.70639e-02
0.94443	1.73141e-02
0.95103	1.56283e-02
0.95103	1.56283e-02
0.95041	1.57897e-02
0.95236	1.35916e-02
0.95209	2.04699e-02
0.95466	1.66922e-02
0.95777	1.46681e-02
0.95525	1.23481e-02
0.95526	1.23628e-02
0.94897	9.03316e-03
0.95386	1.50825e-02
0.94699	1.07016e-02
0.95019	1.00767e-02
0.95019	1.00767e-02
0.95535	1.45779e-02
0.96430	1.60417e-02
0.96741	1.60939e-02
0.96165	1.57598e-02
0.96157	1.57744e-02
0.95982	9.01306e-03
0.95982	9.01306e-03
0.96091	7.65933e-03
0.96091	7.65933e-03
0.96091	7.65933e-03
0.96091	7.65933e-03
0.96089	7.63312e-03
0.96663	9.16113e-03
0.96529	1.64005e-02
0.96838	8.48608e-03
0.96813	9.78626e-03
0.96806	9.70888e-03
0.96242	1.71673e-02
0.96240	1.71580e-02
0.95926	2.02970e-02
0.96892	1.06302e-02
0.96892	1.06302e-02
0.96888	1.05836e-02
0.95829	0.00000e+00
0.95829	0.00000e+00
0.95829	0.00000e+00
0.95168	0.00000e+00
0.95168	0.00000e+00
0.95168	0.00000e+00
0.95168	0.00000e+00
0.97179	0.00000e+00
0.95276	0.00000e+00
0.95276	0.00000e+00
0.95276	0.00000e+00
0.95276	0.00000e+00
0.97288	0.00000e+00
0.97288	0.00000e+00
0.97288	0.00000e+00
0.97288	0.00000e+00
0.97288	0.00000e+00
0.97288	0.00000e+00
0.95329	0.00000e+00
0.95329	0.00000e+00
0.95329	0.00000e+00
0.95329	0.00000e+00
0.95329	0.00000e+00
0.95329	0.00000e+00
0.95329	0.00000e+00
0.95329	0.00000e+00
0.95329	0.00000e+00
0.95329	0.00000e+00
0.95329	0.00000e+00
0.95329	0.00000e+00
0.97418	0.00000e+00
0.97418	0.00000e+00
0.97418	0.00000e+00
0.95460	0.00000e+00
0.95460	0.00000e+00
0.95460	0.00000e+00
0.95460	0.00000e+00
0.97449	0.00000e+00
0.97449	0.00000e+00
0.97449	0.00000e+00
0.97449	0.00000e+00
0.97449	0.00000e+00
0.97449	0.00000e+00
0.97449	0.00000e+00
0.97449	0.00000e+00
0.97449	0.00000e+00
0.97449	0.00000e+00
0.97379	0.00000e+00
0.97379	0.00000e+00
0.97379	0.00000e+00
0.97379	0.00000e+00
0.97359	0.00000e+00
0.97359	0.00000e+00
0.97359	0.00000e+00
0.97351	0.00000e+00
