0.98937	1.32809e-03
0.97940	9.37893e-03
0.97570	1.37804e-02
0.97121	1.50316e-02
0.95117	1.16908e-02
0.95144	2.26949e-02
0.93624	2.32695e-02
0.93316	1.68747e-02
0.93626	2.59978e-02
0.92553	2.27682e-02
0.91482	2.79057e-02
0.89558	2.61030e-02
0.89358	1.93540e-02
0.88215	2.27699e-02
0.87824	2.85884e-02
0.87484	2.33655e-02
0.84395	2.35997e-02
0.83516	2.71105e-02
0.83813	2.98302e-02
0.82543	4.28561e-02
0.80982	1.81362e-02
0.81768	3.87445e-02
0.79511	3.18226e-02
0.81470	3.80772e-02
0.79183	5.34552e-02
0.78173	4.30382e-02
0.75630	6.17225e-02
0.78367	4.67887e-02
0.73466	8.23625e-02
0.76066	4.60724e-02
0.72783	6.93351e-02
0.73029	6.19990e-02
0.73778	7.40180e-02
0.71494	8.51547e-02
0.70154	9.95076e-02
0.71051	3.63502e-02
0.68708	8.11574e-02
0.66311	8.23575e-02
0.68150	7.84040e-02
0.62556	1.23645e-01
0.65466	6.57215e-02
0.60974	8.02367e-02
0.62696	1.09799e-01
0.65935	9.37876e-02
0.64443	7.98967e-02
0.61836	6.23026e-02
0.58892	9.74054e-02
0.62651	4.36838e-02
0.57423	1.19039e-01
0.60067	8.95291e-02
0.58675	5.76272e-02
0.60602	7.78001e-02
0.57832	6.91828e-02
0.58589	6.50342e-02
0.57620	4.55059e-02
0.56834	7.01937e-02
0.60173	7.71246e-02
0.55029	7.49383e-02
0.57584	6.61224e-02
0.54303	8.68986e-02
0.53089	6.51008e-02
0.50609	1.03567e-01
0.52105	8.02899e-02
0.52020	4.56906e-02
0.52741	6.40245e-02
0.54719	6.51388e-02
0.53499	8.97681e-02
0.56002	8.13514e-02
0.54785	4.87135e-02
0.53327	1.06570e-01
0.52683	7.07453e-02
0.51150	1.25318e-01
0.52996	9.04226e-02
0.48880	9.86869e-02
0.52818	1.00788e-01
0.52578	1.19278e-01
0.47993	1.28153e-01
0.45611	1.38344e-01
0.50857	1.09473e-01
0.50066	1.14782e-01
0.47431	9.69907e-02
0.51940	8.46382e-02
0.51048	9.63239e-02
0.51310	8.28435e-02
0.52001	7.91008e-02
0.49097	8.65476e-02
0.49321	1.13846e-01
0.50227	8.62243e-02
0.46595	1.38511e-01
0.50300	1.14322e-01
0.50953	1.30078e-01
0.44988	1.61620e-01
0.41491	1.91823e-01
0.41887	1.79406e-01
0.46626	1.06428e-01
0.46610	1.28775e-01
0.46366	1.32690e-01
0.52233	1.25991e-01
0.49724	1.21897e-01
0.48149	1.79773e-01
0.48915	1.81572e-01
0.48915	1.81572e-01
0.51561	1.65898e-01
0.54820	1.78784e-01
0.54820	1.78787e-01
0.55449	1.81607e-01
0.55874	1.85170e-01
0.56508	1.88589e-01
0.57227	1.81189e-01
0.56735	1.75013e-01
0.57206	1.73615e-01
0.60314	1.26727e-01
0.60959	1.22922e-01
0.60222	1.18720e-01
0.61733	1.11395e-01
0.61912	1.01621e-01
0.61948	9.86839e-02
0.62389	7.04481e-02
0.62813	6.65966e-02
0.64738	7.74975e-02
0.64738	7.74975e-02
0.65665	9.34242e-02
0.65768	9.44007e-02
0.66445	9.78785e-02
0.66271	9.79528e-02
0.66773	7.88179e-02
0.67351	8.10415e-02
0.67532	7.37625e-02
0.68245	7.63117e-02
0.69028	6.75779e-02
0.68806	6.71878e-02
0.69486	6.50960e-02
0.71104	6.93503e-02
0.72205	6.79965e-02
0.72552	7.37377e-02
0.72552	7.37377e-02
0.72753	7.37364e-02
0.72011	7.08261e-02
0.72825	7.30949e-02
0.71851	7.48554e-02
0.72188	7.74446e-02
0.72975	5.81456e-02
0.73216	5.08271e-02
0.74197	4.99518e-02
0.74846	5.97795e-02
0.74745	5.95244e-02
0.76037	6.13800e-02
0.76310	6.37581e-02
0.76071	4.72637e-02
0.77008	5.46263e-02
0.78506	5.79893e-02
0.78662	4.36615e-02
0.79034	4.61893e-02
0.79619	5.13402e-02
0.79574	5.10761e-02
0.79742	4.90237e-02
0.80920	4.07184e-02
0.80412	5.43638e-02
0.81260	5.25288e-02
0.81713	5.24034e-02
0.80926	5.14677e-02
0.80017	4.03991e-02
0.81670	2.51165e-02
0.82844	3.27264e-02
0.82419	3.04492e-02
0.81056	4.52185e-02
0.81158	4.52786e-02
0.81358	4.49163e-02
0.81368	4.56258e-02
0.81660	4.42790e-02
0.81404	4.04064e-02
0.81519	4.01018e-02
0.81174	4.09692e-02
0.82214	3.98410e-02
0.83175	2.13122e-02
0.84093	2.60373e-02
0.84203	2.74200e-02
0.83869	3.40166e-02
0.84027	3.56479e-02
0.83323	3.03868e-02
0.83619	2.39733e-02
0.82950	2.58457e-02
0.83310	3.05059e-02
0.84543	3.23146e-02
0.85209	3.00221e-02
0.85374	3.18379e-02
0.86479	2.60220e-02
0.86567	3.39050e-02
0.87066	3.19849e-02
0.86707	3.01887e-02
0.87126	3.20589e-02
0.86828	3.26954e-02
0.87101	2.69067e-02
0.86877	2.50189e-02
0.86858	2.52853e-02
0.86647	2.74750e-02
0.88059	2.35772e-02
0.88328	2.71704e-02
0.88454	2.85371e-02
0.87730	3.30868e-02
0.88513	3.17982e-02
0.89000	3.06549e-02
0.89179	3.20746e-02
0.89179	3.20746e-02
0.89179	3.20746e-02
0.89160	3.12851e-02
0.89862	2.44471e-02
0.89859	2.51654e-02
0.89395	2.62872e-02
0.89301	2.87409e-02
0.88880	3.58867e-02
0.88167	3.16126e-02
0.88137	3.13234e-02
0.88079	3.17693e-02
0.88468	3.05094e-02
0.88716	3.05089e-02
0.88927	3.06679e-02
0.89724	3.70325e-02
0.88935	3.89201e-02
0.89628	3.73405e-02
0.90134	3.82123e-02
0.90087	3.92822e-02
0.90226	3.41786e-02
0.89571	3.78564e-02
0.90224	3.85889e-02
0.91152	3.40138e-02
0.90751	3.54349e-02
0.90613	3.53803e-02
0.90880	3.52544e-02
0.91250	3.88756e-02
0.90807	3.84540e-02
0.91121	4.18438e-02
0.90578	3.65688e-02
0.90540	3.95499e-02
0.90101	3.24530e-02
0.89804	2.95159e-02
0.90583	2.68572e-02
0.90788	2.63745e-02
0.91438	2.61955e-02
0.91689	2.83252e-02
0.91743	3.28741e-02
0.91941	3.46899e-02
0.91910	3.47835e-02
0.91677	3.47668e-02
0.91677	3.47668e-02
0.92274	2.60227e-02
0.91511	2.41169e-02
0.91311	2.53872e-02
0.90999	2.22210e-02
0.91544	2.14866e-02
0.91494	2.18703e-02
0.91585	2.27723e-02
0.91318	2.27759e-02
0.92174	2.40170e-02
0.92533	2.52198e-02
0.92226	2.28171e-02
0.91501	2.50204e-02
0.91340	2.23505e-02
0.91340	2.23505e-02
0.91685	2.27419e-02
0.91781	2.15810e-02
0.91861	2.44124e-02
0.92261	2.35485e-02
0.91875	2.50704e-02
0.91675	2.21134e-02
0.92335	1.62767e-02
0.93075	1.67454e-02
0.92721	1.53831e-02
0.92593	1.52410e-02
0.92136	2.78376e-02
0.92002	2.70716e-02
0.91860	2.76642e-02
0.91765	2.67696e-02
0.91979	2.76382e-02
0.91850	2.72829e-02
0.92307	2.86596e-02
0.92604	2.12458e-02
0.92851	2.07047e-02
0.92949	2.04175e-02
0.93279	1.96699e-02
0.93041	1.76068e-02
0.93167	1.85614e-02
0.92936	1.60927e-02
0.93173	1.71557e-02
0.93077	2.41788e-02
0.93789	1.57191e-02
0.93526	1.32797e-02
0.93546	1.42479e-02
0.93369	1.47437e-02
0.93778	1.42737e-02
0.93277	1.56704e-02
0.93277	1.56704e-02
0.93416	1.73165e-02
0.93490	1.68990e-02
0.93614	2.11046e-02
0.93450	1.95093e-02
0.93490	1.94980e-02
0.93231	1.78899e-02
0.93178	1.88018e-02
0.93234	2.25604e-02
0.93615	2.27209e-02
0.93342	2.12528e-02
0.93146	2.02684e-02
0.93113	2.20951e-02
0.92931	2.08011e-02
0.93044	2.07259e-02
0.93044	2.07259e-02
0.93390	2.05005e-02
0.93818	2.44139e-02
0.93958	2.79688e-02
0.93729	2.62131e-02
0.94005	2.12692e-02
0.94029	2.15348e-02
0.94415	1.99631e-02
0.94311	2.00473e-02
0.94104	1.86817e-02
0.93918	1.91992e-02
0.93062	2.08584e-02
0.93739	2.47843e-02
0.94442	2.43908e-02
0.94789	2.58516e-02
0.94404	2.29637e-02
0.94396	2.54403e-02
0.94234	2.97159e-02
0.94044	2.77656e-02
0.94135	2.53686e-02
0.94009	2.66399e-02
0.94009	2.66399e-02
0.94029	2.47578e-02
0.94160	2.55398e-02
0.94898	2.54164e-02
0.94903	2.49569e-02
0.94862	2.53689e-02
0.94840	2.43755e-02
0.94589	2.48262e-02
0.94300	2.85323e-02
0.93961	2.59035e-02
0.94276	3.02545e-02
0.94928	3.37110e-02
0.95475	3.42369e-02
0.95475	3.42369e-02
0.95347	3.37178e-02
0.95474	3.41728e-02
0.95287	3.28716e-02
0.95167	3.30318e-02
0.95177	3.39575e-02
0.95617	3.23797e-02
0.95247	3.42483e-02
0.95315	2.63448e-02
0.95109	2.89424e-02
0.94983	3.03889e-02
0.95123	3.07611e-02
0.95140	3.05268e-02
0.95140	3.05268e-02
0.95206	2.88282e-02
0.95547	3.05354e-02
0.95733	3.47942e-02
0.95733	3.47942e-02
0.95733	3.47942e-02
0.95519	3.38111e-02
0.95899	2.60102e-02
0.96101	2.21827e-02
0.96725	1.80073e-02
0.96877	1.54712e-02
0.96574	1.95940e-02
0.96240	1.75487e-02
0.96130	1.93852e-02
0.96374	2.09934e-02
0.96483	1.86598e-02
0.96774	1.51817e-02
0.96720	1.55616e-02
0.96508	2.29907e-02
0.96456	2.41906e-02
0.96098	2.37883e-02
0.96096	2.45299e-02
0.96096	2.45225e-02
0.96055	2.62108e-02
0.96064	2.63064e-02
0.96914	2.86800e-02
0.96002	2.82178e-02
0.96329	3.00993e-02
0.96328	3.00964e-02
0.95906	3.17866e-02
0.96450	2.55531e-02
0.96450	2.55531e-02
0.96140	2.59929e-02
0.95897	2.37382e-02
0.95069	3.82618e-02
0.95069	3.82618e-02
0.96290	1.80983e-02
0.96192	1.93539e-02
0.96628	2.19799e-02
0.97432	1.67790e-02
0.97035	1.35228e-02
0.97430	1.67529e-02
0.96557	1.42853e-02
0.96557	1.42853e-02
0.96557	1.42853e-02
0.95971	2.20738e-02
0.96788	1.60478e-02
0.96323	2.30803e-02
0.96720	1.70265e-02
0.96722	1.70215e-02
0.96713	1.69117e-02
0.97649	9.42412e-03
0.97649	9.42412e-03
0.97718	8.37317e-03
0.97428	8.88716e-03
0.97958	1.00496e-02
0.97956	1.01517e-02
0.97783	1.28120e-02
0.97780	1.27904e-02
0.97448	1.31882e-02
0.97448	1.31882e-02
0.97448	1.31882e-02
0.96403	1.88951e-02
0.96403	1.88951e-02
0.96403	1.88951e-02
0.97042	1.38996e-02
0.97035	1.38060e-02
0.96077	3.21777e-03
0.96077	3.21777e-03
0.96077	3.21777e-03
0.96077	3.21777e-03
0.95548	2.07161e-03
0.95548	2.07161e-03
0.95548	2.07161e-03
0.95548	2.07161e-03
0.95548	2.07161e-03
0.97013	1.25827e-02
0.97013	1.25827e-02
0.97013	1.25827e-02
0.97016	1.26095e-02
0.97016	1.26095e-02
0.97752	4.94392e-03
0.97752	4.94392e-03
0.97752	4.94392e-03
0.96203	6.32125e-03
0.96203	6.32125e-03
0.96027	4.56523e-03
0.96040	4.69523e-03
0.97272	7.62720e-03
0.97304	6.50604e-03
0.97304	6.50604e-03
0.97304	6.50604e-03
0.97304	6.50604e-03
0.97304	6.50604e-03
0.97304	6.50604e-03
0.98296	3.40751e-03
0.98651	1.46968e-04
0.97750	9.15331e-03
0.97751	9.16262e-03
0.97751	9.16262e-03
0.98742	7.48232e-04
0.98739	7.13013e-04
0.98739	7.13013e-04
0.98739	7.09815e-04
0.98664	0.00000e+00
0.98664	0.00000e+00
0.98664	0.00000e+00
0.98663	0.00000e+00
