0.99434	1.29231e-03
0.98254	8.57298e-03
0.98045	9.35846e-03
0.97285	1.24902e-02
0.95948	2.54252e-02
0.94523	2.59223e-02
0.94783	1.24807e-02
0.93649	2.51824e-02
0.92752	2.26090e-02
0.92869	1.87496e-02
0.92733	2.70412e-02
0.92691	1.77956e-02
0.90678	3.44143e-02
0.91063	2.71734e-02
0.89530	4.22467e-02
0.87954	3.21182e-02
0.87071	4.29755e-02
0.86434	3.06196e-02
0.84832	4.85810e-02
0.85837	4.33595e-02
0.85435	3.55602e-02
0.83865	4.40878e-02
0.84731	5.10040e-02
0.83069	5.34268e-02
0.83054	3.67188e-02
0.80120	7.37538e-02
0.80648	7.03026e-02
0.81998	6.00073e-02
0.78231	8.55557e-02
0.79211	7.76826e-02
0.79540	6.89819e-02
0.77071	8.38265e-02
0.77095	7.24286e-02
0.76794	9.63229e-02
0.75453	7.10654e-02
0.76979	9.28683e-02
0.73120	9.96528e-02
0.75209	8.40789e-02
0.71573	8.50335e-02
0.71062	8.09174e-02
0.71694	8.35343e-02
0.69305	9.10101e-02
0.68464	1.08323e-01
0.70107	7.30389e-02
0.66794	8.55238e-02
0.68601	7.05117e-02
0.69502	6.49127e-02
0.69375	6.97220e-02
0.68607	7.41182e-02
0.70952	3.81873e-02
0.68132	5.04881e-02
0.67047	6.82320e-02
0.66262	7.52236e-02
0.63239	6.48922e-02
0.65799	8.25363e-02
0.63300	6.40053e-02
0.63653	8.37745e-02
0.64285	7.15755e-02
0.61000	7.98464e-02
0.64328	7.86911e-02
0.63437	7.18700e-02
0.59963	7.97926e-02
0.59945	8.69325e-02
0.57487	9.80771e-02
0.55159	8.04776e-02
0.57364	6.46786e-02
0.59316	4.99260e-02
0.57359	6.77773e-02
0.59623	5.11676e-02
0.59453	5.98127e-02
0.55374	8.26790e-02
0.51821	8.25803e-02
0.54391	5.83699e-02
0.58304	5.42082e-02
0.53520	7.01755e-02
0.50831	8.24127e-02
0.55499	7.69951e-02
0.54027	9.53043e-02
0.56005	1.00109e-01
0.53303	8.07515e-02
0.53431	9.66532e-02
0.55484	1.14628e-01
0.56569	1.01388e-01
0.56813	9.33966e-02
0.58242	1.10144e-01
0.57547	1.01444e-01
0.57953	9.44599e-02
0.57967	9.10597e-02
0.56481	1.05284e-01
0.56107	9.82357e-02
0.56104	9.55975e-02
0.57397	1.04665e-01
0.57439	9.33611e-02
0.53283	9.67213e-02
0.54589	9.93674e-02
0.53159	9.82341e-02
0.54017	1.00662e-01
0.53385	9.01495e-02
0.55475	9.63327e-02
0.60842	6.24045e-02
0.61465	8.03591e-02
0.59901	8.95456e-02
0.59891	8.13398e-02
0.60812	8.96642e-02
0.61574	9.35810e-02
0.61746	8.16838e-02
0.61565	9.06122e-02
0.62942	9.01972e-02
0.64877	7.92635e-02
0.63758	8.37339e-02
0.64764	8.55531e-02
0.64764	8.55531e-02
0.65148	8.78954e-02
0.65541	9.16199e-02
0.65541	9.16199e-02
0.64940	8.65031e-02
0.65522	8.54805e-02
0.65601	8.55766e-02
0.65696	7.70843e-02
0.66311	8.15712e-02
0.69391	7.93520e-02
0.68791	7.71122e-02
0.68791	7.71122e-02
0.68849	7.86998e-02
0.68504	7.82201e-02
0.69122	6.95779e-02
0.70029	7.15565e-02
0.72457	5.09230e-02
0.71648	4.62019e-02
0.72082	4.08649e-02
0.73417	4.96338e-02
0.73418	5.57588e-02
0.72554	6.85654e-02
0.75616	6.39126e-02
0.75814	6.28014e-02
0.74701	3.81679e-02
0.73673	5.25463e-02
0.72933	5.30464e-02
0.73029	5.05440e-02
0.73528	4.61137e-02
0.74374	4.60464e-02
0.74630	5.04560e-02
0.74441	5.07125e-02
0.75324	5.56778e-02
0.75324	5.56778e-02
0.75560	5.44700e-02
0.77054	6.16037e-02
0.77719	6.51292e-02
0.78302	5.34960e-02
0.78544	5.28151e-02
0.78687	5.31852e-02
0.78626	7.42310e-02
0.79728	5.70867e-02
0.79209	5.05143e-02
0.80374	4.79537e-02
0.79705	4.51165e-02
0.80216	4.95200e-02
0.79751	4.39784e-02
0.78969	4.78140e-02
0.80587	5.58215e-02
0.81247	5.94932e-02
0.81803	6.03601e-02
0.81244	6.30265e-02
0.81447	6.06648e-02
0.81940	5.73769e-02
0.81498	5.47049e-02
0.82618	4.65046e-02
0.84282	4.76925e-02
0.83482	4.35370e-02
0.83281	4.40285e-02
0.84061	3.53227e-02
0.84061	3.53227e-02
0.84362	3.58469e-02
0.84362	3.58469e-02
0.84490	3.36105e-02
0.84388	4.58060e-02
0.84907	3.60874e-02
0.85083	3.76144e-02
0.84932	3.57902e-02
0.84880	3.07045e-02
0.85355	2.94829e-02
0.84308	2.45075e-02
0.84408	2.75896e-02
0.84486	2.88414e-02
0.84885	3.63718e-02
0.84524	4.11005e-02
0.84811	3.80465e-02
0.85241	4.12420e-02
0.85241	4.12420e-02
0.85009	4.70997e-02
0.84949	5.24591e-02
0.84494	5.03267e-02
0.85094	4.90612e-02
0.85943	3.47267e-02
0.86616	3.53207e-02
0.85650	4.00264e-02
0.86230	3.54407e-02
0.86931	3.16228e-02
0.87349	3.81329e-02
0.87052	4.01097e-02
0.86720	4.23300e-02
0.86244	3.78635e-02
0.87208	4.35432e-02
0.87883	5.03158e-02
0.87086	4.31264e-02
0.86760	4.26656e-02
0.87520	3.34512e-02
0.87767	3.44535e-02
0.88138	4.50590e-02
0.88835	3.98799e-02
0.89268	3.32467e-02
0.88630	2.43945e-02
0.89232	1.92504e-02
0.89390	2.01411e-02
0.90091	2.00400e-02
0.90397	1.85246e-02
0.90498	2.08451e-02
0.89643	2.01849e-02
0.89980	2.40191e-02
0.89368	3.00346e-02
0.90079	2.72948e-02
0.90739	3.03254e-02
0.90550	3.24338e-02
0.90732	3.41883e-02
0.90702	2.92078e-02
0.90927	2.71718e-02
0.89968	2.90227e-02
0.91384	3.37370e-02
0.91617	2.88672e-02
0.91554	2.84081e-02
0.91671	2.93402e-02
0.91671	2.93402e-02
0.91327	2.84056e-02
0.91261	2.77229e-02
0.91261	2.77229e-02
0.91484	3.40365e-02
0.91644	3.56856e-02
0.91299	3.86703e-02
0.91157	3.92921e-02
0.91717	3.53498e-02
0.91737	3.55727e-02
0.91859	3.50731e-02
0.91449	3.43565e-02
0.92331	3.53636e-02
0.92628	2.43779e-02
0.92594	2.55887e-02
0.92411	2.53278e-02
0.92565	2.68730e-02
0.92495	3.06009e-02
0.91628	2.95044e-02
0.91750	2.87344e-02
0.91412	2.31819e-02
0.91191	2.46097e-02
0.91564	2.63060e-02
0.91638	2.44779e-02
0.92764	2.35276e-02
0.92708	2.36851e-02
0.92536	2.47246e-02
0.92158	3.01592e-02
0.92535	3.17005e-02
0.92913	2.81307e-02
0.92954	2.80475e-02
0.92653	2.54962e-02
0.92797	2.29591e-02
0.93942	1.89563e-02
0.93578	2.26878e-02
0.93630	2.32651e-02
0.93391	2.03521e-02
0.93395	2.17472e-02
0.93579	2.33474e-02
0.93701	2.43646e-02
0.93311	2.43131e-02
0.93483	2.45824e-02
0.93097	2.57945e-02
0.93085	1.82908e-02
0.93718	2.49535e-02
0.93245	2.98837e-02
0.94101	2.69703e-02
0.94433	2.65560e-02
0.94237	3.21295e-02
0.94512	3.46527e-02
0.94385	3.30580e-02
0.93727	2.75159e-02
0.93217	2.63646e-02
0.93224	2.65527e-02
0.93014	2.61544e-02
0.93873	2.69546e-02
0.94288	2.64547e-02
0.93760	2.38883e-02
0.93741	2.35184e-02
0.93354	1.89868e-02
0.93804	2.59500e-02
0.93406	2.04470e-02
0.93765	1.76091e-02
0.94110	1.70641e-02
0.94734	2.64624e-02
0.94743	2.65222e-02
0.94659	2.63707e-02
0.93884	2.90229e-02
0.93734	2.63563e-02
0.93851	2.80416e-02
0.93619	2.89732e-02
0.93615	2.89459e-02
0.94056	2.34378e-02
0.94054	2.34514e-02
0.93867	2.49141e-02
0.94181	2.71934e-02
0.94177	2.72291e-02
0.94704	2.76103e-02
0.94772	2.69533e-02
0.95203	2.32814e-02
0.95236	2.30618e-02
0.95236	2.30618e-02
0.94975	2.50563e-02
0.94975	2.50563e-02
0.94924	2.36451e-02
0.95230	2.24881e-02
0.95206	2.01221e-02
0.95203	2.01760e-02
0.94749	1.77484e-02
0.94673	1.74213e-02
0.94782	1.79681e-02
0.94782	1.79681e-02
0.94834	1.93519e-02
0.94900	2.01509e-02
0.94899	2.01648e-02
0.94665	1.93059e-02
0.95050	2.08469e-02
0.95469	2.13457e-02
0.95565	1.65338e-02
0.95380	1.55170e-02
0.95380	1.55170e-02
0.95380	1.55170e-02
0.95679	1.62220e-02
0.96111	1.82084e-02
0.96023	1.88435e-02
0.96495	1.45931e-02
0.96103	2.08816e-02
0.96298	2.18315e-02
0.96402	2.28640e-02
0.95906	2.22971e-02
0.95955	2.30196e-02
0.95765	2.25757e-02
0.95996	2.43723e-02
0.95596	2.95829e-02
0.95844	2.59751e-02
0.95674	2.02246e-02
0.96143	2.55012e-02
0.95683	2.40279e-02
0.95195	2.32807e-02
0.96017	2.25643e-02
0.96726	1.90043e-02
0.96357	2.15502e-02
0.96641	2.74388e-02
0.96555	2.15469e-02
0.96571	2.23898e-02
0.96589	2.51101e-02
0.96389	2.76621e-02
0.96855	2.18364e-02
0.97139	1.96197e-02
0.97139	1.96161e-02
0.97042	1.66840e-02
0.97042	1.66832e-02
0.96382	1.09804e-02
0.96382	1.09804e-02
0.96120	1.22016e-02
0.96120	1.22016e-02
0.96400	1.10059e-02
0.96400	1.10059e-02
0.96742	5.89662e-03
0.96684	1.47417e-02
0.96725	1.47477e-02
0.96921	1.78606e-02
0.97016	1.70066e-02
0.97045	1.67092e-02
0.96975	1.68882e-02
0.96973	1.68638e-02
0.97322	1.69329e-02
0.96242	1.38556e-02
0.96327	7.44738e-03
0.97232	2.03232e-02
0.97916	1.42967e-02
0.97699	1.54014e-02
0.98248	1.50682e-02
0.98248	1.50682e-02
0.97587	1.64056e-02
0.97094	1.99570e-02
0.97094	1.99570e-02
0.97784	2.15764e-02
0.97786	2.15869e-02
0.97392	1.96410e-02
0.96885	1.87996e-02
0.97820	1.50162e-02
0.97045	1.71477e-02
0.97045	1.71477e-02
0.97045	1.71477e-02
0.97378	1.17134e-02
0.96584	1.03162e-02
0.96696	9.29514e-03
0.97195	1.58827e-02
0.96392	8.84488e-03
0.97051	1.80963e-02
0.97456	1.49312e-02
0.97456	1.49312e-02
0.97456	1.49312e-02
0.97456	1.49312e-02
0.97456	1.49312e-02
0.97456	1.49312e-02
0.98012	9.36950e-03
0.98012	9.36950e-03
0.98257	1.18155e-02
0.98257	1.18155e-02
0.98257	1.18155e-02
0.98807	6.31362e-03
0.98807	6.31362e-03
0.99069	3.69904e-03
0.98093	6.05505e-03
0.99096	3.97651e-03
0.99102	3.88945e-03
0.99101	3.88104e-03
0.99101	3.88104e-03
0.99101	3.88660e-03
0.99100	3.88433e-03
0.98712	0.00000e+00
0.98712	0.00000e+00
0.98712	0.00000e+00
0.98712	0.00000e+00
0.98779	0.00000e+00
0.98779	0.00000e+00
0.98779	0.00000e+00
0.98968	0.00000e+00
0.98993	0.00000e+00
0.99085	0.00000e+00
0.99101	0.00000e+00
0.99101	0.00000e+00
0.99101	0.00000e+00
0.99101	0.00000e+00
0.99101	0.00000e+00
0.99101	0.00000e+00
0.99101	0.00000e+00
0.99241	0.00000e+00
0.99241	0.00000e+00
0.99241	0.00000e+00
0.99241	0.00000e+00
0.99241	0.00000e+00
0.99241	0.00000e+00
0.99241	0.00000e+00
0.99241	0.00000e+00
0.99241	0.00000e+00
0.99241	0.00000e+00
0.99241	0.00000e+00
0.99241	0.00000e+00
0.99242	0.00000e+00
0.99242	0.00000e+00
0.99243	0.00000e+00
