9.314999999999999669e-02
1.811000000000000110e-01
3.030500000000000416e-01
2.550000000000000044e-01
3.351999999999999980e-01
3.784500000000000086e-01
3.754499999999999504e-01
4.492499999999999827e-01
4.496999999999999886e-01
4.536000000000000032e-01
4.761499999999999622e-01
4.663499999999999868e-01
3.824000000000000177e-01
4.211000000000000298e-01
4.342500000000000249e-01
4.455000000000000071e-01
4.645000000000000240e-01
3.597500000000000142e-01
3.333500000000000352e-01
4.095999999999999641e-01
4.392500000000000293e-01
4.920999999999999819e-01
4.948500000000000121e-01
4.412000000000000366e-01
4.659999999999999698e-01
4.486499999999999932e-01
3.738000000000000211e-01
4.137000000000000122e-01
4.571999999999999953e-01
4.263500000000000068e-01
3.609999999999999876e-01
3.828000000000000291e-01
4.381000000000000449e-01
4.257500000000000173e-01
4.566999999999999948e-01
4.401999999999999802e-01
4.406999999999999806e-01
4.465000000000000080e-01
4.270499999999999852e-01
4.832000000000000184e-01
4.416999999999999815e-01
4.224499999999999922e-01
3.697500000000000231e-01
4.027000000000000024e-01
3.578000000000000069e-01
3.462999999999999967e-01
4.440999999999999948e-01
4.064499999999999780e-01
3.969000000000000306e-01
4.052999999999999936e-01
3.325000000000000178e-01
4.388999999999999568e-01
4.613000000000000433e-01
4.443000000000000282e-01
4.389500000000000068e-01
4.132000000000000117e-01
3.649999999999999911e-01
4.505500000000000060e-01
3.875500000000000056e-01
3.795000000000000040e-01
3.223000000000000309e-01
4.633500000000000396e-01
4.436499999999999888e-01
4.817000000000000171e-01
5.203999999999999737e-01
4.449499999999999567e-01
4.166500000000000203e-01
4.032999999999999918e-01
3.939000000000000279e-01
4.704499999999999793e-01
4.674500000000000322e-01
4.152000000000000135e-01
3.615499999999999825e-01
4.405499999999999972e-01
3.962499999999999911e-01
4.317499999999999671e-01
4.677000000000000046e-01
4.026000000000000134e-01
3.164500000000000091e-01
3.706000000000000405e-01
4.044499999999999762e-01
4.233000000000000096e-01
4.149499999999999855e-01
4.280500000000000416e-01
4.504500000000000171e-01
4.546999999999999931e-01
4.217499999999999583e-01
4.419499999999999540e-01
4.395999999999999908e-01
3.853999999999999648e-01
3.909000000000000252e-01
3.986000000000000099e-01
3.651499999999999746e-01
3.965499999999999581e-01
3.967499999999999916e-01
4.565500000000000114e-01
4.522500000000000409e-01
4.580999999999999517e-01
3.879000000000000226e-01
5.057500000000000329e-01
5.189000000000000279e-01
4.218999999999999972e-01
4.317999999999999616e-01
4.497499999999999831e-01
3.150000000000000022e-01
3.703499999999999570e-01
4.165499999999999758e-01
4.306999999999999718e-01
4.276499999999999746e-01
4.780499999999999750e-01
4.192000000000000171e-01
4.371000000000000441e-01
4.525000000000000133e-01
3.802499999999999769e-01
4.086999999999999522e-01
4.354000000000000092e-01
3.960000000000000187e-01
3.910500000000000087e-01
4.221000000000000307e-01
4.999000000000000110e-01
4.350000000000000533e-01
4.309499999999999997e-01
4.296999999999999709e-01
3.425500000000000211e-01
3.443000000000000504e-01
4.222500000000000142e-01
4.229500000000000481e-01
4.688999999999999835e-01
4.146500000000000186e-01
4.026499999999999524e-01
3.769500000000000073e-01
4.295999999999999819e-01
4.683999999999999830e-01
4.743999999999999884e-01
4.160000000000000364e-01
4.454500000000000126e-01
4.067500000000000004e-01
3.142000000000000348e-01
4.262500000000000178e-01
4.778000000000000025e-01
4.438999999999999613e-01
4.212500000000000133e-01
3.920500000000000096e-01
4.184499999999999886e-01
4.534500000000000197e-01
4.427499999999999769e-01
3.960500000000000131e-01
4.334500000000000020e-01
4.697500000000000009e-01
4.040500000000000203e-01
3.946999999999999953e-01
3.674499999999999988e-01
3.659499999999999975e-01
4.206999999999999629e-01
4.202000000000000179e-01
4.890999999999999792e-01
4.730999999999999650e-01
4.148000000000000020e-01
3.870999999999999996e-01
4.174499999999999877e-01
3.947499999999999898e-01
4.139000000000000457e-01
4.774500000000000410e-01
4.070000000000000284e-01
3.727500000000000258e-01
4.708499999999999908e-01
5.510000000000000453e-01
4.524500000000000188e-01
4.112999999999999989e-01
4.642499999999999960e-01
3.880000000000000115e-01
4.463500000000000245e-01
4.657000000000000028e-01
4.305499999999999883e-01
4.297999999999999599e-01
3.490999999999999659e-01
3.835000000000000075e-01
3.845000000000000084e-01
4.099500000000000366e-01
4.276499999999999746e-01
4.037499999999999978e-01
4.035499999999999643e-01
3.980500000000000149e-01
4.994000000000000106e-01
4.280999999999999805e-01
4.425000000000000044e-01
4.051000000000000156e-01
3.527500000000000080e-01
3.513000000000000012e-01
3.873999999999999666e-01
3.803499999999999659e-01
4.128000000000000003e-01
5.244999999999999662e-01
4.900499999999999856e-01
4.378500000000000170e-01
4.278499999999999526e-01
4.202000000000000179e-01
3.638000000000000123e-01
3.911999999999999922e-01
4.248500000000000054e-01
3.902999999999999803e-01
4.290499999999999869e-01
3.846500000000000474e-01
4.469999999999999529e-01
4.511000000000000010e-01
4.334999999999999964e-01
4.359500000000000042e-01
4.606999999999999984e-01
4.576500000000000012e-01
4.102000000000000091e-01
4.719999999999999751e-01
4.354999999999999982e-01
4.199999999999999845e-01
4.628999999999999782e-01
3.599499999999999922e-01
3.496000000000000218e-01
4.127500000000000058e-01
3.881000000000000005e-01
3.706999999999999740e-01
3.781999999999999806e-01
4.078999999999999848e-01
4.568999999999999728e-01
4.924500000000000544e-01
4.738499999999999934e-01
4.431000000000000494e-01
4.809999999999999831e-01
4.013499999999999845e-01
3.104000000000000092e-01
3.842999999999999750e-01
4.103499999999999925e-01
4.687000000000000055e-01
4.266499999999999737e-01
4.293500000000000094e-01
3.510499999999999732e-01
4.139500000000000401e-01
4.374000000000000110e-01
4.559499999999999664e-01
3.981500000000000039e-01
4.286999999999999700e-01
4.272500000000000187e-01
4.422500000000000320e-01
4.664000000000000368e-01
4.488499999999999712e-01
3.525499999999999745e-01
3.968499999999999805e-01
4.035999999999999588e-01
4.080000000000000293e-01
3.803499999999999659e-01
4.337499999999999689e-01
4.852500000000000147e-01
4.228999999999999981e-01
4.698499999999999899e-01
4.445000000000000062e-01
4.057999999999999940e-01
4.561499999999999999e-01
3.795000000000000040e-01
4.110999999999999654e-01
4.522999999999999798e-01
4.361499999999999821e-01
4.087999999999999967e-01
4.578999999999999737e-01
4.466499999999999915e-01
4.192000000000000171e-01
4.471999999999999864e-01
4.617499999999999938e-01
3.785499999999999976e-01
4.620500000000000163e-01
4.370499999999999940e-01
3.712999999999999634e-01
3.960000000000000187e-01
3.726499999999999813e-01
4.294499999999999984e-01
5.111999999999999877e-01
4.467999999999999750e-01
4.332000000000000295e-01
4.590999999999999526e-01
4.734999999999999765e-01
4.127000000000000113e-01
4.143499999999999961e-01
4.656500000000000083e-01
4.326499999999999790e-01
3.807500000000000329e-01
3.626000000000000334e-01
4.003499999999999837e-01
5.067999999999999172e-01
4.682000000000000051e-01
4.717500000000000027e-01
4.014499999999999735e-01
3.871499999999999941e-01
4.756500000000000172e-01
4.133999999999999897e-01
3.769500000000000073e-01
3.640499999999999847e-01
3.327499999999999902e-01
3.940500000000000114e-01
3.547000000000000153e-01
4.264000000000000012e-01
4.388499999999999623e-01
4.324999999999999956e-01
4.434500000000000108e-01
3.648500000000000076e-01
4.174999999999999822e-01
4.194499999999999895e-01
3.730999999999999872e-01
4.082500000000000018e-01
3.999500000000000277e-01
4.480999999999999983e-01
4.547999999999999821e-01
4.816500000000000226e-01
4.309499999999999997e-01
4.450500000000000012e-01
4.769499999999999851e-01
3.423499999999999877e-01
4.146499999999999631e-01
4.516499999999999959e-01
4.079500000000000348e-01
3.992999999999999883e-01
3.932999999999999829e-01
3.782499999999999751e-01
3.719999999999999973e-01
4.348000000000000198e-01
4.152000000000000135e-01
4.260500000000000398e-01
4.318500000000000116e-01
4.415000000000000036e-01
4.491999999999999882e-01
4.549499999999999655e-01
3.812999999999999723e-01
3.749000000000000110e-01
4.439500000000000113e-01
4.483000000000000318e-01
4.294999999999999929e-01
4.315999999999999837e-01
4.085499999999999687e-01
4.758999999999999897e-01
4.325499999999999901e-01
4.343500000000000139e-01
4.364500000000000046e-01
3.929000000000000270e-01
4.333500000000000130e-01
4.779499999999999860e-01
4.393000000000000238e-01
4.102000000000000091e-01
3.859500000000000153e-01
4.693999999999999839e-01
4.454500000000000126e-01
4.007499999999999951e-01
3.534999999999999809e-01
4.430499999999999994e-01
4.924000000000000599e-01
4.968000000000000194e-01
4.742500000000000049e-01
3.695999999999999841e-01
3.511999999999999567e-01
3.504500000000000393e-01
4.165499999999999758e-01
4.533000000000000362e-01
4.219499999999999917e-01
4.219500000000000473e-01
4.269999999999999907e-01
3.937500000000000444e-01
4.136999999999999567e-01
4.209500000000000464e-01
4.372500000000000275e-01
4.603500000000000369e-01
3.933999999999999719e-01
3.939500000000000224e-01
4.248999999999999999e-01
4.853000000000000091e-01
4.073499999999999899e-01
3.967500000000000471e-01
3.749500000000000055e-01
3.832999999999999741e-01
4.574000000000000288e-01
4.495500000000000052e-01
4.076500000000000123e-01
4.632999999999999896e-01
3.977999999999999869e-01
3.911999999999999922e-01
3.893999999999999684e-01
4.617499999999999938e-01
4.242000000000000215e-01
3.834500000000000131e-01
3.681999999999999718e-01
3.765000000000000013e-01
4.084999999999999742e-01
4.460500000000000020e-01
4.068500000000000449e-01
4.075999999999999623e-01
3.580499999999999794e-01
3.818000000000000282e-01
3.729999999999999982e-01
3.796499999999999875e-01
4.444500000000000117e-01
4.880999999999999783e-01
4.392000000000000348e-01
4.400499999999999967e-01
4.364999999999999991e-01
4.139500000000000401e-01
4.031500000000000083e-01
4.597499999999999920e-01
3.604500000000000481e-01
4.260999999999999788e-01
4.163499999999999979e-01
3.406000000000000139e-01
3.811999999999999833e-01
4.555000000000000160e-01
4.071000000000000174e-01
3.997499999999999942e-01
4.339999999999999969e-01
3.899000000000000243e-01
4.440500000000000003e-01
4.474000000000000199e-01
4.398499999999999632e-01
4.549499999999999655e-01
4.553000000000000380e-01
4.502500000000000391e-01
4.697500000000000009e-01
4.332500000000000240e-01
3.983999999999999764e-01
3.950000000000000178e-01
3.919000000000000261e-01
3.863500000000000267e-01
4.026000000000000134e-01
3.783499999999999641e-01
3.710999999999999854e-01
4.154999999999999805e-01
4.183000000000000052e-01
3.405500000000000194e-01
3.803999999999999604e-01
4.389500000000000068e-01
4.888000000000000123e-01
4.841999999999999638e-01
4.851500000000000257e-01
4.077000000000000068e-01
3.765999999999999903e-01
4.103499999999999925e-01
4.112999999999999989e-01
4.706500000000000128e-01
4.252000000000000224e-01
4.586500000000000021e-01
4.396499999999999853e-01
4.003999999999999782e-01
4.578999999999999737e-01
4.847000000000000197e-01
4.603000000000000425e-01
4.253500000000000059e-01
3.938499999999999779e-01
4.069500000000000339e-01
3.778500000000000192e-01
3.777499999999999747e-01
3.692999999999999616e-01
4.112000000000000099e-01
4.593000000000000416e-01
3.843999999999999639e-01
4.046499999999999542e-01
4.281000000000000361e-01
4.123499999999999943e-01
4.392500000000000293e-01
3.989500000000000268e-01
3.672499999999999654e-01
3.999000000000000332e-01
4.667999999999999927e-01
4.337999999999999634e-01
4.196499999999999675e-01
4.679999999999999716e-01
4.590499999999999581e-01
4.254999999999999893e-01
4.647999999999999909e-01
4.228999999999999981e-01
4.436999999999999833e-01
3.963999999999999746e-01
4.241500000000000270e-01
3.729500000000000037e-01
3.909500000000000197e-01
4.304000000000000048e-01
4.724000000000000421e-01
4.283500000000000085e-01
3.866999999999999882e-01
4.130000000000000338e-01
4.126499999999999613e-01
4.328499999999999570e-01
4.141000000000000236e-01
3.924499999999999655e-01
3.849000000000000199e-01
4.320000000000000506e-01
4.130500000000000282e-01
3.984999999999999654e-01
4.254000000000000004e-01
4.507999999999999785e-01
4.446999999999999842e-01
4.604500000000000259e-01
4.603499999999999814e-01
4.078499999999999903e-01
4.717000000000000082e-01
4.349500000000000033e-01
3.631999999999999673e-01
3.845500000000000029e-01
4.341000000000000414e-01
4.596500000000000030e-01
4.575000000000000178e-01
4.809499999999999886e-01
3.926999999999999935e-01
4.221000000000000307e-01
4.672999999999999932e-01
4.880499999999999838e-01
4.593000000000000416e-01
4.477999999999999758e-01
4.364500000000000046e-01
3.700999999999999845e-01
3.987500000000000488e-01
3.548499999999999988e-01
4.050500000000000211e-01
3.891499999999999959e-01
3.753499999999999615e-01
4.441500000000000448e-01
4.266999999999999682e-01
4.358000000000000207e-01
4.763499999999999956e-01
4.548999999999999710e-01
4.076500000000000123e-01
4.644500000000000295e-01
4.193000000000000060e-01
4.143000000000000016e-01
4.584000000000000297e-01
4.811999999999999611e-01
4.085499999999999687e-01
4.123999999999999888e-01
4.319000000000000061e-01
3.437500000000000000e-01
3.780999999999999917e-01
3.932999999999999829e-01
3.604499999999999926e-01
3.888000000000000345e-01
4.572499999999999898e-01
3.907000000000000473e-01
4.760499999999999732e-01
5.112499999999999822e-01
4.606500000000000039e-01
4.317999999999999616e-01
4.519000000000000239e-01
4.284499999999999975e-01
4.138000000000000012e-01
4.241000000000000325e-01
4.348500000000000143e-01
4.444000000000000172e-01
4.008500000000000396e-01
4.017000000000000015e-01
4.100500000000000256e-01
4.052499999999999991e-01
4.450000000000000067e-01
4.424500000000000099e-01
4.264499999999999957e-01
4.283500000000000085e-01
4.816500000000000226e-01
4.416999999999999815e-01
3.543000000000000038e-01
3.835999999999999965e-01
3.921999999999999931e-01
4.172500000000000098e-01
4.680500000000000216e-01
4.645000000000000240e-01
4.144499999999999851e-01
4.529499999999999638e-01
4.522999999999999798e-01
4.078499999999999903e-01
4.589999999999999636e-01
4.699999999999999734e-01
3.683500000000000107e-01
4.266999999999999682e-01
4.665500000000000203e-01
4.326499999999999790e-01
4.408499999999999641e-01
4.087999999999999967e-01
3.973499999999999810e-01
3.751499999999999835e-01
4.082500000000000018e-01
3.932999999999999829e-01
4.498499999999999721e-01
4.318499999999999561e-01
4.266999999999999682e-01
4.183000000000000052e-01
3.859500000000000153e-01
3.633000000000000118e-01
4.021000000000000130e-01
4.754000000000000448e-01
4.992499999999999716e-01
4.155999999999999694e-01
4.014999999999999680e-01
4.151500000000000190e-01
4.298000000000000154e-01
4.075499999999999678e-01
4.315499999999999892e-01
4.871499999999999719e-01
4.245499999999999829e-01
4.171500000000000208e-01
4.131000000000000227e-01
3.686000000000000387e-01
3.655999999999999805e-01
3.603000000000000091e-01
4.947000000000000286e-01
4.717000000000000082e-01
4.120500000000000274e-01
3.505000000000000338e-01
4.066000000000000170e-01
4.609499999999999709e-01
4.397500000000000298e-01
4.013999999999999790e-01
3.799000000000000155e-01
3.529999999999999805e-01
4.589499999999999691e-01
4.084499999999999797e-01
4.691000000000000170e-01
4.900999999999999801e-01
3.881499999999999950e-01
3.945999999999999508e-01
4.102999999999999980e-01
4.142000000000000126e-01
4.330999999999999850e-01
4.477999999999999758e-01
4.084499999999999797e-01
3.503000000000000003e-01
4.237499999999999600e-01
4.197500000000000120e-01
4.099499999999999811e-01
4.572499999999999343e-01
5.116499999999999382e-01
4.663500000000000423e-01
3.870500000000000052e-01
4.037499999999999978e-01
4.457999999999999741e-01
4.153000000000000025e-01
4.453000000000000291e-01
4.037000000000000033e-01
4.607499999999999929e-01
3.728000000000000203e-01
3.616000000000000325e-01
4.262500000000000178e-01
4.074999999999999734e-01
4.066000000000000170e-01
5.072499999999999787e-01
4.455500000000000016e-01
3.609499999999999931e-01
4.060500000000000220e-01
3.746000000000000441e-01
4.342500000000000249e-01
4.459500000000000131e-01
4.082500000000000018e-01
3.780000000000000027e-01
4.032999999999999918e-01
4.290999999999999814e-01
3.680999999999999828e-01
4.419500000000000095e-01
4.611999999999999988e-01
3.971000000000000085e-01
4.282500000000000195e-01
4.593499999999999805e-01
4.581999999999999962e-01
4.784500000000000419e-01
4.603499999999999814e-01
4.345499999999999918e-01
3.526000000000000245e-01
3.647000000000000242e-01
4.625000000000000222e-01
4.809499999999999886e-01
4.281500000000000306e-01
4.575500000000000123e-01
4.062500000000000000e-01
3.169500000000000095e-01
3.651999999999999691e-01
4.129999999999999782e-01
4.057999999999999940e-01
4.440500000000000003e-01
4.642499999999999960e-01
3.855500000000000038e-01
4.339999999999999969e-01
4.475999999999999979e-01
3.998499999999999832e-01
4.067000000000000060e-01
3.531499999999999639e-01
3.657500000000000195e-01
4.359500000000000042e-01
4.579500000000000237e-01
4.192500000000000115e-01
4.392000000000000348e-01
3.751999999999999780e-01
4.112999999999999989e-01
4.357999999999999652e-01
4.459500000000000131e-01
4.495500000000000052e-01
4.329999999999999960e-01
3.809500000000000108e-01
3.938500000000000334e-01
4.672999999999999932e-01
5.059000000000000163e-01
4.110999999999999654e-01
4.449500000000000122e-01
4.074999999999999734e-01
3.631999999999999673e-01
4.188999999999999946e-01
3.882499999999999840e-01
4.108999999999999875e-01
4.294000000000000039e-01
4.374000000000000110e-01
4.128000000000000003e-01
4.131000000000000227e-01
4.509499999999999620e-01
4.161500000000000199e-01
3.843499999999999694e-01
3.783999999999999586e-01
3.850500000000000034e-01
4.046499999999999542e-01
3.977999999999999869e-01
4.490000000000000102e-01
4.792499999999999538e-01
4.538999999999999702e-01
4.608999999999999764e-01
4.501499999999999946e-01
4.130500000000000282e-01
4.180000000000000382e-01
4.591000000000000081e-01
4.321499999999999786e-01
3.878000000000000336e-01
4.221000000000000307e-01
4.149499999999999855e-01
4.264999999999999902e-01
4.188999999999999946e-01
3.896000000000000019e-01
3.671999999999999709e-01
4.221500000000000252e-01
4.097999999999999976e-01
4.445999999999999952e-01
4.681000000000000161e-01
4.051000000000000156e-01
3.630499999999999838e-01
4.612999999999999878e-01
4.550000000000000155e-01
4.427999999999999714e-01
4.218999999999999972e-01
3.617500000000000160e-01
3.451500000000000123e-01
4.149499999999999855e-01
4.540499999999999536e-01
3.946500000000000008e-01
4.881999999999999673e-01
4.689999999999999725e-01
4.140000000000000346e-01
4.297999999999999599e-01
4.337999999999999634e-01
4.280000000000000471e-01
3.690999999999999837e-01
4.062999999999999945e-01
3.963499999999999801e-01
3.788000000000000256e-01
4.432000000000000384e-01
3.875000000000000111e-01
3.816499999999999893e-01
4.511499999999999955e-01
4.215499999999999803e-01
4.601999999999999980e-01
4.415999999999999925e-01
3.687500000000000222e-01
4.454000000000000181e-01
4.949999999999999956e-01
4.722500000000000031e-01
4.001500000000000057e-01
3.712499999999999689e-01
3.880000000000000115e-01
4.454500000000000126e-01
4.568999999999999728e-01
3.952999999999999847e-01
3.765999999999999903e-01
4.502000000000000446e-01
4.415999999999999925e-01
4.254999999999999893e-01
4.237000000000000210e-01
4.175499999999999767e-01
3.846999999999999864e-01
4.536000000000000032e-01
4.190000000000000391e-01
3.832499999999999796e-01
4.230499999999999816e-01
4.417999999999999705e-01
4.130000000000000338e-01
4.212000000000000188e-01
4.359999999999999987e-01
4.810499999999999776e-01
4.458499999999999686e-01
3.920500000000000096e-01
4.270000000000000462e-01
3.836500000000000465e-01
3.511499999999999622e-01
4.303500000000000103e-01
4.325999999999999845e-01
4.393500000000000183e-01
4.875499999999999834e-01
4.536000000000000032e-01
3.816999999999999837e-01
4.005999999999999561e-01
4.274000000000000021e-01
4.064999999999999725e-01
4.010000000000000231e-01
4.238500000000000045e-01
4.050500000000000211e-01
4.429500000000000104e-01
4.304999999999999938e-01
4.436999999999999833e-01
3.850500000000000034e-01
4.150500000000000300e-01
4.086999999999999522e-01
4.609499999999999709e-01
5.000000000000000000e-01
4.970999999999999863e-01
4.383500000000000174e-01
3.758000000000000229e-01
4.166499999999999648e-01
3.693500000000000116e-01
4.081000000000000183e-01
4.265499999999999847e-01
4.180000000000000382e-01
3.818500000000000227e-01
4.075999999999999623e-01
4.721999999999999531e-01
4.233000000000000096e-01
4.205499999999999794e-01
4.540500000000000091e-01
4.193999999999999950e-01
4.266499999999999737e-01
4.935999999999999832e-01
4.193999999999999950e-01
3.435500000000000220e-01
4.074499999999999789e-01
4.559499999999999664e-01
4.139000000000000457e-01
4.527499999999999858e-01
4.178999999999999937e-01
4.054999999999999716e-01
4.252500000000000169e-01
4.188999999999999946e-01
4.049500000000000322e-01
4.151000000000000245e-01
4.111500000000000155e-01
3.974999999999999645e-01
3.775000000000000022e-01
4.873999999999999999e-01
4.669499999999999762e-01
4.898000000000000131e-01
4.789999999999999813e-01
4.085499999999999687e-01
3.996500000000000052e-01
3.605499999999999816e-01
4.250000000000000444e-01
4.395000000000000018e-01
4.060000000000000275e-01
4.481499999999999928e-01
4.323500000000000121e-01
4.092500000000000027e-01
4.768000000000000016e-01
4.981499999999999817e-01
4.654500000000000304e-01
4.265999999999999792e-01
4.358500000000000152e-01
3.767000000000000348e-01
3.382999999999999896e-01
4.105999999999999650e-01
4.232500000000000151e-01
4.442499999999999782e-01
4.272500000000000187e-01
4.850499999999999812e-01
4.972499999999999698e-01
4.503000000000000336e-01
4.136499999999999622e-01
4.297500000000000209e-01
4.417499999999999760e-01
4.264000000000000012e-01
4.415999999999999925e-01
4.050500000000000211e-01
3.864500000000000157e-01
3.598000000000000087e-01
3.553000000000000047e-01
4.339000000000000079e-01
4.252000000000000224e-01
4.346499999999999808e-01
4.018500000000000405e-01
4.284000000000000030e-01
4.534000000000000252e-01
4.317999999999999616e-01
4.316999999999999726e-01
3.882999999999999785e-01
3.486000000000000210e-01
3.393499999999999850e-01
3.805999999999999939e-01
3.718500000000000139e-01
4.193999999999999950e-01
4.158999999999999919e-01
3.607000000000000206e-01
4.246499999999999719e-01
3.865000000000000102e-01
4.096000000000000196e-01
4.076499999999999568e-01
4.453500000000000236e-01
4.653500000000000414e-01
4.777500000000000080e-01
4.514000000000000234e-01
3.955499999999999572e-01
3.845999999999999974e-01
4.007499999999999951e-01
3.663000000000000145e-01
4.033999999999999808e-01
4.054999999999999716e-01
3.465500000000000247e-01
3.824499999999999567e-01
4.071000000000000174e-01
5.060499999999999998e-01
4.415499999999999980e-01
3.691499999999999782e-01
4.200500000000000345e-01
4.069500000000000339e-01
4.214999999999999858e-01
4.008499999999999841e-01
3.564999999999999836e-01
3.815999999999999948e-01
4.286999999999999700e-01
4.563500000000000334e-01
4.415999999999999925e-01
4.585500000000000131e-01
4.062500000000000000e-01
3.729000000000000092e-01
4.292500000000000204e-01
3.745999999999999885e-01
4.188000000000000056e-01
4.910499999999999865e-01
4.719999999999999751e-01
4.693500000000000449e-01
4.485999999999999988e-01
4.469499999999999584e-01
4.082500000000000018e-01
4.205499999999999794e-01
4.315499999999999892e-01
3.674000000000000044e-01
4.457999999999999741e-01
3.924499999999999655e-01
3.654499999999999971e-01
4.070500000000000229e-01
3.670999999999999819e-01
4.510500000000000065e-01
4.840999999999999748e-01
4.750000000000000333e-01
4.475000000000000089e-01
4.272500000000000187e-01
4.202000000000000179e-01
3.699999999999999956e-01
4.126500000000000168e-01
4.407499999999999751e-01
4.462999999999999745e-01
4.140499999999999736e-01
3.804499999999999549e-01
4.276999999999999691e-01
4.219499999999999917e-01
4.613500000000000378e-01
4.930499999999999883e-01
4.222000000000000197e-01
3.941500000000000004e-01
4.042999999999999927e-01
4.201500000000000234e-01
3.969000000000000306e-01
3.673999999999999488e-01
4.051000000000000156e-01
3.608999999999999986e-01
3.765000000000000013e-01
4.318499999999999561e-01
4.367499999999999716e-01
4.633499999999999841e-01
4.220500000000000362e-01
4.330999999999999850e-01
3.811499999999999888e-01
3.809000000000000163e-01
4.141000000000000236e-01
4.972999999999999643e-01
4.754500000000000393e-01
4.392000000000000348e-01
4.207500000000000129e-01
3.809500000000000108e-01
3.991500000000000048e-01
4.678999999999999826e-01
4.406499999999999861e-01
4.060000000000000275e-01
4.273000000000000131e-01
3.664499999999999980e-01
4.308000000000000163e-01
5.157000000000000473e-01
4.625500000000000167e-01
4.138999999999999901e-01
4.019500000000000295e-01
4.347499999999999698e-01
4.386999999999999789e-01
4.255499999999999838e-01
3.769000000000000128e-01
3.439499999999999780e-01
3.876499999999999946e-01
