0.98829	2.21479e-03
0.97871	1.06307e-02
0.96447	1.03035e-02
0.95659	1.45539e-02
0.94450	2.05646e-02
0.92981	1.39937e-02
0.90625	1.35976e-02
0.90421	1.73256e-02
0.90185	1.23911e-02
0.87382	1.94961e-02
0.86587	3.04546e-02
0.82915	2.06769e-02
0.83520	2.46976e-02
0.80929	4.22814e-02
0.78367	2.20859e-02
0.77508	2.20916e-02
0.76613	4.09474e-02
0.75089	2.75926e-02
0.73989	3.96405e-02
0.72947	4.18573e-02
0.70724	3.70548e-02
0.69741	4.00114e-02
0.66211	3.76470e-02
0.65987	3.09197e-02
0.63198	5.86265e-02
0.61384	3.56496e-02
0.60634	4.20978e-02
0.56003	4.15700e-02
0.55871	3.54030e-02
0.52817	6.27825e-02
0.48508	5.44081e-02
0.44697	7.41854e-02
0.45448	5.34211e-02
0.35548	6.92738e-02
0.35221	5.28783e-02
0.31322	5.98463e-02
0.27178	6.61855e-02
0.22376	4.61204e-02
0.24118	6.73739e-02
0.22501	7.49900e-02
0.20319	6.46520e-02
0.16380	6.45422e-02
0.14173	7.38602e-02
0.12996	5.66104e-02
0.16025	8.96801e-02
0.16179	5.35294e-02
0.16648	1.04042e-01
0.14156	5.48276e-02
0.13981	6.53799e-02
0.11218	4.89662e-02
0.10958	5.58005e-02
0.12307	5.38000e-02
0.10563	5.37549e-02
0.10755	6.84857e-02
0.09727	2.95941e-02
0.12394	4.52665e-02
0.16391	6.02460e-02
0.10888	5.35013e-02
0.09572	5.70551e-02
0.08588	4.43054e-02
0.09870	4.68852e-02
0.12291	4.19890e-02
0.11297	5.94414e-02
0.08786	4.51256e-02
0.07393	3.53907e-02
0.09148	3.68602e-02
0.08493	5.60707e-02
0.09961	2.68946e-02
0.08450	3.36208e-02
0.06470	3.04286e-02
0.11570	5.27994e-02
0.09520	5.05327e-02
0.10780	3.24255e-02
0.06936	3.81048e-02
0.12397	5.92894e-02
0.08643	3.11642e-02
0.07428	2.94772e-02
0.07510	3.91813e-02
0.12524	6.38207e-02
0.09051	4.85639e-02
0.09088	3.30319e-02
0.09780	3.46445e-02
0.09694	5.33784e-02
0.11566	5.39831e-02
0.09587	4.98502e-02
0.09544	5.21131e-02
0.07515	3.87839e-02
0.09822	4.14981e-02
0.06264	3.45894e-02
0.08302	6.07557e-02
0.08212	4.34771e-02
0.09067	4.43231e-02
0.07312	4.04211e-02
0.09660	3.25601e-02
0.09805	4.22621e-02
0.10655	6.45271e-02
0.10621	3.80477e-02
0.09018	3.70090e-02
0.10482	3.79734e-02
