0.83467	4.50133e-02
0.80408	4.91153e-02
0.75318	6.35485e-02
0.69559	6.08026e-02
0.62019	9.22806e-02
0.53650	1.79385e-01
0.54614	7.01333e-02
0.47253	1.59551e-01
0.41734	1.80723e-01
0.44920	1.72588e-01
0.38172	1.30299e-01
0.42166	1.26366e-01
0.38214	1.56070e-01
0.43917	1.12270e-01
0.44416	1.50602e-01
0.46308	1.52839e-01
0.43870	1.78596e-01
0.46924	1.43890e-01
0.47315	1.24642e-01
0.49630	1.08434e-01
0.48766	7.55012e-02
0.48651	1.01617e-01
0.44935	1.11589e-01
0.50980	5.80549e-02
0.45595	1.27385e-01
0.48108	1.05850e-01
0.47893	7.57459e-02
0.48473	8.67286e-02
0.50041	8.97837e-02
0.47920	7.91087e-02
0.49928	7.44451e-02
0.45182	7.80275e-02
0.45741	5.55896e-02
0.49577	8.81608e-02
0.46015	7.70836e-02
0.43164	8.37024e-02
0.47118	5.33561e-02
0.49002	5.97989e-02
0.47556	5.25728e-02
0.48720	4.28913e-02
0.47396	5.09871e-02
0.45427	5.93072e-02
0.50513	5.39523e-02
0.43990	6.60366e-02
0.47521	5.08214e-02
0.49475	5.94951e-02
0.47830	7.50622e-02
0.47113	4.49666e-02
0.43728	7.17032e-02
0.48630	6.47941e-02
0.47044	4.87654e-02
0.44228	6.20592e-02
0.43388	5.41530e-02
0.44720	6.59848e-02
0.44610	6.80682e-02
0.44393	6.46415e-02
0.44150	4.55948e-02
0.43259	6.41918e-02
0.43216	7.43502e-02
0.40436	7.50088e-02
0.43461	8.65805e-02
0.41814	5.36403e-02
0.40578	5.17350e-02
0.45610	5.23104e-02
0.42858	6.35658e-02
0.42652	9.45894e-02
0.42900	8.51335e-02
0.42032	4.43692e-02
0.42845	4.92453e-02
0.39225	5.27379e-02
0.42055	6.41282e-02
0.42663	6.38158e-02
0.43439	5.20409e-02
0.41938	4.75913e-02
0.42626	8.01600e-02
0.40910	4.89395e-02
0.37453	5.21182e-02
0.41390	6.34455e-02
0.39395	9.47178e-02
0.39478	6.14748e-02
0.42356	6.32139e-02
0.39725	7.36643e-02
0.36025	8.82839e-02
0.40258	5.69397e-02
0.39714	6.09864e-02
0.36781	4.61867e-02
0.35537	8.32559e-02
0.35115	6.38243e-02
0.35301	7.55512e-02
0.34473	6.10923e-02
0.36363	7.53759e-02
0.34542	6.84899e-02
0.30755	6.11936e-02
0.33497	8.56820e-02
0.31082	4.32380e-02
0.29139	8.93402e-02
0.31799	5.33249e-02
0.31447	6.97400e-02
0.25656	5.13010e-02
0.33047	4.49879e-02
0.33499	5.08672e-02
0.35205	6.39798e-02
0.36288	6.05662e-02
0.34101	7.46850e-02
0.31619	7.33527e-02
0.33061	7.01203e-02
0.35928	4.84503e-02
0.33708	5.99022e-02
0.32891	7.35145e-02
0.34425	9.60884e-02
0.34616	9.18241e-02
0.35681	9.14545e-02
0.35625	9.11881e-02
0.35100	8.87385e-02
0.35941	8.62509e-02
0.33915	6.73975e-02
0.32700	6.49991e-02
0.31940	5.83492e-02
0.33394	6.31492e-02
0.35139	7.42836e-02
0.35139	7.42836e-02
0.33511	6.68215e-02
0.34927	9.98707e-02
0.37033	1.01719e-01
0.35350	7.41997e-02
0.34439	7.60321e-02
0.36255	5.39987e-02
0.35698	6.40999e-02
0.35933	6.66452e-02
0.34566	7.43446e-02
0.35227	8.13332e-02
0.35229	8.13384e-02
0.34885	7.97397e-02
0.34885	7.97397e-02
0.33913	8.13206e-02
0.35981	8.67072e-02
0.37582	7.82996e-02
0.37753	8.16196e-02
0.37552	8.03865e-02
0.38151	9.69694e-02
0.38241	9.74885e-02
0.38933	9.74260e-02
0.38933	9.74260e-02
0.38824	9.72426e-02
0.37437	8.20165e-02
0.38991	8.83702e-02
0.41250	8.61172e-02
0.41250	9.49984e-02
0.41651	8.87426e-02
0.40940	8.53965e-02
0.40940	8.53965e-02
0.41568	8.81949e-02
0.38970	8.52214e-02
0.42036	9.34610e-02
0.40257	9.31529e-02
0.41015	7.82206e-02
0.43012	8.83313e-02
0.45471	8.63253e-02
0.45424	7.31062e-02
0.44758	6.65770e-02
0.44650	5.87985e-02
0.44296	5.53481e-02
0.46527	8.19773e-02
0.47339	7.94376e-02
0.47096	6.13802e-02
0.45956	5.76098e-02
0.47593	6.93978e-02
0.46439	7.40102e-02
0.46996	8.23925e-02
0.46156	9.41089e-02
0.45844	9.58052e-02
0.44236	9.06225e-02
0.43407	8.07109e-02
0.45006	7.65153e-02
0.45006	7.65153e-02
0.44615	7.42286e-02
0.48764	8.96940e-02
0.47583	7.81855e-02
0.47787	6.16097e-02
0.46339	9.82280e-02
0.48536	6.53666e-02
0.48939	6.07423e-02
0.48554	8.05275e-02
0.49345	8.15846e-02
0.48563	9.32180e-02
0.46968	9.32401e-02
0.49047	9.40830e-02
0.49937	9.91135e-02
0.50732	1.00575e-01
0.52263	7.78749e-02
0.51483	8.29611e-02
0.51738	8.72349e-02
0.50984	9.13419e-02
0.53083	8.74033e-02
0.51444	9.15081e-02
0.51478	8.32007e-02
0.51550	8.34082e-02
0.51949	8.11586e-02
0.53075	8.15585e-02
0.53486	7.16843e-02
0.55405	5.86194e-02
0.55408	5.23931e-02
0.55280	6.31512e-02
0.55669	6.30788e-02
0.56122	6.35376e-02
0.56036	5.72510e-02
0.55666	5.50989e-02
0.54849	6.92119e-02
0.54477	6.79077e-02
0.54411	5.86672e-02
0.53825	5.53363e-02
0.54819	6.37255e-02
0.55599	7.13074e-02
0.57977	6.06966e-02
0.57327	5.38414e-02
0.56924	5.03498e-02
0.57082	4.96377e-02
0.56629	5.27905e-02
0.56767	5.14014e-02
0.57238	5.39405e-02
0.57555	5.75129e-02
0.57305	5.57451e-02
0.57996	5.67142e-02
0.58974	6.54941e-02
0.59245	6.20155e-02
0.59947	6.37721e-02
0.59659	6.33536e-02
0.60150	6.03502e-02
0.59495	6.43583e-02
0.59495	6.43583e-02
0.59018	6.01238e-02
0.61017	5.07175e-02
0.60636	4.68778e-02
0.60636	4.68778e-02
0.60255	4.48131e-02
0.60479	4.04112e-02
0.59264	5.39808e-02
0.59142	4.56387e-02
0.60433	6.39672e-02
0.60485	6.25952e-02
0.61335	5.66292e-02
0.62128	5.94609e-02
0.62128	5.94609e-02
0.62344	6.08652e-02
0.63507	6.13822e-02
0.62222	5.08180e-02
0.62222	5.08180e-02
0.62222	5.08180e-02
0.63195	5.59793e-02
0.61839	5.82041e-02
0.61890	5.74428e-02
0.62698	5.36770e-02
0.61398	4.92529e-02
0.61907	4.80253e-02
0.61676	4.74696e-02
0.61736	4.84887e-02
0.62243	5.00459e-02
0.61981	5.07370e-02
0.61191	4.99538e-02
0.61458	5.96270e-02
0.62131	6.57648e-02
0.62131	6.57648e-02
0.62957	6.64178e-02
0.64015	6.14076e-02
0.64795	6.88738e-02
0.65026	7.03943e-02
0.65867	4.54770e-02
0.65470	3.93460e-02
0.66359	4.95537e-02
0.65965	4.95523e-02
0.65607	5.30940e-02
0.65434	5.32012e-02
0.66685	5.46496e-02
0.66251	6.13064e-02
0.66320	6.01537e-02
0.67590	6.21055e-02
0.66679	6.09929e-02
0.66318	5.48621e-02
0.66000	4.89558e-02
0.66210	5.27420e-02
0.66590	5.05126e-02
0.66526	5.04069e-02
0.66507	4.90381e-02
0.66205	5.08000e-02
0.65984	5.12184e-02
0.66629	5.33100e-02
0.67071	5.52573e-02
0.69252	6.06544e-02
0.69194	6.03927e-02
0.68814	6.27953e-02
0.68463	6.41348e-02
0.67348	6.97405e-02
0.69102	4.85481e-02
0.69861	4.64385e-02
0.70522	5.06215e-02
0.70304	5.04240e-02
0.70304	5.04240e-02
0.70232	5.41593e-02
0.69332	6.79486e-02
0.68283	5.03299e-02
0.69876	5.84177e-02
0.70288	5.53968e-02
0.70805	5.78801e-02
0.71347	4.28604e-02
0.71503	4.24475e-02
0.71067	3.83052e-02
0.71722	3.47618e-02
0.71943	3.90790e-02
0.72313	3.83376e-02
0.72410	3.75003e-02
0.71798	4.86200e-02
0.71573	5.34305e-02
0.71557	5.45445e-02
0.71318	5.35084e-02
0.72330	3.85871e-02
0.71015	6.02673e-02
0.71669	4.67615e-02
0.71707	4.65430e-02
0.71707	4.65430e-02
0.71538	4.69121e-02
0.72789	3.24307e-02
0.73613	3.08850e-02
0.73194	3.99313e-02
0.73867	4.35797e-02
0.74475	3.29193e-02
0.74573	3.44502e-02
0.75017	3.84064e-02
0.75108	3.50933e-02
0.75506	3.74302e-02
0.76215	2.25515e-02
0.76438	2.47784e-02
0.76381	3.52695e-02
0.76947	3.78057e-02
0.76595	3.38882e-02
0.76598	3.38882e-02
0.76711	3.10999e-02
0.77284	2.00068e-02
0.77491	3.22675e-02
0.77518	3.17971e-02
0.77995	3.95374e-02
0.77671	4.15231e-02
0.77252	4.45836e-02
0.77875	4.63108e-02
0.78194	5.03654e-02
0.78217	5.16803e-02
0.78119	5.05901e-02
0.78836	5.06710e-02
0.79347	4.89096e-02
0.79140	5.16185e-02
0.79140	5.16185e-02
0.79173	5.81755e-02
0.79179	5.81272e-02
0.80445	4.23775e-02
0.80445	4.23775e-02
0.81141	3.93141e-02
0.80642	4.09973e-02
0.79921	4.88311e-02
0.79281	4.53495e-02
0.79737	5.13992e-02
0.78856	4.98109e-02
0.79466	5.21719e-02
0.79752	4.99710e-02
0.80417	5.41276e-02
0.80530	5.39752e-02
0.80613	4.94462e-02
0.81078	4.54313e-02
0.81078	4.54313e-02
0.81009	4.48952e-02
0.81367	4.83705e-02
0.81398	4.86808e-02
0.82370	4.51042e-02
0.81637	3.95518e-02
0.80804	5.04296e-02
0.81278	4.42521e-02
0.81278	4.42521e-02
0.81278	4.42517e-02
0.81778	4.75669e-02
0.80861	4.49433e-02
0.80711	4.42882e-02
0.80711	4.42882e-02
0.80706	4.43582e-02
0.80376	5.07369e-02
0.79121	3.12700e-02
0.79121	3.12700e-02
0.80258	4.67821e-02
0.81103	4.48707e-02
0.81251	4.71366e-02
0.81251	4.71366e-02
0.81456	4.72427e-02
0.80161	5.80880e-02
0.80345	5.93082e-02
0.79277	6.18583e-02
0.79270	6.17617e-02
0.79998	6.51156e-02
0.81355	5.67842e-02
0.81584	5.63323e-02
0.77530	4.67243e-02
0.79168	4.41765e-02
0.75660	2.47861e-02
0.75660	2.47861e-02
0.77127	3.94604e-02
0.80080	9.93004e-03
0.80080	9.93004e-03
0.80198	1.11121e-02
0.80198	1.11121e-02
0.80198	1.11121e-02
0.80198	1.11121e-02
0.80198	1.11121e-02
0.80910	1.82287e-02
0.80910	1.82287e-02
0.80476	2.25718e-02
0.81205	1.52756e-02
0.81205	1.52756e-02
0.81205	1.52756e-02
0.81205	1.52756e-02
0.81756	2.07820e-02
0.83298	5.36426e-03
0.83626	8.64725e-03
0.83626	8.64725e-03
0.83652	8.38285e-03
0.83652	8.38285e-03
0.82564	1.92681e-02
0.82963	2.32554e-02
0.83178	2.10996e-02
0.83178	2.10996e-02
0.84055	2.98628e-02
0.84055	2.98628e-02
0.84055	2.98628e-02
0.84046	2.97758e-02
0.81068	0.00000e+00
0.81068	0.00000e+00
0.81068	0.00000e+00
0.80318	0.00000e+00
0.86596	0.00000e+00
0.84059	0.00000e+00
0.84059	0.00000e+00
0.84059	0.00000e+00
0.84059	0.00000e+00
0.84059	0.00000e+00
0.84059	0.00000e+00
0.84059	0.00000e+00
0.86472	0.00000e+00
0.86472	0.00000e+00
0.87222	0.00000e+00
0.87222	0.00000e+00
0.87222	0.00000e+00
0.87222	0.00000e+00
0.87222	0.00000e+00
0.87260	0.00000e+00
