0.98881	2.17047e-03
0.97539	1.08585e-02
0.96801	1.34346e-02
0.95427	2.46291e-02
0.95794	2.17292e-02
0.94887	2.52403e-02
0.92613	4.42912e-02
0.92513	3.20325e-02
0.90799	3.51247e-02
0.89575	4.30360e-02
0.89966	4.03091e-02
0.89584	3.11705e-02
0.88015	4.17343e-02
0.85058	5.02854e-02
0.81994	6.74059e-02
0.81130	1.02423e-01
0.79154	7.22586e-02
0.82281	8.47410e-02
0.81243	5.78973e-02
0.81373	4.83694e-02
0.80115	4.80651e-02
0.82116	4.54702e-02
0.81802	5.96432e-02
0.80298	6.02507e-02
0.81397	7.14724e-02
0.81293	7.83564e-02
0.78955	6.82355e-02
0.77946	9.50302e-02
0.77224	8.28551e-02
0.79101	5.23850e-02
0.77655	8.57160e-02
0.78552	6.81687e-02
0.77861	6.91982e-02
0.78666	6.90462e-02
0.78370	8.04521e-02
0.77157	4.53118e-02
0.76574	6.44937e-02
0.75565	4.91817e-02
0.77110	5.68163e-02
0.75352	4.94361e-02
0.76226	3.91278e-02
0.74644	5.77528e-02
0.74209	5.06171e-02
0.73833	6.75831e-02
0.72736	4.65420e-02
0.71879	6.71071e-02
0.71378	4.17430e-02
0.72063	4.76739e-02
0.71609	5.99807e-02
0.70039	4.39293e-02
0.69996	5.14723e-02
0.70908	5.94760e-02
0.68826	6.40810e-02
0.68381	6.41541e-02
0.66751	5.48437e-02
0.65843	6.91275e-02
0.65134	6.00932e-02
0.67406	4.13051e-02
0.66773	5.10992e-02
0.67251	2.89145e-02
0.65803	5.98029e-02
0.65945	3.08692e-02
0.66550	5.13539e-02
0.66726	5.55652e-02
0.65449	4.54508e-02
0.65871	5.08553e-02
0.64792	4.73972e-02
0.63359	5.94942e-02
0.64198	5.36734e-02
0.64355	2.92218e-02
0.63959	4.54852e-02
0.61223	3.15698e-02
0.62612	4.62695e-02
0.64654	3.87266e-02
0.61801	6.07174e-02
0.61285	3.09217e-02
0.62536	4.18619e-02
0.62023	4.34642e-02
0.61928	3.46561e-02
0.59692	4.76505e-02
0.60777	5.62046e-02
0.60452	3.44960e-02
0.55952	5.74591e-02
0.57982	5.31283e-02
0.57588	5.32744e-02
0.58132	3.45390e-02
0.52977	4.46865e-02
0.59727	6.20774e-02
0.55935	4.39572e-02
0.54126	4.21733e-02
0.53833	5.50113e-02
0.54924	8.78039e-02
0.52419	5.83991e-02
0.55068	7.29346e-02
0.51382	7.59576e-02
0.52562	5.59805e-02
0.50779	6.30987e-02
0.52844	6.30827e-02
0.51717	8.82794e-02
0.50867	7.72150e-02
0.52030	6.35131e-02
0.52495	6.53469e-02
0.52590	6.23322e-02
0.53759	6.50267e-02
0.53965	6.40664e-02
0.55742	7.69901e-02
0.57016	6.62042e-02
0.59387	7.49445e-02
0.59514	7.38566e-02
0.59957	7.97389e-02
0.62720	5.26804e-02
0.62048	4.38399e-02
0.61441	5.98128e-02
0.58952	8.03380e-02
0.58952	8.03380e-02
0.59293	9.01652e-02
0.59413	8.51048e-02
0.58787	9.53474e-02
0.59391	9.47347e-02
0.59089	8.50012e-02
0.57809	8.05172e-02
0.59355	7.11867e-02
0.60953	6.18036e-02
0.60487	6.88571e-02
0.61919	5.77717e-02
0.61201	6.08815e-02
0.61439	6.53477e-02
0.62329	5.27795e-02
0.63155	4.93318e-02
0.63558	5.51821e-02
0.64018	3.37412e-02
0.64951	4.88515e-02
0.64891	5.09599e-02
0.64797	6.73189e-02
0.64071	6.76685e-02
0.65718	8.05679e-02
0.67572	8.46879e-02
0.68668	7.20953e-02
0.69192	6.76518e-02
0.68375	7.20374e-02
0.69810	6.50109e-02
0.70209	5.88517e-02
0.70518	4.93234e-02
0.69870	4.83274e-02
0.69923	4.83880e-02
0.70257	4.76955e-02
0.70257	4.76955e-02
0.69234	5.15842e-02
0.68919	5.06287e-02
0.69257	3.73111e-02
0.68524	4.15324e-02
0.67985	4.72296e-02
0.68803	4.73511e-02
0.68886	5.57741e-02
0.68886	5.57741e-02
0.70487	5.44956e-02
0.69900	4.78928e-02
0.69349	4.45037e-02
0.69697	4.91600e-02
0.71200	4.46300e-02
0.71080	4.89454e-02
0.71974	3.74398e-02
0.71467	3.37631e-02
0.70768	3.51700e-02
0.71586	3.68170e-02
0.71966	3.88975e-02
0.72135	4.17176e-02
0.72858	3.93918e-02
0.72262	3.44795e-02
0.72723	4.02083e-02
0.74391	2.36394e-02
0.74526	2.22258e-02
0.73818	3.50874e-02
0.73012	3.11671e-02
0.72279	2.74311e-02
0.72815	2.95827e-02
0.73531	4.58288e-02
0.72559	4.08146e-02
0.72528	4.08749e-02
0.72681	3.88002e-02
0.73806	5.96054e-02
0.74483	5.07462e-02
0.76339	4.77944e-02
0.76170	4.91990e-02
0.76622	4.63613e-02
0.77026	4.80934e-02
0.78719	3.55671e-02
0.76880	4.35873e-02
0.77780	5.42830e-02
0.79407	4.23050e-02
0.78517	4.26686e-02
0.77918	4.43825e-02
0.77129	4.54542e-02
0.77979	5.85634e-02
0.77683	5.48866e-02
0.78445	5.35187e-02
0.78664	5.20114e-02
0.79054	5.39558e-02
0.78685	4.70172e-02
0.78685	4.70172e-02
0.79285	4.93449e-02
0.79932	4.30848e-02
0.80166	4.28065e-02
0.80166	4.28065e-02
0.80158	4.27709e-02
0.80884	3.55997e-02
0.81324	2.95130e-02
0.81259	3.13230e-02
0.81944	3.57602e-02
0.82618	3.10440e-02
0.81930	2.57292e-02
0.82041	2.40526e-02
0.81843	2.48484e-02
0.81651	2.72216e-02
0.79779	1.85335e-02
0.79029	2.49058e-02
0.78897	2.50918e-02
0.79588	2.65869e-02
0.81340	2.97325e-02
0.82247	3.10797e-02
0.82109	2.54318e-02
0.81462	2.25792e-02
0.82032	2.41943e-02
0.82053	2.42884e-02
0.82039	2.31408e-02
0.82553	2.07198e-02
0.82567	2.51293e-02
0.83149	1.92023e-02
0.83480	1.92132e-02
0.83399	1.78104e-02
0.83581	1.62067e-02
0.83581	1.62067e-02
0.83510	2.35540e-02
0.83586	2.04678e-02
0.83158	2.18681e-02
0.82984	2.21209e-02
0.83261	2.19366e-02
0.83715	2.07518e-02
0.83562	2.14686e-02
0.83781	1.84892e-02
0.83850	1.92909e-02
0.83410	2.68280e-02
0.83642	2.68279e-02
0.83680	3.00324e-02
0.85342	2.75011e-02
0.83809	3.52784e-02
0.83230	3.66111e-02
0.82644	2.81399e-02
0.82276	2.38930e-02
0.82924	2.48448e-02
0.83588	2.39501e-02
0.83555	2.42991e-02
0.83651	2.40073e-02
0.83651	2.40073e-02
0.83935	2.24657e-02
0.83203	1.68458e-02
0.83628	1.79488e-02
0.84111	1.94836e-02
0.84111	1.94836e-02
0.84278	2.01845e-02
0.84663	2.90920e-02
0.85033	2.81448e-02
0.84458	2.57183e-02
0.84026	2.15626e-02
0.84243	2.30377e-02
0.85170	1.39646e-02
0.85367	3.10736e-02
0.85033	3.16514e-02
0.83710	2.17588e-02
0.83848	2.24756e-02
0.84301	2.16953e-02
0.84449	2.70273e-02
0.84801	1.97859e-02
0.85233	2.31407e-02
0.85652	2.78930e-02
0.85642	1.96090e-02
0.85560	2.18828e-02
0.85947	2.20512e-02
0.86055	2.20712e-02
0.85957	1.97232e-02
0.85865	1.48121e-02
0.86081	2.02551e-02
0.85299	1.62804e-02
0.85419	2.08848e-02
0.85413	2.14116e-02
0.85800	1.80278e-02
0.85303	2.16701e-02
0.85982	1.54521e-02
0.85880	1.39933e-02
0.85627	1.27089e-02
0.86445	1.62511e-02
0.86667	1.63490e-02
0.86906	2.61746e-02
0.86828	2.62869e-02
0.86368	2.22245e-02
0.86035	1.80002e-02
0.86470	2.36140e-02
0.86604	2.20572e-02
0.86314	2.14575e-02
0.86347	2.32188e-02
0.86671	2.58025e-02
0.86958	2.35133e-02
0.86708	2.48879e-02
0.86701	2.56709e-02
0.87728	3.39038e-02
0.86644	3.24476e-02
0.87155	3.52903e-02
0.88672	3.61211e-02
0.88127	3.41620e-02
0.87903	3.69983e-02
0.87903	3.69983e-02
0.88401	3.60655e-02
0.88070	3.41378e-02
0.88504	4.27374e-02
0.88824	4.19169e-02
0.89194	4.18799e-02
0.89194	4.18799e-02
0.89454	4.21529e-02
0.89567	3.87925e-02
0.89909	3.64916e-02
0.89639	3.56360e-02
0.89752	3.10362e-02
0.89752	3.10362e-02
0.89416	3.33299e-02
0.90047	3.09546e-02
0.89919	3.05096e-02
0.91218	2.78081e-02
0.90486	3.49809e-02
0.90582	3.40099e-02
0.90659	2.85765e-02
0.89683	3.42038e-02
0.90025	3.74603e-02
0.90057	3.73369e-02
0.90150	3.70112e-02
0.89788	3.75695e-02
0.90491	4.62664e-02
0.90494	4.74950e-02
0.90242	4.88710e-02
0.90205	4.60218e-02
0.90988	4.61909e-02
0.90419	4.61682e-02
0.91290	4.28100e-02
0.90273	5.01002e-02
0.89872	4.53402e-02
0.91276	4.31863e-02
0.91278	3.59744e-02
0.91787	3.92054e-02
0.91667	3.35094e-02
0.91667	3.35094e-02
0.92592	3.29560e-02
0.92402	3.07878e-02
0.92554	3.30294e-02
0.93248	2.98553e-02
0.93658	1.81285e-02
0.94307	2.15614e-02
0.94090	2.50154e-02
0.93860	2.37803e-02
0.93488	1.90146e-02
0.93620	1.66945e-02
0.94071	2.26673e-02
0.94071	2.26673e-02
0.94071	2.26673e-02
0.94190	2.03583e-02
0.94190	2.03583e-02
0.94251	2.16304e-02
0.94490	2.37020e-02
0.94252	2.71218e-02
0.93327	3.45261e-02
0.93327	3.45261e-02
0.93775	3.59889e-02
0.94042	3.46540e-02
0.93725	4.17561e-02
0.93809	4.27634e-02
0.93427	4.10680e-02
0.92819	3.95214e-02
0.93295	2.99941e-02
0.93944	2.50106e-02
0.95707	2.34986e-02
0.94559	3.27134e-02
0.95290	2.43586e-02
0.95212	2.52515e-02
0.94275	1.89030e-02
0.94275	1.89030e-02
0.94592	1.85120e-02
0.94227	2.27828e-02
0.95305	1.51370e-02
0.95141	1.51077e-02
0.94822	2.82857e-02
0.94822	2.82857e-02
0.94822	2.82857e-02
0.95773	3.36342e-02
0.95609	3.13957e-02
0.95982	3.19405e-02
0.96101	1.56288e-02
0.96101	1.56288e-02
0.95807	1.97731e-02
0.96080	2.21741e-02
0.96080	2.21741e-02
0.95397	2.13616e-02
0.95397	2.13616e-02
0.95397	2.13616e-02
0.95397	2.13616e-02
0.95397	2.13616e-02
0.95397	2.13616e-02
0.95397	2.13616e-02
0.94549	1.67884e-02
0.94857	1.80809e-02
0.96379	4.01207e-03
0.97472	1.22411e-02
0.97472	1.22411e-02
0.96381	2.27406e-02
0.95909	2.37423e-02
0.98249	1.03527e-02
0.98249	1.03527e-02
0.98419	7.88852e-03
0.98047	7.19490e-03
0.97323	1.44366e-02
0.97402	1.52248e-02
0.97394	1.51516e-02
0.98978	0.00000e+00
0.98957	0.00000e+00
