0.98453	4.22265e-03
0.97057	1.18718e-02
0.96701	1.21704e-02
0.96531	1.46619e-02
0.94900	1.46974e-02
0.93581	2.21760e-02
0.93346	2.62887e-02
0.93353	2.84797e-02
0.91801	2.57847e-02
0.91510	1.55483e-02
0.90544	1.58901e-02
0.89178	2.60508e-02
0.89467	1.83979e-02
0.88125	2.78602e-02
0.86285	1.87509e-02
0.85657	2.98997e-02
0.85786	3.60198e-02
0.84358	3.03999e-02
0.83739	3.74486e-02
0.83182	4.59511e-02
0.81544	4.64204e-02
0.82168	4.15972e-02
0.81915	2.60187e-02
0.79943	3.55993e-02
0.77998	3.35698e-02
0.78844	3.73376e-02
0.78558	2.56263e-02
0.77447	3.16557e-02
0.76650	2.54713e-02
0.76699	3.46319e-02
0.76418	6.56681e-02
0.74011	6.49322e-02
0.72385	4.48459e-02
0.74780	5.86207e-02
0.71239	7.44865e-02
0.70551	5.53442e-02
0.70437	6.63666e-02
0.71229	3.64616e-02
0.70419	3.51512e-02
0.68276	4.44007e-02
0.66830	6.31355e-02
0.65096	7.69398e-02
0.65706	4.75331e-02
0.65247	4.99549e-02
0.65210	6.95596e-02
0.64252	7.07303e-02
0.62094	8.75001e-02
0.64413	2.96587e-02
0.62460	5.39641e-02
0.61478	4.53520e-02
0.59007	6.34129e-02
0.58895	5.82762e-02
0.57983	5.92926e-02
0.64111	5.24671e-02
0.59440	5.26161e-02
0.58849	6.83497e-02
0.56651	6.61381e-02
0.53726	5.48166e-02
0.59037	4.32451e-02
0.56033	3.04056e-02
0.57142	5.76443e-02
0.53414	6.79732e-02
0.55116	5.75026e-02
0.54424	5.03137e-02
0.52533	7.02150e-02
0.54135	6.06897e-02
0.49610	4.93267e-02
0.49626	2.33693e-02
0.54886	4.45513e-02
0.50009	5.20167e-02
0.51018	4.42127e-02
0.47370	5.71899e-02
0.49217	7.47538e-02
0.50679	7.89382e-02
0.48222	5.12197e-02
0.50732	6.51928e-02
0.50401	7.17036e-02
0.46032	6.69199e-02
0.49144	6.99581e-02
0.45516	9.46219e-02
0.46893	6.09450e-02
0.47809	8.48214e-02
0.47155	9.92855e-02
0.48121	8.10550e-02
0.47329	5.83154e-02
0.45851	7.18995e-02
0.49175	5.02321e-02
0.46457	7.36083e-02
0.47112	6.17346e-02
0.44728	8.13594e-02
0.44052	9.14616e-02
0.43741	8.50935e-02
0.42294	8.55563e-02
0.43914	8.45951e-02
0.44806	9.65745e-02
0.45346	6.75431e-02
0.43820	5.90602e-02
0.48064	4.91367e-02
0.46284	9.17666e-02
0.53262	8.91157e-02
0.53603	9.05179e-02
0.53599	9.54314e-02
0.54048	9.85924e-02
0.53518	1.01033e-01
0.53404	1.03052e-01
0.53773	1.02303e-01
0.53853	1.12599e-01
0.55371	8.69556e-02
0.56569	8.57992e-02
0.56546	8.56800e-02
0.57560	8.71178e-02
0.58301	8.22008e-02
0.58280	8.08964e-02
0.58226	8.82636e-02
0.63336	8.88949e-02
0.63251	8.95316e-02
0.63077	8.87692e-02
0.62236	8.16585e-02
0.63371	8.18617e-02
0.65205	9.54244e-02
0.64749	8.75762e-02
0.68124	9.28397e-02
0.68625	9.60424e-02
0.67401	9.76075e-02
0.69987	6.88038e-02
0.69708	7.61227e-02
0.70357	7.30765e-02
0.70453	7.38638e-02
0.71227	7.47703e-02
0.71770	7.00560e-02
0.71770	7.00560e-02
0.73607	6.89310e-02
0.73265	6.85267e-02
0.70819	7.97819e-02
0.71977	6.86891e-02
0.71402	6.04812e-02
0.71356	6.08938e-02
0.71593	6.38349e-02
0.71593	6.38349e-02
0.71440	5.95906e-02
0.71603	6.08604e-02
0.72070	6.81945e-02
0.73930	6.92407e-02
0.73468	5.65485e-02
0.75101	7.02743e-02
0.75911	7.82892e-02
0.75809	7.69885e-02
0.75542	7.46758e-02
0.75631	7.57890e-02
0.75631	7.57890e-02
0.76395	7.95342e-02
0.76793	7.98483e-02
0.76986	8.06395e-02
0.77851	7.35094e-02
0.78025	8.01925e-02
0.77250	7.53517e-02
0.77654	7.17808e-02
0.78708	6.36147e-02
0.79034	3.64887e-02
0.79795	3.78568e-02
0.79422	4.65075e-02
0.79594	4.94761e-02
0.79614	4.98272e-02
0.80144	5.39580e-02
0.80626	5.91503e-02
0.80460	5.75932e-02
0.80358	5.67606e-02
0.80826	6.12246e-02
0.80950	6.11642e-02
0.80687	5.81141e-02
0.80841	5.52971e-02
0.80730	5.72603e-02
0.81127	5.77478e-02
0.80173	6.25627e-02
0.79873	5.36142e-02
0.80873	4.26228e-02
0.81294	4.64889e-02
0.82461	5.58793e-02
0.82783	5.27882e-02
0.82903	5.56352e-02
0.83054	5.55999e-02
0.83291	4.15326e-02
0.83640	4.45311e-02
0.83893	4.53236e-02
0.83866	4.50429e-02
0.84076	4.50689e-02
0.84247	4.57010e-02
0.84507	5.12218e-02
0.83952	4.73424e-02
0.83796	4.73011e-02
0.84480	5.70476e-02
0.83897	5.04518e-02
0.84153	5.14117e-02
0.84412	5.09157e-02
0.84025	4.59021e-02
0.84128	4.69151e-02
0.84218	4.44117e-02
0.85587	4.59410e-02
0.85864	4.25748e-02
0.85966	3.59039e-02
0.86225	3.46070e-02
0.86100	3.49128e-02
0.86236	3.63881e-02
0.85216	3.83535e-02
0.85279	3.59078e-02
0.85271	3.60172e-02
0.85700	3.96790e-02
0.86927	4.17435e-02
0.86757	4.46881e-02
0.86049	4.42234e-02
0.85539	4.16080e-02
0.86386	4.21560e-02
0.86706	3.77319e-02
0.87233	3.44143e-02
0.87287	3.64666e-02
0.86783	3.89435e-02
0.86783	3.89435e-02
0.86781	3.77283e-02
0.87288	3.62060e-02
0.87893	2.92191e-02
0.87842	2.69532e-02
0.87866	3.07436e-02
0.88144	3.37673e-02
0.88446	3.28158e-02
0.87777	3.09623e-02
0.87888	3.03194e-02
0.88379	3.10777e-02
0.88362	3.11893e-02
0.89023	3.43175e-02
0.89002	3.03665e-02
0.89008	3.04252e-02
0.89629	3.31100e-02
0.89100	4.10314e-02
0.88867	3.95175e-02
0.89300	3.29927e-02
0.89095	3.19510e-02
0.89505	3.61107e-02
0.89713	3.78325e-02
0.88966	3.52457e-02
0.88966	3.52457e-02
0.88601	3.59920e-02
0.88983	3.78556e-02
0.88384	3.35757e-02
0.88349	3.14352e-02
0.89429	3.34879e-02
0.89419	2.01543e-02
0.88834	1.84404e-02
0.89663	1.97353e-02
0.90188	1.93491e-02
0.90365	1.95249e-02
0.90002	2.52090e-02
0.90339	2.33815e-02
0.89857	3.05743e-02
0.89823	3.04702e-02
0.89562	2.31298e-02
0.89918	2.91316e-02
0.89921	2.91333e-02
0.90683	2.61634e-02
0.90866	2.71467e-02
0.89821	2.81576e-02
0.90148	2.63328e-02
0.90509	2.71497e-02
0.90338	2.65187e-02
0.90335	2.88605e-02
0.90573	2.92029e-02
0.90554	2.95073e-02
0.90829	2.59670e-02
0.91399	2.17737e-02
0.90974	2.08689e-02
0.91383	2.58795e-02
0.91468	2.73134e-02
0.91468	2.73134e-02
0.90949	2.54682e-02
0.90756	2.48944e-02
0.91121	2.74802e-02
0.90806	2.39884e-02
0.91749	1.72732e-02
0.91619	1.72269e-02
0.91917	1.70854e-02
0.91419	2.08772e-02
0.91105	2.36339e-02
0.90682	2.44356e-02
0.90682	2.44356e-02
0.91524	2.54248e-02
0.91636	2.51529e-02
0.91660	2.29907e-02
0.91320	2.13789e-02
0.91597	2.09667e-02
0.91515	1.93083e-02
0.91644	1.37096e-02
0.91644	1.37096e-02
0.92136	1.71374e-02
0.91951	1.80617e-02
0.91723	2.35921e-02
0.91767	2.48989e-02
0.91767	2.48989e-02
0.91767	2.48989e-02
0.92061	2.60115e-02
0.91976	2.12772e-02
0.92189	2.20955e-02
0.91903	2.27552e-02
0.92378	2.49386e-02
0.92281	2.32175e-02
0.92185	2.44354e-02
0.92546	2.43741e-02
0.92690	2.80538e-02
0.92882	2.59984e-02
0.92988	2.76223e-02
0.92586	2.77135e-02
0.92669	2.88135e-02
0.92667	2.88095e-02
0.92984	2.26060e-02
0.92479	2.86962e-02
0.92754	3.10801e-02
0.92727	2.99176e-02
0.93655	3.26439e-02
0.93910	2.37356e-02
0.93724	2.54269e-02
0.93764	2.56789e-02
0.93533	2.72448e-02
0.93732	2.98129e-02
0.93600	2.97414e-02
0.93350	2.87586e-02
0.93318	2.97431e-02
0.93351	3.03240e-02
0.94008	3.11443e-02
0.94610	2.74637e-02
0.94048	2.94131e-02
0.94199	3.00369e-02
0.94115	3.08821e-02
0.94297	2.91137e-02
0.94993	3.06711e-02
0.95001	3.07668e-02
0.94502	3.39663e-02
0.94502	3.39663e-02
0.94923	3.09580e-02
0.94904	3.13139e-02
0.95000	3.04696e-02
0.94847	3.03142e-02
0.94848	3.03180e-02
0.94478	3.20856e-02
0.94108	2.78795e-02
0.93756	2.93421e-02
0.93718	2.91433e-02
0.94650	2.84932e-02
0.94650	2.84932e-02
0.94650	2.84932e-02
0.94995	3.15179e-02
0.94617	3.03143e-02
0.94778	2.39001e-02
0.94778	2.39001e-02
0.94581	2.22414e-02
0.94581	2.22414e-02
0.94581	2.22402e-02
0.94006	1.73413e-02
0.93638	2.64638e-02
0.93580	2.64006e-02
0.93726	2.62116e-02
0.94056	2.74833e-02
0.94056	2.74833e-02
0.94118	2.50960e-02
0.94485	2.86989e-02
0.94350	2.77317e-02
0.94761	2.64846e-02
0.95145	2.92118e-02
0.95143	2.92168e-02
0.94936	3.67083e-02
0.94963	3.66255e-02
0.94701	3.46755e-02
0.94701	3.46755e-02
0.94831	3.73881e-02
0.95121	3.65344e-02
0.95121	3.65344e-02
0.95596	3.05488e-02
0.95193	3.12768e-02
0.96008	2.32299e-02
0.95919	2.25306e-02
0.95919	2.25306e-02
0.96067	2.34973e-02
0.95574	2.21072e-02
0.95499	2.28337e-02
0.95469	2.29051e-02
0.94868	2.03204e-02
0.94867	2.03030e-02
0.93983	1.11603e-02
0.94496	1.00701e-02
0.93787	2.22486e-02
0.93787	2.22486e-02
0.94930	6.68508e-03
0.95594	1.80248e-02
0.95399	2.15901e-02
0.96266	1.60377e-02
0.96266	1.60377e-02
0.96653	1.22766e-02
0.95622	1.18557e-02
0.96020	5.98333e-03
0.95731	6.62474e-03
0.96239	1.51499e-02
0.96239	1.51499e-02
0.96221	1.48389e-02
0.97419	1.08708e-02
0.97413	1.08807e-02
0.97408	1.08875e-02
0.97587	8.24743e-03
0.97195	5.62023e-03
0.97195	5.62023e-03
0.97195	5.62023e-03
0.97192	5.57686e-03
0.97198	5.68099e-03
0.97188	6.95558e-03
0.97283	6.00297e-03
0.96336	1.54712e-02
0.96336	1.54712e-02
0.96336	1.54712e-02
0.96282	1.64547e-02
0.96282	1.64547e-02
0.96282	1.64547e-02
0.96282	1.64547e-02
0.97668	2.59301e-03
0.97902	3.49048e-04
0.97904	3.64134e-04
0.97867	0.00000e+00
0.97867	0.00000e+00
0.97867	0.00000e+00
0.94649	0.00000e+00
0.94649	0.00000e+00
0.94649	0.00000e+00
0.94649	0.00000e+00
0.94649	0.00000e+00
0.94649	0.00000e+00
0.94649	0.00000e+00
0.94649	0.00000e+00
0.96165	0.00000e+00
0.96165	0.00000e+00
0.96174	0.00000e+00
0.98265	0.00000e+00
0.98265	0.00000e+00
0.98265	0.00000e+00
0.98265	0.00000e+00
0.98265	0.00000e+00
0.98320	0.00000e+00
0.98320	0.00000e+00
0.98320	0.00000e+00
0.98320	0.00000e+00
0.98320	0.00000e+00
0.98320	0.00000e+00
0.98320	0.00000e+00
0.98320	0.00000e+00
0.98320	0.00000e+00
0.98320	0.00000e+00
0.98320	0.00000e+00
0.98287	0.00000e+00
0.98271	0.00000e+00
