0.99299	1.82874e-03
0.97616	8.68236e-03
0.97478	7.98182e-03
0.96035	1.24888e-02
0.94502	1.96037e-02
0.93221	1.10536e-02
0.92477	2.01000e-02
0.90973	1.62645e-02
0.90497	1.87141e-02
0.88983	2.79663e-02
0.87361	2.28119e-02
0.86918	2.01908e-02
0.82684	3.27735e-02
0.82286	2.48800e-02
0.79795	2.00620e-02
0.80503	2.98727e-02
0.78196	3.92992e-02
0.75177	1.50338e-02
0.76878	3.77082e-02
0.73682	4.06633e-02
0.74459	3.02449e-02
0.71841	3.69394e-02
0.68959	4.60015e-02
0.68616	3.16385e-02
0.65315	3.55542e-02
0.63998	4.79043e-02
0.63264	5.48561e-02
0.61054	4.31495e-02
0.56238	6.48313e-02
0.51678	4.61002e-02
0.50949	4.22225e-02
0.46919	5.66156e-02
0.42772	7.49490e-02
0.35499	7.56529e-02
0.35197	9.42835e-02
0.33690	1.45172e-01
0.34231	7.91152e-02
0.28661	9.37732e-02
0.27786	7.57368e-02
0.23939	8.44858e-02
0.19188	9.58348e-02
0.13033	6.80469e-02
0.17025	6.69369e-02
0.10568	5.39802e-02
0.09237	6.82030e-02
0.12935	5.80463e-02
0.13221	5.87712e-02
0.11955	5.64260e-02
0.14228	6.28846e-02
0.14089	6.71287e-02
0.16640	8.45302e-02
0.09889	6.75766e-02
0.08069	3.46680e-02
0.13374	4.47127e-02
0.10002	6.65536e-02
0.12824	6.22543e-02
0.10236	5.72068e-02
0.12268	6.58460e-02
0.09360	4.29935e-02
0.07035	2.95984e-02
0.12490	7.88329e-02
0.09737	1.98891e-02
0.10008	3.78615e-02
0.08853	4.35996e-02
0.08559	3.93400e-02
0.09036	3.79366e-02
0.09680	4.84678e-02
0.09440	4.83983e-02
0.09313	5.37725e-02
0.10121	4.77012e-02
0.12279	3.61392e-02
0.05179	2.67880e-02
0.10627	6.02097e-02
0.10122	5.64166e-02
0.08627	6.12050e-02
0.07364	3.72960e-02
0.09091	4.22552e-02
0.07356	4.57961e-02
0.09763	4.11673e-02
0.08638	6.51091e-02
0.08227	3.45460e-02
0.11279	5.68865e-02
0.11252	4.68146e-02
0.06582	3.52303e-02
0.07853	4.86799e-02
0.08098	5.24260e-02
0.09287	3.85955e-02
0.08498	3.43317e-02
0.07337	3.79844e-02
0.06457	3.58207e-02
0.12164	5.28063e-02
0.11018	2.32733e-02
0.07132	2.70849e-02
0.11379	4.26325e-02
0.07942	5.13894e-02
0.08514	4.14718e-02
0.07823	3.64133e-02
0.09349	3.72311e-02
0.08804	3.36672e-02
