0.98051	7.81965e-03
0.96912	1.26903e-02
0.95578	1.16311e-02
0.94988	8.47102e-03
0.94045	1.25986e-02
0.91755	1.69057e-02
0.90519	1.65057e-02
0.89552	1.58831e-02
0.88350	2.43332e-02
0.86343	3.07403e-02
0.84137	1.44355e-02
0.81963	3.37143e-02
0.79871	3.59201e-02
0.78999	4.31710e-02
0.75332	2.51558e-02
0.76311	4.86297e-02
0.74889	3.94524e-02
0.72338	2.43851e-02
0.69104	2.58464e-02
0.69197	5.14728e-02
0.66877	4.26143e-02
0.64579	5.17564e-02
0.63504	6.28986e-02
0.61771	5.22011e-02
0.58477	4.08187e-02
0.56849	1.93811e-02
0.55665	4.56048e-02
0.53916	4.34117e-02
0.49238	2.85475e-02
0.49059	7.25180e-02
0.44885	7.82721e-02
0.44286	7.24726e-02
0.37843	6.80555e-02
0.29821	1.05621e-01
0.27413	1.17858e-01
0.22153	1.34276e-01
0.28356	7.91511e-02
0.24268	8.07817e-02
0.22913	8.25309e-02
0.19702	8.45681e-02
0.19325	7.89786e-02
0.13477	7.30145e-02
0.14750	6.40598e-02
0.15081	5.62851e-02
0.11476	4.65138e-02
0.14551	8.45956e-02
0.13717	3.56854e-02
0.12268	4.08248e-02
0.10699	5.99860e-02
0.13241	6.10271e-02
0.10016	4.63238e-02
0.11179	5.03034e-02
0.13514	5.81196e-02
0.11022	4.06081e-02
0.11758	3.51697e-02
0.11563	6.11995e-02
0.14348	6.00497e-02
0.10693	5.29762e-02
0.13073	2.64386e-02
0.10329	4.64430e-02
0.07971	4.44730e-02
0.12969	2.69534e-02
0.12499	4.47897e-02
0.07011	4.10820e-02
0.09787	3.23181e-02
0.09003	5.04768e-02
0.11172	8.21743e-02
0.09368	4.70637e-02
0.11883	6.63554e-02
0.07279	4.62794e-02
0.14102	4.31383e-02
0.08868	4.26251e-02
0.09067	3.67443e-02
0.08163	3.53622e-02
0.10382	3.84620e-02
0.07008	3.81474e-02
0.09685	4.03742e-02
0.09949	1.38950e-02
0.10410	4.89865e-02
0.06276	2.99647e-02
0.09166	3.54770e-02
0.08583	6.24641e-02
0.10840	5.23681e-02
0.05969	3.41275e-02
0.07941	3.46055e-02
0.09045	3.26715e-02
0.09849	5.33902e-02
0.08226	5.25900e-02
0.09754	3.75964e-02
0.08533	5.14280e-02
0.09075	4.85493e-02
0.10163	3.81557e-02
0.11030	2.01499e-02
0.08245	4.43111e-02
0.09316	4.94511e-02
0.08220	4.74610e-02
0.10386	4.01343e-02
0.13890	5.88583e-02
0.08197	3.88960e-02
