0.16563	7.74151e-02
0.11712	4.85118e-02
0.13750	4.91469e-02
0.12694	8.37658e-02
0.12372	6.55078e-02
0.11618	6.44616e-02
0.11814	6.31458e-02
0.15502	5.95374e-02
0.12598	6.95685e-02
0.11416	6.06954e-02
0.15735	4.64943e-02
0.09801	3.85244e-02
0.10976	5.36378e-02
0.11761	6.81260e-02
0.13654	7.48016e-02
0.11324	5.85036e-02
0.13940	7.09015e-02
0.12105	4.67899e-02
0.13653	5.20829e-02
0.12929	4.99687e-02
0.16483	5.70853e-02
0.14270	5.68928e-02
0.11348	7.25452e-02
0.10502	7.10334e-02
0.11350	6.31909e-02
0.10880	6.83283e-02
0.10510	5.36264e-02
0.11358	6.23255e-02
0.07744	3.25531e-02
0.11725	5.78182e-02
0.14924	5.77543e-02
0.13177	6.94794e-02
0.11782	4.55106e-02
0.11351	5.18013e-02
0.12924	5.00643e-02
0.10634	5.33173e-02
0.11722	5.67718e-02
0.10373	6.06652e-02
0.09016	6.63749e-02
0.11429	7.54857e-02
0.11576	4.10847e-02
0.10531	4.58667e-02
0.08870	4.24215e-02
0.14012	7.72598e-02
0.07541	4.97522e-02
0.05975	3.14655e-02
0.09511	5.01776e-02
0.10080	5.08099e-02
0.09197	6.17324e-02
0.07866	3.81204e-02
0.08283	3.08080e-02
0.11270	4.05640e-02
0.09332	3.16214e-02
0.09714	5.51098e-02
0.08209	3.86526e-02
0.10410	4.53901e-02
0.10352	5.33094e-02
0.11212	3.16210e-02
0.09384	4.93820e-02
0.09124	4.54052e-02
0.07961	4.89064e-02
0.14677	8.07428e-02
0.10055	5.56932e-02
0.11014	3.50250e-02
0.12262	6.22626e-02
0.10518	3.68878e-02
0.10639	4.12238e-02
0.09497	5.23398e-02
0.12197	5.17653e-02
0.13763	5.55782e-02
0.10629	3.54283e-02
0.10154	5.05967e-02
0.13026	5.61456e-02
0.09267	4.08859e-02
0.08168	2.81304e-02
0.07502	4.36021e-02
0.09407	4.95429e-02
0.10255	7.03946e-02
0.10802	3.88843e-02
0.07362	2.34419e-02
0.10115	3.82387e-02
0.10189	6.01640e-02
0.11533	5.07514e-02
0.09871	4.41037e-02
0.11464	3.54099e-02
0.07010	3.24706e-02
0.05929	2.41802e-02
0.11369	6.94888e-02
0.12089	3.59535e-02
0.09846	3.96396e-02
0.08868	4.78727e-02
0.11614	4.74431e-02
0.10036	4.30976e-02
0.08154	5.46938e-02
0.08072	5.34188e-02
0.11154	4.52545e-02
0.08170	4.55897e-02
0.11497	7.44780e-02
0.10456	7.27264e-02
0.11931	6.46381e-02
0.13532	6.60097e-02
0.13060	7.14951e-02
0.12138	7.47338e-02
0.11295	8.03707e-02
0.13663	7.98451e-02
0.11912	8.87577e-02
0.12803	8.24097e-02
0.11941	7.72237e-02
0.13730	6.99723e-02
0.12987	6.57741e-02
0.13864	6.94338e-02
0.14721	6.31543e-02
0.13452	3.62302e-02
0.13565	3.63695e-02
0.14560	3.45643e-02
0.14516	3.48825e-02
0.14637	3.56163e-02
0.13602	3.30558e-02
0.12455	5.20750e-02
0.14061	7.35691e-02
0.13518	7.94201e-02
0.13518	7.94201e-02
0.13531	7.96267e-02
0.11816	8.50238e-02
0.13209	8.28448e-02
0.12674	8.32848e-02
0.14399	7.60894e-02
0.13536	7.51629e-02
0.14515	4.10344e-02
0.14965	3.52479e-02
0.14056	5.33216e-02
0.15243	4.20713e-02
0.14842	4.62101e-02
0.12247	4.74980e-02
0.11741	5.17950e-02
0.10984	3.27225e-02
0.10103	3.36859e-02
0.10493	3.99117e-02
0.10094	5.80343e-02
0.10094	5.80343e-02
0.10961	6.55135e-02
0.12724	6.45790e-02
0.11511	5.76432e-02
0.09326	4.95572e-02
0.10798	6.12913e-02
0.13587	5.86693e-02
0.15041	6.94465e-02
0.15355	6.84669e-02
0.15480	7.18511e-02
0.11317	5.83397e-02
0.11627	5.69756e-02
0.11947	5.27374e-02
0.11097	5.59709e-02
0.12678	6.18135e-02
0.12503	6.05830e-02
0.13515	5.15748e-02
0.12752	5.92553e-02
0.12460	5.64453e-02
0.10481	5.47677e-02
0.12706	5.54912e-02
0.09605	6.14913e-02
0.09605	6.14913e-02
0.10752	5.76791e-02
0.10626	5.94428e-02
0.09948	5.49266e-02
0.11782	4.80489e-02
0.12879	4.47559e-02
0.12251	4.81644e-02
0.11742	4.73428e-02
0.12562	5.63057e-02
0.14336	5.90883e-02
0.13894	5.78046e-02
0.13894	5.78046e-02
0.13172	6.42187e-02
0.12691	6.54209e-02
0.12691	6.54209e-02
0.12344	6.36238e-02
0.09558	3.28900e-02
0.09054	3.07010e-02
0.09597	3.60363e-02
0.09597	3.60363e-02
0.10931	3.12518e-02
0.12061	3.66651e-02
0.11106	3.12665e-02
0.11106	3.12665e-02
0.12034	3.90004e-02
0.12165	5.19711e-02
0.13991	5.53235e-02
0.14232	4.84590e-02
0.14703	4.06126e-02
0.13762	4.17793e-02
0.13744	5.64771e-02
0.12242	5.02966e-02
0.12362	4.94889e-02
0.13073	5.18769e-02
0.12479	6.63498e-02
0.13278	6.04974e-02
0.13458	6.34930e-02
0.15696	6.53754e-02
0.15652	6.48118e-02
0.16529	6.49700e-02
0.16648	6.37269e-02
0.14698	7.51192e-02
0.15236	7.31108e-02
0.13672	8.59801e-02
0.10815	6.22226e-02
0.10721	6.19309e-02
0.10721	6.19309e-02
0.10721	6.19309e-02
0.10043	6.25642e-02
0.10468	6.82016e-02
0.09401	5.90739e-02
0.10308	5.08222e-02
0.08578	5.69597e-02
0.08582	5.73623e-02
0.08704	5.69763e-02
0.07705	5.63091e-02
0.11191	6.30669e-02
0.12770	6.57134e-02
0.12371	7.30253e-02
0.13638	7.49715e-02
0.13168	5.39896e-02
0.11108	3.42065e-02
0.10920	3.18154e-02
0.12043	6.18569e-02
0.12401	6.21423e-02
0.09690	3.82911e-02
0.09859	4.51610e-02
0.09688	3.67435e-02
0.09015	4.34870e-02
0.11142	4.51125e-02
0.12514	5.30225e-02
0.11691	5.96973e-02
0.11256	5.49339e-02
0.10713	5.10862e-02
0.10679	5.14020e-02
0.09684	4.42470e-02
0.09684	4.42470e-02
0.10828	4.75380e-02
0.09638	5.29330e-02
0.11168	6.49061e-02
0.12005	6.11500e-02
0.14376	5.09227e-02
0.11348	5.51237e-02
0.11991	5.53547e-02
0.10865	5.67414e-02
0.10529	5.15916e-02
0.12705	6.25627e-02
0.15342	7.87534e-02
0.14172	8.08382e-02
0.14873	7.66550e-02
0.14110	6.87486e-02
0.13382	7.03412e-02
0.12183	3.22249e-02
0.13261	3.56936e-02
0.13508	6.20171e-02
0.13258	6.13703e-02
0.12990	5.36369e-02
0.14547	5.69933e-02
0.16515	7.34979e-02
0.16515	7.34979e-02
0.15782	7.91004e-02
0.15202	8.33328e-02
0.15053	8.52904e-02
0.13723	6.80357e-02
0.12403	7.43711e-02
0.12168	6.01799e-02
0.13444	6.55147e-02
0.11878	6.07622e-02
0.11396	7.19037e-02
0.11144	7.23932e-02
0.11639	5.82574e-02
0.14181	6.39394e-02
0.13342	5.14166e-02
0.13010	4.85665e-02
0.13882	4.50434e-02
0.12636	3.09745e-02
0.13535	3.63646e-02
0.14045	4.35065e-02
0.12293	4.91822e-02
0.11601	5.40870e-02
0.10828	4.83851e-02
0.10384	5.08083e-02
0.09778	4.81531e-02
0.08789	4.94673e-02
0.09215	5.26354e-02
0.08773	4.23206e-02
0.08814	4.69639e-02
0.09506	5.18894e-02
0.10602	4.45867e-02
0.11236	5.44463e-02
0.12602	5.80429e-02
0.14572	5.53994e-02
0.13959	5.60951e-02
0.12960	4.71800e-02
0.13356	6.69621e-02
0.13204	5.60924e-02
0.13407	5.72717e-02
0.13491	6.51273e-02
0.11541	8.17301e-02
0.11248	5.99600e-02
0.13377	6.72667e-02
0.13339	6.58676e-02
0.11440	6.10862e-02
0.11340	6.69547e-02
0.10663	6.68005e-02
0.11975	5.96671e-02
0.07776	3.19742e-02
0.14538	7.57644e-02
0.13386	9.24716e-02
0.13386	9.24716e-02
0.13428	9.27018e-02
0.14542	9.44988e-02
0.12930	7.39471e-02
0.11121	7.09988e-02
0.09527	6.55569e-02
0.11153	6.51661e-02
0.12226	6.85644e-02
0.13039	6.41208e-02
0.13029	6.39808e-02
0.13901	5.29647e-02
0.13497	4.76141e-02
0.11972	4.69003e-02
0.11541	4.58487e-02
0.11541	4.58487e-02
0.12894	4.22866e-02
0.13937	5.48887e-02
0.13436	6.11899e-02
0.13256	6.28985e-02
0.13806	5.71323e-02
0.12101	4.72174e-02
0.14349	4.52501e-02
0.13781	4.07117e-02
0.12581	4.92910e-02
0.13117	5.39829e-02
0.15429	7.49123e-02
0.16659	1.03348e-01
0.16784	1.08843e-01
0.16464	1.10470e-01
0.15525	7.54988e-02
0.17310	6.56046e-02
0.17347	6.51592e-02
0.17316	7.93070e-02
0.15785	9.23683e-02
0.15728	9.45134e-02
0.15056	1.01169e-01
0.12300	6.11239e-02
0.12300	6.11239e-02
0.12732	6.46821e-02
0.12460	5.93246e-02
0.14220	7.13590e-02
0.14801	6.39622e-02
0.15130	6.22392e-02
0.16199	6.71913e-02
0.15601	7.23956e-02
0.16492	6.29205e-02
0.15907	6.07776e-02
0.16087	5.67878e-02
0.14016	5.72365e-02
0.17966	7.72787e-02
0.14913	6.62081e-02
0.14251	7.19256e-02
0.13512	6.25693e-02
0.14113	5.29690e-02
0.13642	4.00574e-02
0.13054	3.93083e-02
0.17600	7.70346e-02
0.17871	7.49100e-02
0.15722	6.09868e-02
0.14777	6.38346e-02
0.11180	2.47093e-02
0.11676	3.30541e-02
0.11488	4.12138e-02
0.13409	3.64013e-02
0.14171	5.36796e-02
0.16515	6.18190e-02
0.17195	5.95972e-02
0.16336	2.92519e-02
0.15895	2.93641e-02
0.15895	2.93641e-02
0.15382	6.52767e-02
0.12005	6.19774e-02
0.10703	6.63410e-02
0.12665	8.65814e-02
0.08905	3.14081e-02
0.09203	3.63662e-02
0.09203	3.63662e-02
0.11500	5.87094e-02
0.11290	6.05364e-02
0.12094	3.76233e-02
0.13510	2.17916e-02
0.10098	5.26752e-02
0.14502	5.35987e-02
0.14502	5.35987e-02
0.14502	5.35987e-02
0.15133	4.41404e-02
0.13609	5.98405e-02
0.11481	6.19958e-02
0.12568	3.98006e-02
0.08947	1.27945e-02
0.08947	1.27945e-02
0.08834	1.31137e-02
0.08206	1.13174e-02
0.07556	5.62888e-03
0.07556	5.62888e-03
0.07556	5.62888e-03
0.07556	5.62888e-03
0.12782	7.91810e-02
0.12782	7.91810e-02
0.11326	8.94737e-02
0.11326	8.94737e-02
0.06484	2.58716e-02
0.09229	0.00000e+00
0.10536	0.00000e+00
0.03475	0.00000e+00
