0.32178	1.34750e-01
0.34481	1.79859e-01
0.30122	1.34348e-01
0.29276	1.19834e-01
0.27320	1.68724e-01
0.23296	7.42655e-02
0.27960	1.48290e-01
0.22899	1.07324e-01
0.20474	9.79291e-02
0.22678	1.31101e-01
0.17945	1.14601e-01
0.20535	1.01181e-01
0.16647	7.52220e-02
0.20763	7.34227e-02
0.18336	9.10375e-02
0.16919	5.69275e-02
0.22384	1.03136e-01
0.17471	6.46726e-02
0.21250	1.09418e-01
0.17896	9.30610e-02
0.16169	5.81248e-02
0.15414	5.22797e-02
0.14647	7.87965e-02
0.16967	7.84044e-02
0.21959	1.06880e-01
0.16615	1.10356e-01
0.20873	9.32829e-02
0.17564	9.33104e-02
0.12983	6.66333e-02
0.12512	5.85202e-02
0.17467	7.19277e-02
0.16122	7.80965e-02
0.20682	7.74838e-02
0.18871	6.30938e-02
0.20891	7.94984e-02
0.11906	7.81911e-02
0.13974	5.84641e-02
0.15992	7.48542e-02
0.12082	6.53828e-02
0.14833	9.00503e-02
0.13338	5.47779e-02
0.12902	6.65710e-02
0.16901	7.04177e-02
0.16697	5.69866e-02
0.16708	7.62036e-02
0.13360	4.44404e-02
0.11388	4.41676e-02
0.13871	8.24411e-02
0.11027	6.34350e-02
0.10969	3.76134e-02
0.17113	5.41401e-02
0.11189	4.81197e-02
0.15690	8.85558e-02
0.12413	7.01205e-02
0.13726	7.47282e-02
0.15376	8.00751e-02
0.16618	7.76933e-02
0.12714	8.11517e-02
0.13518	5.97394e-02
0.16265	8.56313e-02
0.12270	4.76915e-02
0.09611	6.06639e-02
0.12958	5.66088e-02
0.11146	6.02484e-02
0.16440	8.64624e-02
0.17945	6.68903e-02
0.16263	5.90613e-02
0.14560	6.88178e-02
0.14030	5.44671e-02
0.18915	7.68207e-02
0.13623	6.83698e-02
0.15915	8.27871e-02
0.14622	7.29875e-02
0.12811	5.65114e-02
0.15000	6.31636e-02
0.12483	5.27872e-02
0.10927	6.30114e-02
0.10291	5.01787e-02
0.13878	4.34605e-02
0.11895	4.91341e-02
0.14932	6.47605e-02
0.09369	3.32715e-02
0.12093	6.31082e-02
0.16438	7.05087e-02
0.13478	8.20121e-02
0.07266	3.89895e-02
0.12390	4.58824e-02
0.10356	5.54078e-02
0.10929	7.20381e-02
0.11300	3.87791e-02
0.09891	4.91807e-02
0.12565	7.74711e-02
0.11004	4.27935e-02
0.09974	6.13322e-02
0.12753	5.81718e-02
0.11705	4.66149e-02
0.13437	3.68109e-02
0.09549	6.25556e-02
0.12214	5.04938e-02
0.14076	6.26370e-02
0.12010	6.21344e-02
0.12283	5.99533e-02
0.13781	6.91777e-02
0.11455	5.02916e-02
0.12588	7.01728e-02
0.12403	5.48169e-02
0.12667	5.48614e-02
0.13001	4.83666e-02
0.14182	4.39771e-02
0.14714	4.96178e-02
0.13028	5.41027e-02
0.13554	6.49371e-02
0.12931	6.16120e-02
0.11885	5.34995e-02
0.10655	3.63081e-02
0.11989	6.43856e-02
0.14844	6.50550e-02
0.14844	6.50550e-02
0.14647	5.61026e-02
0.13714	4.86827e-02
0.14668	3.76728e-02
0.13590	3.87860e-02
0.13792	3.33229e-02
0.12386	3.43729e-02
0.10812	4.72507e-02
0.11594	5.43373e-02
0.10808	5.67371e-02
0.11071	5.48654e-02
0.09440	4.98755e-02
0.11256	5.22453e-02
0.12247	6.19584e-02
0.12028	4.94942e-02
0.12057	4.97746e-02
0.10283	5.99271e-02
0.08325	6.06823e-02
0.10400	8.39337e-02
0.11651	8.55407e-02
0.11060	8.73502e-02
0.11678	8.41752e-02
0.12680	7.88382e-02
0.12004	7.60754e-02
0.10831	7.51261e-02
0.11187	7.90264e-02
0.09034	5.55717e-02
0.09034	5.55717e-02
0.12960	9.14378e-02
0.14363	9.91634e-02
0.17374	1.03930e-01
0.16344	1.08576e-01
0.16901	9.42316e-02
0.16471	9.45594e-02
0.13905	6.22277e-02
0.14473	6.35072e-02
0.15148	7.55977e-02
0.14991	5.52906e-02
0.13981	5.64584e-02
0.15348	6.93660e-02
0.14850	7.17762e-02
0.15461	9.09811e-02
0.15536	9.22753e-02
0.15256	8.45708e-02
0.17723	9.06140e-02
0.16910	8.73955e-02
0.15496	9.73352e-02
0.16030	1.05923e-01
0.14526	1.12923e-01
0.18118	1.09030e-01
0.18792	9.72767e-02
0.18929	9.80209e-02
0.21062	1.19480e-01
0.18590	1.06039e-01
0.16261	9.92773e-02
0.17350	8.67514e-02
0.17849	8.91267e-02
0.18436	8.57781e-02
0.15148	8.10556e-02
0.13486	7.93235e-02
0.15450	9.77863e-02
0.20323	1.04475e-01
0.21353	9.16182e-02
0.20823	7.00540e-02
0.20126	7.05426e-02
0.20126	7.05426e-02
0.21986	6.13514e-02
0.21642	5.50866e-02
0.22406	5.90280e-02
0.21685	5.72586e-02
0.18852	7.73796e-02
0.20605	7.15993e-02
0.20786	6.85317e-02
0.19050	6.29497e-02
0.19256	7.14766e-02
0.17227	5.94176e-02
0.17227	5.94176e-02
0.14232	8.00963e-02
0.18629	7.73183e-02
0.19344	7.98484e-02
0.19350	7.59232e-02
0.20592	6.40277e-02
0.22187	8.51454e-02
0.17826	7.47781e-02
0.15615	5.07009e-02
0.15182	5.16652e-02
0.15851	6.19439e-02
0.17072	5.88556e-02
0.17674	7.88110e-02
0.18570	9.05689e-02
0.19203	8.73921e-02
0.18333	8.74325e-02
0.16435	9.18499e-02
0.17469	9.57006e-02
0.18444	8.89014e-02
0.18998	9.08285e-02
0.19364	8.44975e-02
0.20251	8.36056e-02
0.22549	6.77417e-02
0.21449	8.45662e-02
0.22040	8.98150e-02
0.18988	7.58985e-02
0.19105	7.98096e-02
0.18180	5.63965e-02
0.20774	6.92200e-02
0.21892	7.78826e-02
0.21892	7.78826e-02
0.22329	8.44026e-02
0.21058	8.17547e-02
0.20997	8.21354e-02
0.23130	8.80249e-02
0.22579	8.51933e-02
0.22664	9.08344e-02
0.23458	9.28948e-02
0.24951	1.06268e-01
0.26214	1.22897e-01
0.22046	9.07148e-02
0.22046	9.07148e-02
0.22771	7.45460e-02
0.23851	9.23219e-02
0.21485	1.25573e-01
0.21683	8.80427e-02
0.21345	9.28017e-02
0.20358	1.04451e-01
0.20358	1.04451e-01
0.23893	1.12515e-01
0.22290	1.16158e-01
0.23007	1.12023e-01
0.24686	9.84244e-02
0.22097	1.04627e-01
0.21729	1.03356e-01
0.21729	1.03356e-01
0.21729	1.03356e-01
0.18688	7.74904e-02
0.18688	7.74904e-02
0.19745	9.45317e-02
0.20962	9.13974e-02
0.19451	1.06943e-01
0.15637	7.86165e-02
0.15637	7.86165e-02
0.15271	7.62571e-02
0.20651	7.85175e-02
0.23622	1.00343e-01
0.23622	1.00343e-01
0.22360	1.21849e-01
0.23415	1.44133e-01
0.20919	1.37378e-01
0.19289	1.30119e-01
0.21180	1.31110e-01
0.17691	1.28006e-01
0.19331	1.24977e-01
0.18965	1.25490e-01
0.18060	1.31170e-01
0.18542	1.26469e-01
0.19437	1.20221e-01
0.19596	1.17671e-01
0.19052	8.53987e-02
0.16497	7.39422e-02
0.19024	6.59246e-02
0.13969	8.00460e-02
0.16889	9.14687e-02
0.16889	9.14687e-02
0.16889	9.14687e-02
0.17628	9.43660e-02
0.14427	9.21361e-02
0.14108	5.65157e-02
0.15742	6.67370e-02
0.17216	1.02282e-01
0.19488	9.36595e-02
0.20755	1.02282e-01
0.18180	6.91676e-02
0.17401	5.85194e-02
0.19434	9.81981e-02
0.19716	9.81492e-02
0.20556	9.68112e-02
0.24910	1.14444e-01
0.24024	1.24665e-01
0.21199	9.62490e-02
0.20279	1.09063e-01
0.20722	1.10514e-01
0.20788	1.16235e-01
0.19697	1.14679e-01
0.22283	9.93338e-02
0.21807	1.02775e-01
0.23193	8.65458e-02
0.23986	9.12344e-02
0.22256	8.92403e-02
0.22140	1.00660e-01
0.20597	7.99766e-02
0.20545	9.72025e-02
0.20703	1.09613e-01
0.20436	1.11366e-01
0.20855	1.26316e-01
0.20858	1.35154e-01
0.25264	1.22368e-01
0.25264	1.22368e-01
0.26588	1.13048e-01
0.27691	1.25911e-01
0.28151	1.36818e-01
0.24335	1.76041e-01
0.27196	1.62025e-01
0.27878	1.54261e-01
0.28576	1.48263e-01
0.26767	1.52573e-01
0.25835	1.43997e-01
0.24980	1.49228e-01
0.26127	1.52804e-01
0.26427	1.50168e-01
0.24625	1.40257e-01
0.24413	1.33429e-01
0.25006	1.30135e-01
0.23556	7.04657e-02
0.21013	9.82099e-02
0.24349	1.09037e-01
0.25840	1.04825e-01
0.28299	1.08374e-01
0.31164	1.24426e-01
0.21900	1.51442e-01
0.21475	1.53945e-01
0.24700	1.42419e-01
0.19779	1.05557e-01
0.19290	8.68385e-02
0.24393	1.56318e-01
0.22604	1.25940e-01
0.23656	1.32743e-01
0.24374	1.26127e-01
0.22592	1.14911e-01
0.24078	1.37550e-01
0.24154	1.37066e-01
0.27906	1.31066e-01
0.29385	1.57687e-01
0.29794	1.55957e-01
0.25833	1.54858e-01
0.30729	1.58014e-01
0.30770	1.37988e-01
0.26537	1.27193e-01
0.23461	1.03037e-01
0.24363	8.36529e-02
0.24028	1.05342e-01
0.24093	1.04499e-01
0.29299	9.13715e-02
0.26072	8.72985e-02
0.25242	8.18932e-02
0.29646	1.19784e-01
0.27093	9.14721e-02
0.27388	1.02156e-01
0.30626	8.95329e-02
0.24040	1.00373e-01
0.24874	8.54557e-02
0.28180	6.72512e-02
0.26730	5.80085e-02
0.30771	6.74461e-02
0.30771	6.74461e-02
0.33929	7.80743e-02
0.27412	3.56877e-02
0.31507	6.80057e-02
0.26009	1.13556e-01
0.24055	1.17405e-01
0.28495	1.31466e-01
0.28495	1.31466e-01
0.31434	1.40343e-01
0.31434	1.40343e-01
0.30834	1.31048e-01
0.30913	1.31087e-01
0.31114	1.31191e-01
0.24617	1.54252e-01
0.35151	9.75408e-02
0.35810	1.04596e-01
0.31118	1.06906e-01
0.31118	1.06906e-01
0.29123	1.00070e-01
0.29010	1.17146e-01
0.29010	1.17146e-01
0.26534	3.26371e-02
0.26534	3.26371e-02
0.44362	8.03550e-02
0.40330	9.97402e-02
0.35706	9.47496e-02
0.37269	1.41109e-01
0.35669	1.42223e-01
0.35669	1.42223e-01
0.35669	1.42223e-01
0.35512	1.27686e-01
0.33572	1.37345e-01
0.38955	1.87710e-01
0.44630	1.33270e-01
0.38856	8.18760e-02
0.38856	8.18760e-02
0.38856	8.18760e-02
0.35138	1.03330e-01
0.33326	1.23425e-01
0.25981	1.26470e-01
0.32067	1.29382e-01
0.32927	1.19350e-01
0.32530	1.15336e-01
0.30967	1.02546e-01
0.31578	1.62811e-01
0.36034	1.74971e-01
0.36034	1.74971e-01
0.36034	1.74971e-01
0.36034	1.74971e-01
0.41813	1.31329e-01
0.40303	1.27539e-01
0.39975	1.47123e-01
0.39975	1.47123e-01
0.37836	1.73550e-01
0.32055	1.14552e-01
0.32055	1.14552e-01
0.32055	1.14552e-01
0.36223	1.55027e-01
0.28859	1.04489e-01
0.32852	6.45557e-02
0.32852	6.45557e-02
0.29368	2.97170e-02
0.26397	0.00000e+00
0.26397	0.00000e+00
0.26397	0.00000e+00
0.26397	0.00000e+00
0.26397	0.00000e+00
0.26397	0.00000e+00
0.26397	0.00000e+00
0.26397	0.00000e+00
0.26397	0.00000e+00
0.26397	0.00000e+00
0.26397	0.00000e+00
0.26397	0.00000e+00
0.26397	0.00000e+00
0.26397	0.00000e+00
0.26397	0.00000e+00
0.26397	0.00000e+00
0.26397	0.00000e+00
0.26397	0.00000e+00
0.17105	0.00000e+00
0.17105	0.00000e+00
0.26974	0.00000e+00
0.26974	0.00000e+00
0.26974	0.00000e+00
0.26974	0.00000e+00
0.26974	0.00000e+00
0.26974	0.00000e+00
0.26974	0.00000e+00
0.16808	0.00000e+00
0.16808	0.00000e+00
0.16808	0.00000e+00
0.04406	0.00000e+00
0.04406	0.00000e+00
0.04406	0.00000e+00
0.04406	0.00000e+00
0.29131	0.00000e+00
