0.94905	6.28793e-02
0.96404	1.01521e-02
0.94389	1.31837e-02
0.93609	1.64833e-02
0.93478	1.68681e-02
0.92411	1.80097e-02
0.91588	1.48718e-02
0.89786	1.68053e-02
0.89393	3.09485e-02
0.89596	2.96421e-02
0.88169	3.32971e-02
0.86416	4.61901e-02
0.84016	4.55036e-02
0.84267	3.01955e-02
0.81750	2.24415e-02
0.83249	5.06731e-02
0.78878	3.68241e-02
0.79547	4.97466e-02
0.77994	5.37524e-02
0.76811	3.21907e-02
0.76744	4.93215e-02
0.74372	5.02452e-02
0.71204	7.34685e-02
0.73574	4.65205e-02
0.69542	6.54879e-02
0.71439	6.41408e-02
0.66962	6.25763e-02
0.69278	7.24896e-02
0.64656	7.26192e-02
0.63162	9.82655e-02
0.64519	5.28047e-02
0.61615	8.45015e-02
0.61192	1.00342e-01
0.58929	4.65760e-02
0.58820	1.21301e-01
0.58857	9.67832e-02
0.59514	1.05815e-01
0.57378	1.23149e-01
0.56152	1.16638e-01
0.55638	1.17742e-01
0.53746	1.07958e-01
0.54064	1.12676e-01
0.54582	1.01042e-01
0.53040	1.10103e-01
0.51677	1.27839e-01
0.54291	8.37142e-02
0.52142	9.83987e-02
0.56796	8.36979e-02
0.52401	7.95084e-02
0.53992	1.03623e-01
0.53322	1.01474e-01
0.49622	1.24281e-01
0.49268	1.36891e-01
0.50884	1.55136e-01
0.47739	1.46840e-01
0.47868	1.07017e-01
0.50601	1.03802e-01
0.50516	5.74838e-02
0.49780	8.92479e-02
0.50344	8.53616e-02
0.50658	6.43180e-02
0.45517	1.28286e-01
0.49527	8.91928e-02
0.49107	1.04807e-01
0.46659	1.54695e-01
0.45974	1.20805e-01
0.46074	1.64041e-01
0.45063	1.29281e-01
0.49852	1.47633e-01
0.50235	8.90474e-02
0.50162	7.91127e-02
0.52388	9.62427e-02
0.45972	1.20664e-01
0.46821	1.17631e-01
0.45107	1.51830e-01
0.51479	1.08054e-01
0.49186	1.15229e-01
0.46843	1.20670e-01
0.46706	1.15912e-01
0.47898	8.15978e-02
0.43240	1.05031e-01
0.43437	9.74482e-02
0.43671	8.50353e-02
0.39080	1.14287e-01
0.40895	1.35403e-01
0.39405	1.14984e-01
0.36867	1.45121e-01
0.35559	1.23782e-01
0.36529	1.25271e-01
0.36399	1.21110e-01
0.30879	1.44201e-01
0.31684	1.58719e-01
0.38819	1.04347e-01
0.34783	1.44729e-01
0.28777	1.43784e-01
0.33195	8.79307e-02
0.31495	1.53141e-01
0.29311	1.55722e-01
0.29922	1.10140e-01
0.32213	1.36050e-01
0.33099	1.39253e-01
0.35173	1.36913e-01
0.36188	1.41552e-01
0.35657	1.34194e-01
0.34212	1.33592e-01
0.35898	1.36655e-01
0.36146	1.40399e-01
0.43931	1.21076e-01
0.43789	1.24291e-01
0.43042	1.31938e-01
0.42513	1.07684e-01
0.43794	1.04652e-01
0.48195	1.23233e-01
0.49975	1.15679e-01
0.50742	1.22160e-01
0.50742	1.22160e-01
0.51238	9.65209e-02
0.51446	9.90487e-02
0.52730	1.21733e-01
0.54119	1.20030e-01
0.54493	1.19271e-01
0.50795	1.61698e-01
0.50677	1.60578e-01
0.50677	1.60578e-01
0.51408	1.56059e-01
0.51675	1.59402e-01
0.51288	1.56128e-01
0.55884	1.57946e-01
0.57805	1.66530e-01
0.59001	1.51505e-01
0.62555	9.41758e-02
0.63872	1.04154e-01
0.64413	1.05993e-01
0.62161	1.05663e-01
0.62391	9.75892e-02
0.62338	1.08828e-01
0.62011	1.16748e-01
0.63064	1.16278e-01
0.63540	1.12816e-01
0.65650	9.07016e-02
0.66680	9.25394e-02
0.66072	1.14994e-01
0.66181	1.12006e-01
0.67177	1.08835e-01
0.66498	1.10210e-01
0.67509	9.07653e-02
0.68261	9.69569e-02
0.67477	9.65944e-02
0.67018	1.07240e-01
0.67883	1.10937e-01
0.68898	1.07132e-01
0.68921	1.07391e-01
0.68550	1.05879e-01
0.68732	1.05652e-01
0.70308	1.06274e-01
0.71438	1.06588e-01
0.71931	1.09394e-01
0.71806	1.04167e-01
0.71419	1.02663e-01
0.70899	1.00843e-01
0.70929	1.00930e-01
0.73088	8.50580e-02
0.75158	4.34935e-02
0.74631	4.45399e-02
0.74843	4.19439e-02
0.74805	4.03005e-02
0.74374	3.65271e-02
0.73757	5.48649e-02
0.73665	5.07753e-02
0.73927	5.15531e-02
0.73889	5.20677e-02
0.75617	5.80933e-02
0.76094	6.06181e-02
0.76504	5.03063e-02
0.76659	4.90850e-02
0.76580	4.97043e-02
0.77472	5.02559e-02
0.78770	4.81600e-02
0.77786	4.86051e-02
0.77573	5.08238e-02
0.77367	5.04760e-02
0.77830	4.96530e-02
0.77830	4.96530e-02
0.78864	5.06358e-02
0.78732	5.00244e-02
0.78302	7.64376e-02
0.78540	7.96678e-02
0.80355	4.23811e-02
0.80087	4.02778e-02
0.79962	4.84656e-02
0.80444	5.11739e-02
0.81013	5.61142e-02
0.80971	5.52576e-02
0.81483	5.07104e-02
0.81651	4.70123e-02
0.81929	4.79460e-02
0.81530	5.35973e-02
0.81526	5.30183e-02
0.81830	5.22624e-02
0.81540	5.23880e-02
0.82497	5.57389e-02
0.82346	5.55543e-02
0.82346	5.55543e-02
0.81790	5.62505e-02
0.81763	5.55466e-02
0.81905	5.66688e-02
0.82691	5.86914e-02
0.82983	5.76357e-02
0.83731	3.96314e-02
0.84294	3.97386e-02
0.83871	3.80055e-02
0.84010	3.74168e-02
0.83845	3.79698e-02
0.83747	3.64612e-02
0.83908	3.49882e-02
0.84466	3.74454e-02
0.84466	3.74454e-02
0.83953	3.61690e-02
0.84356	3.98678e-02
0.84557	4.29379e-02
0.84698	4.32467e-02
0.85122	3.98512e-02
0.85214	4.21895e-02
0.85744	4.60725e-02
0.85569	5.42451e-02
0.86037	4.24008e-02
0.85802	4.29556e-02
0.86111	4.27694e-02
0.85892	4.29018e-02
0.86156	3.90760e-02
0.86641	3.97479e-02
0.86644	4.22593e-02
0.86524	4.18742e-02
0.86666	4.06701e-02
0.86456	4.48076e-02
0.87188	4.42813e-02
0.86764	4.29007e-02
0.86848	4.51036e-02
0.87394	4.25803e-02
0.87394	4.25803e-02
0.87233	4.21518e-02
0.87635	4.61855e-02
0.87974	3.83078e-02
0.87836	3.95038e-02
0.87930	4.03648e-02
0.88539	3.99000e-02
0.88539	3.99000e-02
0.88187	4.18835e-02
0.87571	4.01940e-02
0.87534	3.67190e-02
0.87943	4.48612e-02
0.87787	4.37321e-02
0.88536	4.51334e-02
0.88604	4.76281e-02
0.88484	4.33783e-02
0.88266	4.21174e-02
0.88394	4.34644e-02
0.88290	4.45695e-02
0.88268	4.44517e-02
0.88819	4.52272e-02
0.88821	4.52401e-02
0.88684	3.77654e-02
0.88479	3.88436e-02
0.88270	3.75148e-02
0.87854	3.39862e-02
0.88060	3.36558e-02
0.88305	3.62848e-02
0.88445	3.73572e-02
0.88445	3.73572e-02
0.88321	3.64465e-02
0.88758	4.28269e-02
0.89075	4.18715e-02
0.89038	4.04974e-02
0.88711	4.15471e-02
0.88848	4.22990e-02
0.89449	4.52862e-02
0.89449	4.52862e-02
0.89163	3.59679e-02
0.89492	3.91512e-02
0.89627	3.81636e-02
0.89891	3.86023e-02
0.89225	3.66274e-02
0.89727	3.49121e-02
0.90176	3.70615e-02
0.90124	3.65991e-02
0.89619	3.52947e-02
0.89778	3.55790e-02
0.90212	3.74827e-02
0.90629	3.77174e-02
0.91051	4.15031e-02
0.90401	4.61887e-02
0.90790	4.63926e-02
0.90844	4.33002e-02
0.89728	3.91017e-02
0.89916	4.11274e-02
0.90268	4.34757e-02
0.90277	4.34175e-02
0.89914	4.22239e-02
0.89914	4.22239e-02
0.90093	3.69880e-02
0.89583	3.61318e-02
0.90100	3.86375e-02
0.90358	4.11313e-02
0.90262	3.92162e-02
0.90321	3.97229e-02
0.90441	3.89354e-02
0.90662	4.11217e-02
0.90613	3.72923e-02
0.90919	3.42373e-02
0.90502	3.69133e-02
0.90720	3.72218e-02
0.90811	3.14588e-02
0.90823	3.15190e-02
0.91143	3.66935e-02
0.91797	3.39439e-02
0.92016	3.51884e-02
0.91789	4.01558e-02
0.91747	4.53865e-02
0.92185	3.61504e-02
0.92237	3.45198e-02
0.91964	3.33145e-02
0.91915	3.38870e-02
0.91188	2.71597e-02
0.91888	2.49841e-02
0.92356	2.96042e-02
0.92398	3.63564e-02
0.92235	3.60494e-02
0.92256	2.87188e-02
0.92115	3.35047e-02
0.92182	3.38933e-02
0.92262	3.44114e-02
0.92390	3.48375e-02
0.92986	3.57783e-02
0.93077	3.63728e-02
0.92820	3.59534e-02
0.93117	3.65806e-02
0.93557	3.95579e-02
0.93332	3.91907e-02
0.93332	3.91907e-02
0.93722	3.99722e-02
0.93672	3.84045e-02
0.93600	3.87852e-02
0.93705	3.78448e-02
0.93567	3.71762e-02
0.93606	3.71087e-02
0.93176	3.60549e-02
0.93945	3.01750e-02
0.93945	3.01750e-02
0.93890	3.18761e-02
0.93840	3.18953e-02
0.94135	3.47401e-02
0.94139	3.47268e-02
0.93959	3.48220e-02
0.94188	3.50112e-02
0.93642	3.52749e-02
0.93356	3.55693e-02
0.93720	3.66208e-02
0.93957	3.47646e-02
0.93948	3.47273e-02
0.93839	3.40676e-02
0.93641	3.32032e-02
0.93643	3.32226e-02
0.93666	3.34836e-02
0.94139	3.55350e-02
0.93969	3.49381e-02
0.93855	3.45548e-02
0.93926	3.46459e-02
0.94239	3.59173e-02
0.94287	3.62824e-02
0.93957	3.53901e-02
0.93636	3.45866e-02
0.93636	3.45872e-02
0.93251	3.45884e-02
0.93784	3.64483e-02
0.94102	2.89854e-02
0.94090	2.88564e-02
0.94254	3.03478e-02
0.93634	2.95736e-02
0.93246	3.70960e-02
0.92740	3.97567e-02
0.92330	2.94091e-02
0.92326	2.93885e-02
0.92326	2.93885e-02
0.92333	2.94247e-02
0.92333	2.94247e-02
0.92996	3.60868e-02
0.92990	3.60207e-02
0.92783	3.56666e-02
0.92783	3.56666e-02
0.92783	3.56666e-02
0.92783	3.56666e-02
0.92783	3.56666e-02
0.92783	3.56666e-02
0.92774	3.55688e-02
0.90707	2.48215e-02
0.90014	3.22686e-02
0.90019	3.23200e-02
0.91046	2.20454e-02
0.91046	2.20454e-02
0.91596	2.75387e-02
0.91596	2.75387e-02
0.92256	3.41399e-02
0.92256	3.41399e-02
0.92256	3.41399e-02
0.92256	3.41399e-02
0.92256	3.41399e-02
0.92256	3.41399e-02
0.92256	3.41399e-02
0.91376	4.29364e-02
0.91376	4.29364e-02
0.91376	4.29364e-02
0.92572	3.16463e-02
0.91719	4.01739e-02
0.93344	3.15946e-02
0.93344	3.15946e-02
0.92714	3.78881e-02
0.92714	3.78881e-02
0.92704	3.77834e-02
0.92704	3.77834e-02
0.92704	3.77834e-02
0.92402	3.47614e-02
0.93849	2.86685e-02
0.93914	2.98929e-02
0.90924	0.00000e+00
0.90924	0.00000e+00
0.90924	0.00000e+00
0.90924	0.00000e+00
0.90924	0.00000e+00
0.90924	0.00000e+00
0.91286	0.00000e+00
0.91286	0.00000e+00
0.91286	0.00000e+00
0.91286	0.00000e+00
0.91281	0.00000e+00
0.91281	0.00000e+00
0.91281	0.00000e+00
0.91281	0.00000e+00
0.91281	0.00000e+00
0.91281	0.00000e+00
0.91281	0.00000e+00
0.91281	0.00000e+00
0.91273	0.00000e+00
0.91273	0.00000e+00
0.91273	0.00000e+00
0.91273	0.00000e+00
0.92969	0.00000e+00
0.92969	0.00000e+00
0.92969	0.00000e+00
0.92969	0.00000e+00
0.95335	0.00000e+00
