0.97838	7.28402e-03
0.97182	9.20835e-03
0.95936	1.40653e-02
0.94926	1.09361e-02
0.94310	1.43611e-02
0.93462	1.28329e-02
0.92558	2.45001e-02
0.91582	2.60491e-02
0.90072	1.71858e-02
0.89371	1.78758e-02
0.89008	2.09610e-02
0.87385	3.59737e-02
0.87237	2.56924e-02
0.86200	3.19050e-02
0.85868	3.31688e-02
0.82411	2.54316e-02
0.82620	5.49497e-02
0.80491	3.71293e-02
0.81564	5.35846e-02
0.79394	5.72884e-02
0.78949	6.71596e-02
0.77228	3.71076e-02
0.77980	6.11224e-02
0.73778	6.40269e-02
0.73339	6.16351e-02
0.73779	5.46136e-02
0.72947	6.93733e-02
0.69446	6.13117e-02
0.69371	9.81844e-02
0.68869	1.10275e-01
0.68166	5.75649e-02
0.64966	6.01624e-02
0.64322	7.05230e-02
0.65998	4.67297e-02
0.63724	5.43496e-02
0.60755	1.02700e-01
0.64074	9.59639e-02
0.62252	5.54914e-02
0.62870	7.59220e-02
0.59953	9.22221e-02
0.59057	7.25008e-02
0.59245	7.41575e-02
0.61117	8.51689e-02
0.60641	9.69874e-02
0.58935	9.85086e-02
0.60692	1.04799e-01
0.55819	1.26404e-01
0.60086	7.96236e-02
0.55880	1.13528e-01
0.57261	1.03971e-01
0.58036	1.15164e-01
0.55842	1.18180e-01
0.59864	9.76855e-02
0.56768	1.07085e-01
0.55652	1.11990e-01
0.54726	1.05368e-01
0.55226	1.05322e-01
0.54119	1.23705e-01
0.51025	1.06800e-01
0.55583	9.79102e-02
0.55867	9.93891e-02
0.54876	1.33780e-01
0.56546	9.39220e-02
0.55343	1.17618e-01
0.55450	8.17218e-02
0.56008	1.15936e-01
0.55284	7.41392e-02
0.58757	7.77326e-02
0.54985	8.55444e-02
0.55894	9.49228e-02
0.56913	8.52145e-02
0.57842	5.80932e-02
0.53711	8.15278e-02
0.54394	6.20838e-02
0.53271	7.58773e-02
0.54294	5.82574e-02
0.55373	5.39666e-02
0.54406	7.92069e-02
0.51283	4.87809e-02
0.51481	7.90105e-02
0.48791	8.51875e-02
0.48331	6.02968e-02
0.45158	5.72741e-02
0.50071	1.14101e-01
0.46170	8.94202e-02
0.44982	1.09966e-01
0.42990	1.08149e-01
0.41077	1.15798e-01
0.41223	1.46725e-01
0.43271	1.39265e-01
0.37582	1.44857e-01
0.37835	1.25671e-01
0.40306	1.10225e-01
0.38103	8.05655e-02
0.37938	1.14556e-01
0.36575	1.42201e-01
0.41991	7.56409e-02
0.40189	9.11929e-02
0.37501	1.40846e-01
0.42574	9.47978e-02
0.43622	8.74653e-02
0.43311	8.11052e-02
0.44283	8.14987e-02
0.44283	8.14987e-02
0.45132	9.33164e-02
0.45132	9.33164e-02
0.45386	9.58358e-02
0.46076	8.57637e-02
0.46774	8.10147e-02
0.45140	9.77271e-02
0.44707	9.75417e-02
0.43848	9.64927e-02
0.47110	1.10907e-01
0.48392	1.18218e-01
0.50929	8.11600e-02
0.49794	8.83959e-02
0.50569	8.37705e-02
0.53178	6.93194e-02
0.52916	7.08048e-02
0.54090	1.07881e-01
0.55232	1.07848e-01
0.56299	1.10334e-01
0.55095	1.07332e-01
0.53855	1.09044e-01
0.55860	1.14100e-01
0.56083	1.15469e-01
0.58504	1.20073e-01
0.59299	1.15596e-01
0.61498	1.10848e-01
0.61905	1.11225e-01
0.62214	1.07656e-01
0.61530	1.07935e-01
0.60169	9.45701e-02
0.61180	7.24822e-02
0.61632	7.55182e-02
0.62207	7.99259e-02
0.63458	8.04167e-02
0.63501	8.05405e-02
0.63560	7.41941e-02
0.63571	8.15140e-02
0.65244	8.17371e-02
0.67959	6.79487e-02
0.67421	6.36991e-02
0.69227	4.98458e-02
0.68774	4.31606e-02
0.68683	4.38393e-02
0.68688	4.44570e-02
0.68998	4.81342e-02
0.70908	5.04617e-02
0.72664	4.69263e-02
0.73050	4.68013e-02
0.71677	5.44887e-02
0.72272	6.05394e-02
0.73509	5.13315e-02
0.73031	4.91902e-02
0.73895	5.52885e-02
0.74943	5.88307e-02
0.75309	5.92692e-02
0.74110	5.58441e-02
0.74224	5.63765e-02
0.76278	4.62222e-02
0.76821	5.02292e-02
0.76742	4.99594e-02
0.77120	4.28202e-02
0.77133	4.29791e-02
0.77366	4.46400e-02
0.77492	4.84026e-02
0.77557	4.78824e-02
0.77439	5.25996e-02
0.77061	5.81256e-02
0.78602	4.53753e-02
0.78457	3.09802e-02
0.80291	4.66436e-02
0.80388	4.77448e-02
0.79449	6.92168e-02
0.79112	6.38807e-02
0.79106	6.38988e-02
0.78985	6.28511e-02
0.79339	6.19003e-02
0.79426	6.21317e-02
0.80134	6.04061e-02
0.80715	4.64198e-02
0.80443	5.88759e-02
0.80519	5.97173e-02
0.80519	5.97173e-02
0.80589	5.47883e-02
0.81384	3.82977e-02
0.81004	3.40417e-02
0.80960	3.77009e-02
0.81418	4.10584e-02
0.81574	4.16927e-02
0.82023	4.40252e-02
0.82049	4.39821e-02
0.81834	4.20531e-02
0.82365	4.56878e-02
0.82452	4.66388e-02
0.82638	4.76394e-02
0.83665	4.85656e-02
0.83338	4.39666e-02
0.84451	4.73894e-02
0.84662	4.64629e-02
0.84249	4.50048e-02
0.85117	4.88508e-02
0.84544	4.39947e-02
0.83864	4.51570e-02
0.83864	4.51570e-02
0.83864	4.51570e-02
0.83781	4.48204e-02
0.83773	4.48443e-02
0.84684	4.76577e-02
0.85031	4.73157e-02
0.84983	4.68543e-02
0.84108	6.71935e-02
0.84296	5.51290e-02
0.83549	5.38098e-02
0.84722	5.62370e-02
0.84388	5.43339e-02
0.85452	4.53872e-02
0.85452	4.53872e-02
0.85466	4.71803e-02
0.85016	4.65880e-02
0.86452	5.15682e-02
0.87572	3.54255e-02
0.87168	3.68320e-02
0.86926	3.51443e-02
0.87168	3.44039e-02
0.87359	4.20038e-02
0.87011	3.71515e-02
0.87200	3.56044e-02
0.87022	3.53250e-02
0.87086	3.75070e-02
0.87089	3.76154e-02
0.87143	3.74630e-02
0.87709	2.71159e-02
0.87487	2.51927e-02
0.87381	2.50579e-02
0.87381	2.50579e-02
0.87443	2.84868e-02
0.87853	3.10997e-02
0.88159	3.06407e-02
0.87548	2.95373e-02
0.88212	2.87902e-02
0.88548	3.09110e-02
0.87808	4.12791e-02
0.87919	4.20619e-02
0.87320	4.14513e-02
0.87095	3.99138e-02
0.87929	2.74251e-02
0.87147	2.53359e-02
0.87147	2.53359e-02
0.87854	3.00192e-02
0.88535	3.09759e-02
0.88339	3.52140e-02
0.88767	3.32974e-02
0.88776	3.34210e-02
0.89404	3.42627e-02
0.89692	3.02562e-02
0.89589	3.02886e-02
0.89725	3.05731e-02
0.89559	3.60384e-02
0.89955	3.51575e-02
0.90220	3.32419e-02
0.90220	3.32419e-02
0.89848	4.61272e-02
0.89541	4.40669e-02
0.89064	4.29760e-02
0.88979	3.89421e-02
0.89438	2.74476e-02
0.89674	2.92988e-02
0.88965	2.52804e-02
0.89562	2.87480e-02
0.90137	2.93038e-02
0.90151	2.93320e-02
0.90715	2.63047e-02
0.90322	3.97241e-02
0.90177	3.12532e-02
0.90295	3.22479e-02
0.90072	3.74257e-02
0.90114	3.77929e-02
0.90362	3.82017e-02
0.90395	4.06171e-02
0.89689	2.43662e-02
0.89393	2.48823e-02
0.89393	2.48823e-02
0.89387	2.47990e-02
0.89660	2.76898e-02
0.89760	2.88991e-02
0.89980	2.59783e-02
0.89945	2.56823e-02
0.90282	2.69402e-02
0.89929	2.52071e-02
0.90185	2.75363e-02
0.90185	2.75363e-02
0.90571	2.72186e-02
0.90370	2.45529e-02
0.90591	2.58752e-02
0.90072	2.21311e-02
0.90558	2.32884e-02
0.91069	2.28721e-02
0.91069	2.28721e-02
0.91201	3.35904e-02
0.91528	1.97362e-02
0.91552	1.98317e-02
0.91561	1.80998e-02
0.91495	2.24949e-02
0.91951	2.22389e-02
0.92022	2.18464e-02
0.92086	2.09070e-02
0.91475	2.07961e-02
0.91307	2.36130e-02
0.91307	2.36130e-02
0.91220	2.43212e-02
0.91747	2.37240e-02
0.91464	2.91296e-02
0.91464	2.91296e-02
0.91331	3.09278e-02
0.91558	3.34838e-02
0.92365	3.86669e-02
0.91744	4.10275e-02
0.92286	4.14714e-02
0.92286	4.14714e-02
0.91144	3.49688e-02
0.92574	3.39979e-02
0.93081	3.34345e-02
0.93352	3.62687e-02
0.93551	3.40894e-02
0.93044	3.21514e-02
0.93500	2.96589e-02
0.92972	2.45212e-02
0.93442	2.90863e-02
0.93343	2.85306e-02
0.93303	2.86913e-02
0.93991	2.59299e-02
0.93025	3.55871e-02
0.93264	3.42929e-02
0.93264	3.42929e-02
0.92881	3.26215e-02
0.93289	2.38033e-02
0.93223	2.53356e-02
0.93224	2.53375e-02
0.93132	2.75247e-02
0.92800	3.07632e-02
0.93347	2.34974e-02
0.92911	2.19329e-02
0.92918	2.20233e-02
0.93093	2.45484e-02
0.93438	2.32347e-02
0.93823	2.19982e-02
0.94103	1.88849e-02
0.94458	1.89306e-02
0.94227	2.15543e-02
0.94339	2.56226e-02
0.94436	2.62133e-02
0.94406	2.85837e-02
0.94181	2.64689e-02
0.94083	2.57819e-02
0.95282	2.09862e-02
0.95103	2.67696e-02
0.94982	2.71388e-02
0.94985	2.71506e-02
0.94869	2.64853e-02
0.95171	2.85509e-02
0.95401	2.98073e-02
0.95182	2.99206e-02
0.95681	2.11290e-02
0.95681	2.11290e-02
0.95681	2.11290e-02
0.95681	2.11290e-02
0.95664	2.14534e-02
0.94873	2.11248e-02
0.94963	2.10064e-02
0.94640	2.14647e-02
0.94640	2.14647e-02
0.94309	1.72247e-02
0.94552	2.09083e-02
0.94557	2.09153e-02
0.94557	2.09153e-02
0.94959	2.22024e-02
0.95296	2.06479e-02
0.95282	2.25646e-02
0.95974	2.23190e-02
0.95974	2.23190e-02
0.95974	2.23190e-02
0.95963	1.66653e-02
0.95699	2.84730e-02
0.95357	3.01257e-02
0.95466	1.34174e-02
0.95462	1.33796e-02
0.95462	1.33796e-02
0.95112	1.63013e-02
0.95738	1.92627e-02
0.95510	9.87304e-03
0.95541	1.02378e-02
0.94940	7.00342e-03
0.94084	7.16740e-03
0.94084	7.16740e-03
0.95529	7.27873e-03
0.95529	7.27873e-03
0.95529	7.27873e-03
0.95529	7.27873e-03
0.95529	7.27873e-03
0.95529	7.27873e-03
0.95529	7.27873e-03
0.96703	4.46547e-03
0.95838	4.88585e-03
0.95838	4.88585e-03
0.95838	4.88585e-03
0.96826	4.99304e-03
0.96826	4.99304e-03
0.94880	4.67645e-03
0.95875	5.28108e-03
0.95875	5.28108e-03
0.95875	5.28108e-03
0.95804	4.56292e-03
0.95804	4.56292e-03
0.97153	8.92928e-03
0.97153	8.92928e-03
0.96164	9.56375e-04
0.96164	9.56375e-04
0.96542	4.73073e-03
0.96069	0.00000e+00
0.96069	0.00000e+00
0.96069	0.00000e+00
0.96069	0.00000e+00
0.96069	0.00000e+00
0.96069	0.00000e+00
0.96069	0.00000e+00
0.96069	0.00000e+00
0.96069	0.00000e+00
0.96069	0.00000e+00
0.98045	0.00000e+00
0.98016	0.00000e+00
0.98016	0.00000e+00
0.98016	0.00000e+00
0.98009	0.00000e+00
