0.98562	4.09801e-03
0.97662	8.32006e-03
0.96207	1.49354e-02
0.95003	1.29930e-02
0.94065	1.52624e-02
0.93853	1.20153e-02
0.93063	2.39738e-02
0.90141	3.57106e-02
0.91031	3.44261e-02
0.90111	3.51147e-02
0.88446	3.63639e-02
0.88121	3.75596e-02
0.86907	4.25798e-02
0.86022	3.65729e-02
0.85398	3.23625e-02
0.83423	2.84118e-02
0.82096	5.70708e-02
0.80523	4.35424e-02
0.79730	5.73077e-02
0.78445	4.00500e-02
0.78989	4.39288e-02
0.75792	5.23059e-02
0.73997	5.17453e-02
0.73313	6.34671e-02
0.70453	8.44272e-02
0.69620	6.06661e-02
0.68077	5.95693e-02
0.65049	7.53485e-02
0.63693	8.39749e-02
0.65378	7.82685e-02
0.63841	8.89449e-02
0.65073	6.44746e-02
0.61502	7.08860e-02
0.64658	6.68169e-02
0.59597	8.57521e-02
0.59289	8.32655e-02
0.61247	8.55493e-02
0.57759	6.13272e-02
0.58622	8.55276e-02
0.57584	7.50547e-02
0.53297	8.23494e-02
0.55688	9.54331e-02
0.52412	1.00387e-01
0.52373	8.21283e-02
0.51684	1.11707e-01
0.50217	8.68332e-02
0.51187	1.04526e-01
0.55961	5.90052e-02
0.56226	7.94735e-02
0.55207	6.99150e-02
0.56177	1.06138e-01
0.56274	8.02692e-02
0.55092	5.81799e-02
0.56282	9.16027e-02
0.54886	6.72495e-02
0.54206	9.08565e-02
0.53524	9.82373e-02
0.51990	7.81202e-02
0.50917	7.74509e-02
0.53514	6.68672e-02
0.52116	7.97817e-02
0.52041	7.58663e-02
0.50959	9.68552e-02
0.52579	7.76903e-02
0.52778	9.42905e-02
0.51525	7.16111e-02
0.51233	9.02399e-02
0.52098	1.14526e-01
0.54359	7.69157e-02
0.53482	7.76501e-02
0.56378	4.36140e-02
0.54235	1.03046e-01
0.51508	1.04586e-01
0.51448	1.11617e-01
0.51834	1.00788e-01
0.52056	1.11641e-01
0.53906	8.09045e-02
0.53566	7.96774e-02
0.52076	8.95657e-02
0.50274	1.21721e-01
0.49566	6.17288e-02
0.44304	1.41099e-01
0.48283	7.90953e-02
0.50619	9.40744e-02
0.51703	7.73682e-02
0.49785	8.92853e-02
0.50332	9.35153e-02
0.48838	8.93722e-02
0.50652	1.17858e-01
0.50231	1.03006e-01
0.44541	1.35500e-01
0.48410	1.14876e-01
0.47119	1.24520e-01
0.47011	1.19915e-01
0.46183	1.04390e-01
0.45641	1.21244e-01
0.47759	1.47943e-01
0.45222	1.16519e-01
0.45263	1.34879e-01
0.50178	1.07276e-01
0.48163	1.02390e-01
0.49482	1.19732e-01
0.49482	1.19732e-01
0.49482	1.19732e-01
0.52056	9.80629e-02
0.52380	1.00643e-01
0.51998	9.92004e-02
0.55393	9.72176e-02
0.56742	8.41234e-02
0.56785	8.36039e-02
0.56249	9.43013e-02
0.58979	6.77449e-02
0.57776	7.42718e-02
0.57776	7.42718e-02
0.58232	7.61955e-02
0.58992	8.27612e-02
0.60171	7.57555e-02
0.60340	7.28103e-02
0.60698	9.54547e-02
0.60735	8.26120e-02
0.60690	8.21341e-02
0.62931	7.61496e-02
0.63436	6.68014e-02
0.65793	7.04077e-02
0.65565	6.11527e-02
0.65466	6.06108e-02
0.66145	6.69219e-02
0.65728	6.60772e-02
0.67709	7.14351e-02
0.66846	6.37337e-02
0.67235	6.56247e-02
0.68456	7.10046e-02
0.69926	7.07798e-02
0.70271	6.60232e-02
0.70654	7.06316e-02
0.71367	7.03582e-02
0.71814	7.18221e-02
0.71933	8.55789e-02
0.71814	8.55529e-02
0.73367	6.95573e-02
0.73659	7.14349e-02
0.75078	6.03474e-02
0.74898	5.67085e-02
0.75640	6.21779e-02
0.76375	5.19228e-02
0.77259	5.00969e-02
0.78212	4.41444e-02
0.78212	4.41444e-02
0.78252	4.45205e-02
0.78759	4.15424e-02
0.78937	4.52123e-02
0.79067	4.66038e-02
0.79527	4.87549e-02
0.78354	5.33491e-02
0.78285	5.33906e-02
0.78680	4.88670e-02
0.78680	4.88670e-02
0.79329	5.56551e-02
0.79500	4.56304e-02
0.79485	4.56594e-02
0.79396	4.74531e-02
0.80338	5.21344e-02
0.80707	5.18613e-02
0.81554	3.77713e-02
0.81437	3.79204e-02
0.81755	3.82568e-02
0.81126	3.86419e-02
0.81234	4.01300e-02
0.81443	3.91162e-02
0.81751	4.00181e-02
0.82128	4.19104e-02
0.82128	4.19104e-02
0.82543	4.10053e-02
0.83021	3.67016e-02
0.82950	3.66693e-02
0.83360	4.14450e-02
0.83580	4.08125e-02
0.83971	4.20956e-02
0.84497	4.07931e-02
0.84497	4.07931e-02
0.85028	4.40258e-02
0.84695	4.28707e-02
0.84208	4.28187e-02
0.85493	3.72381e-02
0.85509	3.71257e-02
0.85505	3.34795e-02
0.85914	3.35588e-02
0.85933	3.36698e-02
0.85447	3.26242e-02
0.85444	3.25824e-02
0.85444	3.25824e-02
0.85444	3.25824e-02
0.85608	3.40416e-02
0.86028	3.69153e-02
0.86293	3.39077e-02
0.86305	3.38094e-02
0.86309	3.46169e-02
0.86598	3.32976e-02
0.86846	3.64036e-02
0.86705	3.70291e-02
0.86984	3.88080e-02
0.87360	3.62898e-02
0.86225	3.85148e-02
0.87063	3.83039e-02
0.86640	3.76391e-02
0.88402	3.35589e-02
0.88630	3.08799e-02
0.88919	3.21301e-02
0.88913	3.20811e-02
0.87947	2.91406e-02
0.88208	3.03774e-02
0.88047	2.96491e-02
0.88479	2.56587e-02
0.88462	2.40750e-02
0.88884	2.41251e-02
0.89050	2.88286e-02
0.88868	2.89278e-02
0.88322	2.97940e-02
0.89167	2.98865e-02
0.89239	3.35179e-02
0.89125	4.95988e-02
0.88647	4.80326e-02
0.88619	4.80903e-02
0.88658	4.76434e-02
0.88671	4.51330e-02
0.88420	4.42467e-02
0.88728	4.40101e-02
0.89083	1.73103e-02
0.89865	2.53655e-02
0.89895	2.53013e-02
0.89812	2.71165e-02
0.90485	3.02319e-02
0.90907	3.29578e-02
0.90254	3.15418e-02
0.90256	3.15802e-02
0.90956	3.43524e-02
0.91473	3.04718e-02
0.91774	2.26965e-02
0.91708	2.32412e-02
0.91713	2.29872e-02
0.90852	2.13622e-02
0.91494	2.31525e-02
0.91501	2.47889e-02
0.91501	2.47889e-02
0.91349	2.46526e-02
0.91794	2.46988e-02
0.91326	2.24505e-02
0.91821	2.28972e-02
0.91589	2.14450e-02
0.91398	2.07799e-02
0.92077	2.17538e-02
0.91990	2.18349e-02
0.91384	2.65761e-02
0.91850	1.60486e-02
0.92208	1.51686e-02
0.92208	1.51686e-02
0.92222	1.52140e-02
0.92247	1.66142e-02
0.92697	1.72981e-02
0.92332	1.97730e-02
0.92609	2.01144e-02
0.92672	1.85251e-02
0.92574	2.00746e-02
0.92113	1.77679e-02
0.92416	1.64994e-02
0.92320	1.90438e-02
0.92228	1.95236e-02
0.92629	2.09272e-02
0.92394	2.20805e-02
0.92328	2.02576e-02
0.92372	2.02605e-02
0.92774	1.73520e-02
0.92603	1.88674e-02
0.92382	1.56806e-02
0.92674	2.03023e-02
0.92860	1.87616e-02
0.92740	1.74499e-02
0.93382	1.93079e-02
0.93265	2.15087e-02
0.93375	1.98338e-02
0.93562	1.82907e-02
0.93921	1.55638e-02
0.93939	1.38551e-02
0.93527	1.59716e-02
0.93237	1.96444e-02
0.93310	2.03361e-02
0.93200	1.82084e-02
0.93116	1.86447e-02
0.92294	2.25567e-02
0.93093	2.06299e-02
0.93119	1.53545e-02
0.93116	1.53188e-02
0.93551	1.26442e-02
0.93271	1.22543e-02
0.93259	1.21860e-02
0.93164	1.59460e-02
0.93815	1.87597e-02
0.93802	1.87470e-02
0.93815	1.86876e-02
0.93984	1.83768e-02
0.93334	2.16614e-02
0.93492	2.25804e-02
0.93675	2.35041e-02
0.93887	2.01657e-02
0.93707	2.16731e-02
0.94152	2.25397e-02
0.94361	2.00961e-02
0.94365	2.01699e-02
0.94688	1.96061e-02
0.94451	2.19844e-02
0.94117	2.13100e-02
0.94117	2.13100e-02
0.94281	1.94078e-02
0.94723	1.71301e-02
0.94537	1.83580e-02
0.94734	1.71123e-02
0.94478	2.00760e-02
0.94716	1.90870e-02
0.94509	2.35430e-02
0.94078	2.24340e-02
0.94376	1.67449e-02
0.94383	1.68123e-02
0.94660	1.65257e-02
0.94271	1.66513e-02
0.94271	1.86028e-02
0.94089	1.79624e-02
0.94728	1.52078e-02
0.94649	1.55130e-02
0.94734	1.41683e-02
0.94963	1.47679e-02
0.94963	1.47679e-02
0.94602	1.85037e-02
0.95277	2.02059e-02
0.95476	1.97359e-02
0.95558	1.74748e-02
0.95850	1.55073e-02
0.95363	1.71001e-02
0.95443	1.68842e-02
0.95903	1.55900e-02
0.95366	1.56856e-02
0.95056	1.52168e-02
0.95663	1.72277e-02
0.95311	1.56484e-02
0.95311	1.56484e-02
0.95311	1.56484e-02
0.95114	1.40139e-02
0.95112	1.39979e-02
0.95671	1.34085e-02
0.95551	1.45372e-02
0.95539	1.35867e-02
0.95523	1.40589e-02
0.95523	1.40589e-02
0.95531	1.41704e-02
0.95483	1.53523e-02
0.95827	1.60311e-02
0.95827	1.60311e-02
0.95994	1.65578e-02
0.95671	1.40060e-02
0.95472	1.44686e-02
0.95373	1.46915e-02
0.95772	1.58613e-02
0.96026	1.57627e-02
0.96145	1.61839e-02
0.95952	1.59117e-02
0.95952	1.59117e-02
0.96422	1.83851e-02
0.96492	1.47693e-02
0.96255	2.23667e-02
0.97199	1.51665e-02
0.97248	1.55571e-02
0.96867	1.58528e-02
0.96683	1.45718e-02
0.96682	1.45611e-02
0.96502	1.44627e-02
0.96132	1.57888e-02
0.96441	9.96669e-03
0.96733	1.05763e-02
0.96576	1.46451e-02
0.96796	1.28808e-02
0.96428	1.97244e-02
0.95949	1.92490e-02
0.95988	1.91507e-02
0.96506	1.20548e-02
0.96538	1.55427e-02
0.96546	1.55971e-02
0.96546	1.55971e-02
0.96874	1.58613e-02
0.97359	1.38404e-02
0.96651	1.31145e-02
0.96343	1.23942e-02
0.96787	1.42923e-02
0.96021	1.07421e-02
0.96991	1.17574e-02
0.96612	1.16261e-02
0.97012	1.19108e-02
0.96937	1.95004e-02
0.97325	8.60857e-03
0.96612	1.51076e-02
0.96612	1.51076e-02
0.96612	1.51076e-02
0.96599	1.49623e-02
0.96599	1.49623e-02
0.96879	1.13032e-02
0.97458	9.75099e-03
0.97177	9.76021e-03
0.96518	9.09979e-03
0.96518	9.09979e-03
0.96531	1.01332e-02
0.96366	1.14955e-02
0.97401	1.12574e-02
0.97401	1.12574e-02
0.96744	1.17971e-02
0.97515	1.08237e-02
0.97515	1.08237e-02
0.98192	1.60879e-03
0.98192	1.60879e-03
0.98285	1.83912e-03
0.97668	7.92751e-03
0.97668	7.92751e-03
0.98331	2.25171e-03
0.98331	2.25171e-03
0.97776	1.00194e-02
0.97198	8.77021e-03
0.97356	7.70063e-03
0.96738	1.05716e-03
0.96604	1.73998e-03
0.97270	1.09416e-02
0.97268	1.09096e-02
0.97268	1.09172e-02
0.97274	1.10009e-02
0.96498	9.05763e-04
0.98264	3.03653e-03
0.98264	3.03653e-03
0.98264	3.03653e-03
0.98264	3.03653e-03
0.98264	3.03653e-03
0.98264	3.03653e-03
0.98483	8.54919e-04
0.98480	8.76819e-04
0.96633	0.00000e+00
0.96633	0.00000e+00
0.96633	0.00000e+00
0.96633	0.00000e+00
0.96633	0.00000e+00
0.96633	0.00000e+00
0.98740	0.00000e+00
0.98740	0.00000e+00
0.98740	0.00000e+00
0.96758	0.00000e+00
0.96758	0.00000e+00
0.96758	0.00000e+00
0.96758	0.00000e+00
0.96758	0.00000e+00
0.96758	0.00000e+00
0.96758	0.00000e+00
0.98740	0.00000e+00
0.98740	0.00000e+00
0.98702	0.00000e+00
0.98702	0.00000e+00
0.98702	0.00000e+00
0.98702	0.00000e+00
0.98795	0.00000e+00
