0.98929	2.31172e-03
0.98068	8.77919e-03
0.95982	1.42991e-02
0.95792	1.71613e-02
0.94276	1.40516e-02
0.94447	1.79005e-02
0.93392	1.81345e-02
0.92950	1.63194e-02
0.91464	2.57482e-02
0.90954	2.60250e-02
0.89455	2.97018e-02
0.88273	2.29583e-02
0.87764	3.14961e-02
0.87626	2.44684e-02
0.86984	2.13692e-02
0.83853	2.67300e-02
0.82259	3.32416e-02
0.82554	4.01606e-02
0.80567	4.35789e-02
0.79938	2.96589e-02
0.81054	3.54922e-02
0.78798	3.92683e-02
0.77875	4.07483e-02
0.76085	4.79239e-02
0.76439	5.18475e-02
0.74189	5.26428e-02
0.73353	4.44314e-02
0.68920	4.65815e-02
0.68754	3.27604e-02
0.68172	6.35146e-02
0.70485	4.62709e-02
0.67164	4.20017e-02
0.66427	5.76059e-02
0.65659	5.11995e-02
0.64856	6.56136e-02
0.65659	5.47162e-02
0.63206	5.24251e-02
0.63032	5.52228e-02
0.63501	5.26697e-02
0.60870	4.79438e-02
0.60666	7.84761e-02
0.60344	6.94385e-02
0.57504	5.43244e-02
0.58067	4.37648e-02
0.55857	8.52668e-02
0.58686	7.13398e-02
0.55666	5.68345e-02
0.54058	5.52509e-02
0.55993	3.83163e-02
0.52814	6.58279e-02
0.55943	3.76061e-02
0.55411	4.33622e-02
0.55656	5.07107e-02
0.55588	6.17841e-02
0.57986	4.90336e-02
0.53814	7.08372e-02
0.54951	9.07252e-02
0.53619	9.84504e-02
0.55639	8.37507e-02
0.55258	7.89329e-02
0.56055	9.50809e-02
0.55571	7.16580e-02
0.58706	6.38667e-02
0.55900	7.63696e-02
0.55601	7.40433e-02
0.57946	6.51390e-02
0.61113	5.98169e-02
0.58528	7.32722e-02
0.59194	5.70639e-02
0.58250	7.17125e-02
0.59422	7.91391e-02
0.60436	6.28390e-02
0.57876	5.91227e-02
0.58328	7.35543e-02
0.57570	7.98547e-02
0.59906	6.81921e-02
0.57168	6.93627e-02
0.56840	7.13340e-02
0.56136	1.03714e-01
0.53930	7.74672e-02
0.53918	5.63211e-02
0.52961	8.21982e-02
0.53203	8.24076e-02
0.53257	7.86014e-02
0.51600	1.01837e-01
0.48764	7.96324e-02
0.51011	9.98181e-02
0.53282	6.69868e-02
0.52314	9.63409e-02
0.52750	8.15003e-02
0.47892	1.11311e-01
0.49368	9.54240e-02
0.48705	1.07551e-01
0.48998	9.56510e-02
0.48595	7.24945e-02
0.51223	1.23683e-01
0.49377	1.19728e-01
0.49397	1.27525e-01
0.46224	1.37661e-01
0.53292	8.78750e-02
0.53539	9.21286e-02
0.53539	9.21286e-02
0.54821	1.09584e-01
0.54776	1.12240e-01
0.55802	9.12214e-02
0.57784	9.94670e-02
0.58451	9.76436e-02
0.59734	7.18937e-02
0.61725	4.97268e-02
0.62545	5.38626e-02
0.62545	5.38626e-02
0.61915	6.40137e-02
0.61904	6.40143e-02
0.61904	6.40143e-02
0.63496	7.13214e-02
0.63550	7.11317e-02
0.62612	8.79059e-02
0.62999	7.35676e-02
0.64045	8.37927e-02
0.64045	8.37927e-02
0.63066	8.89049e-02
0.64055	8.69948e-02
0.64968	9.51127e-02
0.64761	8.76556e-02
0.64981	8.79782e-02
0.65280	9.72149e-02
0.68847	7.71436e-02
0.67837	9.73657e-02
0.67837	9.73657e-02
0.69592	7.50141e-02
0.68786	6.70285e-02
0.69299	5.19104e-02
0.71986	6.05377e-02
0.73684	5.36045e-02
0.74030	4.69049e-02
0.72998	5.17069e-02
0.75134	6.41984e-02
0.75436	6.15551e-02
0.75719	5.84172e-02
0.74597	5.30893e-02
0.73959	3.40347e-02
0.74913	3.84070e-02
0.74842	3.84542e-02
0.74842	3.84542e-02
0.75484	3.17245e-02
0.76760	3.44790e-02
0.76901	4.11559e-02
0.77763	4.68989e-02
0.77487	5.02992e-02
0.77003	5.05960e-02
0.77405	5.40634e-02
0.79431	4.67606e-02
0.78799	3.69486e-02
0.78799	3.69486e-02
0.78940	4.65103e-02
0.79176	4.94358e-02
0.79176	4.94358e-02
0.81028	4.23560e-02
0.81559	3.94491e-02
0.80236	3.73195e-02
0.80632	3.48776e-02
0.81079	3.65440e-02
0.81593	3.95345e-02
0.81070	4.59743e-02
0.83410	3.29458e-02
0.83126	3.65516e-02
0.83170	3.50350e-02
0.83142	3.88664e-02
0.83135	4.02073e-02
0.82039	3.74001e-02
0.81830	4.11085e-02
0.82611	4.30200e-02
0.82306	4.12603e-02
0.82306	4.12603e-02
0.82402	4.13729e-02
0.82474	4.12393e-02
0.82863	3.15587e-02
0.82632	3.39962e-02
0.82250	3.57431e-02
0.82367	3.68382e-02
0.83425	4.35976e-02
0.83420	4.35624e-02
0.83710	4.62864e-02
0.84601	4.98198e-02
0.84833	5.18922e-02
0.84497	4.70528e-02
0.85537	4.10069e-02
0.85537	4.10069e-02
0.85124	4.23414e-02
0.85124	4.23414e-02
0.86048	3.54671e-02
0.86035	3.12175e-02
0.86692	2.97897e-02
0.87401	3.02220e-02
0.86917	3.55590e-02
0.86769	3.26052e-02
0.86897	3.46109e-02
0.86894	3.46165e-02
0.86894	3.46165e-02
0.87218	3.06845e-02
0.86916	2.81773e-02
0.87075	2.51623e-02
0.87037	2.55323e-02
0.87720	3.12871e-02
0.87832	2.99979e-02
0.88593	2.71385e-02
0.88219	3.57228e-02
0.88219	3.57228e-02
0.87835	4.01439e-02
0.87555	3.70471e-02
0.88287	4.62471e-02
0.87536	4.08426e-02
0.87373	4.00937e-02
0.87373	4.00937e-02
0.87140	4.27889e-02
0.87802	3.18686e-02
0.87979	3.90522e-02
0.88786	3.28188e-02
0.88146	3.56286e-02
0.88735	3.56229e-02
0.88734	3.56287e-02
0.88797	3.44245e-02
0.88738	2.83858e-02
0.89101	2.87712e-02
0.88910	2.82170e-02
0.89166	3.15029e-02
0.89328	3.22231e-02
0.89741	3.02272e-02
0.89980	3.22706e-02
0.89600	3.17746e-02
0.89586	3.16262e-02
0.89001	3.20714e-02
0.89097	3.24424e-02
0.89416	3.70796e-02
0.90809	3.16931e-02
0.90809	3.16931e-02
0.90655	3.12260e-02
0.91085	3.02907e-02
0.90787	3.17349e-02
0.90790	2.74131e-02
0.91037	2.66797e-02
0.91037	2.66797e-02
0.90787	2.25109e-02
0.91088	1.99365e-02
0.90921	2.16050e-02
0.90921	2.16050e-02
0.91070	1.99443e-02
0.91219	2.36888e-02
0.91250	2.32492e-02
0.91548	2.21365e-02
0.91745	2.13763e-02
0.91509	2.00034e-02
0.90615	1.90390e-02
0.91169	2.37104e-02
0.91292	2.29885e-02
0.90989	2.52459e-02
0.90899	2.53994e-02
0.91241	2.40152e-02
0.91365	2.28331e-02
0.91480	2.47543e-02
0.91357	2.58911e-02
0.91557	2.72424e-02
0.91451	2.63645e-02
0.91503	3.06341e-02
0.91802	2.69046e-02
0.91802	2.69046e-02
0.91624	2.71195e-02
0.91688	2.46768e-02
0.91792	2.58274e-02
0.91695	2.68683e-02
0.91891	2.70090e-02
0.91786	2.65133e-02
0.91787	2.65235e-02
0.92208	2.41656e-02
0.92208	2.41656e-02
0.91882	2.19533e-02
0.92093	2.25587e-02
0.92051	2.27920e-02
0.91860	2.29037e-02
0.91884	2.05199e-02
0.92341	2.05321e-02
0.92005	2.22969e-02
0.92456	2.33089e-02
0.92523	2.59671e-02
0.92141	2.79017e-02
0.91954	2.60679e-02
0.93049	2.34178e-02
0.92990	1.91662e-02
0.93500	1.78874e-02
0.93570	1.94289e-02
0.93570	1.94289e-02
0.93292	1.78032e-02
0.93490	2.07878e-02
0.94026	1.42240e-02
0.94026	1.42240e-02
0.94173	1.42018e-02
0.94238	1.69074e-02
0.93662	1.79129e-02
0.93662	1.79129e-02
0.92779	2.39658e-02
0.92041	2.17947e-02
0.92041	2.17947e-02
0.92415	2.54096e-02
0.93412	1.86805e-02
0.93393	1.96389e-02
0.93284	2.07813e-02
0.93732	2.02649e-02
0.93765	2.01620e-02
0.93712	2.37920e-02
0.93711	2.38004e-02
0.93319	2.05190e-02
0.93664	1.70116e-02
0.94281	1.93617e-02
0.93596	1.59185e-02
0.93814	2.03151e-02
0.94277	2.22812e-02
0.94028	2.09412e-02
0.94281	2.03229e-02
0.94144	1.78081e-02
0.93741	1.71252e-02
0.93742	1.71069e-02
0.93742	1.71069e-02
0.93801	1.73056e-02
0.94031	1.60182e-02
0.94479	1.76458e-02
0.94131	1.72683e-02
0.94654	1.89009e-02
0.94342	1.34602e-02
0.94540	1.62743e-02
0.94418	1.73717e-02
0.94389	1.52658e-02
0.94622	2.03969e-02
0.94901	2.16704e-02
0.95221	2.16706e-02
0.95771	2.29584e-02
0.95902	2.11551e-02
0.95705	2.04313e-02
0.95705	2.04313e-02
0.95673	1.90122e-02
0.95575	1.86811e-02
0.95615	2.18219e-02
0.95128	2.32545e-02
0.95415	1.94145e-02
0.95374	1.93060e-02
0.95276	2.04663e-02
0.94953	1.99138e-02
0.94715	2.08768e-02
0.94687	1.82423e-02
0.94508	1.83714e-02
0.95112	2.11171e-02
0.94550	1.86195e-02
0.94550	1.86195e-02
0.94970	2.20289e-02
0.94942	2.20790e-02
0.94855	2.23339e-02
0.94859	2.44862e-02
0.94938	2.50432e-02
0.95039	2.54561e-02
0.95052	2.69288e-02
0.95127	2.28865e-02
0.95800	2.22540e-02
0.95480	2.46206e-02
0.96001	2.21263e-02
0.95958	2.25158e-02
0.95538	2.22525e-02
0.94632	1.73298e-02
0.94632	1.73298e-02
0.95474	1.38742e-02
0.94994	1.93833e-02
0.94994	1.93833e-02
0.95111	2.00065e-02
0.95543	1.93610e-02
0.95832	2.15690e-02
0.95592	2.46468e-02
0.95412	2.49029e-02
0.95583	2.35811e-02
0.95673	2.46823e-02
0.95695	2.09039e-02
0.95895	2.77271e-02
0.96289	2.33378e-02
0.96518	2.16761e-02
0.96499	2.28338e-02
0.96499	2.28338e-02
0.96488	2.29489e-02
0.96488	2.29489e-02
0.96618	2.15976e-02
0.96398	2.11388e-02
0.96644	2.19327e-02
0.96402	2.11383e-02
0.96646	2.19522e-02
0.96261	2.61643e-02
0.96789	1.96476e-02
0.96908	1.84228e-02
0.96664	1.82482e-02
0.96042	1.29869e-02
0.96069	1.28496e-02
0.95743	8.83595e-03
0.96007	1.32670e-02
0.96650	1.29714e-02
0.96650	1.29714e-02
0.97304	1.38366e-02
0.97187	1.50876e-02
0.97439	1.44551e-02
0.96735	1.31500e-02
0.96172	1.01919e-02
0.96681	1.16498e-02
0.96195	1.12064e-02
0.95588	7.69456e-03
0.96260	9.05720e-03
0.97606	6.60101e-03
0.97606	6.60101e-03
0.97398	6.27022e-03
0.97901	7.57888e-03
0.97901	7.57888e-03
0.97966	8.13280e-03
0.98471	5.72080e-03
0.97981	8.49974e-03
0.97981	8.49974e-03
0.98737	1.39455e-03
0.98132	8.85508e-03
0.98148	8.97777e-03
0.97802	9.21500e-03
0.97802	9.21500e-03
0.97802	9.21500e-03
0.98802	6.80593e-04
0.99036	0.00000e+00
