1.0000 2.0000
0.9800 1.9128
0.9600 1.8257
0.9400 1.7477
0.9200 1.6560
0.9000 1.5917
0.8800 1.5092
0.8600 1.4450
0.8400 1.3532
0.8200 1.2936
0.8000 1.2294
0.7800 1.1560
0.7600 1.0963
0.7400 1.0367
0.7200 0.9908
0.7000 0.9679
0.6800 0.9312
0.6600 0.8578
0.6400 0.7936
0.6200 0.7339
0.6000 0.6651
0.5800 0.6055
0.5600 0.5596
0.5400 0.5367
0.5200 0.4771
0.5000 0.4587
0.4800 0.4083
0.4600 0.3716
0.4400 0.3532
0.4200 0.3165
0.4000 0.2798
0.3800 0.2431
0.3600 0.2202
0.3400 0.2018
0.3200 0.1835
0.3000 0.1468
0.2800 0.1239
0.2600 0.1147
0.2400 0.0872
0.2200 0.0780
0.2000 0.0642
0.1800 0.0550
0.1600 0.0459
0.1400 0.0367
0.0600 0.0275
0.0600 0.0183
0.0400 0.0092
0.0400 0.0046
0.0200 0.0000
0.0000 0.0000
