1.0000 2.0000
0.9800 1.9054
0.9600 1.7973
0.9400 1.7297
0.9200 1.6441
0.9000 1.5856
0.8800 1.4775
0.8600 1.3874
0.8400 1.3243
0.8200 1.2523
0.8000 1.1982
0.7800 1.1667
0.7600 1.1081
0.7400 1.0450
0.7200 0.9640
0.7000 0.9054
0.6800 0.8514
0.6600 0.7838
0.6400 0.7297
0.6200 0.6847
0.6000 0.6351
0.5800 0.5946
0.5600 0.5495
0.5400 0.5090
0.5200 0.4685
0.5000 0.4279
0.4800 0.3874
0.4600 0.3604
0.4400 0.3333
0.4200 0.3063
0.4000 0.2883
0.3800 0.2568
0.3600 0.2342
0.3400 0.2072
0.3200 0.1757
0.3000 0.1486
0.2800 0.1171
0.2600 0.0901
0.2400 0.0811
0.2200 0.0541
0.2000 0.0450
0.1400 0.0315
0.1000 0.0225
0.1000 0.0180
0.0800 0.0135
0.0400 0.0045
0.0400 0.0045
0.0400 0.0045
0.0200 0.0000
0.0000 0.0000
