0.98960	1.44307e-03
0.97392	7.96808e-03
0.95336	9.39564e-03
0.93952	1.28245e-02
0.90499	1.90975e-02
0.87680	1.85465e-02
0.83853	2.52961e-02
0.83707	2.70754e-02
0.79364	3.47452e-02
0.76757	3.12746e-02
0.73417	3.93633e-02
0.68575	4.55833e-02
0.67675	4.59762e-02
0.64376	4.85473e-02
0.63553	4.05330e-02
0.60667	6.72419e-02
0.60536	6.60865e-02
0.57555	5.57875e-02
0.55602	6.73056e-02
0.54686	7.85363e-02
0.54542	7.48739e-02
0.47007	4.95526e-02
0.42302	5.79169e-02
0.32006	9.19277e-02
0.27705	1.17675e-01
0.30008	1.02671e-01
0.19893	6.89994e-02
0.19773	6.20660e-02
0.17859	7.73749e-02
0.19802	8.25247e-02
0.20355	7.22572e-02
0.23240	1.11748e-01
0.20450	9.84560e-02
0.17037	7.74933e-02
0.14028	7.37375e-02
0.16944	5.53295e-02
0.17272	5.35824e-02
0.17122	6.06351e-02
0.12581	7.08861e-02
0.16392	8.48408e-02
0.12293	5.34875e-02
0.13014	5.36815e-02
0.14699	6.46385e-02
0.11825	7.06534e-02
0.18125	6.90124e-02
0.16057	6.17441e-02
0.13072	5.76598e-02
0.15956	7.39511e-02
0.15508	4.61330e-02
0.12341	5.60074e-02
0.16012	8.09763e-02
0.08552	5.11690e-02
0.10933	5.04676e-02
0.09442	4.97097e-02
0.11631	7.63437e-02
0.10508	3.68299e-02
0.09813	5.40722e-02
0.10934	5.27986e-02
0.10256	3.75329e-02
0.10506	6.23752e-02
0.07710	4.75465e-02
0.11907	4.72781e-02
0.11293	6.22440e-02
0.08595	4.25458e-02
0.08116	3.59827e-02
0.08935	4.21523e-02
0.10053	4.35887e-02
0.07856	4.33601e-02
0.08454	2.89601e-02
0.09125	5.22260e-02
0.07839	4.15743e-02
0.08972	2.01715e-02
0.10464	3.37492e-02
0.06839	4.74897e-02
0.10813	5.19874e-02
0.06550	4.65849e-02
0.09906	3.97921e-02
0.09756	5.15607e-02
0.10094	5.53499e-02
0.07914	4.39106e-02
0.06487	3.09002e-02
0.09938	3.87232e-02
0.12150	5.74581e-02
0.07319	2.82214e-02
0.09961	5.05723e-02
0.11219	4.11715e-02
0.08872	6.27973e-02
0.07530	5.65440e-02
0.10093	5.89529e-02
0.08570	4.77737e-02
0.10371	4.60220e-02
0.09070	4.56250e-02
0.09809	3.89947e-02
0.09848	5.73236e-02
0.10747	4.68060e-02
0.08417	5.26689e-02
0.09119	4.46418e-02
0.09639	4.19163e-02
0.06881	4.11593e-02
