0.99234	9.80416e-04
0.97600	7.42669e-03
0.96221	9.95572e-03
0.94826	1.13663e-02
0.92256	1.01315e-02
0.89608	2.45366e-02
0.86125	3.22739e-02
0.86231	3.87359e-02
0.82925	2.18813e-02
0.81775	2.68178e-02
0.77065	4.05812e-02
0.75623	4.06212e-02
0.71120	2.76318e-02
0.70067	4.00102e-02
0.65984	4.20980e-02
0.66155	4.53149e-02
0.61609	3.15973e-02
0.60656	4.49993e-02
0.60681	4.95768e-02
0.60113	4.69518e-02
0.57290	7.27362e-02
0.47350	4.98850e-02
0.48947	5.11260e-02
0.38216	7.65584e-02
0.29573	1.10158e-01
0.29936	8.04247e-02
0.24218	1.01946e-01
0.19251	9.22008e-02
0.18206	1.36423e-01
0.18558	1.06578e-01
0.14907	7.26501e-02
0.19685	7.87934e-02
0.16440	8.19650e-02
0.16142	6.66280e-02
0.19483	5.95084e-02
0.10916	6.07402e-02
0.15819	8.19650e-02
0.12661	7.22746e-02
0.14141	2.50784e-02
0.15311	5.86462e-02
0.16972	8.81920e-02
0.16396	6.98347e-02
0.11763	6.91002e-02
0.16929	6.57445e-02
0.14558	6.14310e-02
0.14542	6.84832e-02
0.15798	6.83433e-02
0.10045	6.29097e-02
0.14393	5.87452e-02
0.10445	8.46549e-02
0.10602	4.17483e-02
0.12474	6.67751e-02
0.10788	5.61433e-02
0.07647	3.27529e-02
0.10470	4.88614e-02
0.10628	6.34551e-02
0.08583	2.74061e-02
0.10679	5.48156e-02
0.08470	5.38248e-02
0.10379	6.33199e-02
0.09637	3.72729e-02
0.10683	4.04543e-02
0.09678	4.03888e-02
0.10459	4.95874e-02
0.10429	3.63544e-02
0.11251	5.63348e-02
0.11571	5.34561e-02
0.08312	3.80807e-02
0.08855	4.30627e-02
0.08735	6.07667e-02
0.12960	6.64167e-02
0.10181	4.51505e-02
0.06319	4.73180e-02
0.06876	3.18782e-02
0.09322	3.97965e-02
0.10846	4.89839e-02
0.10480	7.01715e-02
0.11649	5.25409e-02
0.08382	3.80843e-02
0.09265	4.09744e-02
0.10851	6.02161e-02
0.10521	5.09930e-02
0.08196	5.62795e-02
0.08065	3.07095e-02
0.09335	3.48426e-02
0.08567	4.04221e-02
0.08690	4.39158e-02
0.07624	3.31653e-02
0.08917	5.06507e-02
0.08139	2.98993e-02
0.10653	5.47282e-02
0.09093	6.00206e-02
0.09863	3.60528e-02
0.08950	4.81349e-02
0.09628	2.82325e-02
0.08937	3.18052e-02
0.07606	4.19817e-02
0.07166	2.29262e-02
0.07834	2.28506e-02
