0.99460	3.77028e-04
0.98633	8.97565e-03
0.96918	6.63792e-03
0.95451	1.35456e-02
0.94186	1.94002e-02
0.91155	1.92510e-02
0.88971	1.69538e-02
0.87558	6.87965e-03
0.86302	2.43335e-02
0.85107	2.60413e-02
0.79024	3.47170e-02
0.79281	2.61577e-02
0.77005	3.25893e-02
0.74723	3.14520e-02
0.70219	3.12441e-02
0.69742	3.37659e-02
0.68786	3.29877e-02
0.66703	5.40036e-02
0.67460	2.95381e-02
0.65545	3.89582e-02
0.63408	4.63591e-02
0.57604	4.90801e-02
0.53084	6.48728e-02
0.46914	6.26340e-02
0.41751	1.02948e-01
0.34562	9.86630e-02
0.34659	9.54567e-02
0.27603	7.62358e-02
0.26500	8.01186e-02
0.18420	9.67193e-02
0.25864	1.27382e-01
0.19579	8.94071e-02
0.24314	1.22957e-01
0.19083	1.05655e-01
0.19348	1.03811e-01
0.15763	6.46246e-02
0.15674	7.75619e-02
0.16044	8.32883e-02
0.21215	6.90841e-02
0.19143	9.12342e-02
0.18923	7.42195e-02
0.18477	8.08579e-02
0.12304	5.22383e-02
0.11970	7.80884e-02
0.11926	8.17311e-02
0.14260	6.72066e-02
0.14257	6.31531e-02
0.14574	7.26795e-02
0.10874	8.77126e-02
0.15671	6.18269e-02
0.14051	6.85717e-02
0.13111	5.98613e-02
0.09399	6.51012e-02
0.09745	4.05439e-02
0.11917	7.68057e-02
0.10177	4.81817e-02
0.10678	4.11468e-02
0.08079	4.75724e-02
0.12489	6.54835e-02
0.12946	5.11855e-02
0.09302	4.16134e-02
0.09379	3.97241e-02
0.09208	4.54963e-02
0.08268	3.77694e-02
0.09680	4.81243e-02
0.09320	4.17406e-02
0.08272	4.48824e-02
0.09398	5.89134e-02
0.08162	3.72477e-02
0.09343	5.08814e-02
0.09097	6.28434e-02
0.11196	2.96926e-02
0.09200	6.21249e-02
0.09962	4.81891e-02
0.07972	4.59618e-02
0.09481	4.35110e-02
0.10906	4.51761e-02
0.09088	5.20463e-02
0.11815	5.48355e-02
0.09243	4.58072e-02
0.09294	3.70374e-02
0.09437	4.27257e-02
0.09132	4.69898e-02
0.09868	4.32335e-02
0.08636	3.74876e-02
0.07683	4.14616e-02
0.09226	5.93091e-02
0.07532	5.46639e-02
0.07757	3.63705e-02
0.07092	3.33828e-02
0.07090	4.25798e-02
0.08216	3.31788e-02
0.07381	5.42514e-02
0.08576	2.81455e-02
0.07789	3.86248e-02
0.09742	4.05888e-02
0.07264	4.17588e-02
0.12373	4.52662e-02
0.12395	5.03122e-02
