0.69253	1.75831e-01
0.82989	2.42138e-02
0.82495	2.25203e-02
0.79320	4.29212e-02
0.77294	3.66304e-02
0.75186	2.98415e-02
0.74158	3.45619e-02
0.70751	4.68886e-02
0.70732	7.61071e-02
0.67619	7.48957e-02
0.64147	7.51897e-02
0.64847	9.68538e-02
0.61543	9.07075e-02
0.59766	7.67911e-02
0.59250	7.98931e-02
0.53563	6.85687e-02
0.52534	8.54259e-02
0.48918	6.88559e-02
0.47778	1.02512e-01
0.46910	1.12160e-01
0.43758	1.08892e-01
0.46338	6.86904e-02
0.44678	6.71228e-02
0.39060	9.81553e-02
0.38512	1.43385e-01
0.39177	1.04115e-01
0.38234	1.19247e-01
0.36891	1.46347e-01
0.34845	1.13244e-01
0.38208	1.16018e-01
0.32562	1.27863e-01
0.32912	1.51174e-01
0.36636	1.08943e-01
0.28993	1.22483e-01
0.29116	1.10814e-01
0.29468	1.04221e-01
0.28677	1.22009e-01
0.31196	8.85477e-02
0.32421	1.01040e-01
0.31269	1.02491e-01
0.25813	1.24656e-01
0.24626	1.42183e-01
0.24690	1.23300e-01
0.32257	8.96392e-02
0.26930	1.16279e-01
0.24165	1.26000e-01
0.26900	1.07924e-01
0.25447	1.15854e-01
0.27325	1.01907e-01
0.31268	9.33262e-02
0.26898	9.90820e-02
0.25943	8.08969e-02
0.31546	6.28842e-02
0.28702	1.10356e-01
0.30406	1.22923e-01
0.24990	9.88505e-02
0.28724	1.12027e-01
0.27679	9.85741e-02
0.28341	8.36668e-02
0.27546	1.17209e-01
0.22694	1.18717e-01
0.29124	1.34608e-01
0.26257	1.24034e-01
0.27538	1.01111e-01
0.28566	1.05905e-01
0.26774	9.55179e-02
0.29224	7.99051e-02
0.27400	8.91353e-02
0.26555	8.71561e-02
0.26305	7.59305e-02
0.28217	1.20611e-01
0.27089	1.26395e-01
0.23015	1.08258e-01
0.26310	7.55180e-02
0.21907	9.41269e-02
0.19515	1.07519e-01
0.19974	1.21371e-01
0.23333	1.20339e-01
0.16557	9.54355e-02
0.22145	8.59414e-02
0.24320	1.11162e-01
0.20828	7.62187e-02
0.19595	7.51093e-02
0.19702	7.60503e-02
0.23752	9.95271e-02
0.14679	5.64517e-02
0.19319	8.00770e-02
0.22043	8.35463e-02
0.17240	6.91410e-02
0.21107	1.16256e-01
0.20713	6.29809e-02
0.23023	9.13459e-02
0.21641	8.99078e-02
0.16439	8.41141e-02
0.14263	6.20791e-02
0.14215	8.65005e-02
0.10572	6.98452e-02
0.14065	9.30710e-02
0.13953	6.54147e-02
0.23025	1.10918e-01
0.17069	1.01773e-01
0.16059	8.72226e-02
0.19322	7.06079e-02
0.19951	7.59380e-02
0.22436	8.34979e-02
0.21493	8.30592e-02
0.20520	8.35771e-02
0.17838	7.32466e-02
0.17504	6.77039e-02
0.17504	6.77039e-02
0.19127	5.48512e-02
0.22047	6.70354e-02
0.20013	7.64972e-02
0.20013	7.64972e-02
0.19045	7.57306e-02
0.17229	7.41251e-02
0.13463	6.24939e-02
0.14024	7.09917e-02
0.21546	1.06412e-01
0.26008	8.34931e-02
0.25700	8.38981e-02
0.24502	7.82017e-02
0.21933	9.35964e-02
0.23358	8.97157e-02
0.21797	9.80986e-02
0.21469	1.03858e-01
0.24638	9.84823e-02
0.20629	8.44385e-02
0.22799	8.54255e-02
0.19388	8.90849e-02
0.24464	1.18992e-01
0.26025	1.16049e-01
0.32125	1.14407e-01
0.26199	1.01763e-01
0.25647	1.06039e-01
0.25199	1.32518e-01
0.24761	1.28052e-01
0.24918	1.12058e-01
0.25839	1.04394e-01
0.24422	1.07340e-01
0.25684	1.13115e-01
0.28184	1.42877e-01
0.25513	1.23838e-01
0.26201	1.10797e-01
0.26837	1.08808e-01
0.26705	9.95286e-02
0.26705	9.95286e-02
0.29036	1.05631e-01
0.29036	1.05631e-01
0.29967	1.12039e-01
0.31635	1.21947e-01
0.29122	1.26629e-01
0.26166	1.41098e-01
0.28143	1.24702e-01
0.27376	1.18451e-01
0.30208	1.50301e-01
0.30431	1.49462e-01
0.31009	1.56774e-01
0.33019	1.56613e-01
0.34403	1.34806e-01
0.34410	1.34820e-01
0.29781	1.19211e-01
0.30140	1.21060e-01
0.34093	1.15713e-01
0.33086	1.22453e-01
0.35733	1.32897e-01
0.38124	1.19619e-01
0.37421	1.23076e-01
0.34550	1.30811e-01
0.33374	1.32499e-01
0.32452	1.40593e-01
0.29656	1.69245e-01
0.31423	1.64319e-01
0.31423	1.64319e-01
0.30654	1.64454e-01
0.29605	1.54748e-01
0.33532	1.31007e-01
0.30961	1.19907e-01
0.31510	1.18653e-01
0.31510	1.18653e-01
0.29982	1.14064e-01
0.35522	1.26159e-01
0.34533	1.17035e-01
0.36303	1.37020e-01
0.33889	1.52950e-01
0.36311	1.72924e-01
0.36311	1.72924e-01
0.35163	1.83031e-01
0.34979	1.66607e-01
0.34310	1.60982e-01
0.36449	1.46806e-01
0.35572	1.52960e-01
0.39270	1.39264e-01
0.42294	1.23943e-01
0.41220	1.66639e-01
0.39874	1.59948e-01
0.38080	1.51453e-01
0.35996	1.40296e-01
0.33526	1.50273e-01
0.31560	1.41176e-01
0.33087	1.36283e-01
0.33821	1.35025e-01
0.34941	1.25799e-01
0.34844	1.30307e-01
0.33744	1.24536e-01
0.33893	1.25592e-01
0.35806	1.23227e-01
0.35924	1.23699e-01
0.35478	1.09670e-01
0.31290	1.36169e-01
0.32230	1.85155e-01
0.38295	1.64994e-01
0.45204	1.56434e-01
0.45204	1.56434e-01
0.46170	1.52020e-01
0.48568	9.41920e-02
0.49692	7.52281e-02
0.47380	9.21033e-02
0.47301	1.06832e-01
0.47990	9.79706e-02
0.46798	8.93898e-02
0.46698	8.65681e-02
0.48341	9.33908e-02
0.48234	9.53013e-02
0.47129	7.68620e-02
0.47734	8.03732e-02
0.48814	9.01089e-02
0.49971	9.18785e-02
0.50000	5.44968e-02
0.50841	6.13326e-02
0.51059	8.00670e-02
0.49017	1.08051e-01
0.50587	1.05213e-01
0.51321	1.09662e-01
0.54264	8.59836e-02
0.52367	9.79226e-02
0.53004	9.75472e-02
0.51343	1.29808e-01
0.53656	1.26253e-01
0.53318	1.33354e-01
0.52582	1.18428e-01
0.54378	7.11815e-02
0.53815	8.76188e-02
0.55831	9.68493e-02
0.58089	8.55199e-02
0.58089	8.55199e-02
0.57152	6.79214e-02
0.56675	6.63231e-02
0.57187	6.46623e-02
0.56800	6.61325e-02
0.54845	7.22579e-02
0.55887	6.16900e-02
0.55846	5.59335e-02
0.55846	5.59335e-02
0.57626	5.26793e-02
0.58063	5.93238e-02
0.59353	6.94478e-02
0.59617	7.36006e-02
0.59617	7.36006e-02
0.59945	7.53691e-02
0.60005	7.28544e-02
0.60217	7.00156e-02
0.60042	6.63798e-02
0.59202	7.63869e-02
0.58135	8.57632e-02
0.58186	8.54848e-02
0.58195	8.64000e-02
0.58202	8.63929e-02
0.59355	8.61449e-02
0.59355	8.61449e-02
0.59362	8.62052e-02
0.57611	9.05266e-02
0.58308	9.97464e-02
0.59779	9.12907e-02
0.59785	9.12875e-02
0.58879	1.12957e-01
0.58590	1.11673e-01
0.58316	1.12254e-01
0.57432	1.08826e-01
0.59793	1.14383e-01
0.65275	5.42120e-02
0.65244	5.44942e-02
0.65719	6.33527e-02
0.66746	6.24446e-02
0.68495	5.09662e-02
0.66980	4.99132e-02
0.65434	5.00573e-02
0.65736	5.21949e-02
0.65971	4.77206e-02
0.66410	4.74025e-02
0.67735	5.95774e-02
0.66531	6.40823e-02
0.66122	5.79992e-02
0.66128	5.79106e-02
0.67572	5.82313e-02
0.67849	6.04321e-02
0.67397	6.27752e-02
0.68296	6.64191e-02
0.68296	6.64191e-02
0.69378	7.07065e-02
0.70166	7.86860e-02
0.70719	6.60551e-02
0.71086	6.61574e-02
0.71086	6.61574e-02
0.69783	5.78304e-02
0.70046	5.62216e-02
0.70906	6.49736e-02
0.70968	6.65299e-02
0.71952	7.17286e-02
0.71952	7.17286e-02
0.71415	7.93609e-02
0.70753	7.00966e-02
0.71757	7.81117e-02
0.73110	7.24343e-02
0.72497	7.50475e-02
0.72080	6.35581e-02
0.72237	6.50476e-02
0.71838	6.25872e-02
0.72319	6.31878e-02
0.73682	7.21249e-02
0.73061	6.68405e-02
0.73099	6.59081e-02
0.73670	6.61182e-02
0.73703	6.64311e-02
0.73363	6.76295e-02
0.72721	6.87876e-02
0.72804	7.21338e-02
0.72267	7.26525e-02
0.74043	7.56693e-02
0.74006	7.34734e-02
0.72976	6.99684e-02
0.72659	6.35485e-02
0.72728	6.51054e-02
0.73880	7.02028e-02
0.74436	7.87954e-02
0.74828	7.23654e-02
0.75296	4.97486e-02
0.75087	5.04543e-02
0.74986	5.16360e-02
0.75181	5.14254e-02
0.75496	5.25674e-02
0.76650	5.55225e-02
0.76513	5.51437e-02
0.76723	5.22691e-02
0.76754	5.22714e-02
0.77979	4.78738e-02
0.77973	4.86712e-02
0.78026	4.90581e-02
0.77487	5.39173e-02
0.77493	5.38868e-02
0.77447	5.40770e-02
0.76673	5.37740e-02
0.76630	6.43699e-02
0.78337	5.96204e-02
0.77507	5.73028e-02
0.77820	5.76110e-02
0.77820	5.76110e-02
0.78356	6.02004e-02
0.78071	6.81299e-02
0.78077	6.82013e-02
0.78077	6.82247e-02
0.78268	6.89736e-02
0.78834	6.93711e-02
0.77641	7.28902e-02
0.79684	5.80294e-02
0.80723	2.95885e-02
0.80430	5.29693e-02
0.81255	5.62976e-02
0.81421	5.67670e-02
0.80389	6.24163e-02
0.81627	6.60920e-02
0.81627	6.60920e-02
0.79867	5.98051e-02
0.79761	6.56921e-02
0.78625	6.09510e-02
0.78530	7.20130e-02
0.77527	5.38227e-02
0.78587	6.22670e-02
0.78647	6.27419e-02
0.78577	6.19502e-02
0.78794	6.38999e-02
0.80649	5.89488e-02
0.79565	6.46347e-02
0.77507	5.46884e-02
0.72788	4.53899e-02
0.74659	4.87704e-02
0.73881	4.58179e-02
0.75345	4.01996e-02
0.76225	4.89783e-02
0.76225	4.89783e-02
0.76225	4.89783e-02
0.75846	4.49852e-02
0.78263	1.53188e-02
0.78263	1.53188e-02
0.78263	1.53188e-02
0.78938	2.48289e-02
0.79191	2.30251e-02
0.80626	4.32891e-02
0.80626	4.32891e-02
0.77410	7.75899e-02
0.77410	7.75899e-02
0.75659	5.80061e-02
0.77089	3.88805e-02
0.77089	3.88805e-02
0.77089	3.88805e-02
0.77089	3.88805e-02
0.77089	3.88805e-02
0.78285	5.14425e-02
0.74823	2.54852e-02
0.74796	2.57564e-02
0.74796	2.57564e-02
0.74796	2.57564e-02
0.75384	3.16386e-02
0.75384	3.16386e-02
0.78228	3.19884e-03
0.78228	3.19884e-03
0.78228	3.19884e-03
0.78228	3.19884e-03
0.78228	3.19884e-03
0.79720	1.81141e-02
0.80628	2.71955e-02
0.80628	2.71955e-02
0.80628	2.71955e-02
0.80628	2.71955e-02
0.80224	3.12340e-02
0.80224	3.12340e-02
0.80224	3.12340e-02
0.79266	4.08175e-02
0.79266	4.08175e-02
0.81297	2.04999e-02
0.81297	2.04999e-02
0.80964	3.06111e-03
0.80964	3.06111e-03
0.80964	3.06111e-03
0.81766	4.95455e-03
0.81766	4.95455e-03
0.81766	4.95455e-03
0.81766	4.95455e-03
0.80246	2.01534e-02
0.80246	2.01534e-02
0.83576	2.32693e-02
