0.98423	3.18598e-03
0.97527	8.56543e-03
0.95749	1.14954e-02
0.95960	1.57591e-02
0.94661	1.26122e-02
0.93516	1.66255e-02
0.92410	1.75294e-02
0.91866	1.72366e-02
0.92205	2.76402e-02
0.91115	2.72389e-02
0.89215	3.28834e-02
0.88006	3.27904e-02
0.87085	2.45368e-02
0.85567	2.73732e-02
0.85726	3.16406e-02
0.85947	3.05204e-02
0.82798	3.04730e-02
0.81306	3.15223e-02
0.79411	2.51530e-02
0.78993	2.41576e-02
0.74947	3.24790e-02
0.75927	5.20086e-02
0.75512	5.10691e-02
0.72762	3.96627e-02
0.71817	3.89969e-02
0.69701	3.58714e-02
0.71760	4.72247e-02
0.71310	4.31057e-02
0.69118	3.11861e-02
0.67800	5.31518e-02
0.69124	4.76994e-02
0.64973	5.47949e-02
0.64630	5.70620e-02
0.61377	7.04546e-02
0.60635	5.19166e-02
0.61610	5.73394e-02
0.61425	7.83616e-02
0.61844	4.49177e-02
0.57909	5.62707e-02
0.57018	5.13742e-02
0.58558	4.72404e-02
0.60291	5.20080e-02
0.56530	5.24692e-02
0.58068	6.78291e-02
0.56955	7.30263e-02
0.57291	7.64320e-02
0.51066	7.64560e-02
0.57357	4.06812e-02
0.56784	9.52732e-02
0.55014	7.59854e-02
0.58009	9.78549e-02
0.56204	7.89914e-02
0.57841	8.65786e-02
0.55066	8.72670e-02
0.56292	8.78152e-02
0.54149	9.40696e-02
0.51639	1.04551e-01
0.57004	9.79967e-02
0.53348	1.18924e-01
0.51567	1.03091e-01
0.53620	1.01924e-01
0.53895	1.29903e-01
0.58511	8.40629e-02
0.55036	1.15250e-01
0.57104	8.64823e-02
0.54763	1.23979e-01
0.53783	8.49627e-02
0.57236	9.98999e-02
0.55495	1.03861e-01
0.55873	9.08070e-02
0.58213	6.36236e-02
0.54000	1.25734e-01
0.58750	8.06987e-02
0.56446	8.77805e-02
0.56892	1.07947e-01
0.54837	7.10101e-02
0.55166	9.01418e-02
0.55171	7.45445e-02
0.58506	1.13976e-01
0.53186	1.32381e-01
0.57276	9.24047e-02
0.54172	9.63060e-02
0.58186	8.73268e-02
0.57399	6.96456e-02
0.55478	9.29790e-02
0.56639	1.10026e-01
0.57217	9.35133e-02
0.57126	6.62591e-02
0.58740	6.97820e-02
0.57545	7.22826e-02
0.55094	8.24195e-02
0.54430	8.10886e-02
0.54848	5.79017e-02
0.52874	6.96884e-02
0.49055	8.21780e-02
0.48989	7.51750e-02
0.49013	1.03338e-01
0.45541	9.08176e-02
0.41005	8.37102e-02
0.45608	1.01660e-01
0.46258	1.05922e-01
0.46161	1.06422e-01
0.46161	1.06422e-01
0.47445	1.06099e-01
0.46817	1.02657e-01
0.50167	1.26056e-01
0.49654	1.29974e-01
0.49072	1.28790e-01
0.49935	1.24380e-01
0.50069	1.24640e-01
0.56706	8.46664e-02
0.55948	8.27680e-02
0.57208	9.46551e-02
0.54920	7.48713e-02
0.55165	7.58115e-02
0.56592	7.68961e-02
0.58521	7.62717e-02
0.60628	7.61706e-02
0.61671	6.55542e-02
0.63034	6.82748e-02
0.62165	8.15260e-02
0.60354	8.24848e-02
0.60073	8.28051e-02
0.60907	9.58149e-02
0.61588	9.75469e-02
0.61441	9.66564e-02
0.60694	1.01231e-01
0.61750	9.37399e-02
0.62850	9.34511e-02
0.64159	8.55166e-02
0.65605	1.00843e-01
0.65762	1.01215e-01
0.65458	9.72214e-02
0.64882	9.89851e-02
0.64605	9.41435e-02
0.65803	9.90197e-02
0.64390	1.11612e-01
0.64360	1.11267e-01
0.65543	1.14787e-01
0.65241	1.09199e-01
0.65794	1.11268e-01
0.67150	1.18064e-01
0.71063	8.79749e-02
0.71063	8.79749e-02
0.70876	8.86855e-02
0.71022	8.88915e-02
0.71930	9.67342e-02
0.71540	9.45700e-02
0.72424	9.16658e-02
0.72959	7.94218e-02
0.72714	7.91727e-02
0.75261	3.36474e-02
0.75502	3.36976e-02
0.75136	5.02702e-02
0.75509	5.29541e-02
0.75509	5.29541e-02
0.76377	6.11018e-02
0.76463	6.05198e-02
0.76270	6.47464e-02
0.75895	5.98461e-02
0.76070	7.51493e-02
0.77337	7.12806e-02
0.77320	9.45077e-02
0.77354	9.47290e-02
0.77635	9.85511e-02
0.77250	9.58297e-02
0.77050	9.45247e-02
0.76831	9.82772e-02
0.76831	9.82772e-02
0.76941	9.89642e-02
0.76960	9.90053e-02
0.77327	1.00802e-01
0.78196	1.00036e-01
0.78462	1.00804e-01
0.77572	1.01410e-01
0.77911	1.03133e-01
0.77911	1.03133e-01
0.79390	8.12405e-02
0.80900	7.18222e-02
0.81606	6.81903e-02
0.81606	6.81903e-02
0.81343	6.59346e-02
0.82071	7.01353e-02
0.81866	6.97618e-02
0.82003	6.38459e-02
0.82317	6.64733e-02
0.82083	6.55763e-02
0.81967	6.61092e-02
0.82971	6.56905e-02
0.83725	5.22991e-02
0.83959	5.54286e-02
0.82744	5.52650e-02
0.84088	5.11246e-02
0.84226	5.01186e-02
0.84304	5.02183e-02
0.85102	5.21992e-02
0.85208	5.25270e-02
0.85734	4.67702e-02
0.86345	4.91456e-02
0.86660	4.99341e-02
0.87211	5.32390e-02
0.86169	5.40079e-02
0.85480	5.42167e-02
0.85925	5.44335e-02
0.86306	5.55837e-02
0.86446	4.80333e-02
0.87364	4.90536e-02
0.87423	4.91112e-02
0.87901	5.17827e-02
0.87508	5.59760e-02
0.87837	5.11197e-02
0.88371	4.14359e-02
0.87615	4.19765e-02
0.87854	4.19067e-02
0.88547	4.27872e-02
0.88004	4.81268e-02
0.88093	4.85961e-02
0.88002	4.98381e-02
0.87793	5.12927e-02
0.87587	4.95752e-02
0.88392	5.09357e-02
0.87574	4.44422e-02
0.88113	4.04559e-02
0.88338	4.29456e-02
0.88338	4.29456e-02
0.88181	3.98774e-02
0.87991	3.81451e-02
0.88373	3.33598e-02
0.88209	3.41865e-02
0.88275	3.73934e-02
0.88267	3.79546e-02
0.88063	3.72028e-02
0.87825	3.76587e-02
0.87764	3.80214e-02
0.87768	3.80911e-02
0.88445	4.14924e-02
0.88180	4.07379e-02
0.88176	4.22056e-02
0.89491	3.69925e-02
0.89900	2.85627e-02
0.90072	1.81472e-02
0.90217	1.96305e-02
0.90217	1.96305e-02
0.89980	2.65729e-02
0.89595	2.71351e-02
0.89771	2.58142e-02
0.89804	2.63437e-02
0.89739	2.55232e-02
0.89977	2.72094e-02
0.89932	2.83316e-02
0.90275	3.13124e-02
0.90756	3.02198e-02
0.90133	3.27259e-02
0.90133	3.27259e-02
0.90055	3.28984e-02
0.90063	3.41564e-02
0.90684	3.07258e-02
0.90698	3.04365e-02
0.90672	3.08934e-02
0.89651	2.94706e-02
0.89899	3.30910e-02
0.89895	3.31206e-02
0.89895	3.31206e-02
0.89895	3.31206e-02
0.89409	3.12944e-02
0.89987	3.26652e-02
0.90650	2.62064e-02
0.91454	2.81802e-02
0.91536	3.03817e-02
0.91536	3.03817e-02
0.91554	3.05281e-02
0.91291	2.71738e-02
0.91170	2.54501e-02
0.91769	2.34505e-02
0.91519	1.90001e-02
0.91720	2.07488e-02
0.91933	2.24119e-02
0.92073	2.21740e-02
0.91969	2.48488e-02
0.91772	2.53622e-02
0.91657	2.53411e-02
0.91727	2.51398e-02
0.91842	2.70906e-02
0.92028	2.82101e-02
0.92034	2.81050e-02
0.91719	2.96292e-02
0.91773	3.04904e-02
0.92092	2.95323e-02
0.92304	2.75491e-02
0.92540	2.89461e-02
0.92540	2.89461e-02
0.92059	3.27579e-02
0.91562	3.49341e-02
0.91178	3.67590e-02
0.91279	3.62589e-02
0.91778	2.98106e-02
0.91707	3.00280e-02
0.92243	3.12474e-02
0.91926	3.49901e-02
0.91687	2.96188e-02
0.92037	2.55139e-02
0.91906	2.67689e-02
0.91906	2.67689e-02
0.92052	2.65899e-02
0.91790	2.62278e-02
0.92244	2.58762e-02
0.92314	2.58858e-02
0.92055	2.42061e-02
0.92055	2.42061e-02
0.92475	1.65601e-02
0.92194	1.87287e-02
0.92625	1.83005e-02
0.92437	2.15437e-02
0.92516	2.34156e-02
0.92611	1.81998e-02
0.92850	2.28638e-02
0.92850	2.28638e-02
0.93191	2.09552e-02
0.91563	1.86609e-02
0.92701	2.78146e-02
0.92701	2.78146e-02
0.92701	2.78146e-02
0.92619	2.93199e-02
0.93284	2.88320e-02
0.93576	2.97371e-02
0.93652	2.68269e-02
0.92659	2.80028e-02
0.93105	2.39931e-02
0.93291	2.21494e-02
0.93360	2.16428e-02
0.94189	2.26660e-02
0.93994	2.26292e-02
0.94254	2.22117e-02
0.94224	2.02913e-02
0.94065	2.06171e-02
0.94073	2.07759e-02
0.94340	2.24541e-02
0.93538	2.80773e-02
0.93728	2.76962e-02
0.93728	2.76962e-02
0.94276	3.02307e-02
0.94523	2.88350e-02
0.94305	2.88000e-02
0.94443	2.88754e-02
0.94443	2.88754e-02
0.94440	2.88405e-02
0.94019	2.82067e-02
0.94692	2.92868e-02
0.95430	2.38760e-02
0.95628	2.21995e-02
0.95904	2.09233e-02
0.95925	2.09716e-02
0.95790	2.14169e-02
0.95541	2.39526e-02
0.94866	2.46944e-02
0.94903	2.05407e-02
0.95018	1.83291e-02
0.94838	2.90744e-02
0.94969	3.04283e-02
0.95452	2.50144e-02
0.95555	2.60212e-02
0.95369	2.53914e-02
0.95358	2.52935e-02
0.95250	2.55552e-02
0.95763	2.70069e-02
0.95396	2.69390e-02
0.95559	2.84206e-02
0.95681	2.76572e-02
0.95684	2.76843e-02
0.94808	2.83950e-02
0.95352	2.07054e-02
0.96286	1.90343e-02
0.96286	1.90343e-02
0.96320	1.93781e-02
0.96321	1.93978e-02
0.95900	3.18197e-02
0.95522	3.03487e-02
0.95522	3.03487e-02
0.95962	2.19449e-02
0.95965	2.19763e-02
0.95400	2.06771e-02
0.95052	2.03917e-02
0.95052	2.03917e-02
0.95597	2.16668e-02
0.96349	2.68642e-02
0.95411	2.47233e-02
0.95411	2.47233e-02
0.95411	2.47233e-02
0.94602	3.61378e-02
0.94676	3.66225e-02
0.93964	3.32437e-02
0.94882	2.11926e-02
0.94882	2.11926e-02
0.94882	2.11926e-02
0.94882	2.11926e-02
0.94913	2.15593e-02
0.94430	1.61614e-02
0.94430	1.61614e-02
0.94430	1.61614e-02
0.94436	1.61814e-02
0.94376	1.69936e-02
0.94376	1.69936e-02
0.94966	2.08502e-02
0.94719	1.88848e-02
0.94719	1.88848e-02
0.95269	1.94402e-02
0.95269	1.94402e-02
0.95127	2.31901e-02
0.95127	2.31901e-02
0.95127	2.31901e-02
0.96085	1.20274e-02
0.96085	1.20274e-02
0.96149	1.30016e-02
0.95807	1.64596e-02
0.95807	1.64596e-02
0.96544	1.04620e-02
0.96539	1.06404e-02
0.96539	1.06404e-02
0.96539	1.06404e-02
0.96539	1.06404e-02
0.96537	1.06124e-02
0.96169	1.28665e-02
0.96223	1.25811e-02
0.96220	1.25985e-02
0.96259	1.24158e-02
0.96264	1.24792e-02
0.96380	1.29873e-02
0.96484	1.42314e-02
0.96484	1.42314e-02
0.96867	1.11531e-02
0.96867	1.11531e-02
0.96867	1.11531e-02
0.96867	1.11531e-02
0.97529	1.20477e-02
0.95900	3.51918e-04
0.95900	3.51918e-04
0.95896	3.13503e-04
0.95896	3.13503e-04
0.95896	3.13503e-04
0.96913	9.85918e-03
0.96913	9.85918e-03
0.96913	9.85918e-03
0.95934	6.79092e-05
0.95934	6.79092e-05
0.96925	9.97510e-03
0.96954	9.68427e-03
0.96954	9.68427e-03
0.96981	9.95645e-03
0.95986	0.00000e+00
0.97941	0.00000e+00
0.97941	0.00000e+00
0.97941	0.00000e+00
0.97941	0.00000e+00
0.97941	0.00000e+00
0.97941	0.00000e+00
0.97941	0.00000e+00
0.98370	0.00000e+00
