0.98696	4.78137e-03
0.97212	1.06080e-02
0.95354	1.36595e-02
0.95107	1.34297e-02
0.94602	1.43387e-02
0.93801	2.13040e-02
0.93037	3.24592e-02
0.92682	1.95339e-02
0.91943	2.46913e-02
0.90980	2.68038e-02
0.90402	3.57380e-02
0.89149	2.95863e-02
0.88689	4.03850e-02
0.86813	2.47004e-02
0.87037	2.65653e-02
0.86716	2.97150e-02
0.85899	2.90435e-02
0.84690	3.17980e-02
0.82556	4.21257e-02
0.82057	3.60248e-02
0.79291	4.54992e-02
0.77584	4.00830e-02
0.78495	3.03234e-02
0.76770	5.99102e-02
0.73188	4.31824e-02
0.73928	4.58106e-02
0.72646	5.96306e-02
0.72435	4.88152e-02
0.70991	3.57258e-02
0.70990	5.45928e-02
0.70940	2.46253e-02
0.71778	5.45791e-02
0.69345	8.15535e-02
0.67838	7.39964e-02
0.67824	7.96797e-02
0.68916	7.93108e-02
0.65632	5.42086e-02
0.67423	7.46148e-02
0.62703	7.87191e-02
0.62950	8.26942e-02
0.62531	7.30107e-02
0.61634	5.96222e-02
0.61261	8.00240e-02
0.61634	7.97158e-02
0.61532	3.87281e-02
0.60732	5.56517e-02
0.58401	5.24116e-02
0.58740	7.10798e-02
0.60116	6.21160e-02
0.59902	5.26020e-02
0.57119	6.15220e-02
0.60378	5.89632e-02
0.57123	8.44827e-02
0.59165	5.56915e-02
0.59699	6.43691e-02
0.55545	6.76838e-02
0.56349	8.93477e-02
0.54935	7.92428e-02
0.55439	9.68871e-02
0.52883	8.95638e-02
0.53820	8.18553e-02
0.54889	7.13266e-02
0.53074	8.88655e-02
0.54828	7.26388e-02
0.54713	7.73151e-02
0.57351	7.02616e-02
0.56760	6.91344e-02
0.58763	7.26243e-02
0.55935	5.33090e-02
0.56893	8.59403e-02
0.52104	8.70582e-02
0.56699	6.47368e-02
0.54698	8.76600e-02
0.54852	9.02135e-02
0.55036	7.93096e-02
0.55863	8.19577e-02
0.53137	5.07071e-02
0.52298	8.07168e-02
0.54179	8.01327e-02
0.57324	5.77089e-02
0.58926	6.75869e-02
0.55765	7.75098e-02
0.57090	5.42441e-02
0.55576	8.24265e-02
0.52328	7.02967e-02
0.52906	1.17827e-01
0.54954	9.88972e-02
0.51534	8.35500e-02
0.50554	1.00248e-01
0.54852	1.10251e-01
0.51808	1.00411e-01
0.48517	1.03833e-01
0.52556	9.21045e-02
0.52347	9.44539e-02
0.43674	1.13961e-01
0.41237	1.29562e-01
0.42117	1.14950e-01
0.38819	1.36831e-01
0.43067	1.00656e-01
0.46747	8.82379e-02
0.46747	8.82379e-02
0.48274	8.58431e-02
0.49436	9.97514e-02
0.48685	1.01268e-01
0.50074	9.12830e-02
0.52136	6.96676e-02
0.51929	7.04273e-02
0.52397	7.02127e-02
0.53162	6.79615e-02
0.53373	6.63336e-02
0.54793	8.75302e-02
0.54853	7.67454e-02
0.54853	7.67454e-02
0.54320	7.98612e-02
0.53818	9.31599e-02
0.54559	8.80863e-02
0.54559	8.80863e-02
0.53235	8.68490e-02
0.53235	8.68490e-02
0.53235	8.68490e-02
0.52934	8.33742e-02
0.56126	9.00660e-02
0.56724	9.22143e-02
0.56792	9.28343e-02
0.57534	9.36581e-02
0.57534	9.36581e-02
0.59790	9.97559e-02
0.59875	1.01555e-01
0.59826	1.13818e-01
0.59826	1.13818e-01
0.61685	1.11096e-01
0.62257	1.11422e-01
0.62135	1.10861e-01
0.61897	9.75428e-02
0.61553	1.07184e-01
0.61854	1.09844e-01
0.63976	1.07502e-01
0.65149	9.15455e-02
0.65645	9.47059e-02
0.65652	9.19266e-02
0.64929	9.85605e-02
0.66316	9.20781e-02
0.66316	9.20781e-02
0.65897	9.10273e-02
0.68732	6.11788e-02
0.68984	5.74066e-02
0.70011	5.93954e-02
0.67936	7.69670e-02
0.67932	7.69606e-02
0.68439	7.83561e-02
0.69169	6.47463e-02
0.70223	6.36564e-02
0.70869	5.65842e-02
0.71832	6.62025e-02
0.75244	6.45264e-02
0.76830	5.85093e-02
0.76615	5.00502e-02
0.76715	6.14246e-02
0.77532	5.54999e-02
0.77552	5.56791e-02
0.77523	5.28562e-02
0.78345	5.57976e-02
0.78345	5.57976e-02
0.78919	5.59581e-02
0.79094	5.73556e-02
0.79045	5.70593e-02
0.78554	6.63343e-02
0.79184	4.47065e-02
0.78877	5.09260e-02
0.78717	5.03705e-02
0.80036	5.07640e-02
0.80336	5.14038e-02
0.80336	5.14038e-02
0.80277	5.07062e-02
0.80280	5.07333e-02
0.80714	5.06596e-02
0.80763	5.11362e-02
0.81077	4.63725e-02
0.81602	5.23588e-02
0.81672	5.11956e-02
0.81238	5.31956e-02
0.80379	4.77991e-02
0.81203	5.28124e-02
0.81221	5.53089e-02
0.80681	6.79895e-02
0.80699	6.26865e-02
0.80804	6.39413e-02
0.81761	7.22236e-02
0.82592	6.88466e-02
0.82925	7.12530e-02
0.83637	6.52649e-02
0.83517	5.12383e-02
0.83802	5.14265e-02
0.83522	5.23749e-02
0.83754	5.25087e-02
0.84053	5.40430e-02
0.84807	5.30730e-02
0.85227	4.33623e-02
0.84519	5.65292e-02
0.84912	5.88186e-02
0.84856	6.03807e-02
0.85240	6.44455e-02
0.86057	5.76930e-02
0.85773	6.06235e-02
0.86542	5.84987e-02
0.86488	5.79854e-02
0.86488	5.79854e-02
0.87480	4.76322e-02
0.87480	4.76421e-02
0.87643	5.14105e-02
0.88096	4.82818e-02
0.88654	4.39874e-02
0.88789	4.31504e-02
0.88488	4.68078e-02
0.88471	4.26400e-02
0.88498	4.05044e-02
0.88401	4.07334e-02
0.87862	2.88379e-02
0.87984	3.38361e-02
0.87984	3.38361e-02
0.87721	3.12094e-02
0.87827	3.07046e-02
0.87917	3.34230e-02
0.87824	3.37805e-02
0.88446	4.21363e-02
0.89323	3.86203e-02
0.89323	3.86203e-02
0.88959	4.24754e-02
0.89253	4.55830e-02
0.88585	4.35240e-02
0.88006	4.45533e-02
0.88559	4.68762e-02
0.88837	4.63548e-02
0.88315	4.48464e-02
0.88148	4.00258e-02
0.87821	3.91152e-02
0.87625	3.69555e-02
0.87951	3.40288e-02
0.89138	3.46397e-02
0.89790	2.78963e-02
0.89393	3.32524e-02
0.89587	3.47064e-02
0.89587	3.47064e-02
0.89231	3.55087e-02
0.88847	3.65043e-02
0.89239	3.37103e-02
0.89271	3.75316e-02
0.90300	3.48316e-02
0.89491	3.51928e-02
0.90491	3.28388e-02
0.90328	3.04397e-02
0.90218	2.76845e-02
0.90614	2.53880e-02
0.90780	2.35672e-02
0.91049	2.34248e-02
0.90823	2.60438e-02
0.90796	2.57388e-02
0.90924	2.62888e-02
0.90948	2.63830e-02
0.91416	2.35388e-02
0.91021	2.76846e-02
0.90709	2.95173e-02
0.91017	3.01570e-02
0.90878	3.10990e-02
0.90731	3.03173e-02
0.90522	3.36105e-02
0.90522	3.36105e-02
0.90933	3.33122e-02
0.90933	3.33122e-02
0.90514	3.43404e-02
0.90702	3.39015e-02
0.90358	2.96556e-02
0.90057	2.68451e-02
0.90293	2.84068e-02
0.90688	2.60625e-02
0.90707	2.62749e-02
0.90677	2.61636e-02
0.91115	2.72445e-02
0.90619	2.94639e-02
0.90898	2.83359e-02
0.91101	2.96359e-02
0.92266	2.83257e-02
0.91930	3.08026e-02
0.92275	2.82780e-02
0.92556	2.87256e-02
0.92184	2.55907e-02
0.91587	2.93756e-02
0.91820	2.74816e-02
0.93135	2.49721e-02
0.93135	2.49721e-02
0.92641	2.48596e-02
0.92627	2.37925e-02
0.92902	2.21373e-02
0.92400	2.65785e-02
0.92319	2.58888e-02
0.91866	2.94549e-02
0.91520	3.11081e-02
0.92322	2.80470e-02
0.92455	3.01128e-02
0.91624	3.18210e-02
0.92373	3.69878e-02
0.92548	3.55932e-02
0.92078	3.23494e-02
0.92094	3.18046e-02
0.92153	3.19088e-02
0.92031	2.98661e-02
0.91827	2.30666e-02
0.91827	2.30666e-02
0.92651	1.85612e-02
0.92654	1.85804e-02
0.92001	1.92827e-02
0.92816	2.54505e-02
0.92378	2.96685e-02
0.93056	3.21504e-02
0.93352	3.03570e-02
0.93721	2.84776e-02
0.94218	2.36069e-02
0.93972	2.81020e-02
0.93563	3.17579e-02
0.93908	2.86960e-02
0.93674	2.53637e-02
0.93352	2.06956e-02
0.93024	2.20641e-02
0.93203	1.98878e-02
0.93656	2.32125e-02
0.93028	2.87571e-02
0.93041	2.88871e-02
0.92482	2.89509e-02
0.93357	2.99344e-02
0.93967	2.34943e-02
0.93863	2.83036e-02
0.93327	3.41106e-02
0.93400	2.94709e-02
0.93723	2.75363e-02
0.93307	3.04068e-02
0.93513	2.77341e-02
0.93805	2.92209e-02
0.94234	3.20168e-02
0.94277	3.24135e-02
0.94233	3.86635e-02
0.95044	2.98587e-02
0.94550	2.84999e-02
0.94027	2.82332e-02
0.93850	2.63916e-02
0.93686	2.55902e-02
0.93686	2.55902e-02
0.93374	2.49437e-02
0.93654	2.73190e-02
0.94421	2.97793e-02
0.94400	2.70650e-02
0.94321	3.07422e-02
0.94418	2.96276e-02
0.94274	3.60659e-02
0.94721	3.55463e-02
0.94386	3.88110e-02
0.94187	3.71730e-02
0.94478	3.60802e-02
0.94783	3.44638e-02
0.94783	3.44638e-02
0.94667	3.20873e-02
0.94668	3.21026e-02
0.94730	3.19833e-02
0.94507	3.62397e-02
0.94610	3.66349e-02
0.94184	3.61921e-02
0.94026	3.52129e-02
0.94222	3.38193e-02
0.94114	3.46408e-02
0.94260	2.92900e-02
0.94742	3.08759e-02
0.95172	2.95435e-02
0.94904	2.75650e-02
0.94163	2.45291e-02
0.94492	2.76348e-02
0.94240	2.56709e-02
0.94490	2.76088e-02
0.94474	2.75890e-02
0.94697	3.00777e-02
0.95554	2.53492e-02
0.95679	2.04292e-02
0.95929	2.23576e-02
0.96445	2.05495e-02
0.96681	1.92508e-02
0.96135	2.86520e-02
0.95913	2.90094e-02
0.95913	2.90094e-02
0.96884	1.61809e-02
0.96523	1.46435e-02
0.96283	1.53938e-02
0.95793	1.58725e-02
0.95579	1.73844e-02
0.95910	1.56121e-02
0.95693	1.68067e-02
0.96314	7.21319e-03
0.96071	1.73475e-02
0.96354	1.99314e-02
0.96686	2.16622e-02
0.97825	7.71175e-03
0.97015	8.07395e-03
0.97347	9.68836e-03
0.97670	1.07352e-02
0.97484	1.08484e-02
0.97896	5.25073e-03
0.97293	6.73509e-03
0.97738	2.11920e-03
0.97738	2.11920e-03
0.97308	5.68628e-03
0.96985	6.53512e-03
0.96985	6.53512e-03
0.97003	1.13625e-02
0.97059	1.17765e-02
0.96746	1.20673e-02
0.97409	8.37859e-03
0.96757	5.29936e-03
0.96757	5.29936e-03
0.96757	5.29936e-03
0.97457	9.12492e-03
0.97105	7.38197e-03
0.96591	1.64189e-03
0.97594	1.16626e-02
0.97594	1.16626e-02
0.97474	1.04704e-02
0.97474	1.04704e-02
0.97474	1.04704e-02
0.97474	1.04704e-02
0.98487	3.42703e-04
0.98487	3.42703e-04
0.98487	3.42703e-04
0.98487	3.42703e-04
0.98487	3.42703e-04
0.98638	1.84944e-03
0.98453	0.00000e+00
0.98453	0.00000e+00
0.96558	0.00000e+00
0.96558	0.00000e+00
0.96558	0.00000e+00
0.96558	0.00000e+00
0.96558	0.00000e+00
0.96558	0.00000e+00
0.96558	0.00000e+00
0.96558	0.00000e+00
0.96558	0.00000e+00
0.96558	0.00000e+00
0.98556	0.00000e+00
0.98432	0.00000e+00
