0.85299	2.67011e-03
0.83886	1.21278e-04
0.81808	9.72440e-04
0.80594	5.94829e-03
0.78667	5.57673e-04
0.76367	9.88460e-03
0.76893	9.06799e-03
0.74401	8.43150e-03
0.74228	9.86201e-03
0.73061	1.15085e-02
0.71535	1.65179e-02
0.68574	1.06478e-02
0.70725	1.89561e-02
0.67433	3.70961e-03
0.64711	4.35006e-03
0.66431	2.79463e-02
0.64284	1.04194e-02
0.62952	3.80144e-03
0.61342	1.24810e-03
0.61149	1.64272e-02
0.59186	1.82933e-02
0.58529	4.39101e-04
0.55390	2.94028e-02
0.58036	1.05207e-02
0.56260	2.84839e-02
0.54391	3.36393e-02
0.52991	1.68278e-02
0.52820	4.66335e-02
0.51250	1.41569e-02
0.49943	4.37321e-03
0.52140	3.05652e-02
0.52054	1.14377e-02
0.45809	1.61239e-02
0.47170	9.69663e-03
0.43909	1.37959e-02
0.48436	7.13576e-03
0.42854	1.05780e-03
0.41251	4.00735e-04
0.43411	1.25759e-02
0.38007	1.17782e-02
0.41749	5.21661e-03
0.31710	5.33642e-02
0.34027	7.58643e-03
0.35590	1.27898e-02
0.37147	4.81612e-02
0.31658	3.83091e-02
0.24791	7.80529e-03
0.29059	1.05547e-02
0.22714	3.73451e-02
0.25617	6.39035e-02
0.19957	6.09669e-02
0.15575	9.65587e-02
0.23103	4.76059e-02
0.19931	7.85937e-02
0.28917	4.32049e-02
0.24342	1.06905e-02
0.29394	2.47924e-02
0.19358	3.93320e-02
0.29269	6.71601e-02
0.18655	2.28933e-02
0.20390	4.79535e-02
0.23270	1.04894e-02
0.17214	4.15617e-02
0.13422	1.42038e-02
0.10355	2.27299e-02
0.10796	3.13492e-02
0.15766	7.55706e-03
0.15095	4.94228e-02
0.23787	3.14975e-02
0.17102	7.68628e-02
0.14756	2.33960e-02
0.16711	3.57890e-03
0.07268	2.35725e-02
0.13780	3.50502e-02
0.13601	8.14459e-02
0.10233	8.05972e-03
0.09203	4.79628e-03
0.11203	3.55566e-02
0.11280	2.56569e-02
0.12164	2.93319e-02
0.14053	3.60134e-02
0.05960	7.39199e-03
0.08877	1.28977e-02
0.06875	3.30661e-02
0.10148	5.83031e-02
0.10097	4.45996e-03
0.11827	9.25985e-03
0.11772	3.06163e-02
0.13304	1.62520e-02
0.03645	1.93154e-02
0.15011	6.46622e-03
0.13452	6.43574e-02
0.10826	4.21959e-02
0.13313	2.55629e-02
0.11693	2.28399e-02
0.10952	3.50971e-02
0.07761	2.93668e-03
0.05386	2.74308e-02
0.09377	2.58128e-02
0.10488	3.19596e-02
0.04751	1.75543e-02
0.04481	3.54643e-02
0.10776	4.00964e-03
0.08575	7.64356e-03
0.08835	4.40035e-02
0.05472	2.63057e-02
0.06730	2.76700e-02
0.08774	2.39273e-02
0.08897	1.74402e-02
0.07278	2.03326e-02
0.11826	3.91898e-02
0.05718	2.42364e-03
0.07656	1.13247e-02
0.05923	3.30880e-02
0.13267	5.64040e-03
0.05693	1.09328e-02
0.07444	1.31368e-02
0.07110	2.09707e-03
0.08831	3.20531e-02
0.09396	7.17882e-03
0.04787	1.72251e-02
0.09638	1.20527e-02
0.05624	5.20004e-04
0.07559	2.04668e-03
0.07717	2.00942e-02
0.03714	2.77088e-02
0.03139	2.60056e-02
0.03609	3.69599e-03
0.05403	1.40063e-02
0.06991	1.86006e-02
0.04961	6.94583e-03
0.06930	6.16846e-02
0.07845	2.05740e-02
0.01366	3.27011e-03
0.04765	4.33818e-03
0.05561	1.20813e-02
0.03150	9.58235e-03
0.06741	3.12189e-02
0.03013	1.15705e-02
0.03188	1.90114e-02
0.03368	6.40590e-03
0.03640	2.67523e-02
0.07377	4.04631e-03
0.03496	3.38744e-03
0.08256	5.95555e-02
0.05925	3.90715e-02
0.02736	8.06411e-03
0.02718	2.90472e-03
0.09972	2.56910e-02
0.02218	5.48412e-03
0.08708	4.76176e-02
0.04676	2.32722e-03
0.05630	2.46780e-03
0.03432	1.33162e-02
0.06569	9.81201e-03
0.06826	1.49153e-02
0.06935	1.22410e-02
0.07968	3.74197e-02
0.03316	1.65191e-02
0.05068	6.63654e-04
0.06873	8.21733e-03
0.05203	1.06107e-02
0.06670	1.91765e-04
0.03220	6.98339e-03
0.01829	1.83430e-03
0.01921	3.04263e-03
0.05853	5.38774e-03
0.08838	7.57865e-03
0.03642	4.82021e-03
0.04764	2.66953e-03
0.06507	1.05681e-02
0.00968	2.18623e-03
0.02901	2.47594e-02
0.04638	3.15326e-03
0.05075	2.47279e-02
0.03646	1.57677e-02
0.08870	1.55476e-02
0.03255	1.53727e-02
0.05107	6.41303e-03
0.03337	1.78507e-02
0.03761	2.51656e-02
0.07204	9.14807e-03
0.05198	6.13485e-03
0.05145	9.79157e-04
0.03506	1.35401e-02
0.03229	7.51340e-03
0.01396	5.60977e-03
0.03924	7.30423e-03
0.04822	8.04887e-03
0.02258	1.33617e-02
0.06179	8.79966e-03
0.04703	3.10169e-02
0.04501	1.29244e-02
0.02342	1.16183e-02
0.04521	2.08834e-02
0.05657	4.84510e-03
0.04611	2.02715e-02
0.02734	1.80781e-02
0.03034	1.11040e-02
0.04735	1.82494e-03
0.04498	1.41566e-03
0.06983	2.26041e-02
0.06969	1.41467e-02
0.03793	2.49200e-03
0.03752	1.64173e-02
0.03168	1.75656e-02
0.03972	5.67254e-03
0.04246	1.31891e-02
0.03826	7.93951e-03
0.04593	1.14302e-02
0.04229	6.43754e-03
0.02940	9.20998e-03
0.04536	4.85486e-03
0.04349	3.00307e-02
0.02945	8.75485e-03
0.04259	3.00054e-02
0.02829	4.90350e-03
0.02617	3.12872e-04
0.02921	4.04898e-03
0.02125	1.31999e-02
0.03681	2.10881e-02
0.03411	2.09216e-03
0.03422	1.87381e-03
0.02757	8.82470e-03
0.05632	3.94135e-02
0.06488	7.64589e-04
0.03837	1.25240e-02
0.02208	4.67665e-03
0.04514	8.02228e-03
0.04908	3.73625e-02
0.01693	2.33932e-03
0.02161	5.48903e-03
0.02757	1.55951e-02
0.01972	3.04435e-03
0.03448	5.65508e-04
0.03172	2.62348e-02
0.06791	2.90765e-02
0.03032	1.43988e-03
0.03438	2.95124e-03
0.01538	7.26325e-03
0.01662	2.98041e-03
0.05218	1.71089e-02
0.02490	1.51649e-02
0.02961	9.46973e-03
0.03087	1.04440e-02
0.03837	5.19963e-03
0.02441	1.73010e-03
0.03314	8.17937e-03
0.03224	4.99344e-03
0.03654	1.69391e-02
0.03783	4.43966e-03
0.03809	4.63653e-03
0.01581	1.05242e-02
0.02887	1.68035e-02
0.02181	2.73802e-05
0.01018	1.44346e-03
0.03359	5.49945e-03
0.01564	2.77342e-03
0.03343	8.17270e-03
0.05241	7.35321e-03
0.03149	2.19226e-02
0.03455	2.54703e-03
0.02727	7.78464e-03
0.02722	1.11545e-02
0.01831	2.23803e-03
0.04214	1.15058e-02
0.02261	1.49978e-02
0.03510	1.99517e-03
0.05154	3.39886e-02
0.01227	8.73261e-04
0.02746	5.80990e-03
0.04409	1.63514e-02
0.04907	2.14567e-02
0.04304	1.92204e-02
0.03105	2.79936e-03
0.03004	5.81817e-04
0.03038	1.39045e-03
0.02817	1.65145e-02
0.01220	8.59098e-03
0.02376	1.81080e-02
0.03381	2.73182e-03
0.03894	2.17827e-02
0.03542	2.67419e-02
0.04102	1.17326e-02
0.01368	4.57059e-03
0.04587	8.45930e-03
0.02146	2.14799e-04
0.04688	1.25124e-03
0.05096	3.04309e-02
0.03579	1.89846e-03
0.04201	4.28336e-03
0.04934	1.46120e-02
0.02047	1.11598e-02
0.04455	1.04262e-02
0.03122	3.91619e-03
0.04640	4.19770e-03
0.04940	1.49326e-02
0.07014	1.68419e-02
0.03287	9.82854e-03
0.03513	1.84053e-02
0.02524	1.13626e-02
0.02263	1.36799e-03
0.06188	5.75529e-03
0.03512	1.78813e-02
0.05813	1.07993e-02
0.06381	5.09946e-03
0.04230	5.97334e-03
0.03972	2.33690e-02
0.02478	7.08731e-03
0.02113	1.50693e-02
0.04353	4.77152e-03
0.05996	2.20402e-02
0.03697	3.14005e-02
0.02120	1.63084e-03
0.02368	1.65474e-02
0.03787	8.45084e-03
0.04211	1.00046e-02
0.02856	2.15733e-02
0.02853	2.51499e-03
0.03679	5.79722e-03
0.03845	4.12509e-03
0.06566	6.08817e-03
0.02625	7.78137e-03
0.00851	1.50682e-03
0.02178	1.13997e-02
0.02624	1.10541e-02
0.01794	6.80054e-03
0.03725	5.39883e-04
0.04243	4.82969e-03
0.03475	1.29959e-02
0.05274	3.12738e-02
0.03835	2.98255e-02
0.04443	8.81076e-03
0.03076	4.63254e-03
0.05002	1.08224e-02
0.04251	5.23733e-03
0.04265	5.25333e-04
0.03680	2.10671e-02
0.00857	2.21738e-04
0.02726	7.41044e-03
0.01920	1.05206e-02
0.03302	4.65519e-03
0.02313	3.43337e-03
0.01532	7.77553e-03
0.01386	6.11337e-03
0.02963	2.48380e-03
0.03219	8.13607e-05
0.04336	2.20044e-02
0.01875	7.08454e-03
0.02228	1.35422e-03
0.03596	1.69274e-02
0.03768	4.09908e-03
0.02825	5.98751e-03
0.02483	1.46290e-02
0.01851	2.25938e-03
0.04280	1.01762e-02
0.02855	4.40787e-03
0.03292	1.06227e-02
0.03251	3.55435e-03
0.02358	2.14741e-02
0.02363	1.51913e-02
0.02973	1.91870e-02
0.01794	1.03204e-02
0.02975	3.87252e-03
0.04249	2.80046e-02
0.01576	4.28549e-03
0.05888	2.09903e-02
0.03070	1.55262e-02
0.02097	2.38734e-03
0.04905	2.21214e-02
0.01606	2.03730e-03
0.03081	6.36772e-03
0.03172	2.10622e-02
0.01162	9.31012e-03
0.04033	2.50585e-03
0.03461	9.52466e-03
0.03143	1.36867e-03
0.02276	1.83790e-03
0.03781	2.41166e-03
0.01974	7.96979e-03
0.05721	1.76707e-04
0.04660	1.17003e-03
0.01516	9.89276e-03
0.02533	2.12000e-02
0.02078	1.45459e-02
0.01518	5.32880e-03
0.02972	1.40762e-02
0.03306	2.00813e-02
0.01481	4.16263e-03
0.03617	7.33289e-03
0.01758	6.97331e-04
0.01428	6.45644e-03
0.02233	1.39673e-02
0.02143	7.62801e-03
0.02861	1.13068e-02
0.03326	7.70122e-03
0.03237	2.01013e-03
0.06186	1.44679e-02
0.03260	5.33775e-03
0.02442	2.56422e-03
0.04051	5.03889e-03
0.01847	1.04448e-02
0.03624	1.12130e-02
0.04224	1.35298e-02
0.02295	1.46977e-02
0.03821	1.87286e-02
0.02534	2.98937e-03
0.03644	2.38556e-02
0.03094	1.24467e-02
0.01912	2.61555e-03
0.02940	9.50436e-04
0.01595	1.12839e-02
0.02032	1.04999e-02
0.02335	9.68782e-03
0.03111	6.00193e-03
0.03276	1.29604e-02
0.02486	6.26993e-03
0.01912	2.37139e-03
0.03202	1.50891e-02
0.03318	4.38424e-03
0.02371	5.81901e-03
0.03820	1.78538e-02
0.03409	9.49311e-03
0.01646	4.63477e-03
0.01886	2.42896e-03
0.02059	1.42961e-03
0.04660	4.66232e-03
0.02639	1.35601e-03
0.03264	9.39309e-03
0.00929	4.15704e-03
0.03405	9.61069e-03
0.02316	5.33670e-03
0.02631	2.32991e-03
0.03165	1.69272e-03
0.03764	1.55190e-02
0.04341	2.28782e-02
0.03269	1.68181e-02
0.02576	1.61413e-02
0.02013	9.90368e-03
0.02396	5.30441e-03
0.02967	1.86259e-02
0.03873	1.14496e-03
0.03101	1.26865e-02
0.01102	4.65052e-03
0.02167	1.70856e-02
0.03537	1.39855e-02
0.03300	1.99159e-03
0.04516	2.57970e-03
0.01130	4.08056e-03
0.04430	2.21777e-02
0.03482	3.30341e-03
0.02133	1.76159e-02
0.02264	5.38292e-03
0.03261	1.23228e-02
0.02381	5.35676e-04
0.04240	1.14149e-02
0.03574	5.06299e-03
0.02156	6.22481e-03
0.02561	5.70662e-04
0.02755	6.06065e-03
0.02005	8.52427e-03
0.02625	2.26352e-02
0.01473	4.74289e-03
0.04850	1.84776e-02
0.02228	3.34816e-03
0.01433	5.63202e-03
0.03165	7.15469e-03
0.02841	6.55052e-03
0.01954	7.16141e-03
0.00659	1.68484e-03
0.02040	8.75009e-03
0.02135	1.12106e-03
0.03485	9.07429e-03
0.02687	3.81508e-03
0.02725	1.45520e-02
0.03385	1.22001e-02
0.03070	4.25573e-03
0.01933	2.40709e-04
0.02759	1.63655e-02
0.03446	8.40867e-04
0.02823	1.40452e-02
0.01703	8.29498e-04
0.04982	2.47081e-03
0.02712	2.97055e-03
0.03511	5.63387e-03
0.04229	4.96899e-03
0.02060	7.61153e-03
0.01388	1.62028e-03
0.02741	6.82184e-04
0.01463	1.28172e-03
0.02010	7.91357e-03
0.03062	3.64298e-03
0.01242	2.80478e-03
0.01353	2.26394e-03
0.03966	8.04407e-03
0.03906	8.32754e-03
0.03097	4.17242e-03
0.03731	1.39489e-03
0.01766	6.23654e-03
0.02183	4.81708e-03
0.02198	6.09469e-03
0.02887	7.75086e-03
0.04320	1.61410e-02
0.01874	2.01476e-03
0.03398	7.55537e-04
0.02323	9.91017e-03
0.02607	1.07636e-02
0.02170	9.03572e-03
0.03845	8.72960e-03
0.02692	7.17201e-03
0.03452	3.53860e-03
0.04052	1.63395e-02
0.04114	1.67229e-02
0.02291	1.24843e-02
0.02615	7.56784e-03
0.02936	1.44985e-02
0.03780	1.26889e-03
0.00761	1.93800e-04
0.02913	4.03831e-04
0.01007	7.58723e-03
0.03479	1.52370e-02
0.02979	4.20136e-03
0.01805	1.33709e-03
0.04290	1.98935e-02
0.00690	2.64693e-03
0.01720	5.97104e-03
0.04314	9.27657e-03
0.04174	1.71606e-02
0.01302	9.86545e-03
0.01290	1.42499e-03
0.03912	1.53436e-03
0.02404	9.38747e-03
0.01702	1.25468e-02
0.02007	1.26270e-02
0.02151	3.41536e-03
0.03903	7.92998e-03
0.03703	9.29151e-03
0.02554	3.26323e-03
0.01910	1.07737e-02
0.01854	3.10150e-03
0.03602	2.48018e-03
0.03563	1.73600e-02
0.02177	1.13489e-02
0.04425	1.15405e-02
0.02252	1.51590e-03
0.03995	1.00600e-02
0.02254	9.83422e-03
0.04866	7.85157e-03
0.02986	5.79932e-04
0.02123	7.13714e-03
0.03618	6.46915e-03
0.02770	1.17931e-03
0.02426	4.57896e-04
0.02701	3.30129e-03
0.01905	5.04318e-04
0.03180	3.02643e-02
0.03941	1.65082e-02
0.00818	8.46912e-04
0.03366	3.05129e-03
0.03191	1.02858e-03
0.01619	1.67266e-03
0.02171	8.43486e-03
0.02919	7.00138e-03
0.01326	9.09088e-03
0.01851	1.12505e-02
0.02549	2.96820e-03
0.01889	7.64602e-03
0.02737	1.70824e-02
0.02244	6.26562e-03
0.03467	2.13099e-02
0.03638	1.08354e-02
0.04095	1.79233e-02
0.02100	1.39144e-02
0.02909	1.53845e-02
0.02162	2.68796e-03
0.02443	1.65430e-02
0.01459	6.74248e-04
0.04029	7.07411e-03
0.01817	5.43395e-03
0.01346	3.82815e-03
0.02000	1.68492e-02
0.04864	2.02650e-02
0.02086	4.32095e-03
0.04505	9.19164e-03
0.03368	7.85866e-03
0.02152	5.15191e-04
0.00624	4.25041e-03
0.01621	1.46319e-03
0.03529	1.16187e-02
0.03246	8.26532e-03
0.04491	1.15507e-02
0.04923	2.37689e-02
0.04243	1.62912e-02
0.01207	4.05322e-03
0.01171	3.53090e-03
0.03300	2.70629e-02
0.04071	1.57939e-02
0.02734	1.83199e-03
0.02815	1.28331e-02
0.02379	4.30085e-03
0.02945	4.98163e-03
0.02743	9.76713e-03
0.04088	6.05423e-03
0.01856	4.77874e-03
0.02035	8.24583e-03
0.03337	7.18647e-04
0.01834	1.41747e-04
0.01984	2.89669e-03
0.05204	9.67458e-03
0.03779	5.89184e-03
0.02014	8.50067e-03
0.03105	5.75238e-03
0.02452	4.20062e-03
0.01588	6.18427e-04
0.03547	9.62973e-03
0.00986	8.39372e-04
0.02426	1.19748e-02
0.04036	3.38493e-04
0.02211	2.86126e-03
0.04184	6.41987e-04
0.02152	6.81946e-03
0.03860	8.10933e-03
0.02395	1.98065e-02
0.02311	1.27356e-03
0.02960	8.91098e-03
0.02226	8.46263e-03
0.01588	5.41587e-03
0.04265	1.08553e-02
0.01642	3.90897e-03
0.01970	9.55687e-03
0.01227	2.45442e-03
0.01081	4.47760e-03
0.01131	2.94327e-03
0.03594	3.78379e-03
0.01910	1.94383e-03
0.02277	1.22781e-03
0.03915	6.15563e-03
0.05086	2.47204e-02
0.02131	2.75589e-04
0.01802	3.05552e-04
0.03042	3.68586e-03
0.02121	1.13570e-02
0.02080	5.26725e-03
0.03205	1.93420e-02
0.04204	1.71684e-02
0.02278	1.84237e-03
0.03554	7.01000e-04
0.01731	1.18669e-02
0.02714	3.63974e-03
0.02102	9.65748e-03
0.03200	1.42395e-02
0.00911	7.36104e-04
0.02826	3.29050e-03
0.01501	6.18160e-03
0.01434	1.87749e-03
0.01839	2.25973e-03
0.04895	6.66419e-03
0.03018	4.20998e-03
0.03001	1.09027e-02
0.04191	3.02260e-03
0.01398	8.67328e-03
0.03863	1.42254e-02
0.02791	6.33550e-03
0.03372	1.41073e-02
0.05614	1.59934e-05
0.01586	1.75429e-04
0.01636	5.33700e-04
0.03293	7.51290e-05
0.03195	5.27120e-03
0.02521	1.05259e-02
0.02962	2.83693e-03
0.02390	7.71940e-03
0.02646	1.55613e-02
0.03010	2.43384e-02
0.02773	5.18910e-03
0.02799	1.79945e-02
0.03720	7.59592e-03
0.01708	8.75092e-03
0.01543	8.91072e-03
0.03656	1.35912e-02
0.01967	2.20013e-03
0.02905	7.30293e-03
0.02097	3.16882e-03
0.01718	1.03298e-02
0.01901	7.07410e-03
0.01407	1.24414e-02
0.02904	3.51492e-03
0.03562	9.22742e-03
0.04284	3.32998e-02
0.02796	5.58435e-03
0.01736	1.53085e-02
0.03016	2.26898e-04
0.01404	1.05882e-02
0.03250	7.61792e-03
0.02906	1.98449e-02
0.03765	2.18834e-02
0.01915	2.14029e-03
0.02617	1.17162e-02
0.03611	7.37599e-04
0.01002	2.62511e-03
0.03642	1.16067e-02
0.03040	2.36596e-03
0.03643	1.92318e-03
0.03321	1.20576e-02
0.04190	2.30276e-02
0.04073	6.24180e-03
0.03183	2.59908e-02
0.03152	4.38899e-03
0.03368	9.46755e-03
0.02196	3.94698e-03
0.03181	1.11030e-02
0.04639	1.70692e-03
0.02035	6.80945e-03
0.03318	2.73898e-02
0.04665	1.03249e-02
0.02376	2.57181e-03
0.01784	5.63475e-03
0.02550	5.52144e-03
0.03425	1.20748e-02
0.02136	5.63360e-03
0.02682	1.82339e-02
0.03817	1.14700e-03
0.01909	1.72807e-02
0.01161	1.33157e-03
0.01610	1.40872e-02
0.01611	1.85991e-03
0.03999	1.12644e-02
0.02073	8.19614e-03
0.01398	6.14065e-03
0.02523	7.93541e-03
0.01934	1.29994e-02
0.02100	1.14494e-02
0.04173	7.03279e-03
0.02905	1.10104e-02
0.02915	2.47347e-03
0.02287	1.40052e-03
0.05531	8.89251e-04
0.02307	1.33447e-02
0.02213	1.85649e-02
0.02603	1.43399e-02
0.03331	1.20247e-02
0.02177	5.96293e-03
0.01437	1.04110e-02
0.02533	8.24723e-04
0.02899	1.29156e-02
0.03848	1.60029e-02
0.03788	1.12873e-02
0.02349	1.04528e-02
0.03395	1.39581e-03
0.03101	9.54590e-03
0.02674	7.67555e-03
0.03087	1.22929e-02
0.02754	4.11173e-03
0.05154	2.73535e-02
0.05085	1.84159e-02
0.03970	1.12828e-02
0.03593	2.17234e-03
0.03095	6.59098e-03
0.02801	9.89583e-03
0.01565	1.18493e-03
0.02760	4.82956e-04
0.02793	1.85514e-02
0.04173	1.43186e-02
0.01321	4.63209e-03
0.03565	6.76710e-04
0.03522	6.89338e-03
0.03060	1.52183e-02
0.02623	8.73112e-03
0.03418	5.63032e-03
0.04310	6.15525e-03
0.02207	1.14311e-02
0.01502	8.35552e-03
0.03297	3.67076e-03
0.02082	1.01245e-03
0.03235	5.48231e-03
0.02989	1.50823e-02
0.03558	1.66748e-02
0.00990	3.83073e-03
0.01913	1.58730e-02
0.02727	9.94908e-03
0.03000	6.22540e-03
0.02001	5.32520e-03
0.02830	8.38960e-03
0.02183	7.96339e-03
0.02153	2.79293e-03
0.03348	7.29925e-03
0.01960	3.53049e-04
0.01402	1.08479e-02
0.02608	1.08636e-02
0.02863	1.19592e-02
0.02008	8.92624e-03
0.01074	3.08596e-03
0.02104	4.42982e-03
0.02714	1.08178e-02
0.02374	1.62963e-02
0.02377	1.00568e-02
0.03428	2.35482e-03
0.04806	6.35403e-03
0.03622	1.48242e-02
0.01650	5.19153e-03
0.00939	1.03013e-04
0.04034	1.79801e-02
0.02400	4.10421e-03
0.04465	9.92998e-03
0.02613	1.18226e-02
0.01367	7.10242e-03
0.03577	1.36672e-02
0.03751	2.89314e-02
0.03788	9.46340e-03
0.02409	8.70897e-04
0.02158	3.79390e-03
0.04032	1.40855e-02
0.00620	4.87954e-04
0.03625	2.55036e-03
0.02079	9.34094e-03
0.02322	1.52381e-02
0.00850	5.60492e-03
0.02841	9.92415e-03
0.02470	1.50396e-02
0.02909	4.84506e-03
0.03787	4.93994e-03
0.01862	2.93584e-03
0.04686	4.01462e-03
0.03161	5.90849e-03
0.03077	5.43777e-05
0.02667	4.10489e-03
0.02857	1.79518e-02
0.03106	1.55601e-02
0.02224	1.09951e-02
0.01055	5.45334e-03
0.03420	1.30606e-02
0.02119	1.19808e-02
0.02784	1.45093e-02
0.02831	7.81728e-04
0.04380	2.55848e-02
0.01257	5.89056e-03
0.02450	6.88659e-04
0.02689	8.89874e-03
0.01464	8.37938e-03
0.03215	5.31661e-03
0.03467	8.76976e-03
0.02894	4.18594e-03
0.02071	7.48396e-03
0.00773	2.24390e-03
0.02362	2.90864e-05
0.02121	3.38626e-03
0.02542	1.18163e-02
0.02834	2.05259e-02
0.03472	5.54618e-05
0.01748	4.80335e-03
0.02744	8.82828e-03
0.03073	6.62899e-03
0.02604	5.73297e-04
0.04455	1.98576e-03
0.03037	1.19674e-02
0.02074	9.89037e-03
0.05084	5.01867e-03
0.03892	2.32787e-03
0.02766	1.94696e-02
0.03702	2.54575e-02
0.02802	7.23559e-03
0.03776	1.40800e-02
0.02669	4.88821e-03
0.01413	5.71041e-03
0.02682	5.37548e-03
0.01128	1.32562e-03
0.02977	4.97942e-03
0.02277	3.67725e-03
0.02668	2.05212e-03
0.05920	2.93246e-02
0.02356	5.52823e-03
0.04775	1.71096e-02
0.01793	1.21617e-02
0.04321	7.33695e-03
0.02832	6.60196e-03
0.01369	4.90129e-03
0.02347	5.35434e-03
0.01456	5.73578e-04
0.01561	1.82662e-03
0.02034	1.33326e-02
0.02850	1.56332e-02
0.04361	7.57895e-03
0.01442	4.53051e-03
0.03388	2.64652e-03
0.03485	1.84891e-03
0.03942	2.72711e-04
0.02292	9.44670e-03
0.03190	1.04080e-02
0.04147	8.89361e-04
0.02523	1.19598e-02
0.03420	3.56261e-03
0.02634	1.51001e-02
0.03836	2.17796e-03
0.02268	5.03038e-03
0.02950	1.36090e-02
0.02124	9.08424e-03
0.02639	1.42172e-02
0.04574	2.87159e-02
0.02164	1.14890e-02
0.01346	7.57158e-03
0.03861	9.62670e-03
0.01509	5.65294e-03
0.01548	1.99204e-03
0.01410	9.55934e-03
0.03774	2.50309e-03
0.03702	6.52947e-05
0.02951	9.66274e-05
0.03216	2.09822e-03
0.02735	1.87331e-02
0.03969	1.63203e-02
0.01635	5.51566e-03
0.02935	1.27954e-02
0.02961	9.94908e-03
0.05823	1.81233e-02
0.03297	3.91231e-03
0.02940	2.76582e-03
0.02628	3.12800e-03
0.03849	1.65450e-02
0.02348	3.78263e-04
0.04528	7.67241e-03
0.03865	1.45807e-02
0.02226	6.09576e-03
0.04680	2.18735e-02
0.03089	1.61128e-02
0.03996	2.02391e-02
0.01715	8.83943e-03
0.04268	8.09194e-03
0.01157	2.52235e-03
0.03350	7.15735e-03
0.02186	5.78580e-03
0.03082	7.35872e-04
0.01312	3.28701e-03
0.01930	1.26512e-02
0.01739	1.33657e-02
0.04121	1.72930e-02
0.02731	5.59048e-03
0.05069	1.22734e-02
0.01674	2.85039e-03
0.03703	9.06105e-03
0.05473	1.88210e-02
0.04498	1.61694e-02
0.03155	2.00556e-02
0.03673	4.49150e-03
0.04864	7.11827e-03
0.03168	1.28117e-02
0.02074	9.28840e-03
0.01689	2.41366e-03
0.02340	1.14328e-02
0.02227	2.00759e-02
0.01781	1.16434e-03
0.04937	4.89163e-03
0.05104	2.75568e-03
0.01717	9.44061e-03
0.01849	3.96719e-03
0.04222	3.06194e-02
0.03406	2.21871e-03
0.01417	2.16339e-03
0.03564	3.26477e-03
0.02987	1.43999e-02
0.03743	2.43938e-03
0.02624	9.20444e-03
0.03855	4.20444e-03
0.02783	9.93498e-03
0.02486	3.61986e-04
0.03481	7.65250e-03
0.03563	1.83276e-02
0.03250	1.55967e-02
0.02503	1.13521e-02
0.03545	7.83869e-03
0.04471	1.00085e-03
0.05000	1.04997e-02
0.03547	6.75819e-03
0.03708	3.03819e-02
0.03719	1.67784e-03
0.02017	3.97536e-03
0.01594	4.47043e-03
0.03499	4.70421e-03
0.03037	1.22240e-02
0.02245	1.49345e-02
0.01928	1.00339e-02
0.02456	5.11723e-03
0.02792	1.19518e-03
0.02970	5.61525e-03
0.02430	2.54270e-03
0.05362	4.56258e-04
0.02117	1.37831e-02
0.03028	1.57334e-02
0.02740	3.91505e-03
0.02662	1.69872e-02
0.01008	8.09513e-03
0.02436	5.82924e-03
0.04049	1.52145e-02
0.03903	1.16478e-03
0.01603	1.09400e-02
0.01808	2.50324e-03
0.01851	7.22905e-03
0.02835	9.79467e-04
0.02857	1.98735e-02
0.03208	3.94827e-03
