0.53062	1.50410e-01
0.64724	9.18983e-02
0.62686	9.60943e-02
0.60926	1.60564e-01
0.61563	7.84008e-02
0.57446	1.32431e-01
0.51040	1.23953e-01
0.51204	1.89669e-01
0.51164	1.69888e-01
0.46226	1.53225e-01
0.46688	1.60072e-01
0.48518	1.19686e-01
0.39441	1.52035e-01
0.42933	1.29214e-01
0.40521	1.23270e-01
0.35385	1.69145e-01
0.39018	1.13477e-01
0.33683	1.47509e-01
0.34875	1.25289e-01
0.32555	1.00426e-01
0.33600	1.07668e-01
0.35023	1.47217e-01
0.34016	1.12914e-01
0.32663	9.85829e-02
0.29977	1.45904e-01
0.29144	1.66294e-01
0.30178	8.62406e-02
0.24576	7.01202e-02
0.23957	1.51455e-01
0.24427	1.36044e-01
0.27276	1.36516e-01
0.21949	1.06812e-01
0.20092	1.23098e-01
0.24012	1.13174e-01
0.22540	8.64496e-02
0.24676	8.62202e-02
0.19154	7.94489e-02
0.21781	1.11211e-01
0.21168	1.09135e-01
0.20397	8.33244e-02
0.19544	8.70239e-02
0.23595	9.09809e-02
0.23967	9.77236e-02
0.15406	1.12809e-01
0.21459	1.35316e-01
0.23551	7.12389e-02
0.17809	7.74557e-02
0.23204	6.57490e-02
0.19036	1.10807e-01
0.20015	9.47479e-02
0.18193	7.68181e-02
0.19125	7.67912e-02
0.18442	1.17345e-01
0.18533	5.21745e-02
0.21333	1.07124e-01
0.21804	9.69392e-02
0.17264	1.11757e-01
0.18333	1.07086e-01
0.17366	8.96525e-02
0.18179	9.19263e-02
0.17421	5.37611e-02
0.22499	8.17461e-02
0.17452	7.80949e-02
0.18581	7.89947e-02
0.18611	8.54794e-02
0.21148	3.48066e-02
0.16480	9.15430e-02
0.20908	6.83390e-02
0.18198	8.74008e-02
0.16340	6.17984e-02
0.17354	1.08268e-01
0.12742	9.90458e-02
0.16042	7.68657e-02
0.17605	7.75142e-02
0.14160	7.98988e-02
0.17653	8.75711e-02
0.16120	6.61057e-02
0.17566	6.67527e-02
0.19472	6.75414e-02
0.17031	7.63110e-02
0.15823	6.28810e-02
0.17489	6.91759e-02
0.19412	7.88063e-02
0.12313	5.33606e-02
0.17308	7.73914e-02
0.14632	4.87155e-02
0.12758	8.01114e-02
0.16158	7.07223e-02
0.14943	8.57047e-02
0.12797	6.97399e-02
0.19633	6.13514e-02
0.14784	6.36214e-02
0.17271	4.84419e-02
0.13286	7.99154e-02
0.15790	7.77620e-02
0.13122	6.07574e-02
0.13412	7.01980e-02
0.13385	7.03924e-02
0.13394	5.87831e-02
0.12071	5.00793e-02
0.13181	5.20071e-02
0.14346	7.38938e-02
0.13590	7.97264e-02
0.14044	7.46991e-02
0.16480	8.08915e-02
0.16708	8.46343e-02
0.16708	8.46343e-02
0.19998	9.21491e-02
0.15865	9.01229e-02
0.16763	9.17329e-02
0.15611	7.59720e-02
0.15084	7.68292e-02
0.15785	8.10384e-02
0.16824	1.02789e-01
0.19386	8.12117e-02
0.17324	6.88444e-02
0.16412	6.58772e-02
0.16042	6.06661e-02
0.16334	5.85834e-02
0.17084	4.57887e-02
0.19504	7.90668e-02
0.17512	8.00310e-02
0.16326	8.43060e-02
0.18353	9.13416e-02
0.19028	7.71575e-02
0.16992	5.56481e-02
0.16992	5.56481e-02
0.19291	6.16817e-02
0.18979	6.56578e-02
0.14880	8.00317e-02
0.13825	8.71363e-02
0.15105	1.04485e-01
0.16854	8.81596e-02
0.18289	1.09693e-01
0.18080	1.07657e-01
0.20725	9.89705e-02
0.18847	8.37946e-02
0.22375	7.29824e-02
0.26310	9.53140e-02
0.25401	1.04357e-01
0.25914	1.07198e-01
0.24354	1.06447e-01
0.21698	1.04015e-01
0.21418	1.07940e-01
0.21761	1.07959e-01
0.19814	1.24160e-01
0.23789	1.17329e-01
0.22570	1.22970e-01
0.20515	1.07363e-01
0.20515	1.07363e-01
0.20515	1.07363e-01
0.20578	7.85337e-02
0.23019	1.12174e-01
0.23508	8.17165e-02
0.22753	7.32582e-02
0.22194	7.60569e-02
0.21007	7.73586e-02
0.21877	7.46143e-02
0.23481	9.03808e-02
0.24683	8.95384e-02
0.21875	8.84695e-02
0.22972	7.92053e-02
0.22466	9.91637e-02
0.20752	7.59231e-02
0.22000	7.41123e-02
0.24566	1.09047e-01
0.24662	1.09427e-01
0.24662	1.09427e-01
0.25169	1.02839e-01
0.28562	1.08527e-01
0.26929	1.03368e-01
0.27399	9.81630e-02
0.26260	1.03791e-01
0.25661	1.09736e-01
0.30931	1.03612e-01
0.28672	1.07349e-01
0.26850	9.42673e-02
0.23539	9.85658e-02
0.26339	9.08049e-02
0.28076	1.04257e-01
0.26179	1.21575e-01
0.28098	1.04146e-01
0.26647	1.29063e-01
0.27475	1.30367e-01
0.29386	1.24815e-01
0.31147	1.14574e-01
0.32143	1.16870e-01
0.28283	1.50387e-01
0.29949	1.47300e-01
0.27377	1.29410e-01
0.25875	1.26494e-01
0.26610	1.35135e-01
0.25413	1.22152e-01
0.24472	1.25255e-01
0.25368	1.22518e-01
0.25423	1.22565e-01
0.31484	1.05176e-01
0.33048	1.31762e-01
0.33981	1.14909e-01
0.34165	9.64852e-02
0.33911	1.04151e-01
0.31896	1.29923e-01
0.31757	1.34387e-01
0.31466	1.22527e-01
0.31137	1.26976e-01
0.31965	1.27375e-01
0.35006	1.38053e-01
0.36258	1.47491e-01
0.33671	1.41262e-01
0.33726	1.52928e-01
0.36256	1.29588e-01
0.34752	1.42848e-01
0.33258	1.30569e-01
0.33277	1.34669e-01
0.33129	1.33788e-01
0.32902	1.36837e-01
0.34293	1.40048e-01
0.34825	1.34294e-01
0.34272	1.27855e-01
0.34272	1.27855e-01
0.33627	1.23487e-01
0.38446	1.10181e-01
0.37358	1.07996e-01
0.41649	1.30551e-01
0.40625	1.40847e-01
0.39873	1.37324e-01
0.39163	1.19778e-01
0.41104	1.03769e-01
0.40779	1.25667e-01
0.41068	9.64485e-02
0.36595	1.20528e-01
0.37984	1.17533e-01
0.39135	1.10876e-01
0.40244	1.17954e-01
0.41668	1.12467e-01
0.43801	7.91528e-02
0.39741	1.03819e-01
0.38341	1.31455e-01
0.37435	1.33369e-01
0.38922	1.27098e-01
0.40227	1.53776e-01
0.37281	1.43849e-01
0.37394	1.43931e-01
0.37388	1.52238e-01
0.43588	1.20692e-01
0.42095	1.34004e-01
0.42095	1.34004e-01
0.42095	1.34004e-01
0.42095	1.34004e-01
0.41433	1.28214e-01
0.40080	1.34969e-01
0.38147	1.32611e-01
0.38611	1.46823e-01
0.42411	1.39116e-01
0.42528	1.40200e-01
0.41959	1.59848e-01
0.41060	1.69229e-01
0.50506	1.17384e-01
0.49205	1.19026e-01
0.43670	1.09196e-01
0.43668	1.09227e-01
0.44860	1.19033e-01
0.45601	1.07491e-01
0.44336	1.19867e-01
0.44342	1.19939e-01
0.44999	1.28979e-01
0.45226	1.31573e-01
0.44972	1.31539e-01
0.46098	1.44076e-01
0.45582	1.43077e-01
0.44687	1.41858e-01
0.45650	1.62047e-01
0.45235	1.67173e-01
0.46168	1.31313e-01
0.49992	1.27756e-01
0.50407	1.39257e-01
0.50135	1.33614e-01
0.50872	1.38246e-01
0.50706	1.43848e-01
0.50706	1.43848e-01
0.51287	1.23544e-01
0.49833	1.12013e-01
0.48323	1.08722e-01
0.48680	9.84864e-02
0.50600	9.80962e-02
0.51828	1.15327e-01
0.51861	9.74973e-02
0.50201	1.11622e-01
0.49436	9.72348e-02
0.50231	9.87237e-02
0.49614	9.82178e-02
0.53274	8.15847e-02
0.53697	9.81132e-02
0.53450	1.40825e-01
0.49641	1.49697e-01
0.51307	1.38315e-01
0.52492	1.56561e-01
0.52973	1.46194e-01
0.51250	1.55683e-01
0.54329	1.09293e-01
0.54121	1.10708e-01
0.52778	9.87581e-02
0.54994	1.14722e-01
0.55814	1.13644e-01
0.55229	1.44489e-01
0.57225	1.38767e-01
0.57546	1.24516e-01
0.56678	1.14302e-01
0.55271	1.15832e-01
0.57695	1.15545e-01
0.58572	1.17026e-01
0.58747	1.18224e-01
0.57416	1.27264e-01
0.56927	1.32498e-01
0.60012	1.00419e-01
0.60223	9.15516e-02
0.58497	1.17129e-01
0.54048	1.56114e-01
0.58192	1.09271e-01
0.57595	1.00152e-01
0.57393	1.14635e-01
0.57525	1.13640e-01
0.57112	1.09203e-01
0.58584	9.85976e-02
0.58301	1.04147e-01
0.58240	1.03189e-01
0.59115	9.83035e-02
0.59600	1.05507e-01
0.59000	1.08886e-01
0.59007	8.39686e-02
0.57742	1.37936e-01
0.58600	1.42645e-01
0.58126	1.38132e-01
0.58192	1.37718e-01
0.57510	1.47967e-01
0.61008	1.27775e-01
0.61008	1.27775e-01
0.60590	1.27103e-01
0.60687	1.27860e-01
0.57525	1.39135e-01
0.57422	1.22691e-01
0.56211	1.21954e-01
0.59403	1.04075e-01
0.59951	1.05412e-01
0.64379	9.60477e-02
0.62875	9.88337e-02
0.60397	1.38530e-01
0.60397	1.38530e-01
0.60397	1.38530e-01
0.59446	1.38320e-01
0.61757	1.27702e-01
0.59464	1.30992e-01
0.59948	1.39232e-01
0.60098	1.38475e-01
0.62264	1.42163e-01
0.60681	1.46700e-01
0.63442	1.46671e-01
0.63299	1.46706e-01
0.63304	1.46763e-01
0.62934	1.46250e-01
0.59256	1.38885e-01
0.59305	1.39502e-01
0.62682	6.76070e-02
0.63664	6.32514e-02
0.65965	6.08874e-02
0.66598	5.43811e-02
0.63544	1.01575e-01
0.61085	1.02722e-01
0.61061	1.02602e-01
0.60756	1.04084e-01
0.61441	1.06902e-01
0.61441	1.06902e-01
0.62207	1.10739e-01
0.62207	1.10739e-01
0.62051	1.12293e-01
0.62287	9.72538e-02
0.61283	1.03254e-01
0.62064	1.14090e-01
0.59697	1.01774e-01
0.58758	9.30946e-02
0.62258	1.01415e-01
0.61833	1.13431e-01
0.65777	7.72692e-02
0.62690	1.03222e-01
0.62690	1.03222e-01
0.59916	1.12838e-01
0.62875	1.03783e-01
0.65206	9.03077e-02
0.64937	5.66605e-02
0.63513	5.26401e-02
0.63583	5.15535e-02
0.61799	7.67495e-02
0.66081	6.32034e-02
0.66364	6.09063e-02
0.67336	6.48674e-02
0.66435	5.32529e-02
0.65867	4.79986e-02
0.69298	3.54068e-02
0.69205	3.56141e-02
0.68078	5.04091e-02
0.65836	2.92248e-02
0.63929	2.49413e-02
0.63929	2.49413e-02
0.63789	2.25359e-02
0.67074	5.24482e-02
0.67074	5.24482e-02
0.66311	6.03779e-02
0.64531	3.68117e-02
0.66660	6.36554e-02
0.65004	2.46890e-02
0.65520	2.89916e-02
0.66795	4.51272e-02
0.66455	4.86797e-02
0.60815	1.05551e-01
0.60815	1.05551e-01
0.64069	1.06776e-01
0.69919	3.88931e-02
0.69919	3.88931e-02
0.69809	3.84478e-02
0.66386	8.61846e-02
0.66386	8.61846e-02
0.63443	7.00497e-02
0.63443	7.00497e-02
0.61200	4.89928e-02
0.66818	8.92641e-02
0.66756	8.89137e-02
0.66291	8.51304e-02
0.71338	1.44947e-02
0.70224	1.46309e-02
0.70224	1.46309e-02
0.73876	3.00675e-02
0.76883	0.00000e+00
0.76883	0.00000e+00
0.73226	0.00000e+00
0.73226	0.00000e+00
0.73226	0.00000e+00
0.73226	0.00000e+00
0.73364	0.00000e+00
0.73364	0.00000e+00
0.73364	0.00000e+00
0.73364	0.00000e+00
0.74851	0.00000e+00
0.74851	0.00000e+00
0.75317	0.00000e+00
