0.78150	6.63225e-02
0.84280	3.19136e-02
0.80937	5.00159e-02
0.80060	4.03037e-02
0.78004	5.04199e-02
0.73908	6.52973e-02
0.73032	5.74970e-02
0.69070	9.53794e-02
0.68148	9.07480e-02
0.67391	1.00209e-01
0.66223	6.70639e-02
0.63722	9.07104e-02
0.63118	1.11058e-01
0.59241	1.21709e-01
0.57963	1.94934e-01
0.60212	9.34319e-02
0.55559	1.40697e-01
0.57703	1.16152e-01
0.53130	1.25995e-01
0.49499	1.18158e-01
0.50744	1.23192e-01
0.50477	1.04335e-01
0.45843	1.69391e-01
0.44427	1.30266e-01
0.44672	1.37981e-01
0.46189	6.13648e-02
0.38701	1.01115e-01
0.35094	1.22671e-01
0.36658	1.28483e-01
0.33366	1.37182e-01
0.32497	1.40966e-01
0.30476	1.12813e-01
0.32765	1.17905e-01
0.33763	1.09060e-01
0.33865	1.05284e-01
0.31250	1.02998e-01
0.25490	1.04579e-01
0.25809	8.99213e-02
0.28175	1.13725e-01
0.29399	1.40888e-01
0.20232	7.11729e-02
0.22611	7.30251e-02
0.18342	7.89724e-02
0.21434	8.19128e-02
0.24059	1.09111e-01
0.23137	6.04427e-02
0.22836	9.72110e-02
0.19747	8.35052e-02
0.21727	1.05531e-01
0.21817	1.03579e-01
0.26593	6.09333e-02
0.19712	8.02178e-02
0.19811	6.87283e-02
0.18988	1.14455e-01
0.25426	1.15207e-01
0.21517	7.29135e-02
0.25182	1.04646e-01
0.23280	6.55494e-02
0.21637	7.88528e-02
0.23626	6.01946e-02
0.19587	7.28077e-02
0.22331	9.50833e-02
0.22539	6.21485e-02
0.17461	5.39761e-02
0.17860	5.36421e-02
0.21757	5.93377e-02
0.20531	6.61930e-02
0.27563	1.26763e-01
0.20029	5.24712e-02
0.16555	9.79925e-02
0.28420	7.61176e-02
0.24620	9.04043e-02
0.18881	8.69367e-02
0.19093	6.49617e-02
0.22374	4.64620e-02
0.24560	9.93490e-02
0.15902	9.73819e-02
0.23336	6.67499e-02
0.20215	1.00664e-01
0.20056	7.61910e-02
0.26464	8.16785e-02
0.16445	9.15346e-02
0.20864	9.82679e-02
0.23986	7.01278e-02
0.24243	8.61199e-02
0.17749	7.47510e-02
0.22881	8.84750e-02
0.20559	8.85807e-02
0.21188	7.94612e-02
0.17132	7.33701e-02
0.18038	9.15711e-02
0.14431	4.73724e-02
0.19974	7.98533e-02
0.17322	8.49388e-02
0.16581	7.42489e-02
0.15805	8.74123e-02
0.20216	9.28487e-02
0.17617	6.98434e-02
0.18469	8.24873e-02
0.16070	7.54025e-02
0.16724	9.10619e-02
0.14441	8.86998e-02
0.16648	1.22500e-01
0.17242	1.28065e-01
0.18380	1.11585e-01
0.22080	1.29992e-01
0.22832	1.25925e-01
0.28748	1.10001e-01
0.23435	9.87918e-02
0.23732	9.89054e-02
0.24462	9.87205e-02
0.24462	9.87205e-02
0.23030	1.16522e-01
0.20919	9.80777e-02
0.20663	8.51530e-02
0.22670	8.34342e-02
0.22670	8.34342e-02
0.23233	8.66964e-02
0.25620	8.59082e-02
0.26069	1.16114e-01
0.24480	9.11902e-02
0.22858	8.44125e-02
0.25826	7.54962e-02
0.27528	9.06503e-02
0.29578	8.80532e-02
0.30811	8.90721e-02
0.25461	1.20014e-01
0.25653	9.56350e-02
0.27325	1.04187e-01
0.26982	1.04901e-01
0.27289	1.04411e-01
0.29517	8.69707e-02
0.29902	8.61233e-02
0.30162	9.21076e-02
0.32744	8.12206e-02
0.35796	6.17343e-02
0.33818	9.13788e-02
0.36391	8.41746e-02
0.33960	9.66662e-02
0.34533	9.89071e-02
0.34368	8.86811e-02
0.33002	1.01555e-01
0.29780	1.10570e-01
0.31457	1.04991e-01
0.33151	8.60751e-02
0.33480	8.29371e-02
0.33198	1.29485e-01
0.33198	1.29485e-01
0.32093	1.28388e-01
0.35475	1.22964e-01
0.34320	1.21485e-01
0.34387	1.21596e-01
0.30542	1.48478e-01
0.30542	1.48478e-01
0.27964	1.59515e-01
0.28128	1.33366e-01
0.26653	1.24216e-01
0.26363	9.27661e-02
0.27477	8.92685e-02
0.30126	1.10179e-01
0.29010	1.15427e-01
0.29856	1.43044e-01
0.31823	1.40298e-01
0.36880	1.55833e-01
0.40855	1.60018e-01
0.41023	1.54034e-01
0.41606	1.57134e-01
0.42384	1.42452e-01
0.44903	1.02558e-01
0.46707	9.28728e-02
0.46478	9.03067e-02
0.45070	9.03986e-02
0.43827	8.56890e-02
0.45092	6.74139e-02
0.44635	6.56785e-02
0.41839	8.90455e-02
0.42736	1.03675e-01
0.44210	9.17985e-02
0.44362	8.70313e-02
0.44362	8.70313e-02
0.45967	9.49287e-02
0.44851	1.05674e-01
0.49198	9.79026e-02
0.53929	5.73707e-02
0.53535	5.92166e-02
0.53535	5.92166e-02
0.54973	5.56435e-02
0.55048	5.42622e-02
0.54725	5.06003e-02
0.52735	5.60906e-02
0.52735	5.60906e-02
0.52735	5.60906e-02
0.53742	6.82212e-02
0.53913	7.22355e-02
0.52481	7.94033e-02
0.53660	6.99357e-02
0.54915	8.05365e-02
0.54915	8.05365e-02
0.54212	7.41447e-02
0.54408	7.22099e-02
0.54844	7.73069e-02
0.54844	7.73069e-02
0.53965	7.47079e-02
0.53163	8.28187e-02
0.52714	7.63187e-02
0.52034	7.94791e-02
0.52345	7.71823e-02
0.54576	8.55403e-02
0.53977	5.73107e-02
0.53969	5.35251e-02
0.54880	5.95368e-02
0.53935	6.64621e-02
0.55581	5.69630e-02
0.57741	9.08713e-02
0.57955	1.00848e-01
0.56905	8.59920e-02
0.56905	8.59920e-02
0.56905	8.59920e-02
0.56438	8.77684e-02
0.58572	6.70088e-02
0.58002	6.58003e-02
0.57205	6.46877e-02
0.59878	4.33373e-02
0.59845	3.44395e-02
0.59164	3.92042e-02
0.60828	3.89790e-02
0.59912	4.30067e-02
0.58654	3.55652e-02
0.59182	3.75965e-02
0.60434	5.55514e-02
0.61141	6.17289e-02
0.62243	6.65010e-02
0.60658	7.22140e-02
0.63019	4.41774e-02
0.64276	4.95824e-02
0.63578	5.93662e-02
0.64631	5.54205e-02
0.65225	5.31877e-02
0.65742	5.01370e-02
0.66333	5.07683e-02
0.67404	4.69716e-02
0.66283	5.42911e-02
0.65758	5.59889e-02
0.64850	5.27498e-02
0.62800	5.31559e-02
0.64052	4.14901e-02
0.63104	7.61524e-02
0.64173	4.07835e-02
0.65452	3.97101e-02
0.66633	2.75005e-02
0.65810	4.23985e-02
0.66817	4.60139e-02
0.66584	4.49356e-02
0.68156	2.34810e-02
0.67039	3.56909e-02
0.67015	3.56912e-02
0.65284	5.62769e-02
0.65951	5.79271e-02
0.67361	5.52096e-02
0.67492	5.58916e-02
0.66691	5.96242e-02
0.69380	3.57118e-02
0.69694	4.12249e-02
0.68702	3.74704e-02
0.67392	5.28249e-02
0.67401	5.29155e-02
0.67673	5.57246e-02
0.67669	5.57259e-02
0.68518	4.66924e-02
0.67300	5.08019e-02
0.66570	4.13699e-02
0.67481	4.06848e-02
0.68081	4.54028e-02
0.69113	3.29067e-02
0.69415	2.64226e-02
0.70251	3.13516e-02
0.70085	3.27804e-02
0.69608	2.98011e-02
0.69608	2.98011e-02
0.71257	4.56513e-02
0.72431	3.88319e-02
0.72495	4.90688e-02
0.71325	3.63573e-02
0.71164	3.42013e-02
0.70390	4.23564e-02
0.69624	4.08688e-02
0.70401	4.55943e-02
0.71711	2.04314e-02
0.72666	2.43779e-02
0.71743	3.16452e-02
0.71471	3.12934e-02
0.70869	5.01507e-02
0.71216	4.83680e-02
0.72514	4.58035e-02
0.72907	4.79106e-02
0.72781	4.02848e-02
0.71319	4.24844e-02
0.72265	4.62444e-02
0.73051	4.01597e-02
0.73051	4.01597e-02
0.72771	4.22799e-02
0.73455	4.31656e-02
0.73544	4.33762e-02
0.73317	4.21794e-02
0.74275	3.87976e-02
0.72288	3.82295e-02
0.74084	3.31047e-02
0.74339	3.39598e-02
0.74497	2.82310e-02
0.74102	2.45387e-02
0.74130	2.70230e-02
0.73522	2.41834e-02
0.72959	1.85546e-02
0.73044	1.82547e-02
0.74613	3.91296e-02
0.74526	3.79065e-02
0.74164	3.59030e-02
0.74164	3.59030e-02
0.74332	3.66931e-02
0.74419	3.29413e-02
0.74063	3.97451e-02
0.75693	4.66463e-02
0.75145	4.04977e-02
0.75145	4.04977e-02
0.75145	4.04977e-02
0.75290	3.94337e-02
0.75144	3.66412e-02
0.75752	2.68392e-02
0.75740	2.69453e-02
0.76581	3.45784e-02
0.76160	3.52602e-02
0.76155	3.52109e-02
0.76016	3.41017e-02
0.75785	3.12568e-02
0.76450	2.74673e-02
0.76817	3.12577e-02
0.76693	3.58556e-02
0.76640	3.56233e-02
0.77006	3.83613e-02
0.77649	3.12102e-02
0.78170	3.56493e-02
0.78971	3.54100e-02
0.78778	2.53569e-02
0.78308	2.59434e-02
0.78804	3.35623e-02
0.78804	3.35623e-02
0.79545	3.59465e-02
0.79569	3.59899e-02
0.79104	3.70851e-02
0.80312	2.75430e-02
0.80400	3.24173e-02
0.80688	3.08888e-02
0.81085	2.78895e-02
0.81136	2.81257e-02
0.80391	4.43705e-02
0.80013	4.45420e-02
0.80069	4.13349e-02
0.81329	2.85250e-02
0.81955	2.60350e-02
0.81853	2.53586e-02
0.81132	3.12497e-02
0.81640	3.08739e-02
0.81296	3.91542e-02
0.81652	3.32381e-02
0.81584	3.37413e-02
0.81477	3.39950e-02
0.81974	3.46924e-02
0.81546	3.20971e-02
0.81616	3.64997e-02
0.81717	3.66353e-02
0.82074	4.14016e-02
0.81970	5.05801e-02
0.82192	4.97323e-02
0.82359	4.84031e-02
0.82527	4.79000e-02
0.82861	5.03599e-02
0.83272	4.91216e-02
0.83614	3.93371e-02
0.83205	4.99501e-02
0.83548	5.21322e-02
0.84627	2.77317e-02
0.84480	2.55709e-02
0.84632	2.59755e-02
0.84995	2.63504e-02
0.84751	2.51722e-02
0.83917	3.47273e-02
0.84323	2.45514e-02
0.84845	3.28864e-02
0.84845	3.28864e-02
0.85169	3.59525e-02
0.84355	3.39731e-02
0.84350	3.39913e-02
0.84093	3.02221e-02
0.83315	2.89635e-02
0.84412	4.15363e-02
0.83449	5.61895e-02
0.83323	5.47213e-02
0.83728	4.83097e-02
0.83635	4.71958e-02
0.84670	6.08630e-02
0.85942	6.18207e-02
0.85010	5.19644e-02
0.84785	5.57890e-02
0.85140	4.14271e-02
0.84923	4.14525e-02
0.85048	4.78004e-02
0.85048	4.78004e-02
0.85107	5.01979e-02
0.85107	5.01979e-02
0.85107	5.01979e-02
0.85853	5.29303e-02
0.84492	6.03873e-02
0.84492	6.03873e-02
0.84492	6.03873e-02
0.85319	6.86505e-02
0.78454	0.00000e+00
0.78454	0.00000e+00
0.78454	0.00000e+00
0.78454	0.00000e+00
0.78454	0.00000e+00
0.78454	0.00000e+00
0.78454	0.00000e+00
0.81333	0.00000e+00
0.81333	0.00000e+00
0.80564	0.00000e+00
0.80564	0.00000e+00
0.80564	0.00000e+00
0.80564	0.00000e+00
0.80564	0.00000e+00
0.80564	0.00000e+00
0.80564	0.00000e+00
0.80564	0.00000e+00
0.74069	0.00000e+00
0.74069	0.00000e+00
0.74069	0.00000e+00
0.74069	0.00000e+00
0.74069	0.00000e+00
0.74069	0.00000e+00
0.74069	0.00000e+00
0.81831	0.00000e+00
0.81831	0.00000e+00
0.81831	0.00000e+00
0.81831	0.00000e+00
0.81831	0.00000e+00
0.81831	0.00000e+00
0.81831	0.00000e+00
0.81831	0.00000e+00
0.81831	0.00000e+00
0.81831	0.00000e+00
0.81831	0.00000e+00
0.81831	0.00000e+00
0.81831	0.00000e+00
0.81831	0.00000e+00
0.81831	0.00000e+00
0.81831	0.00000e+00
0.81831	0.00000e+00
0.81831	0.00000e+00
0.81946	0.00000e+00
0.81946	0.00000e+00
0.81946	0.00000e+00
0.81946	0.00000e+00
0.81617	0.00000e+00
0.81617	0.00000e+00
0.81617	0.00000e+00
0.81617	0.00000e+00
0.81617	0.00000e+00
0.81232	0.00000e+00
0.81232	0.00000e+00
0.81232	0.00000e+00
0.81232	0.00000e+00
0.81232	0.00000e+00
0.83688	0.00000e+00
0.83688	0.00000e+00
0.81396	0.00000e+00
0.80897	0.00000e+00
0.80897	0.00000e+00
0.80897	0.00000e+00
0.84109	0.00000e+00
0.84109	0.00000e+00
0.84109	0.00000e+00
0.84109	0.00000e+00
0.84109	0.00000e+00
0.84109	0.00000e+00
0.84109	0.00000e+00
0.84109	0.00000e+00
0.84072	0.00000e+00
0.84072	0.00000e+00
0.84072	0.00000e+00
0.84072	0.00000e+00
0.84818	0.00000e+00
