0.98997	1.79100e-03
0.98167	8.26411e-03
0.96988	1.11280e-02
0.96831	1.47498e-02
0.94253	1.65381e-02
0.94148	2.13531e-02
0.92416	2.75501e-02
0.93551	2.36277e-02
0.92094	1.95888e-02
0.91336	3.00462e-02
0.91274	2.69898e-02
0.90251	2.46885e-02
0.88690	3.38313e-02
0.86673	1.89032e-02
0.85955	3.18724e-02
0.83662	4.17701e-02
0.84510	3.41693e-02
0.84474	5.73661e-02
0.84443	4.20083e-02
0.81359	6.45868e-02
0.80800	5.20117e-02
0.81785	6.41818e-02
0.76806	7.06563e-02
0.78086	6.41886e-02
0.77289	6.73855e-02
0.77713	5.86365e-02
0.77133	5.96394e-02
0.73149	8.67184e-02
0.74364	6.85556e-02
0.73231	8.71854e-02
0.73102	8.94518e-02
0.71943	7.02591e-02
0.69117	1.00806e-01
0.71973	7.86317e-02
0.69306	8.03209e-02
0.68262	7.95021e-02
0.67651	8.84808e-02
0.69955	7.34258e-02
0.67877	1.10212e-01
0.67185	8.63012e-02
0.66530	5.37995e-02
0.67569	6.17566e-02
0.71014	5.42069e-02
0.65489	6.61471e-02
0.66028	4.70884e-02
0.65492	8.35731e-02
0.63902	7.18770e-02
0.62289	6.12281e-02
0.63574	7.11904e-02
0.66829	6.66969e-02
0.66111	2.74960e-02
0.62534	7.51045e-02
0.63766	4.55987e-02
0.64772	5.14858e-02
0.64087	4.48248e-02
0.62770	6.06785e-02
0.61638	7.33832e-02
0.60989	6.03531e-02
0.58624	8.40524e-02
0.62119	6.64122e-02
0.58658	5.03462e-02
0.58575	6.32145e-02
0.58888	7.16879e-02
0.56805	6.51868e-02
0.60579	6.32350e-02
0.58842	7.99443e-02
0.59037	6.81232e-02
0.57283	5.16864e-02
0.59485	7.73240e-02
0.61037	6.49527e-02
0.56292	7.29216e-02
0.56755	8.17584e-02
0.55660	8.77813e-02
0.56368	6.15537e-02
0.55845	6.26783e-02
0.57359	6.65809e-02
0.57434	4.67538e-02
0.56689	6.86545e-02
0.59099	5.52218e-02
0.58068	7.20516e-02
0.57340	6.47064e-02
0.57992	7.94475e-02
0.56058	5.94522e-02
0.57963	8.82120e-02
0.57516	7.62260e-02
0.55348	9.48293e-02
0.58486	8.49693e-02
0.55399	5.97551e-02
0.59829	6.01276e-02
0.61183	5.86944e-02
0.55077	8.69715e-02
0.57052	5.42532e-02
0.54374	8.67925e-02
0.58121	6.15922e-02
0.55496	8.47331e-02
0.54449	6.62889e-02
0.54684	8.29806e-02
0.57250	5.78461e-02
0.56410	8.20453e-02
0.57269	8.84823e-02
0.60822	9.66833e-02
0.59370	9.12603e-02
0.59527	9.08656e-02
0.61518	9.59431e-02
0.62095	9.95967e-02
0.62095	9.95967e-02
0.62361	1.02778e-01
0.62427	1.03339e-01
0.61013	9.71829e-02
0.60494	1.03949e-01
0.61235	1.05703e-01
0.62011	1.09018e-01
0.62547	1.07820e-01
0.62200	1.08112e-01
0.64112	1.22625e-01
0.64532	1.21772e-01
0.65751	1.04639e-01
0.66752	1.10721e-01
0.67434	1.09474e-01
0.67584	1.09931e-01
0.66901	1.11141e-01
0.67688	1.14038e-01
0.68307	1.17132e-01
0.70595	9.74848e-02
0.71588	7.63466e-02
0.71715	8.14166e-02
0.72452	7.36494e-02
0.71968	7.11701e-02
0.72902	5.84358e-02
0.72502	5.80588e-02
0.73569	6.27362e-02
0.73829	6.71615e-02
0.74659	6.39448e-02
0.75087	6.59717e-02
0.75599	5.98470e-02
0.76595	5.31758e-02
0.76717	5.47988e-02
0.77041	5.67815e-02
0.76765	5.75463e-02
0.76321	4.73021e-02
0.76292	4.72891e-02
0.77083	5.07282e-02
0.78780	5.40061e-02
0.79427	5.59679e-02
0.79063	6.62729e-02
0.78601	5.39941e-02
0.79478	5.27548e-02
0.78317	5.65072e-02
0.78675	5.57405e-02
0.79057	5.88762e-02
0.79810	5.07098e-02
0.80576	4.69851e-02
0.80472	4.76568e-02
0.80355	4.43591e-02
0.80373	5.58561e-02
0.80391	5.61640e-02
0.80843	5.22978e-02
0.80843	5.22978e-02
0.82189	3.67902e-02
0.82411	2.79516e-02
0.83655	3.42577e-02
0.84132	3.31501e-02
0.83683	3.61376e-02
0.83737	3.46283e-02
0.84927	3.04485e-02
0.84062	2.74104e-02
0.84495	2.48801e-02
0.84477	2.83973e-02
0.84407	2.40847e-02
0.84318	2.63140e-02
0.84268	2.59689e-02
0.85118	2.25246e-02
0.84683	2.99894e-02
0.85582	1.86445e-02
0.85261	1.34542e-02
0.85852	1.22999e-02
0.85984	1.49375e-02
0.86513	2.62411e-02
0.86828	3.45580e-02
0.86706	3.55482e-02
0.86706	3.55482e-02
0.87122	3.83848e-02
0.86882	3.60111e-02
0.87742	2.95904e-02
0.86953	3.71242e-02
0.86660	3.35792e-02
0.87544	3.37037e-02
0.87350	3.34095e-02
0.87246	3.39182e-02
0.87225	3.17248e-02
0.88090	2.75788e-02
0.87880	2.42944e-02
0.87505	3.11700e-02
0.86767	3.45370e-02
0.86927	3.40226e-02
0.86927	3.40226e-02
0.86391	3.10481e-02
0.86983	2.70560e-02
0.86451	3.02155e-02
0.86529	3.09736e-02
0.87280	3.07106e-02
0.87844	3.06267e-02
0.88344	3.65606e-02
0.88652	3.62162e-02
0.87835	2.32290e-02
0.88905	2.74404e-02
0.90157	3.47387e-02
0.90442	3.11126e-02
0.90005	3.22521e-02
0.89861	3.32766e-02
0.89139	2.79732e-02
0.88939	2.03671e-02
0.88891	2.52682e-02
0.89461	2.80784e-02
0.89874	2.85105e-02
0.90204	2.97550e-02
0.90204	2.97550e-02
0.90205	2.97391e-02
0.90596	2.76559e-02
0.89772	2.48968e-02
0.89562	2.65506e-02
0.89460	2.56895e-02
0.89501	2.05758e-02
0.90000	2.07945e-02
0.90000	2.07945e-02
0.89907	2.02358e-02
0.90146	2.05534e-02
0.90146	2.05534e-02
0.90563	2.52682e-02
0.90623	2.44189e-02
0.90623	2.44189e-02
0.90334	1.97161e-02
0.90253	2.48829e-02
0.89880	2.34072e-02
0.89937	2.31038e-02
0.90210	2.17336e-02
0.89941	1.99764e-02
0.89824	2.00735e-02
0.89624	2.21078e-02
0.90470	2.22038e-02
0.90608	2.36730e-02
0.90477	2.24315e-02
0.90400	2.03516e-02
0.90765	1.91564e-02
0.90906	2.07824e-02
0.90530	1.97753e-02
0.90530	1.97753e-02
0.90586	2.16397e-02
0.90864	1.97185e-02
0.90432	1.86643e-02
0.91430	2.33449e-02
0.91071	2.39979e-02
0.90878	2.19366e-02
0.91557	1.94427e-02
0.92447	2.27757e-02
0.92023	1.94985e-02
0.91931	1.83979e-02
0.91995	1.74354e-02
0.91995	1.74354e-02
0.91560	2.26612e-02
0.91523	2.79437e-02
0.91673	3.20914e-02
0.91342	2.71151e-02
0.91490	2.65100e-02
0.91852	2.09676e-02
0.91888	2.08801e-02
0.91478	2.48196e-02
0.91418	2.47030e-02
0.91791	2.09416e-02
0.92479	2.30121e-02
0.92394	2.10369e-02
0.92428	2.29949e-02
0.93036	2.65053e-02
0.93037	2.65130e-02
0.92516	2.71628e-02
0.92902	2.44449e-02
0.91900	2.91816e-02
0.92459	2.44026e-02
0.93049	2.38905e-02
0.93056	2.38814e-02
0.93008	2.43280e-02
0.93103	2.39945e-02
0.93250	1.91788e-02
0.92921	1.58358e-02
0.92401	1.61982e-02
0.92350	1.26744e-02
0.92318	1.96207e-02
0.92285	1.64822e-02
0.91635	1.60253e-02
0.92509	1.43622e-02
0.92509	1.43622e-02
0.93074	1.31668e-02
0.93732	1.80699e-02
0.93735	1.34785e-02
0.93388	2.11768e-02
0.93459	2.16379e-02
0.92768	2.53786e-02
0.92618	2.43281e-02
0.92653	2.16993e-02
0.92224	2.44073e-02
0.92868	3.00887e-02
0.92861	3.21965e-02
0.92860	3.21955e-02
0.93008	3.15728e-02
0.93121	3.13343e-02
0.92878	2.86253e-02
0.93074	2.81111e-02
0.93225	3.12885e-02
0.93178	3.16069e-02
0.93605	2.90600e-02
0.93125	3.28727e-02
0.93069	3.21967e-02
0.93699	2.67002e-02
0.93162	3.07313e-02
0.93107	3.10797e-02
0.93078	3.37028e-02
0.93879	3.17713e-02
0.94016	2.90806e-02
0.94054	2.84325e-02
0.93985	3.01797e-02
0.94005	3.11553e-02
0.93550	3.53374e-02
0.94401	3.04028e-02
0.94357	3.17387e-02
0.94845	2.98395e-02
0.94677	2.96476e-02
0.94741	2.52821e-02
0.94138	2.80773e-02
0.94307	2.83523e-02
0.94435	2.31222e-02
0.94850	2.34105e-02
0.95012	2.06747e-02
0.95350	2.21104e-02
0.95272	2.23213e-02
0.94767	2.11712e-02
0.94767	2.11712e-02
0.95122	2.03495e-02
0.94837	1.97678e-02
0.94796	2.04095e-02
0.95055	1.40575e-02
0.95203	1.20985e-02
0.94992	1.19548e-02
0.95060	1.20909e-02
0.95409	1.12729e-02
0.95384	1.15140e-02
0.95842	1.77571e-02
0.95781	2.07302e-02
0.95676	2.06556e-02
0.95564	2.01585e-02
0.95564	2.01585e-02
0.95182	2.80526e-02
0.95192	2.77515e-02
0.95192	2.77523e-02
0.95016	2.75388e-02
0.95823	1.48035e-02
0.96554	1.38340e-02
0.96373	1.46003e-02
0.96458	1.57117e-02
0.97023	1.63067e-02
0.97353	1.49435e-02
0.97066	1.61767e-02
0.96789	1.50186e-02
0.96867	1.53131e-02
0.96972	1.28484e-02
0.97118	1.35960e-02
0.96874	1.12506e-02
0.96956	1.06432e-02
0.96852	1.10830e-02
0.96806	1.10745e-02
0.96756	1.12566e-02
0.96784	1.09011e-02
0.96890	1.84319e-02
0.96890	1.84319e-02
0.96890	1.84293e-02
0.96970	1.87496e-02
0.97279	2.02612e-02
0.97310	2.04222e-02
0.97359	2.02630e-02
0.97037	1.84340e-02
0.97002	2.03961e-02
0.97002	2.03961e-02
0.97002	2.03961e-02
0.96654	1.90605e-02
0.97117	1.22431e-02
0.97117	1.22420e-02
0.97640	1.23445e-02
0.97565	1.17903e-02
0.97225	1.02245e-02
0.97724	1.29300e-02
0.98056	1.12288e-02
0.97143	7.21402e-03
0.97828	1.22658e-02
0.97821	1.21829e-02
0.97458	1.70015e-02
0.98499	5.10276e-03
0.98597	4.86532e-03
0.98694	1.12399e-03
0.98706	1.01231e-03
0.98718	1.13835e-03
0.98723	1.09159e-03
0.98723	1.09882e-03
0.98723	1.10149e-03
0.98833	0.00000e+00
0.98833	0.00000e+00
0.99003	0.00000e+00
0.99003	0.00000e+00
0.99003	0.00000e+00
0.99003	0.00000e+00
0.99003	0.00000e+00
0.99003	0.00000e+00
0.99002	0.00000e+00
