0.99209	1.41126e-03
0.98307	9.56520e-03
0.97374	1.16314e-02
0.96760	1.82479e-02
0.95456	2.51815e-02
0.95961	1.56779e-02
0.94677	2.38192e-02
0.92462	3.32414e-02
0.91913	3.35746e-02
0.91256	3.02226e-02
0.91715	3.56836e-02
0.89230	3.18416e-02
0.87514	4.00963e-02
0.87644	4.15753e-02
0.85004	3.81535e-02
0.86458	4.18038e-02
0.86711	5.00207e-02
0.84623	4.69499e-02
0.81979	4.81927e-02
0.83509	3.96124e-02
0.81788	3.59757e-02
0.78956	3.56392e-02
0.79986	3.03256e-02
0.78080	5.23231e-02
0.76291	5.11936e-02
0.77419	4.53864e-02
0.76962	6.61647e-02
0.76916	6.11912e-02
0.76546	4.74973e-02
0.73205	7.47527e-02
0.70369	8.19847e-02
0.66691	9.20195e-02
0.68543	9.89806e-02
0.69703	6.93624e-02
0.68819	9.05758e-02
0.67803	8.34626e-02
0.64532	9.99652e-02
0.64711	9.67013e-02
0.65026	9.88074e-02
0.63801	8.44809e-02
0.63970	9.39692e-02
0.61186	1.05965e-01
0.60417	1.21864e-01
0.58193	1.24157e-01
0.60590	1.06288e-01
0.59116	1.11323e-01
0.55212	1.68006e-01
0.58513	1.18062e-01
0.57957	1.17143e-01
0.58141	1.34113e-01
0.59235	9.78651e-02
0.59499	7.50587e-02
0.61505	6.54623e-02
0.55885	1.01485e-01
0.59016	1.22937e-01
0.58490	6.43541e-02
0.57968	6.60317e-02
0.57126	8.85562e-02
0.55516	5.92283e-02
0.59322	5.51776e-02
0.54818	5.39827e-02
0.60547	4.96944e-02
0.55598	6.42637e-02
0.58964	7.63803e-02
0.57582	7.60010e-02
0.57526	7.93142e-02
0.59014	8.51438e-02
0.58519	5.46151e-02
0.59186	7.44400e-02
0.55976	6.32155e-02
0.55777	7.03931e-02
0.56319	5.93150e-02
0.57189	6.41779e-02
0.53552	6.31504e-02
0.52622	6.23728e-02
0.56210	4.20056e-02
0.56657	5.42808e-02
0.54513	6.69414e-02
0.57061	5.50253e-02
0.59691	6.37590e-02
0.53308	7.09550e-02
0.57571	7.13506e-02
0.56199	4.70078e-02
0.54126	5.87034e-02
0.55528	5.59850e-02
0.56474	5.84983e-02
0.56171	8.98936e-02
0.52479	4.32951e-02
0.55360	7.68043e-02
0.55212	5.71247e-02
0.50080	5.15838e-02
0.53694	6.22249e-02
0.52213	8.03766e-02
0.48474	5.42435e-02
0.48379	5.56166e-02
0.51159	4.47113e-02
0.47809	6.62105e-02
0.53489	4.61499e-02
0.52786	5.21463e-02
0.56376	7.84283e-02
0.58101	7.56452e-02
0.57644	6.21275e-02
0.57804	6.30650e-02
0.56592	5.40614e-02
0.59232	6.62723e-02
0.60780	6.26569e-02
0.62947	5.23721e-02
0.61041	4.77834e-02
0.60905	5.11423e-02
0.62737	5.29755e-02
0.63079	5.32392e-02
0.63052	5.39303e-02
0.64489	5.66291e-02
0.67036	5.19589e-02
0.68164	6.07283e-02
0.67582	5.61654e-02
0.67841	5.83470e-02
0.66028	5.36656e-02
0.67180	6.96937e-02
0.67991	7.20558e-02
0.68165	7.48940e-02
0.68301	7.41624e-02
0.68441	6.54565e-02
0.68498	6.61614e-02
0.69656	6.71262e-02
0.71013	6.67236e-02
0.70402	5.92547e-02
0.72443	3.93329e-02
0.72725	2.97243e-02
0.72401	3.31900e-02
0.72354	3.25864e-02
0.73569	3.36972e-02
0.73246	2.94838e-02
0.73892	4.33334e-02
0.73852	4.26766e-02
0.75718	5.26537e-02
0.76056	5.08083e-02
0.76270	5.01499e-02
0.75440	5.42419e-02
0.76101	5.73217e-02
0.74893	5.36468e-02
0.75034	4.58796e-02
0.75440	4.92210e-02
0.76554	5.05211e-02
0.77042	4.66521e-02
0.78388	4.89617e-02
0.79399	4.37295e-02
0.80379	4.48178e-02
0.79045	4.05060e-02
0.79728	4.08375e-02
0.79573	4.03892e-02
0.79423	4.00065e-02
0.79011	3.54781e-02
0.79032	3.61594e-02
0.79790	2.04607e-02
0.79398	2.51653e-02
0.79900	3.29783e-02
0.80956	3.76759e-02
0.81851	4.67320e-02
0.81805	4.60972e-02
0.81903	4.24999e-02
0.82078	4.38987e-02
0.82921	4.25196e-02
0.82947	4.17084e-02
0.84129	2.26150e-02
0.84722	2.48207e-02
0.84914	2.85094e-02
0.85128	3.09119e-02
0.85139	2.88241e-02
0.84444	3.70949e-02
0.84402	3.73712e-02
0.83815	5.22515e-02
0.84709	5.10538e-02
0.85160	4.39185e-02
0.85607	4.24497e-02
0.85827	3.73422e-02
0.84771	3.20595e-02
0.85554	2.23307e-02
0.85327	1.34763e-02
0.85851	2.04597e-02
0.85980	3.76407e-02
0.86756	3.74803e-02
0.86338	3.16203e-02
0.86299	3.18646e-02
0.86487	3.36702e-02
0.87024	4.13053e-02
0.87030	4.13017e-02
0.87284	4.46363e-02
0.87183	3.91720e-02
0.86469	3.47378e-02
0.86469	3.47378e-02
0.88624	2.79071e-02
0.88973	2.84554e-02
0.89292	2.26869e-02
0.89187	2.26976e-02
0.89628	2.45154e-02
0.89893	2.53624e-02
0.89542	2.47879e-02
0.90394	8.57573e-03
0.90014	1.43019e-02
0.89280	1.91576e-02
0.89690	1.97981e-02
0.89587	2.03048e-02
0.89995	2.37434e-02
0.89716	2.31536e-02
0.89285	1.62674e-02
0.89044	1.41067e-02
0.88954	1.30578e-02
0.90463	2.52740e-02
0.90778	1.97018e-02
0.90201	2.27741e-02
0.90063	2.13019e-02
0.90174	2.57690e-02
0.90817	1.74828e-02
0.90817	1.74828e-02
0.90808	1.75572e-02
0.90958	2.13671e-02
0.90989	2.12444e-02
0.91817	2.12261e-02
0.91722	2.28896e-02
0.91546	1.71151e-02
0.91664	1.70025e-02
0.92068	2.02641e-02
0.91116	2.32954e-02
0.90995	2.18750e-02
0.90053	2.12007e-02
0.90053	2.12007e-02
0.90187	2.40726e-02
0.91266	2.09438e-02
0.91335	9.26032e-03
0.91325	9.29846e-03
0.91335	1.44779e-02
0.91259	1.49903e-02
0.90954	1.12207e-02
0.90954	1.12207e-02
0.91091	1.12176e-02
0.90967	1.08386e-02
0.91199	1.77194e-02
0.91930	1.59348e-02
0.91986	1.73431e-02
0.91940	1.47698e-02
0.91940	1.47746e-02
0.91410	1.89031e-02
0.91485	2.19233e-02
0.91699	2.10663e-02
0.91488	2.27434e-02
0.91272	2.06815e-02
0.91568	1.79595e-02
0.91579	1.80559e-02
0.91828	2.01886e-02
0.92386	1.89282e-02
0.92671	2.18736e-02
0.92718	1.80991e-02
0.92094	2.18941e-02
0.92326	2.07415e-02
0.92455	2.06570e-02
0.92150	2.68038e-02
0.92259	3.00549e-02
0.92120	2.87530e-02
0.91847	2.55061e-02
0.92040	2.47085e-02
0.91500	2.11946e-02
0.91728	1.91791e-02
0.91966	1.88927e-02
0.92501	2.30212e-02
0.92982	2.47804e-02
0.92816	2.44789e-02
0.92679	2.25119e-02
0.92744	2.28818e-02
0.92723	1.78656e-02
0.93297	1.84915e-02
0.93425	2.05466e-02
0.93644	2.31532e-02
0.93825	1.91673e-02
0.94012	2.31294e-02
0.93792	2.20864e-02
0.93431	2.21306e-02
0.93497	2.13544e-02
0.93363	1.59476e-02
0.93438	2.03179e-02
0.93940	1.96335e-02
0.94156	2.08583e-02
0.93822	1.74018e-02
0.94276	2.04074e-02
0.94562	1.79482e-02
0.94105	1.66831e-02
0.93985	1.56911e-02
0.94375	2.26922e-02
0.94418	1.84650e-02
0.94669	1.75093e-02
0.94421	1.83305e-02
0.94563	1.80437e-02
0.94501	1.88431e-02
0.93902	2.24241e-02
0.94374	2.49250e-02
0.94374	2.49250e-02
0.94713	2.67112e-02
0.94824	2.35504e-02
0.94178	1.91289e-02
0.94178	1.91289e-02
0.94471	1.74878e-02
0.95224	1.99153e-02
0.95175	2.02170e-02
0.95175	2.02180e-02
0.94236	1.80061e-02
0.94047	1.87196e-02
0.94083	2.39611e-02
0.94190	2.49137e-02
0.93945	2.20032e-02
0.94173	2.47779e-02
0.93901	2.16506e-02
0.93901	2.16506e-02
0.93901	2.16506e-02
0.94056	2.13329e-02
0.94427	2.24975e-02
0.94475	1.98969e-02
0.94457	2.00721e-02
0.93841	2.16136e-02
0.94937	2.25578e-02
0.94809	2.23132e-02
0.94821	2.23905e-02
0.94408	2.08793e-02
0.94873	1.41139e-02
0.95553	1.63238e-02
0.95596	1.73337e-02
0.95659	1.74861e-02
0.95848	1.73699e-02
0.96147	1.11744e-02
0.94902	1.78705e-02
0.94596	1.42683e-02
0.94143	1.80118e-02
0.94515	2.09459e-02
0.94697	2.62532e-02
0.95110	2.60117e-02
0.95352	2.41281e-02
0.95768	2.22026e-02
0.95707	2.19834e-02
0.95691	2.21399e-02
0.95524	1.96552e-02
0.95055	1.99163e-02
0.95033	1.96523e-02
0.94993	2.89141e-02
0.95452	2.21156e-02
0.95864	1.89885e-02
0.95845	1.89099e-02
0.95792	2.23025e-02
0.95665	2.14375e-02
0.96012	1.89708e-02
0.96306	1.73061e-02
0.96509	1.85801e-02
0.96744	2.03746e-02
0.96657	2.20294e-02
0.97160	2.18428e-02
0.97068	2.32804e-02
0.96853	2.21011e-02
0.97105	1.94207e-02
0.96912	2.18817e-02
0.97019	2.33744e-02
0.97018	2.33712e-02
0.96501	2.10636e-02
0.96501	2.10636e-02
0.96705	1.84148e-02
0.96850	1.83105e-02
0.96867	1.80879e-02
0.96602	1.91381e-02
0.96866	1.82051e-02
0.97026	1.76612e-02
0.96923	1.98575e-02
0.96126	2.18885e-02
0.95956	2.14863e-02
0.96766	2.25360e-02
0.96766	2.25360e-02
0.96546	2.29877e-02
0.96546	2.29877e-02
0.96196	2.95775e-02
0.96309	2.89591e-02
0.96268	2.88255e-02
0.96268	2.88229e-02
0.95207	2.68109e-02
0.96607	1.54183e-02
0.97180	1.60038e-02
0.96474	2.03931e-02
0.96881	1.85197e-02
0.96990	1.87499e-02
0.97466	1.18078e-02
0.97466	1.18078e-02
0.96803	2.56997e-02
0.96805	2.57144e-02
0.96807	2.57352e-02
0.96473	2.72708e-02
0.96161	2.55888e-02
0.96161	2.55911e-02
0.96120	1.77983e-02
0.95330	9.16455e-03
0.95330	9.16455e-03
0.95850	1.78454e-02
0.95850	1.78454e-02
0.96670	1.69032e-02
0.96670	1.69032e-02
0.96361	1.56951e-02
0.96769	1.35164e-02
0.96769	1.35164e-02
0.97543	1.03879e-02
0.97175	9.92376e-03
0.97175	9.92376e-03
0.97175	9.92376e-03
0.97175	9.92376e-03
0.97310	9.20457e-03
0.97819	9.88681e-03
0.97353	9.00739e-03
0.97230	9.59436e-03
0.97230	9.59436e-03
0.96774	1.44701e-02
0.97069	1.50103e-02
0.97616	1.69199e-02
0.97616	1.69199e-02
0.97604	1.71206e-02
0.97705	8.07961e-03
0.97698	7.97314e-03
0.97959	6.68084e-03
0.97959	6.68084e-03
0.97959	6.68084e-03
0.98241	7.63540e-03
0.98241	7.63540e-03
0.98384	7.56481e-03
0.98381	7.54668e-03
0.99018	9.47621e-04
0.99021	9.17816e-04
0.99016	8.51953e-04
0.99073	1.46509e-03
0.99073	1.46509e-03
0.99073	1.46509e-03
0.99072	1.45941e-03
0.99124	1.32901e-03
0.99123	1.33826e-03
0.99285	0.00000e+00
0.99285	0.00000e+00
0.99285	0.00000e+00
0.99285	0.00000e+00
0.99285	0.00000e+00
0.99285	0.00000e+00
0.99285	0.00000e+00
0.99285	0.00000e+00
0.99285	0.00000e+00
0.99286	0.00000e+00
