0.90944	1.98450e-02
0.90284	2.02729e-02
0.85987	3.11143e-02
0.81318	5.37533e-02
0.78661	7.81458e-02
0.74905	8.77557e-02
0.72923	8.23735e-02
0.69475	7.28157e-02
0.63207	8.10347e-02
0.60779	1.02884e-01
0.61154	1.25566e-01
0.60337	1.03206e-01
0.58423	1.35906e-01
0.54831	1.24332e-01
0.55830	1.26377e-01
0.55240	1.28681e-01
0.53499	1.39801e-01
0.52801	1.38464e-01
0.52910	1.36769e-01
0.53521	1.74624e-01
0.56945	1.31139e-01
0.53113	1.67163e-01
0.55454	1.75837e-01
0.54837	1.88382e-01
0.58597	1.36727e-01
0.57094	1.48388e-01
0.59291	1.03172e-01
0.59915	8.80255e-02
0.60346	1.20528e-01
0.57849	1.10002e-01
0.58390	1.00791e-01
0.56805	1.24313e-01
0.56708	8.27878e-02
0.57346	1.33808e-01
0.56673	9.47678e-02
0.55773	1.13197e-01
0.57726	7.34851e-02
0.59711	9.79506e-02
0.58357	9.78977e-02
0.58664	9.89036e-02
0.59505	9.92347e-02
0.62682	7.82632e-02
0.56796	1.10984e-01
0.61953	7.99679e-02
0.58307	7.29408e-02
0.60761	1.02404e-01
0.58985	8.06548e-02
0.60254	8.19533e-02
0.58909	6.19687e-02
0.61734	8.51796e-02
0.57459	7.64321e-02
0.57684	9.10992e-02
0.57304	8.10764e-02
0.56655	6.77699e-02
0.55563	6.82564e-02
0.59319	5.36247e-02
0.58446	4.54710e-02
0.57474	5.73425e-02
0.56352	7.09378e-02
0.55981	3.23399e-02
0.55822	6.48776e-02
0.57296	4.43789e-02
0.55715	6.73982e-02
0.57712	3.64814e-02
0.58345	6.17072e-02
0.56555	5.80469e-02
0.55680	5.09465e-02
0.54619	5.08478e-02
0.56511	6.02922e-02
0.54045	6.93854e-02
0.53411	6.34601e-02
0.53045	5.83228e-02
0.54651	5.91987e-02
0.53877	6.50823e-02
0.50425	5.19416e-02
0.52094	5.38097e-02
0.50817	5.88406e-02
0.49288	6.93269e-02
0.49342	6.87728e-02
0.47314	6.34170e-02
0.46182	8.62932e-02
0.47836	7.23197e-02
0.46418	5.97832e-02
0.44138	1.03126e-01
0.46489	6.60790e-02
0.43511	6.88011e-02
0.42617	7.52342e-02
0.44517	6.54766e-02
0.44986	5.85322e-02
0.39638	9.36041e-02
0.41374	6.39521e-02
0.38461	8.48096e-02
0.40388	7.94318e-02
0.38700	6.92919e-02
0.38414	7.20644e-02
0.36254	7.84935e-02
0.31864	8.92770e-02
0.34439	8.47241e-02
0.33184	4.66966e-02
0.35348	1.11890e-01
0.36472	1.14186e-01
0.35234	8.65136e-02
0.34844	8.66378e-02
0.34390	8.25116e-02
0.34024	8.14433e-02
0.33973	8.47334e-02
0.33897	8.18796e-02
0.33216	8.34340e-02
0.34270	8.62715e-02
0.35479	6.45690e-02
0.35479	6.45690e-02
0.36237	6.89707e-02
0.36822	6.67071e-02
0.35000	7.16146e-02
0.34574	7.67616e-02
0.35658	7.73918e-02
0.36130	6.61936e-02
0.37071	6.98270e-02
0.38567	6.00614e-02
0.38920	5.64974e-02
0.37003	7.03041e-02
0.38239	6.84836e-02
0.38437	6.96941e-02
0.37406	7.88064e-02
0.37104	9.20604e-02
0.40946	6.92963e-02
0.41506	7.52296e-02
0.42576	6.78199e-02
0.40468	7.94315e-02
0.40110	7.81461e-02
0.38768	7.61712e-02
0.39267	8.30149e-02
0.39650	8.91991e-02
0.39144	8.59685e-02
0.42780	6.53724e-02
0.44127	5.74747e-02
0.42866	8.11798e-02
0.42609	5.40207e-02
0.43088	6.48614e-02
0.43191	6.52867e-02
0.43025	6.65192e-02
0.42119	5.66483e-02
0.43004	3.48149e-02
0.43004	3.48149e-02
0.41813	4.28606e-02
0.40984	4.12712e-02
0.42182	5.22113e-02
0.42089	4.72090e-02
0.45430	7.46670e-02
0.43016	8.54605e-02
0.42567	7.68565e-02
0.44753	7.60064e-02
0.44206	7.54380e-02
0.42203	7.51076e-02
0.44361	9.89808e-02
0.42338	7.52022e-02
0.44129	6.23308e-02
0.43168	5.92861e-02
0.44992	6.68220e-02
0.45266	6.58419e-02
0.43972	5.14617e-02
0.43934	6.11350e-02
0.44308	6.27404e-02
0.44297	6.28422e-02
0.46341	6.15102e-02
0.47095	5.61194e-02
0.45068	6.41936e-02
0.45068	6.41936e-02
0.45471	6.53384e-02
0.46175	6.65570e-02
0.47457	5.26999e-02
0.46898	7.01611e-02
0.47142	6.97180e-02
0.48502	5.78218e-02
0.49354	6.45534e-02
0.49213	6.17313e-02
0.48130	6.04102e-02
0.48396	5.76825e-02
0.48097	6.55623e-02
0.48759	6.08619e-02
0.48759	6.08619e-02
0.48174	6.76607e-02
0.49843	5.42162e-02
0.49994	6.97410e-02
0.50594	7.17932e-02
0.50619	6.76572e-02
0.50619	6.76572e-02
0.51171	6.63718e-02
0.49712	6.03123e-02
0.51958	6.70049e-02
0.50896	6.73717e-02
0.51513	7.27226e-02
0.51499	7.18923e-02
0.51365	4.97478e-02
0.51691	6.29544e-02
0.51921	5.33425e-02
0.52483	5.55264e-02
0.51324	7.36132e-02
0.52549	6.60178e-02
0.52722	6.53364e-02
0.53869	4.54944e-02
0.55101	6.14137e-02
0.55784	6.16016e-02
0.54744	7.38417e-02
0.55441	5.46358e-02
0.54624	5.72745e-02
0.55275	6.44506e-02
0.54671	5.97980e-02
0.53744	4.59261e-02
0.54612	5.46627e-02
0.53923	5.26886e-02
0.54708	5.95036e-02
0.55319	6.69982e-02
0.56447	5.63921e-02
0.57344	6.00868e-02
0.56422	4.72819e-02
0.57484	5.15899e-02
0.57733	6.14841e-02
0.57968	5.89464e-02
0.58858	6.24399e-02
0.59236	8.33806e-02
0.58434	9.03376e-02
0.58782	8.82044e-02
0.58520	8.93104e-02
0.59175	9.30671e-02
0.58797	8.77362e-02
0.59612	8.22156e-02
0.60749	7.85176e-02
0.60424	6.04423e-02
0.60543	6.09676e-02
0.60475	5.92160e-02
0.60827	6.20961e-02
0.60966	6.42241e-02
0.60897	6.97664e-02
0.61446	6.83578e-02
0.61570	8.01708e-02
0.61655	7.93340e-02
0.61059	8.62567e-02
0.61108	8.65599e-02
0.61387	8.69766e-02
0.61387	8.69766e-02
0.61370	7.47177e-02
0.60052	5.70421e-02
0.62188	7.17927e-02
0.63000	6.60964e-02
0.62534	5.96683e-02
0.62422	5.98556e-02
0.62518	5.83592e-02
0.62518	5.83592e-02
0.62028	5.51941e-02
0.62429	5.03866e-02
0.63029	6.43222e-02
0.62762	6.41448e-02
0.61596	7.64446e-02
0.62008	6.56605e-02
0.62170	5.79920e-02
0.63446	5.21799e-02
0.63694	5.24555e-02
0.63700	5.25439e-02
0.63508	5.98681e-02
0.64320	7.67431e-02
0.64000	6.63580e-02
0.64741	6.69997e-02
0.65946	7.22368e-02
0.67383	5.42928e-02
0.67581	5.68188e-02
0.66273	7.60695e-02
0.66780	8.31869e-02
0.67046	9.41025e-02
0.65997	9.79634e-02
0.67087	1.03322e-01
0.67437	1.08592e-01
0.68234	9.77131e-02
0.67156	8.52962e-02
0.67156	8.52962e-02
0.67299	8.57966e-02
0.68016	9.06167e-02
0.68380	9.13158e-02
0.69171	9.36242e-02
0.69536	9.82191e-02
0.68925	1.03114e-01
0.68338	1.12238e-01
0.67855	1.09752e-01
0.68206	1.08929e-01
0.68868	9.10805e-02
0.71399	7.21121e-02
0.71247	7.13743e-02
0.71196	7.20532e-02
0.70485	7.95230e-02
0.70155	7.31154e-02
0.70149	7.22950e-02
0.71733	7.25663e-02
0.71741	7.25674e-02
0.71741	7.25674e-02
0.72133	7.50110e-02
0.72462	7.74848e-02
0.73410	7.61711e-02
0.74757	7.25430e-02
0.73425	8.60034e-02
0.73460	8.38776e-02
0.74419	7.21424e-02
0.74252	7.06703e-02
0.73950	6.72120e-02
0.73845	6.86836e-02
0.73223	7.78625e-02
0.72716	9.09411e-02
0.72773	8.06937e-02
0.73538	7.65942e-02
0.73515	7.68914e-02
0.73515	7.68914e-02
0.73548	8.05030e-02
0.73548	8.05030e-02
0.74351	7.64500e-02
0.73969	8.02506e-02
0.75508	6.65678e-02
0.75203	6.45264e-02
0.76328	6.68437e-02
0.76312	6.66495e-02
0.76696	7.21225e-02
0.75916	7.53599e-02
0.75674	7.68799e-02
0.75765	7.84132e-02
0.74909	8.76550e-02
0.74909	8.76550e-02
0.76727	8.33333e-02
0.76310	8.46863e-02
0.75145	7.75595e-02
0.75051	7.56942e-02
0.75051	7.56942e-02
0.75596	7.53196e-02
0.77088	8.05526e-02
0.77349	8.07931e-02
0.77255	7.17188e-02
0.78751	6.75364e-02
0.79012	6.38557e-02
0.79823	5.22794e-02
0.79918	5.76617e-02
0.79171	6.48279e-02
0.79479	6.45075e-02
0.79395	6.48241e-02
0.79569	6.23774e-02
0.79747	6.72916e-02
0.79422	6.59126e-02
0.78911	6.39021e-02
0.78912	6.39083e-02
0.78697	6.67411e-02
0.78881	6.27323e-02
0.80212	6.71928e-02
0.79443	6.84631e-02
0.79173	6.79968e-02
0.79660	7.28595e-02
0.79840	7.53900e-02
0.80064	7.74699e-02
0.80591	7.60537e-02
0.81236	7.73558e-02
0.81603	7.82478e-02
0.80202	7.15708e-02
0.80104	7.17040e-02
0.80354	7.38050e-02
0.81469	7.39991e-02
0.81055	7.57201e-02
0.80693	7.22273e-02
0.81139	7.36975e-02
0.81887	7.59483e-02
0.83400	5.80806e-02
0.83773	6.11361e-02
0.84047	6.33262e-02
0.84968	5.58731e-02
0.83645	6.64166e-02
0.83635	6.97615e-02
0.84953	5.88268e-02
0.85356	5.56875e-02
0.85203	6.01312e-02
0.85381	5.92172e-02
0.85381	5.92172e-02
0.85665	5.90664e-02
0.85343	5.10772e-02
0.85492	5.33737e-02
0.84790	6.59432e-02
0.84759	6.35049e-02
0.86162	4.64570e-02
0.86140	4.63789e-02
0.86148	4.64764e-02
0.86486	4.03350e-02
0.86486	4.03350e-02
0.86762	4.38246e-02
0.85050	5.38329e-02
0.83721	4.14464e-02
0.83838	4.22753e-02
0.86159	3.00493e-02
0.86257	3.02053e-02
0.86533	3.32335e-02
0.85948	3.31133e-02
0.85948	3.31133e-02
0.87574	1.41055e-02
0.87574	1.41055e-02
0.87574	1.41055e-02
0.87435	1.43100e-02
0.87505	1.44732e-02
0.87505	1.44732e-02
0.87882	1.94521e-02
0.87882	1.94521e-02
0.88220	2.12110e-02
0.88098	1.98547e-02
0.88625	2.64326e-02
0.87398	1.81511e-02
0.87398	1.81511e-02
0.87398	1.81511e-02
0.87398	1.81511e-02
0.89951	2.18415e-03
0.88353	2.73079e-02
0.88108	2.53055e-02
0.88108	2.53055e-02
0.89001	3.37558e-02
0.89001	3.37558e-02
0.89625	2.69026e-02
0.88019	1.76639e-02
0.88019	1.76639e-02
0.88019	1.76639e-02
0.88019	1.76639e-02
0.88019	1.76639e-02
0.88019	1.76639e-02
0.88019	1.76639e-02
0.88019	1.76639e-02
0.88019	1.76639e-02
0.88767	2.43009e-02
0.88767	2.43009e-02
0.88756	2.44113e-02
0.89957	1.23982e-02
0.89957	1.23965e-02
0.89731	0.00000e+00
0.89731	0.00000e+00
0.89934	0.00000e+00
0.89934	0.00000e+00
0.89934	0.00000e+00
0.89934	0.00000e+00
0.89934	0.00000e+00
0.89934	0.00000e+00
0.91459	0.00000e+00
0.91459	0.00000e+00
0.91459	0.00000e+00
0.91459	0.00000e+00
0.91459	0.00000e+00
0.91703	0.00000e+00
