0.99116	1.22187e-03
0.97541	8.97660e-03
0.97403	1.00486e-02
0.95838	2.26090e-02
0.94592	2.15523e-02
0.93965	3.77903e-02
0.92319	5.11162e-02
0.91251	4.91632e-02
0.90361	7.11025e-02
0.89557	3.42860e-02
0.89763	4.25308e-02
0.86555	7.31676e-02
0.84220	9.11847e-02
0.80575	1.06117e-01
0.83725	8.23797e-02
0.85710	5.64225e-02
0.85358	8.44151e-02
0.86472	7.32591e-02
0.86615	7.19083e-02
0.83901	9.12888e-02
0.86445	6.62395e-02
0.84667	5.30376e-02
0.85367	5.90027e-02
0.85178	4.69427e-02
0.84941	4.64267e-02
0.83209	5.18520e-02
0.85016	5.35469e-02
0.83222	5.47481e-02
0.83069	4.47082e-02
0.83713	4.62386e-02
0.83450	4.48696e-02
0.80695	3.94162e-02
0.82361	4.31369e-02
0.81389	4.61928e-02
0.80298	3.97210e-02
0.79997	3.11924e-02
0.79584	4.99209e-02
0.80340	2.88386e-02
0.78768	5.86015e-02
0.76887	2.73972e-02
0.77848	3.04401e-02
0.77100	3.46860e-02
0.79181	4.82916e-02
0.76231	3.54329e-02
0.74435	3.80851e-02
0.75471	2.78392e-02
0.75365	4.37454e-02
0.75001	3.57853e-02
0.71414	4.77815e-02
0.74332	3.58610e-02
0.70176	6.50344e-02
0.72164	5.07183e-02
0.73165	3.29560e-02
0.69933	6.85007e-02
0.69530	6.77277e-02
0.68504	4.71380e-02
0.68127	5.88957e-02
0.67434	4.88973e-02
0.67201	3.42008e-02
0.65331	6.33645e-02
0.65946	5.04555e-02
0.65092	5.08133e-02
0.65139	3.01709e-02
0.68160	5.08056e-02
0.65161	4.15255e-02
0.65028	4.75010e-02
0.63720	3.47885e-02
0.63663	4.22432e-02
0.64659	7.94932e-02
0.63623	4.87859e-02
0.63074	6.56589e-02
0.63150	4.49977e-02
0.62217	5.26349e-02
0.64017	5.10000e-02
0.62210	4.17946e-02
0.61653	6.36158e-02
0.57993	4.16844e-02
0.58952	5.67914e-02
0.60658	4.88687e-02
0.55483	7.31871e-02
0.56345	6.73189e-02
0.55886	5.30385e-02
0.53586	5.33744e-02
0.56143	2.36965e-02
0.52927	7.47142e-02
0.52547	7.22401e-02
0.53648	7.29763e-02
0.52898	8.87276e-02
0.49483	7.96716e-02
0.47927	6.81826e-02
0.50034	6.16978e-02
0.47278	4.87614e-02
0.46678	8.76589e-02
0.48804	6.77266e-02
0.44721	8.30467e-02
0.48024	7.15532e-02
0.43977	8.31255e-02
0.47030	6.68964e-02
0.44669	6.76363e-02
0.48583	8.85615e-02
0.48359	9.43392e-02
0.48692	9.62123e-02
0.49791	8.37124e-02
0.49686	8.43447e-02
0.49979	8.63250e-02
0.49033	8.48772e-02
0.50914	9.39337e-02
0.50497	1.10994e-01
0.51029	1.14448e-01
0.50433	1.09177e-01
0.50301	1.12396e-01
0.50336	1.12602e-01
0.50336	1.12602e-01
0.49421	1.13182e-01
0.51741	1.09120e-01
0.52221	1.19101e-01
0.52872	1.18077e-01
0.52624	1.05066e-01
0.52624	1.05066e-01
0.54790	8.72311e-02
0.53316	8.34919e-02
0.53726	8.56598e-02
0.54464	1.14031e-01
0.54464	1.14031e-01
0.52561	9.38351e-02
0.52110	8.78487e-02
0.52080	9.01575e-02
0.53585	7.08519e-02
0.54604	9.13534e-02
0.54637	9.16027e-02
0.54953	6.89319e-02
0.56354	6.31274e-02
0.56264	7.21958e-02
0.56174	7.47894e-02
0.58041	9.17487e-02
0.60826	7.53686e-02
0.60743	7.32724e-02
0.59796	7.24118e-02
0.60454	6.42154e-02
0.61036	6.87831e-02
0.61997	7.81723e-02
0.61960	7.88040e-02
0.61003	7.64758e-02
0.59937	6.48590e-02
0.61497	7.34644e-02
0.61946	7.17883e-02
0.61805	7.10096e-02
0.61020	6.60421e-02
0.61275	6.32797e-02
0.61699	6.83275e-02
0.61992	6.72328e-02
0.61227	5.86220e-02
0.64072	7.88496e-02
0.65530	6.29089e-02
0.65359	6.14310e-02
0.65782	5.82772e-02
0.66768	5.56544e-02
0.66768	5.56544e-02
0.66768	5.56544e-02
0.67857	6.47970e-02
0.65404	5.88393e-02
0.66663	4.49196e-02
0.64866	3.36703e-02
0.64284	4.07684e-02
0.64648	3.18460e-02
0.63304	5.96416e-02
0.64552	7.12013e-02
0.65487	7.85484e-02
0.65461	7.47065e-02
0.66018	7.69380e-02
0.66752	6.43560e-02
0.66022	6.38352e-02
0.67236	6.41631e-02
0.67168	6.45392e-02
0.67292	6.52436e-02
0.67460	6.64956e-02
0.67234	6.99639e-02
0.68233	7.14870e-02
0.68058	7.73605e-02
0.67724	7.68359e-02
0.68582	7.16804e-02
0.70068	5.70422e-02
0.70181	5.81788e-02
0.70181	5.81788e-02
0.69749	5.71975e-02
0.70357	6.07622e-02
0.71466	6.07658e-02
0.71526	6.09514e-02
0.71181	7.17485e-02
0.72172	5.97282e-02
0.71498	5.56371e-02
0.72467	4.71472e-02
0.75117	5.33284e-02
0.74382	4.91031e-02
0.74351	5.53825e-02
0.74536	4.01344e-02
0.74308	3.93509e-02
0.74061	4.54122e-02
0.74229	4.26761e-02
0.74963	3.26730e-02
0.74256	5.10336e-02
0.74411	4.35381e-02
0.74725	4.53847e-02
0.74779	4.65114e-02
0.75441	3.67175e-02
0.74932	3.66510e-02
0.75279	4.96286e-02
0.75383	3.42527e-02
0.76085	3.34605e-02
0.76770	2.76913e-02
0.76770	2.76913e-02
0.76654	2.28752e-02
0.77074	1.68263e-02
0.77137	1.95460e-02
0.77137	1.95460e-02
0.76927	3.25572e-02
0.76791	3.31128e-02
0.76558	3.26364e-02
0.76725	3.18973e-02
0.76785	3.23485e-02
0.76979	3.39531e-02
0.76992	3.40727e-02
0.77826	2.20356e-02
0.77918	2.33652e-02
0.76808	2.99394e-02
0.76859	3.00395e-02
0.76996	3.03273e-02
0.77918	2.77374e-02
0.78109	2.48319e-02
0.79454	2.38015e-02
0.79359	2.46674e-02
0.78754	2.95024e-02
0.78968	2.84987e-02
0.79468	2.10878e-02
0.79133	2.11425e-02
0.79133	2.11425e-02
0.79519	1.92389e-02
0.80174	1.76273e-02
0.79626	1.66082e-02
0.79626	1.66082e-02
0.79934	1.24770e-02
0.79498	1.47064e-02
0.79006	1.98700e-02
0.77880	3.06313e-02
0.79078	3.95283e-02
0.79401	3.71629e-02
0.79650	3.78736e-02
0.80064	4.42588e-02
0.80473	4.54165e-02
0.80470	4.53818e-02
0.81136	4.57245e-02
0.81136	4.57245e-02
0.81396	4.82832e-02
0.81829	4.79280e-02
0.82962	2.89209e-02
0.82740	3.24196e-02
0.82303	2.79065e-02
0.81277	3.71306e-02
0.80907	3.83078e-02
0.80836	3.40438e-02
0.81342	3.28777e-02
0.81473	3.17737e-02
0.82010	2.69722e-02
0.82719	2.33997e-02
0.83571	2.52890e-02
0.83213	2.71940e-02
0.83405	2.59269e-02
0.84061	2.84445e-02
0.84419	3.02523e-02
0.82848	1.84245e-02
0.83463	2.68717e-02
0.83657	2.52353e-02
0.84732	2.91542e-02
0.84231	2.83367e-02
0.84695	2.58827e-02
0.85061	2.92008e-02
0.84935	2.96229e-02
0.84935	2.96229e-02
0.85535	2.59156e-02
0.86019	2.73994e-02
0.85741	2.67550e-02
0.85686	2.81966e-02
0.85279	2.62302e-02
0.84815	2.70186e-02
0.84491	2.68048e-02
0.84675	2.59863e-02
0.85256	2.65935e-02
0.86380	3.18733e-02
0.86982	3.54843e-02
0.87451	2.85055e-02
0.87596	3.11604e-02
0.87534	2.77904e-02
0.87498	2.81559e-02
0.87525	2.77180e-02
0.87525	2.77180e-02
0.87500	1.76080e-02
0.87753	2.79630e-02
0.88770	2.96593e-02
0.87736	4.04801e-02
0.86841	3.79227e-02
0.87987	2.98359e-02
0.88528	2.71034e-02
0.88094	2.91791e-02
0.88273	3.11855e-02
0.88097	2.67508e-02
0.87818	2.32896e-02
0.87277	2.87543e-02
0.87270	2.94244e-02
0.88394	3.60189e-02
0.89088	3.33823e-02
0.89022	3.79928e-02
0.88358	3.22804e-02
0.88531	3.95464e-02
0.88558	3.99519e-02
0.88699	3.98568e-02
0.88699	3.98568e-02
0.89089	3.62863e-02
0.89318	3.54452e-02
0.88480	3.71639e-02
0.88480	3.71639e-02
0.89126	4.22538e-02
0.89109	4.23512e-02
0.88740	3.68008e-02
0.88842	3.68263e-02
0.90412	2.78937e-02
0.89808	3.12774e-02
0.89542	3.46625e-02
0.89659	3.69000e-02
0.90158	3.61792e-02
0.90158	3.61792e-02
0.90158	3.61792e-02
0.90162	3.53753e-02
0.90708	3.97994e-02
0.90717	3.95352e-02
0.91015	3.90929e-02
0.91290	3.80838e-02
0.91181	3.66565e-02
0.91661	3.74331e-02
0.91592	3.94661e-02
0.92275	3.09042e-02
0.92275	3.10124e-02
0.91735	3.68579e-02
0.91246	3.68272e-02
0.91246	3.68272e-02
0.91532	3.85854e-02
0.91908	3.55622e-02
0.91908	3.55622e-02
0.92342	4.19308e-02
0.92461	4.58396e-02
0.93167	3.51932e-02
0.93266	3.26887e-02
0.93246	3.29102e-02
0.93246	3.29102e-02
0.93405	3.30232e-02
0.93832	2.89057e-02
0.93439	2.31252e-02
0.93437	2.92223e-02
0.92056	2.52952e-02
0.91579	2.72970e-02
0.91579	2.72970e-02
0.92149	2.57146e-02
0.91698	2.39044e-02
0.91975	2.63510e-02
0.91951	2.58453e-02
0.91951	2.58453e-02
0.92580	2.70808e-02
0.92521	2.69848e-02
0.93451	1.55691e-02
0.93390	1.56483e-02
0.93766	2.18424e-02
0.94154	2.34631e-02
0.94222	2.72392e-02
0.93428	2.12263e-02
0.93356	2.18301e-02
0.93390	2.26241e-02
0.94426	2.80160e-02
0.94065	2.36465e-02
0.94047	1.88908e-02
0.94427	1.81721e-02
0.94301	1.88004e-02
0.94301	1.88004e-02
0.94020	2.30103e-02
0.94016	2.29504e-02
0.94016	2.29504e-02
0.94521	2.54491e-02
0.94336	3.06526e-02
0.95664	1.46453e-02
0.95948	1.88271e-02
0.95602	1.71785e-02
0.95400	1.63109e-02
0.95535	1.58548e-02
0.95586	1.51187e-02
0.95360	2.02278e-02
0.94904	1.88878e-02
0.94671	1.64058e-02
0.94671	1.64058e-02
0.94671	1.64058e-02
0.94671	1.64058e-02
0.94760	1.53366e-02
0.95169	2.02473e-02
0.95169	2.02473e-02
0.95466	1.73961e-02
0.95734	1.63119e-02
0.96055	1.72570e-02
0.95257	2.60451e-02
0.95860	3.18613e-02
0.93650	2.17051e-02
0.93650	2.17051e-02
0.93856	2.42605e-02
0.94212	2.88401e-02
0.95569	1.79631e-02
0.96266	1.23610e-02
0.96266	1.23610e-02
0.96067	1.43579e-02
0.96067	1.43579e-02
0.96067	1.43579e-02
0.95801	1.08789e-02
0.96028	2.21637e-02
0.94462	6.37111e-04
0.95029	6.31021e-03
0.95029	6.31021e-03
0.93015	1.38323e-02
0.98547	3.42697e-03
0.98852	1.78683e-03
0.98852	1.78683e-03
0.98052	9.79092e-03
0.98052	9.79092e-03
0.98923	1.07768e-03
0.99031	0.00000e+00
0.99031	0.00000e+00
0.99019	0.00000e+00
