0.97307	3.63403e-03
0.96073	1.08794e-02
0.94478	1.39873e-02
0.93186	2.68141e-02
0.92233	2.86178e-02
0.90322	4.42037e-02
0.88128	4.80489e-02
0.86591	4.43910e-02
0.82460	7.24830e-02
0.80550	9.26029e-02
0.77882	1.21846e-01
0.75714	1.39622e-01
0.72786	1.60262e-01
0.69507	1.60644e-01
0.70973	1.23216e-01
0.68457	1.76677e-01
0.71028	1.23242e-01
0.70744	1.30614e-01
0.72067	1.33928e-01
0.71008	1.49745e-01
0.71080	1.14920e-01
0.73167	9.84562e-02
0.72069	9.83274e-02
0.69812	1.03739e-01
0.69209	1.11475e-01
0.69381	8.00471e-02
0.71913	8.00696e-02
0.71741	9.58293e-02
0.71471	7.09991e-02
0.72466	1.00189e-01
0.72351	6.35920e-02
0.69060	1.05655e-01
0.72501	5.34395e-02
0.73014	7.84725e-02
0.73142	4.44958e-02
0.74052	4.78306e-02
0.72871	7.17561e-02
0.73349	4.27816e-02
0.72621	2.83693e-02
0.73669	4.30303e-02
0.72854	3.55968e-02
0.73229	4.47515e-02
0.72061	4.56339e-02
0.71370	3.09072e-02
0.71445	3.19253e-02
0.72564	4.50647e-02
0.70275	2.93730e-02
0.71416	4.59886e-02
0.71601	4.30069e-02
0.68918	3.12510e-02
0.69731	3.09036e-02
0.69323	3.63458e-02
0.67784	3.70953e-02
0.68648	3.53768e-02
0.70109	4.67983e-02
0.68138	3.02137e-02
0.68678	3.88431e-02
0.68673	4.80713e-02
0.70624	3.98229e-02
0.67080	5.69435e-02
0.67197	4.34276e-02
0.68764	5.61496e-02
0.64702	5.22835e-02
0.64809	5.76187e-02
0.66895	5.44029e-02
0.62504	5.48653e-02
0.63652	5.92239e-02
0.63800	5.51809e-02
0.60597	4.99182e-02
0.62171	5.93515e-02
0.62979	3.17123e-02
0.61314	5.84233e-02
0.61376	5.77772e-02
0.62913	4.43139e-02
0.62212	5.14722e-02
0.59567	5.33474e-02
0.59279	4.50381e-02
0.59509	5.30548e-02
0.54310	6.82123e-02
0.57393	7.21062e-02
0.54582	5.56885e-02
0.57086	6.51886e-02
0.55366	7.18982e-02
0.53562	6.65560e-02
0.51260	7.85822e-02
0.51693	7.08691e-02
0.51086	5.00715e-02
0.54006	5.26865e-02
0.49096	5.41918e-02
0.49890	3.76755e-02
0.52733	6.69301e-02
0.49358	3.35669e-02
0.47074	5.83343e-02
0.47629	4.51592e-02
0.44463	3.06820e-02
0.48703	5.55702e-02
0.45817	7.49556e-02
0.42095	1.83227e-02
0.42621	5.05636e-02
0.44255	5.09722e-02
0.44168	5.07264e-02
0.44868	5.69064e-02
0.45368	5.84211e-02
0.45368	5.84211e-02
0.45893	5.39004e-02
0.45212	4.64053e-02
0.46678	4.67774e-02
0.49431	5.83943e-02
0.53729	4.35115e-02
0.53888	4.30612e-02
0.54036	4.18353e-02
0.53221	4.83500e-02
0.50540	7.96940e-02
0.48205	7.16339e-02
0.50993	6.02256e-02
0.49259	6.11880e-02
0.48523	6.58982e-02
0.52129	6.06262e-02
0.51481	5.13387e-02
0.51539	6.43668e-02
0.52887	7.48009e-02
0.52497	7.84330e-02
0.49956	6.25308e-02
0.51606	6.98224e-02
0.52438	6.83213e-02
0.51966	7.15445e-02
0.51581	6.98616e-02
0.52388	7.37076e-02
0.53249	7.00257e-02
0.52007	5.53710e-02
0.52392	5.46100e-02
0.52404	5.44055e-02
0.54097	5.31038e-02
0.54755	5.88085e-02
0.54419	6.19550e-02
0.56671	5.35034e-02
0.55460	6.30472e-02
0.54624	5.68171e-02
0.57431	4.54092e-02
0.58090	3.50352e-02
0.56626	4.90593e-02
0.55994	5.21352e-02
0.57009	4.90259e-02
0.55359	6.53297e-02
0.55642	6.66678e-02
0.55587	6.69775e-02
0.55041	7.43761e-02
0.54788	6.73029e-02
0.54015	6.52706e-02
0.54098	6.59884e-02
0.53866	5.61469e-02
0.53766	5.51098e-02
0.54842	5.73352e-02
0.54740	5.68614e-02
0.56101	5.40462e-02
0.58206	4.19608e-02
0.59050	4.01480e-02
0.58680	4.36230e-02
0.59825	3.26814e-02
0.59919	2.83208e-02
0.59873	2.87000e-02
0.60657	3.27743e-02
0.59604	3.30132e-02
0.60466	3.72477e-02
0.59959	4.16915e-02
0.59970	4.16890e-02
0.61547	3.39421e-02
0.60875	4.02348e-02
0.60433	3.59965e-02
0.60433	3.59965e-02
0.59548	3.82774e-02
0.60861	5.67966e-02
0.62060	6.34003e-02
0.62722	6.55715e-02
0.62722	6.55715e-02
0.61541	6.35881e-02
0.61255	5.14454e-02
0.61107	4.97081e-02
0.61119	4.96496e-02
0.61289	5.18597e-02
0.61509	5.09948e-02
0.61618	5.05005e-02
0.62219	4.59288e-02
0.62993	3.71949e-02
0.63478	3.80511e-02
0.63780	4.03773e-02
0.64466	3.77717e-02
0.64678	3.50247e-02
0.65084	2.99482e-02
0.65105	5.34557e-02
0.66233	4.38616e-02
0.65772	4.60369e-02
0.65096	3.86090e-02
0.65347	3.39147e-02
0.65018	4.99841e-02
0.65827	4.11117e-02
0.64740	5.69429e-02
0.64892	5.70457e-02
0.65420	5.88237e-02
0.66132	6.62037e-02
0.65359	6.54241e-02
0.63869	5.62359e-02
0.63842	5.37404e-02
0.63830	5.30847e-02
0.63830	5.30847e-02
0.64163	5.02421e-02
0.64576	5.09608e-02
0.64282	4.72767e-02
0.66762	5.31229e-02
0.66505	4.84215e-02
0.67838	5.02104e-02
0.68915	6.55773e-02
0.70094	5.74725e-02
0.70264	5.78946e-02
0.69316	6.24073e-02
0.67854	6.29619e-02
0.69324	5.66715e-02
0.68685	6.04359e-02
0.67198	4.98857e-02
0.67219	5.07906e-02
0.66734	4.58493e-02
0.66359	4.43988e-02
0.66406	4.40249e-02
0.66584	4.80881e-02
0.66800	4.84505e-02
0.67995	4.49155e-02
0.69048	4.71951e-02
0.69537	4.21247e-02
0.69230	4.34883e-02
0.69230	4.34883e-02
0.68868	4.57356e-02
0.69107	4.44560e-02
0.70043	4.03856e-02
0.70707	3.52728e-02
0.70202	3.68950e-02
0.70204	3.69146e-02
0.69702	3.78157e-02
0.70707	3.64230e-02
0.71755	3.71998e-02
0.72009	3.31278e-02
0.72757	2.88659e-02
0.72713	2.81967e-02
0.72786	2.77813e-02
0.72786	2.77813e-02
0.72696	3.62949e-02
0.72806	3.63378e-02
0.72151	3.92407e-02
0.71825	4.64507e-02
0.71811	4.64004e-02
0.71810	4.63784e-02
0.71810	4.63784e-02
0.72235	4.97052e-02
0.71639	5.65093e-02
0.71639	5.65093e-02
0.71834	6.20505e-02
0.71903	4.60826e-02
0.71347	5.66542e-02
0.71556	4.02785e-02
0.71324	4.71315e-02
0.72180	4.51938e-02
0.72675	4.83543e-02
0.72609	4.71969e-02
0.71923	4.85915e-02
0.72826	3.68480e-02
0.73327	4.27978e-02
0.73459	4.51697e-02
0.74015	4.47065e-02
0.74061	4.46999e-02
0.74061	4.46999e-02
0.73417	3.87367e-02
0.74542	3.39781e-02
0.74976	2.98521e-02
0.74527	3.08582e-02
0.75071	3.44025e-02
0.76100	4.57858e-02
0.75812	4.68581e-02
0.76785	4.45359e-02
0.76106	4.58089e-02
0.76102	4.56327e-02
0.76525	4.51674e-02
0.75864	4.78832e-02
0.76589	5.21453e-02
0.76914	5.37589e-02
0.77767	4.60635e-02
0.77946	3.19741e-02
0.78252	2.56396e-02
0.79693	3.47605e-02
0.79477	3.85446e-02
0.79103	3.88012e-02
0.78401	4.16064e-02
0.79491	3.97872e-02
0.80627	3.47407e-02
0.80644	3.41800e-02
0.78830	4.11603e-02
0.79064	4.08570e-02
0.79989	3.38335e-02
0.78689	3.38951e-02
0.78405	2.81531e-02
0.78764	2.22672e-02
0.78764	2.22672e-02
0.79071	2.06521e-02
0.78883	2.14571e-02
0.78921	2.10592e-02
0.79621	2.38652e-02
0.79080	2.47051e-02
0.80053	3.77216e-02
0.80383	3.83503e-02
0.80383	3.83503e-02
0.80401	3.83067e-02
0.80525	3.89393e-02
0.80910	4.11035e-02
0.81356	3.99098e-02
0.81875	3.57264e-02
0.81890	3.61222e-02
0.81908	3.25875e-02
0.81845	3.22364e-02
0.81181	4.02557e-02
0.80960	4.09489e-02
0.82203	4.08695e-02
0.82600	3.78698e-02
0.82085	4.41140e-02
0.82629	3.12547e-02
0.83689	3.30890e-02
0.83305	3.29754e-02
0.83860	2.79472e-02
0.84023	2.95047e-02
0.84763	2.81017e-02
0.83912	2.96819e-02
0.84070	2.83259e-02
0.84163	2.86004e-02
0.84573	4.28981e-02
0.86198	4.61962e-02
0.84858	3.57774e-02
0.86267	4.83900e-02
0.86983	4.86352e-02
0.86983	4.86352e-02
0.86526	4.20010e-02
0.86424	4.16263e-02
0.86579	4.14102e-02
0.86836	4.78607e-02
0.86662	4.54749e-02
0.87095	5.26638e-02
0.88438	4.51666e-02
0.88286	4.44722e-02
0.88181	4.56077e-02
0.88307	4.46978e-02
0.89180	5.49922e-02
0.88852	5.84869e-02
0.88480	5.53586e-02
0.88923	5.31345e-02
0.88029	4.83674e-02
0.87454	4.60977e-02
0.87347	4.60337e-02
0.88209	4.44328e-02
0.88136	4.39120e-02
0.88120	4.39488e-02
0.88467	4.23925e-02
0.88336	4.06645e-02
0.89241	4.34217e-02
0.89248	4.33051e-02
0.89469	4.55017e-02
0.88631	3.85136e-02
0.88856	3.49143e-02
0.91198	3.75408e-02
0.91404	3.38002e-02
0.91439	3.34599e-02
0.91441	3.34810e-02
0.91127	3.22706e-02
0.91215	3.18376e-02
0.91215	3.18376e-02
0.91648	3.55329e-02
0.91357	2.19265e-02
0.91357	2.19265e-02
0.91357	2.19265e-02
0.91433	2.26564e-02
0.91330	3.59928e-02
0.91357	3.61528e-02
0.91357	3.61528e-02
0.91493	3.50827e-02
0.90592	2.94713e-02
0.90290	3.10007e-02
0.89953	3.62236e-02
0.90326	3.51622e-02
0.90658	3.50422e-02
0.91518	3.83514e-02
0.92195	2.56818e-02
0.92195	2.56818e-02
0.92195	2.56818e-02
0.92530	2.47066e-02
0.92703	2.66023e-02
0.92585	2.74027e-02
0.93247	2.53667e-02
0.93488	2.72254e-02
0.93612	3.10778e-02
0.92035	2.64463e-02
0.92137	2.76458e-02
0.92137	2.76458e-02
0.92406	3.10867e-02
0.92406	3.10867e-02
0.92406	3.10867e-02
0.92406	3.10867e-02
0.92929	2.58821e-02
0.93760	2.23849e-02
0.93276	2.08042e-02
0.93382	2.04421e-02
0.94542	1.43957e-02
0.94591	1.40960e-02
0.94948	1.05608e-02
0.95062	9.44078e-03
0.95062	9.44078e-03
0.95092	9.91909e-03
0.94643	1.23080e-02
0.94255	1.50344e-02
0.94255	1.50344e-02
0.94255	1.50344e-02
0.94255	1.50344e-02
0.94311	1.59333e-02
0.94654	5.61356e-03
0.94574	6.26463e-03
0.94563	6.11080e-03
0.94563	6.11080e-03
0.94563	6.11080e-03
0.94151	9.79231e-03
0.95234	1.78031e-02
0.94157	1.12864e-02
0.94157	1.12864e-02
0.94165	1.13666e-02
0.93029	0.00000e+00
0.94379	0.00000e+00
0.94379	0.00000e+00
0.94379	0.00000e+00
0.96188	0.00000e+00
0.96188	0.00000e+00
0.97984	0.00000e+00
