0.99346	1.10753e-03
0.98437	8.64815e-03
0.97338	1.07054e-02
0.95831	1.82800e-02
0.96365	2.09078e-02
0.94421	3.69503e-02
0.94276	3.10028e-02
0.95389	2.17442e-02
0.93689	2.04069e-02
0.94583	1.44532e-02
0.92714	2.78137e-02
0.91710	2.59164e-02
0.89233	3.76585e-02
0.88323	4.39044e-02
0.86424	8.39256e-02
0.85515	8.95508e-02
0.83997	8.21854e-02
0.85251	5.50054e-02
0.84038	6.73316e-02
0.85148	6.00411e-02
0.84830	5.32326e-02
0.86196	2.88309e-02
0.84446	4.28494e-02
0.83573	2.78184e-02
0.82804	6.59821e-02
0.85163	4.08732e-02
0.84744	4.50553e-02
0.85729	5.05158e-02
0.84148	3.65693e-02
0.84400	4.09160e-02
0.84480	4.45046e-02
0.83103	4.05475e-02
0.81008	5.86896e-02
0.83362	5.80185e-02
0.81222	5.47320e-02
0.82483	5.18881e-02
0.82192	6.79423e-02
0.81778	5.92950e-02
0.83336	3.99800e-02
0.80871	4.97688e-02
0.80978	4.99340e-02
0.79942	4.59478e-02
0.80932	4.33810e-02
0.80161	4.15764e-02
0.81205	2.98422e-02
0.77770	3.72912e-02
0.78343	3.00959e-02
0.80380	1.98386e-02
0.78188	5.42641e-02
0.77750	5.28869e-02
0.76564	4.50824e-02
0.76592	4.95834e-02
0.75895	4.18871e-02
0.74525	5.61066e-02
0.75179	4.78028e-02
0.72593	4.84400e-02
0.74190	4.93422e-02
0.72537	3.91204e-02
0.71216	4.17642e-02
0.71926	3.73228e-02
0.70561	3.63294e-02
0.68996	3.92253e-02
0.69194	5.00412e-02
0.69095	3.20546e-02
0.69909	4.75470e-02
0.67993	6.35484e-02
0.69248	3.53319e-02
0.66302	6.31684e-02
0.67395	5.98816e-02
0.65438	4.32535e-02
0.65328	7.43291e-02
0.64917	7.55780e-02
0.64445	4.65594e-02
0.64570	6.17101e-02
0.64025	5.33872e-02
0.64125	4.85203e-02
0.62165	5.03484e-02
0.60091	7.58035e-02
0.61548	4.62544e-02
0.61435	4.23995e-02
0.59303	5.63930e-02
0.58332	7.26039e-02
0.59526	6.41624e-02
0.61416	6.53474e-02
0.55483	9.23698e-02
0.55412	5.95836e-02
0.55098	6.16527e-02
0.56237	4.75572e-02
0.55654	6.19827e-02
0.56022	7.69191e-02
0.55830	8.31900e-02
0.53634	5.29949e-02
0.52852	4.94135e-02
0.55650	5.17671e-02
0.52976	5.89678e-02
0.52078	6.00526e-02
0.51104	6.66177e-02
0.50933	5.30183e-02
0.51477	5.40218e-02
0.51774	8.46322e-02
0.52877	9.30623e-02
0.56010	1.05842e-01
0.55385	1.02069e-01
0.53858	9.42436e-02
0.55141	9.81446e-02
0.53936	9.25645e-02
0.55193	5.29565e-02
0.56124	5.04687e-02
0.56536	5.55494e-02
0.57951	4.61981e-02
0.56879	4.33342e-02
0.56879	4.33342e-02
0.58331	5.04403e-02
0.59237	5.20985e-02
0.58927	5.79309e-02
0.60376	5.94351e-02
0.60043	6.72945e-02
0.61610	4.74178e-02
0.61833	4.88145e-02
0.61833	4.88145e-02
0.60476	6.05204e-02
0.60856	6.27912e-02
0.61298	6.63625e-02
0.60423	7.35638e-02
0.60834	7.06479e-02
0.62060	7.91864e-02
0.60991	7.06876e-02
0.61284	7.50514e-02
0.61296	7.51099e-02
0.62608	6.57081e-02
0.62364	6.71561e-02
0.62744	6.51270e-02
0.63177	6.15438e-02
0.63747	6.62628e-02
0.64826	7.13758e-02
0.63999	6.28598e-02
0.64000	6.28688e-02
0.64323	5.85596e-02
0.64335	5.85570e-02
0.64281	6.23352e-02
0.65510	7.36648e-02
0.65845	7.47688e-02
0.65845	7.47688e-02
0.66387	7.44076e-02
0.67192	6.35339e-02
0.67192	6.35339e-02
0.68616	5.19988e-02
0.67734	4.13877e-02
0.68031	4.48893e-02
0.68671	4.58683e-02
0.70321	4.32233e-02
0.69843	5.11663e-02
0.68726	5.18689e-02
0.68932	5.38423e-02
0.70014	5.12257e-02
0.68249	5.50797e-02
0.68068	5.29052e-02
0.70543	4.69015e-02
0.71206	5.51745e-02
0.71382	5.40813e-02
0.71490	5.32926e-02
0.71490	5.32926e-02
0.70887	5.07462e-02
0.70593	4.94724e-02
0.71335	5.27567e-02
0.71470	5.18328e-02
0.72072	5.69928e-02
0.72872	6.01269e-02
0.72338	6.35433e-02
0.72128	6.45120e-02
0.71761	6.38641e-02
0.72263	6.43915e-02
0.72665	6.22998e-02
0.72665	6.22998e-02
0.72538	6.66035e-02
0.72150	6.24394e-02
0.72642	6.03594e-02
0.74820	4.27942e-02
0.74773	4.34773e-02
0.74856	4.32643e-02
0.74856	4.32643e-02
0.73504	4.16919e-02
0.72508	4.33531e-02
0.73209	4.27331e-02
0.73318	4.34129e-02
0.73942	4.72005e-02
0.73312	5.39280e-02
0.75130	4.88459e-02
0.75074	4.78733e-02
0.75266	4.06157e-02
0.75351	4.21407e-02
0.75351	4.21407e-02
0.75894	3.09729e-02
0.75931	3.02969e-02
0.75947	3.05168e-02
0.76783	2.13564e-02
0.77452	2.99522e-02
0.77460	2.92857e-02
0.76268	2.90207e-02
0.76791	2.73617e-02
0.76793	2.73538e-02
0.77585	2.68654e-02
0.77680	2.57393e-02
0.76861	3.99488e-02
0.77388	2.93254e-02
0.76952	3.12978e-02
0.76160	3.38985e-02
0.76215	2.47936e-02
0.76619	2.45400e-02
0.76455	2.99223e-02
0.77136	2.87197e-02
0.77327	2.73294e-02
0.77429	3.04346e-02
0.77245	3.01327e-02
0.78377	3.74273e-02
0.78377	3.74273e-02
0.78207	3.54290e-02
0.78688	3.35862e-02
0.81198	2.46075e-02
0.79830	2.62823e-02
0.79539	4.23622e-02
0.78833	4.26150e-02
0.78597	2.98033e-02
0.79055	2.44954e-02
0.79187	2.81798e-02
0.79441	3.11093e-02
0.79721	3.74482e-02
0.79055	3.65256e-02
0.79840	3.18880e-02
0.80373	3.51305e-02
0.80810	2.83679e-02
0.80937	3.48961e-02
0.80321	3.91127e-02
0.80692	4.18634e-02
0.82395	4.03820e-02
0.81170	3.24068e-02
0.80908	3.03514e-02
0.81297	2.29039e-02
0.81602	3.18577e-02
0.82146	2.76274e-02
0.81489	3.12015e-02
0.81659	3.08678e-02
0.81982	3.79466e-02
0.81987	3.84195e-02
0.81959	3.75568e-02
0.83062	3.70656e-02
0.81914	2.71918e-02
0.82071	3.19286e-02
0.81583	2.67673e-02
0.81710	2.74210e-02
0.81975	3.00083e-02
0.80937	2.70685e-02
0.80937	2.70685e-02
0.81805	3.29202e-02
0.82569	2.51270e-02
0.82312	3.36550e-02
0.81963	3.60808e-02
0.83640	3.14915e-02
0.83713	3.20954e-02
0.82803	3.95367e-02
0.82721	3.88893e-02
0.82347	3.41001e-02
0.82347	3.41001e-02
0.81929	3.40599e-02
0.82141	3.57481e-02
0.81877	3.33561e-02
0.83954	2.22058e-02
0.84236	2.37880e-02
0.83454	1.78598e-02
0.83161	2.28537e-02
0.83422	2.22764e-02
0.83726	2.45082e-02
0.83605	2.70315e-02
0.83367	2.96366e-02
0.84393	2.60147e-02
0.84139	2.35649e-02
0.83962	2.52238e-02
0.83421	2.52586e-02
0.83941	2.53186e-02
0.83941	2.53186e-02
0.84042	2.56751e-02
0.84225	2.63803e-02
0.84159	2.45900e-02
0.84445	2.92105e-02
0.85114	3.35658e-02
0.85817	3.63943e-02
0.85036	3.91894e-02
0.84865	3.72009e-02
0.84936	3.55625e-02
0.85439	2.96832e-02
0.85924	3.37876e-02
0.85318	4.17257e-02
0.85097	3.87002e-02
0.84884	4.81206e-02
0.86592	3.65662e-02
0.87069	2.81706e-02
0.86875	3.23328e-02
0.86416	3.04698e-02
0.86489	2.93679e-02
0.87412	2.68659e-02
0.86813	2.65283e-02
0.88307	3.81079e-02
0.87784	3.95845e-02
0.88638	3.80678e-02
0.88965	3.78159e-02
0.88872	2.73399e-02
0.89312	2.68358e-02
0.88961	2.87596e-02
0.88842	2.74874e-02
0.89552	3.04595e-02
0.89865	3.00961e-02
0.89791	2.92497e-02
0.89460	3.53986e-02
0.89008	4.73556e-02
0.89938	3.59558e-02
0.90613	3.90429e-02
0.90613	3.90429e-02
0.91557	3.15286e-02
0.90680	3.78128e-02
0.89826	4.75794e-02
0.90328	4.67821e-02
0.89682	5.19221e-02
0.90725	4.68290e-02
0.91133	4.64561e-02
0.90878	4.67895e-02
0.90722	4.45252e-02
0.91716	3.78312e-02
0.90834	4.16434e-02
0.90369	4.10246e-02
0.90173	4.15209e-02
0.91185	4.71880e-02
0.91403	5.01636e-02
0.90424	4.69272e-02
0.91069	4.66567e-02
0.91921	4.19243e-02
0.90675	4.57029e-02
0.90122	4.41464e-02
0.91124	4.25531e-02
0.91475	3.74149e-02
0.91398	3.63022e-02
0.91495	3.77266e-02
0.91649	4.56746e-02
0.91782	4.37469e-02
0.92388	4.55067e-02
0.92196	4.96719e-02
0.91394	4.66942e-02
0.92020	4.67365e-02
0.91908	4.83046e-02
0.92121	5.10343e-02
0.92774	4.51405e-02
0.92226	4.19879e-02
0.91519	3.49913e-02
0.91868	3.74528e-02
0.91916	3.79155e-02
0.92014	4.10171e-02
0.93484	3.25863e-02
0.92623	3.51883e-02
0.92197	3.40340e-02
0.93010	3.94547e-02
0.93010	3.94547e-02
0.93009	3.77417e-02
0.93163	3.35253e-02
0.94136	3.70121e-02
0.94098	4.24272e-02
0.93701	3.68785e-02
0.94034	4.06278e-02
0.92346	3.32276e-02
0.92063	3.05654e-02
0.93053	1.78677e-02
0.93037	1.78522e-02
0.93556	1.98295e-02
0.92483	2.51794e-02
0.92475	2.52797e-02
0.92677	1.89990e-02
0.93466	2.64720e-02
0.93600	2.68165e-02
0.93117	2.61314e-02
0.92604	3.08137e-02
0.92604	3.08137e-02
0.94429	3.36894e-02
0.93762	4.07410e-02
0.93497	4.05887e-02
0.94567	4.54846e-02
0.94124	4.29347e-02
0.94062	4.24897e-02
0.95196	3.34578e-02
0.95196	3.34578e-02
0.95641	2.21453e-02
0.96319	3.11664e-02
0.93759	4.76994e-02
0.94881	3.65573e-02
0.95877	2.74800e-02
0.95840	2.57535e-02
0.94022	1.85606e-03
0.95389	1.55283e-02
0.95389	1.55283e-02
0.95389	1.55283e-02
0.95389	1.55283e-02
0.95389	1.55283e-02
0.95389	1.55283e-02
0.95654	1.81774e-02
0.95654	1.81774e-02
0.92648	1.56659e-04
0.93800	1.13615e-02
0.93666	1.00211e-02
0.93666	1.00211e-02
0.94356	1.69169e-02
0.94356	1.69169e-02
0.94356	1.69169e-02
0.94356	1.69169e-02
0.94356	1.69169e-02
0.94356	1.69169e-02
0.93880	1.21623e-02
0.95143	4.65482e-04
0.95184	8.78549e-04
0.95184	8.78549e-04
0.96334	1.06225e-02
0.96296	1.02378e-02
0.96296	1.02378e-02
0.96296	1.02378e-02
0.97290	2.01738e-02
0.95272	0.00000e+00
0.95272	0.00000e+00
0.95272	0.00000e+00
0.95272	0.00000e+00
0.95272	0.00000e+00
0.95272	0.00000e+00
0.93304	0.00000e+00
0.93304	0.00000e+00
0.95681	0.00000e+00
0.95681	0.00000e+00
0.95737	0.00000e+00
0.95737	0.00000e+00
0.93870	0.00000e+00
0.93870	0.00000e+00
0.93870	0.00000e+00
0.93870	0.00000e+00
0.97987	0.00000e+00
0.97987	0.00000e+00
0.97987	0.00000e+00
0.97987	0.00000e+00
0.97987	0.00000e+00
0.97987	0.00000e+00
0.97987	0.00000e+00
0.97987	0.00000e+00
0.98011	0.00000e+00
0.98011	0.00000e+00
0.98011	0.00000e+00
0.98011	0.00000e+00
0.98011	0.00000e+00
0.99417	0.00000e+00
