0.99487	5.62742e-04
0.98463	9.59087e-03
0.97629	7.87691e-03
0.96783	1.99358e-02
0.95251	1.78645e-02
0.94526	3.37472e-02
0.93674	4.11272e-02
0.92273	5.69571e-02
0.91981	6.52820e-02
0.92150	5.84346e-02
0.88804	7.52623e-02
0.90092	6.44764e-02
0.85495	1.18810e-01
0.85061	1.00610e-01
0.86785	6.15340e-02
0.84553	8.87569e-02
0.83491	9.47349e-02
0.85052	1.11226e-01
0.86330	6.25373e-02
0.83866	8.68820e-02
0.85347	8.49684e-02
0.79966	1.05917e-01
0.82715	1.01637e-01
0.81795	6.97341e-02
0.83038	7.89920e-02
0.81217	7.95298e-02
0.82148	7.72866e-02
0.83575	5.43091e-02
0.83201	7.75422e-02
0.84651	6.99875e-02
0.81175	7.72177e-02
0.84343	6.39469e-02
0.84158	3.11003e-02
0.81864	6.05169e-02
0.85292	4.84350e-02
0.81702	4.49302e-02
0.82727	5.73495e-02
0.81661	6.30986e-02
0.81375	5.23641e-02
0.78347	5.34724e-02
0.80210	5.69029e-02
0.80427	2.44078e-02
0.77148	3.52166e-02
0.79935	3.44141e-02
0.76270	4.12389e-02
0.77139	3.56095e-02
0.77479	3.59020e-02
0.77633	2.80147e-02
0.78380	4.29530e-02
0.76850	2.33618e-02
0.76427	3.77374e-02
0.76155	3.29915e-02
0.76823	4.91813e-02
0.75238	5.57044e-02
0.75642	4.89183e-02
0.74704	5.49386e-02
0.76465	6.23911e-02
0.74078	4.28961e-02
0.75005	4.72313e-02
0.75417	4.03652e-02
0.74522	4.85345e-02
0.73030	4.12248e-02
0.73850	2.44269e-02
0.72712	3.51771e-02
0.69666	7.25658e-02
0.69632	3.65729e-02
0.69472	5.25142e-02
0.71158	3.45143e-02
0.68087	7.15388e-02
0.69239	5.64130e-02
0.68097	5.59379e-02
0.68313	5.25767e-02
0.65652	6.94731e-02
0.66783	4.55206e-02
0.63046	4.95799e-02
0.66151	5.51124e-02
0.62769	9.79485e-02
0.62585	5.00613e-02
0.62464	5.44151e-02
0.64070	4.67229e-02
0.60311	7.72177e-02
0.63730	6.38822e-02
0.61640	9.54690e-02
0.59735	4.77417e-02
0.58527	9.19578e-02
0.60643	7.52324e-02
0.59542	4.98650e-02
0.58027	7.31412e-02
0.57933	7.55297e-02
0.57841	6.48844e-02
0.56349	5.77371e-02
0.56114	7.24671e-02
0.54554	4.20298e-02
0.55283	5.59581e-02
0.54910	8.12834e-02
0.54900	7.49151e-02
0.52590	7.05307e-02
0.51152	8.31198e-02
0.50193	6.60246e-02
0.56599	4.06103e-02
0.55019	7.36714e-02
0.56870	6.18065e-02
0.57403	5.51856e-02
0.58103	5.19419e-02
0.57926	5.16872e-02
0.58440	4.80321e-02
0.57526	5.38857e-02
0.57720	5.76313e-02
0.58245	5.33548e-02
0.58620	5.69385e-02
0.57573	5.85400e-02
0.58687	5.74334e-02
0.60133	6.82891e-02
0.60134	6.82977e-02
0.61261	5.62216e-02
0.61330	5.68214e-02
0.62077	5.15043e-02
0.61045	5.82568e-02
0.59708	6.37107e-02
0.59846	6.51289e-02
0.62209	7.52277e-02
0.62023	7.34720e-02
0.63573	6.61824e-02
0.63573	6.61824e-02
0.65010	6.79497e-02
0.63843	5.97538e-02
0.67384	5.32581e-02
0.67036	4.51588e-02
0.67198	4.45715e-02
0.67350	4.52429e-02
0.67718	4.51008e-02
0.69035	4.28222e-02
0.69035	4.28222e-02
0.68621	4.00446e-02
0.68849	3.95449e-02
0.68016	3.95223e-02
0.68149	4.02175e-02
0.68596	4.72330e-02
0.68368	4.46284e-02
0.69794	5.00668e-02
0.68669	4.91225e-02
0.68420	4.49457e-02
0.68420	4.49457e-02
0.68449	4.51136e-02
0.68467	4.52234e-02
0.68280	4.47891e-02
0.68280	4.47891e-02
0.68918	4.05672e-02
0.68715	4.88687e-02
0.68129	3.99282e-02
0.72029	5.37682e-02
0.71323	5.92162e-02
0.70461	4.25916e-02
0.69593	4.98470e-02
0.70321	4.75355e-02
0.72040	3.87488e-02
0.72354	4.57462e-02
0.73084	5.15869e-02
0.72768	5.96095e-02
0.72784	5.95796e-02
0.72784	5.95796e-02
0.72349	5.55065e-02
0.71405	5.03498e-02
0.71276	5.04217e-02
0.71168	4.92493e-02
0.70693	6.16875e-02
0.69739	5.47021e-02
0.71969	3.63299e-02
0.73893	4.70640e-02
0.74357	5.03210e-02
0.75219	5.14254e-02
0.75299	3.72365e-02
0.74421	3.82586e-02
0.75510	3.83823e-02
0.76550	3.67817e-02
0.76297	3.51772e-02
0.76726	3.12080e-02
0.76677	3.19458e-02
0.76663	3.92692e-02
0.75907	4.58623e-02
0.75907	4.58623e-02
0.76008	3.81427e-02
0.76662	4.40782e-02
0.77481	4.40785e-02
0.78126	3.23821e-02
0.77729	3.43526e-02
0.76552	3.35622e-02
0.76687	3.78571e-02
0.76687	3.78571e-02
0.77490	3.46204e-02
0.77792	3.70189e-02
0.78125	3.70327e-02
0.77937	4.05018e-02
0.77865	4.07665e-02
0.78085	4.03283e-02
0.78113	3.21790e-02
0.78531	3.56383e-02
0.77889	3.56019e-02
0.78998	3.66344e-02
0.79073	3.41408e-02
0.79069	2.82776e-02
0.78681	2.73566e-02
0.79456	2.72603e-02
0.81202	2.44350e-02
0.80838	2.74216e-02
0.79759	3.32567e-02
0.78389	3.92875e-02
0.78775	3.93396e-02
0.79751	3.17797e-02
0.79173	3.33260e-02
0.79072	3.30465e-02
0.78343	3.30212e-02
0.77916	2.73351e-02
0.78905	2.19162e-02
0.79516	2.73308e-02
0.79708	2.65906e-02
0.78778	2.32681e-02
0.78408	2.43466e-02
0.78389	2.38633e-02
0.78860	2.85161e-02
0.78910	2.87415e-02
0.78968	3.17126e-02
0.78436	3.44564e-02
0.80051	3.81737e-02
0.80342	4.03546e-02
0.82208	4.17941e-02
0.81742	4.36438e-02
0.81489	3.19753e-02
0.81356	2.82102e-02
0.81359	2.81951e-02
0.81315	2.59313e-02
0.81315	2.59313e-02
0.81422	2.60632e-02
0.80504	3.55245e-02
0.81036	4.02941e-02
0.81557	4.12068e-02
0.83106	3.60054e-02
0.81905	3.63090e-02
0.81266	3.12684e-02
0.82897	2.91727e-02
0.83494	2.95769e-02
0.82654	3.90008e-02
0.84500	1.89401e-02
0.84500	1.89401e-02
0.83502	2.11356e-02
0.83482	2.80874e-02
0.82599	2.97025e-02
0.82951	3.13099e-02
0.83540	3.70849e-02
0.83669	4.30743e-02
0.82034	4.31573e-02
0.82823	3.10371e-02
0.82940	2.95076e-02
0.82566	2.72837e-02
0.83955	2.85811e-02
0.83579	2.37558e-02
0.83679	3.36248e-02
0.84820	3.52087e-02
0.84608	3.09792e-02
0.84691	2.83584e-02
0.84947	3.65723e-02
0.83613	2.53499e-02
0.84035	2.56346e-02
0.83849	3.01326e-02
0.83660	3.51307e-02
0.84493	2.48824e-02
0.84865	2.38488e-02
0.83741	2.03242e-02
0.84658	2.59764e-02
0.84896	3.19314e-02
0.83791	3.01208e-02
0.84422	3.02458e-02
0.84422	3.02458e-02
0.86056	3.57280e-02
0.85928	3.48037e-02
0.86000	4.46926e-02
0.85532	3.76875e-02
0.87018	2.62561e-02
0.87018	2.62561e-02
0.87668	3.04843e-02
0.87059	2.30062e-02
0.85505	1.59905e-02
0.85574	1.75860e-02
0.85876	1.87306e-02
0.86535	1.80680e-02
0.86909	1.12205e-02
0.87834	1.76433e-02
0.87909	1.71690e-02
0.88280	2.93598e-02
0.88347	3.20445e-02
0.88254	3.27809e-02
0.87631	3.96264e-02
0.87186	3.63944e-02
0.87225	3.69733e-02
0.87081	3.63408e-02
0.87184	3.51138e-02
0.87711	3.05463e-02
0.89266	3.67720e-02
0.89266	3.67720e-02
0.88885	2.92598e-02
0.89251	2.82183e-02
0.89971	3.52517e-02
0.88886	3.46233e-02
0.88995	3.57712e-02
0.88906	2.65285e-02
0.89120	2.20641e-02
0.88437	2.95929e-02
0.89018	2.68094e-02
0.88085	2.84003e-02
0.89183	3.08430e-02
0.90505	2.69841e-02
0.89708	2.89656e-02
0.89369	2.80571e-02
0.90625	2.09070e-02
0.90107	2.36848e-02
0.90172	2.16543e-02
0.91098	2.13728e-02
0.90427	2.27179e-02
0.90359	2.79011e-02
0.90429	2.81901e-02
0.90398	2.65474e-02
0.90150	2.77573e-02
0.89807	2.70402e-02
0.90730	3.55766e-02
0.90961	3.45242e-02
0.91140	3.35574e-02
0.91104	2.57343e-02
0.91484	2.31135e-02
0.91269	2.26385e-02
0.91801	1.68178e-02
0.92806	1.73662e-02
0.92639	1.63088e-02
0.91818	3.24720e-02
0.91778	3.22709e-02
0.92805	3.28913e-02
0.93743	2.25889e-02
0.93627	2.35116e-02
0.93619	2.60684e-02
0.94432	2.93371e-02
0.94499	2.13674e-02
0.93943	2.10870e-02
0.93585	2.32237e-02
0.93673	2.44392e-02
0.93716	2.40229e-02
0.93885	2.48530e-02
0.94339	2.16240e-02
0.94786	2.53355e-02
0.94765	2.53141e-02
0.95267	2.50746e-02
0.95449	2.24798e-02
0.95728	2.53641e-02
0.96052	2.31881e-02
0.96424	2.53921e-02
0.96439	2.50706e-02
0.96052	2.41613e-02
0.95346	1.42885e-02
0.95856	1.82497e-02
0.96131	2.05053e-02
0.96705	1.91719e-02
0.96705	1.91719e-02
0.96358	2.80706e-02
0.96139	3.19846e-02
0.95672	3.20887e-02
0.96673	2.40036e-02
0.96490	2.71013e-02
0.96902	1.78918e-02
0.97205	1.58956e-02
0.94902	2.18967e-02
0.95266	2.23548e-02
0.95266	2.23548e-02
0.95266	2.23548e-02
0.95609	2.21937e-02
0.95953	2.36897e-02
0.95545	2.20829e-02
0.95545	2.20829e-02
0.96868	8.87015e-03
0.95897	9.78860e-03
0.95897	9.78860e-03
0.96595	6.18950e-03
0.96595	6.18950e-03
0.96709	6.43558e-03
0.96434	2.32909e-02
0.95510	1.84407e-02
0.95510	1.84407e-02
0.97190	9.84482e-03
0.97747	2.85205e-03
0.97747	2.85205e-03
0.97747	2.85205e-03
0.97747	2.85205e-03
0.98412	8.03239e-03
0.97867	2.79669e-03
0.97867	2.79669e-03
0.97867	2.79669e-03
0.96123	1.46489e-02
0.96248	1.34020e-02
0.96248	1.34020e-02
0.96248	1.34020e-02
0.97242	2.33491e-02
0.94907	0.00000e+00
0.94907	0.00000e+00
0.94907	0.00000e+00
0.94907	0.00000e+00
0.94907	0.00000e+00
0.94907	0.00000e+00
0.94907	0.00000e+00
0.96643	0.00000e+00
0.96643	0.00000e+00
0.96643	0.00000e+00
0.96643	0.00000e+00
0.96643	0.00000e+00
0.96643	0.00000e+00
0.97646	0.00000e+00
0.97646	0.00000e+00
0.97646	0.00000e+00
0.97646	0.00000e+00
0.97646	0.00000e+00
0.97440	0.00000e+00
0.99430	0.00000e+00
