0.37043	1.18993e-01
0.27351	8.64088e-02
0.24512	1.17546e-01
0.30520	1.32763e-01
0.22557	7.80559e-02
0.22818	1.21919e-01
0.19049	1.28999e-01
0.14507	8.74807e-02
0.24957	7.75494e-02
0.23199	6.51661e-02
0.24773	9.63514e-02
0.22568	1.02486e-01
0.24865	9.51020e-02
0.16859	6.75856e-02
0.16887	9.78482e-02
0.21768	6.43089e-02
0.20736	5.64377e-02
0.24138	9.05740e-02
0.17634	8.71407e-02
0.17812	8.19086e-02
0.14674	9.88499e-02
0.14317	4.49775e-02
0.11474	6.67889e-02
0.17864	1.06994e-01
0.15745	7.12714e-02
0.15458	6.32710e-02
0.19883	7.50364e-02
0.18016	7.55094e-02
0.13020	9.20189e-02
0.20143	1.10385e-01
0.15238	8.98035e-02
0.15214	6.04060e-02
0.14951	3.74293e-02
0.18239	6.21678e-02
0.18588	9.44128e-02
0.16419	6.34918e-02
0.13977	7.60535e-02
0.13719	9.84508e-02
0.12395	7.45950e-02
0.15038	7.42390e-02
0.17443	6.63322e-02
0.21187	5.97831e-02
0.16904	7.80925e-02
0.15904	6.11406e-02
0.10381	6.37109e-02
0.12567	6.18241e-02
0.08347	6.13628e-02
0.13443	3.96555e-02
0.17003	5.65342e-02
0.13936	7.96549e-02
0.14937	4.84268e-02
0.13676	5.70276e-02
0.13231	5.59802e-02
0.14569	8.27298e-02
0.13104	6.51151e-02
0.11213	3.39740e-02
0.12473	8.51597e-02
0.12968	7.88008e-02
0.13842	5.35236e-02
0.16643	6.31805e-02
0.20359	8.58002e-02
0.13869	7.63077e-02
0.13879	3.32127e-02
0.15057	6.89596e-02
0.12608	4.60144e-02
0.13118	5.06435e-02
0.13767	6.33568e-02
0.14373	7.07080e-02
0.11757	6.75384e-02
0.14133	6.05759e-02
0.11143	4.68690e-02
0.15053	7.01237e-02
0.13098	7.57309e-02
0.16001	8.47946e-02
0.18623	5.89346e-02
0.12556	5.04529e-02
0.12981	5.85247e-02
0.11015	8.17988e-02
0.12739	4.25486e-02
0.11155	5.21805e-02
0.12896	6.43227e-02
0.14886	6.29618e-02
0.13800	5.95947e-02
0.11878	5.73143e-02
0.13120	4.95835e-02
0.12828	4.26566e-02
0.13092	4.01006e-02
0.12073	7.94912e-02
0.11422	4.75186e-02
0.11967	6.62160e-02
0.12443	6.33889e-02
0.17218	7.60687e-02
0.15326	5.92671e-02
0.11575	7.19971e-02
0.11871	5.53755e-02
0.12718	7.45324e-02
0.06612	3.28121e-02
0.12849	6.33184e-02
0.12207	5.39609e-02
0.12109	8.21642e-02
0.08717	6.46433e-02
0.10031	6.15934e-02
0.10031	6.15934e-02
0.11330	6.83168e-02
0.09170	6.42373e-02
0.08768	5.23055e-02
0.10120	5.88139e-02
0.10645	5.47911e-02
0.10359	5.87648e-02
0.10359	5.87648e-02
0.10359	5.87648e-02
0.15192	6.47219e-02
0.15548	6.67401e-02
0.14666	6.95878e-02
0.16186	5.76087e-02
0.18311	6.75039e-02
0.19709	6.46200e-02
0.18209	7.01469e-02
0.18162	6.60644e-02
0.17297	7.87235e-02
0.15723	5.52202e-02
0.15145	6.37660e-02
0.17041	4.93841e-02
0.16125	5.37432e-02
0.16344	5.22622e-02
0.15742	5.46043e-02
0.15307	5.96318e-02
0.14098	5.32810e-02
0.14623	8.28677e-02
0.15207	8.12167e-02
0.19620	7.70279e-02
0.16457	7.73002e-02
0.13883	6.25744e-02
0.15743	7.18701e-02
0.14677	6.44607e-02
0.14677	6.44607e-02
0.16939	7.89689e-02
0.19018	6.42596e-02
0.17750	6.44586e-02
0.18796	7.03852e-02
0.14482	6.00123e-02
0.16149	7.34036e-02
0.15433	5.09047e-02
0.15357	5.14761e-02
0.15185	6.48982e-02
0.16766	6.16027e-02
0.14511	7.26635e-02
0.13921	5.59142e-02
0.13921	5.59142e-02
0.14444	5.44655e-02
0.14547	4.31943e-02
0.14547	4.31943e-02
0.16040	7.41690e-02
0.13846	4.90873e-02
0.14247	5.20733e-02
0.16008	8.46273e-02
0.18157	7.91336e-02
0.18099	7.41611e-02
0.18906	7.99393e-02
0.17423	8.44082e-02
0.16471	7.53759e-02
0.16731	8.32216e-02
0.18385	7.35252e-02
0.19587	7.19749e-02
0.19587	7.19749e-02
0.19589	7.92909e-02
0.20515	8.61480e-02
0.22283	1.13314e-01
0.19956	8.29382e-02
0.21410	1.12919e-01
0.20027	1.05027e-01
0.20239	1.07025e-01
0.18979	1.05407e-01
0.18587	1.06938e-01
0.22214	9.09482e-02
0.24097	8.34614e-02
0.23956	8.23646e-02
0.22459	7.13487e-02
0.22914	1.12112e-01
0.27008	1.10445e-01
0.25299	1.07705e-01
0.24382	1.07862e-01
0.22565	1.10901e-01
0.23005	1.10411e-01
0.17409	1.38296e-01
0.18576	1.47765e-01
0.17548	1.50922e-01
0.22990	1.29000e-01
0.20564	1.20722e-01
0.21637	1.25627e-01
0.23454	1.05884e-01
0.19948	1.19781e-01
0.21141	1.27025e-01
0.25713	1.09595e-01
0.26284	1.16514e-01
0.25836	1.23090e-01
0.23565	1.22845e-01
0.23641	1.25439e-01
0.22725	1.31005e-01
0.23938	1.20037e-01
0.21590	1.21356e-01
0.24545	1.38859e-01
0.20376	1.33868e-01
0.20376	1.33868e-01
0.19278	8.95910e-02
0.21959	9.04758e-02
0.22489	9.75290e-02
0.21569	1.18218e-01
0.20837	1.15838e-01
0.18568	1.03922e-01
0.18433	7.85913e-02
0.17315	8.02607e-02
0.16951	8.57751e-02
0.17430	9.93438e-02
0.17790	1.00770e-01
0.16989	8.97674e-02
0.17789	9.09182e-02
0.20278	1.02894e-01
0.22064	9.37532e-02
0.22201	8.94416e-02
0.23109	9.69065e-02
0.21141	1.02047e-01
0.20884	8.49841e-02
0.21001	8.51873e-02
0.21246	8.09385e-02
0.22303	7.47829e-02
0.21232	6.92180e-02
0.21909	7.49478e-02
0.23902	1.01788e-01
0.23117	1.01893e-01
0.21151	1.12104e-01
0.18003	9.15360e-02
0.23196	1.31074e-01
0.24837	1.55172e-01
0.22731	1.76345e-01
0.21896	1.54753e-01
0.21896	1.54753e-01
0.23830	1.42168e-01
0.27785	1.52051e-01
0.26612	1.54943e-01
0.23128	1.40901e-01
0.21924	1.33000e-01
0.21789	1.34320e-01
0.24465	1.31733e-01
0.25640	1.31094e-01
0.27991	1.07567e-01
0.22507	1.36618e-01
0.22062	1.29326e-01
0.22859	1.27845e-01
0.25934	1.46285e-01
0.24929	1.41769e-01
0.25403	1.15162e-01
0.22928	8.38589e-02
0.19875	8.46018e-02
0.20325	8.45134e-02
0.19459	9.16452e-02
0.21498	1.15045e-01
0.25820	1.24607e-01
0.23489	1.38735e-01
0.21938	1.12267e-01
0.22917	1.15384e-01
0.23665	1.29438e-01
0.22861	1.08060e-01
0.27151	1.26697e-01
0.27431	1.11997e-01
0.27411	1.12023e-01
0.20025	1.31196e-01
0.22694	1.31617e-01
0.25431	1.23578e-01
0.21223	1.23328e-01
0.21223	1.23328e-01
0.21914	1.18251e-01
0.22243	9.32710e-02
0.28167	1.39140e-01
0.23872	1.57872e-01
0.21982	1.67465e-01
0.23389	1.61867e-01
0.17750	1.23121e-01
0.18983	1.23080e-01
0.20722	1.42036e-01
0.22302	1.39765e-01
0.21761	1.45606e-01
0.24627	1.35987e-01
0.26810	1.25586e-01
0.23101	1.34291e-01
0.24508	1.26331e-01
0.23127	1.25335e-01
0.22690	1.21022e-01
0.22292	1.05534e-01
0.30424	1.14992e-01
0.33599	8.60503e-02
0.30388	1.19958e-01
0.31406	9.18776e-02
0.31929	9.82505e-02
0.32517	8.93042e-02
0.33691	9.77814e-02
0.34997	8.80873e-02
0.29494	1.13654e-01
0.29127	1.14851e-01
0.29516	9.09511e-02
0.30532	9.49841e-02
0.29860	8.87491e-02
0.32161	1.13148e-01
0.32859	1.12422e-01
0.29235	1.09442e-01
0.29428	1.09117e-01
0.31391	1.12843e-01
0.34082	9.54876e-02
0.34988	1.12081e-01
0.34645	1.25076e-01
0.30884	1.35604e-01
0.33103	1.23611e-01
0.34486	1.12846e-01
0.33492	9.07304e-02
0.31330	7.60944e-02
0.34766	1.52479e-01
0.32268	1.74504e-01
0.34950	1.62127e-01
0.29480	1.47033e-01
0.29122	1.20068e-01
0.34000	1.42469e-01
0.35907	1.39665e-01
0.33584	1.20661e-01
0.32905	1.17680e-01
0.30529	1.25844e-01
0.32429	1.14508e-01
0.31177	1.11112e-01
0.30894	1.14859e-01
0.30942	1.07327e-01
0.31137	8.52729e-02
0.29908	1.06410e-01
0.34262	1.37661e-01
0.32701	1.18519e-01
0.32214	1.32763e-01
0.34061	1.05620e-01
0.32236	1.17585e-01
0.32411	1.35809e-01
0.30373	1.51333e-01
0.28605	1.50279e-01
0.28977	1.16944e-01
0.29665	1.09878e-01
0.28970	1.14049e-01
0.31056	1.16261e-01
0.35594	1.32859e-01
0.33336	1.23576e-01
0.35394	1.30823e-01
0.36329	1.05223e-01
0.38008	1.06879e-01
0.35758	7.58363e-02
0.36041	9.75275e-02
0.35114	9.43102e-02
0.31228	1.22250e-01
0.32186	1.25623e-01
0.36749	7.71074e-02
0.36749	7.71074e-02
0.39361	1.10415e-01
0.35732	7.46475e-02
0.35993	7.57093e-02
0.38521	7.68282e-02
0.41541	1.01903e-01
0.41541	1.01903e-01
0.42088	1.04814e-01
0.36158	1.25139e-01
0.33593	1.59405e-01
0.31417	1.38724e-01
0.25798	1.60043e-01
0.26619	1.69510e-01
0.28469	1.83048e-01
0.25542	1.81919e-01
0.28161	1.74715e-01
0.31794	1.43267e-01
0.28458	1.33474e-01
0.33470	1.03178e-01
0.31104	8.93960e-02
0.31584	1.02105e-01
0.31982	1.39025e-01
0.29290	1.22620e-01
0.26534	1.37460e-01
0.26904	1.33608e-01
0.26333	1.39680e-01
0.26333	1.39680e-01
0.30129	1.15616e-01
0.31508	1.18278e-01
0.29953	8.50560e-02
0.29953	8.50560e-02
0.29953	8.50560e-02
0.29953	8.50560e-02
0.26215	1.37936e-01
0.16851	1.20355e-01
0.22666	2.05207e-01
0.17997	1.35369e-01
0.20721	1.15672e-01
0.24097	1.18341e-01
0.26192	1.43188e-01
0.26192	1.43188e-01
0.39990	5.23262e-02
0.39990	5.23262e-02
0.35094	9.42324e-02
0.29017	1.02765e-01
0.26285	1.07664e-01
0.25229	8.94788e-02
0.27939	9.36159e-02
0.24212	1.18969e-01
0.26568	1.58093e-01
0.28924	1.46877e-01
0.28924	1.46877e-01
0.28924	1.46877e-01
0.28924	1.46877e-01
0.22525	5.39495e-02
0.24593	5.72103e-02
0.19606	8.80611e-02
0.16475	7.12888e-02
0.16475	7.12888e-02
0.27120	7.65746e-02
0.32789	3.73932e-02
0.31649	3.34682e-02
0.25389	9.41140e-02
0.25389	9.41140e-02
0.25389	9.41140e-02
0.26049	8.54628e-02
0.20491	5.23946e-02
0.20491	5.23946e-02
0.20491	5.23946e-02
0.20491	5.23946e-02
0.20491	5.23946e-02
0.20491	5.23946e-02
0.24874	1.12877e-01
0.26191	1.07468e-01
0.26191	1.07468e-01
0.26191	1.07468e-01
0.30606	7.41756e-02
0.30606	7.41756e-02
0.29949	1.59926e-01
0.22987	0.00000e+00
0.22987	0.00000e+00
0.22987	0.00000e+00
0.22987	0.00000e+00
0.16666	0.00000e+00
0.16215	0.00000e+00
0.16215	0.00000e+00
0.26550	0.00000e+00
0.26550	0.00000e+00
0.29962	0.00000e+00
0.29962	0.00000e+00
0.29962	0.00000e+00
0.29962	0.00000e+00
0.29962	0.00000e+00
0.29962	0.00000e+00
0.29962	0.00000e+00
0.20496	0.00000e+00
0.20496	0.00000e+00
0.20496	0.00000e+00
0.20496	0.00000e+00
0.14953	0.00000e+00
0.23592	0.00000e+00
0.43715	0.00000e+00
