0.91689	7.68296e-02
0.92629	1.36205e-02
0.92264	1.55999e-02
0.90886	2.73301e-02
0.90285	2.82371e-02
0.89063	3.42753e-02
0.88313	2.96102e-02
0.88108	2.90300e-02
0.86677	2.35329e-02
0.83103	3.63333e-02
0.84620	3.46261e-02
0.81401	3.18841e-02
0.80359	4.24052e-02
0.78851	5.11209e-02
0.78827	3.65594e-02
0.78171	5.23659e-02
0.76027	5.03166e-02
0.75625	2.85497e-02
0.74838	5.30867e-02
0.72974	5.54952e-02
0.72876	6.72843e-02
0.70746	7.23950e-02
0.68716	5.93219e-02
0.67582	7.60559e-02
0.67274	6.51181e-02
0.64628	8.58906e-02
0.65733	8.42683e-02
0.62965	7.11349e-02
0.61826	8.85041e-02
0.60193	7.07785e-02
0.60723	1.05083e-01
0.59900	9.86611e-02
0.57078	9.15311e-02
0.53946	1.73361e-01
0.54534	1.31617e-01
0.56153	1.36449e-01
0.49383	1.83367e-01
0.45121	1.85926e-01
0.43540	1.44144e-01
0.49386	1.53779e-01
0.44202	1.66698e-01
0.43418	1.56643e-01
0.46279	1.37226e-01
0.43266	1.40653e-01
0.47517	1.23516e-01
0.42057	1.43738e-01
0.41164	1.26683e-01
0.44142	1.26788e-01
0.33421	1.73754e-01
0.37193	1.66621e-01
0.45100	8.50499e-02
0.39607	1.15200e-01
0.33899	1.42661e-01
0.40332	1.01034e-01
0.40647	1.16617e-01
0.37687	1.27481e-01
0.36507	1.33659e-01
0.41423	5.97341e-02
0.42271	7.45502e-02
0.40486	1.24181e-01
0.41484	7.36067e-02
0.40968	4.81851e-02
0.39834	7.35049e-02
0.40463	1.21852e-01
0.37783	8.27071e-02
0.34981	7.84989e-02
0.34998	1.04768e-01
0.31978	7.44247e-02
0.38197	7.42631e-02
0.36041	7.39085e-02
0.33962	7.51997e-02
0.33755	9.81723e-02
0.29753	1.17608e-01
0.31783	9.16763e-02
0.36963	1.03093e-01
0.39303	5.45861e-02
0.37256	8.77020e-02
0.35375	1.41820e-01
0.37673	1.14767e-01
0.37132	8.32064e-02
0.38692	1.26216e-01
0.36649	1.10190e-01
0.34487	1.29449e-01
0.36272	1.08175e-01
0.40170	9.94276e-02
0.39432	1.10517e-01
0.42028	1.16100e-01
0.38303	1.25718e-01
0.39394	1.09039e-01
0.39153	1.21982e-01
0.34601	1.39778e-01
0.34709	1.40225e-01
0.37621	8.09731e-02
0.35351	8.87828e-02
0.34129	9.21519e-02
0.33057	1.20428e-01
0.34301	1.07434e-01
0.36833	1.22981e-01
0.36682	1.30349e-01
0.39012	1.02718e-01
0.40870	1.01205e-01
0.40034	9.92873e-02
0.40008	8.74121e-02
0.39887	1.02073e-01
0.40698	1.12143e-01
0.40698	1.12143e-01
0.42794	1.25950e-01
0.43173	1.38273e-01
0.44152	1.52775e-01
0.43907	1.52805e-01
0.47463	7.15824e-02
0.48095	7.46664e-02
0.47449	8.48414e-02
0.47003	8.61292e-02
0.49509	7.97255e-02
0.49831	7.94498e-02
0.49091	8.22609e-02
0.49681	8.63191e-02
0.49710	8.91925e-02
0.50385	9.97342e-02
0.50144	8.91633e-02
0.50484	8.93017e-02
0.50469	8.92851e-02
0.50469	8.92851e-02
0.52675	1.01414e-01
0.52985	1.04314e-01
0.53353	1.04361e-01
0.56064	6.50483e-02
0.55800	5.19141e-02
0.56054	8.06488e-02
0.54929	7.57165e-02
0.55155	9.10887e-02
0.54510	6.45893e-02
0.55242	6.46482e-02
0.56156	6.93721e-02
0.57915	6.90163e-02
0.58042	6.94540e-02
0.58851	6.15238e-02
0.58751	6.40566e-02
0.61750	7.56156e-02
0.60568	7.42230e-02
0.61982	7.52878e-02
0.61982	7.52878e-02
0.60151	4.90710e-02
0.60062	4.89412e-02
0.58082	6.27877e-02
0.59308	5.50405e-02
0.59021	5.67973e-02
0.59221	6.13949e-02
0.60867	6.97251e-02
0.62638	6.91753e-02
0.62638	6.91753e-02
0.62730	6.97668e-02
0.63497	6.63603e-02
0.62708	6.39369e-02
0.64053	5.07855e-02
0.64680	5.02596e-02
0.66465	6.23155e-02
0.66661	6.29978e-02
0.66848	6.34501e-02
0.66848	6.34501e-02
0.66547	6.27123e-02
0.66547	6.27123e-02
0.66120	5.83643e-02
0.66114	5.82996e-02
0.68515	6.10538e-02
0.66744	6.40802e-02
0.67432	6.56507e-02
0.67454	6.96422e-02
0.68460	5.59387e-02
0.68460	5.59387e-02
0.67521	4.89818e-02
0.68469	6.20531e-02
0.68888	6.20732e-02
0.68925	6.36563e-02
0.69227	6.43476e-02
0.69981	5.25234e-02
0.69262	5.14843e-02
0.68603	4.45767e-02
0.69158	4.74560e-02
0.69621	5.38181e-02
0.70290	6.46021e-02
0.71010	6.78734e-02
0.70608	6.00917e-02
0.70148	5.67257e-02
0.70868	5.16951e-02
0.70449	5.94097e-02
0.70386	5.91935e-02
0.70752	6.09174e-02
0.71661	5.84217e-02
0.71683	5.85954e-02
0.73739	3.16625e-02
0.74224	4.30643e-02
0.74458	4.50314e-02
0.74874	3.99577e-02
0.74736	4.20014e-02
0.75411	3.76865e-02
0.75772	3.54126e-02
0.76015	3.68041e-02
0.75793	3.70151e-02
0.74784	3.47540e-02
0.74801	3.34300e-02
0.76488	3.56149e-02
0.75168	3.10926e-02
0.75011	3.74391e-02
0.76189	4.10205e-02
0.76393	4.46030e-02
0.77178	4.20742e-02
0.76300	4.66910e-02
0.76477	5.00132e-02
0.76691	5.07579e-02
0.76586	4.89095e-02
0.76867	4.98728e-02
0.77644	5.09858e-02
0.78885	3.77821e-02
0.79113	3.64599e-02
0.78501	4.50984e-02
0.79092	3.84522e-02
0.78695	4.10004e-02
0.78450	4.42732e-02
0.78412	4.38509e-02
0.80046	2.98842e-02
0.79878	4.64234e-02
0.79923	3.66514e-02
0.79082	3.73243e-02
0.78696	5.15601e-02
0.79005	4.99065e-02
0.78809	4.84048e-02
0.78891	4.87507e-02
0.80403	3.39158e-02
0.80403	3.39158e-02
0.80403	3.39158e-02
0.80329	3.83506e-02
0.80523	4.29468e-02
0.80872	4.43368e-02
0.81443	4.87969e-02
0.81727	4.69318e-02
0.81621	4.88574e-02
0.80708	4.71983e-02
0.80346	3.70203e-02
0.80718	3.98954e-02
0.81043	3.90208e-02
0.81806	3.88077e-02
0.82078	4.04894e-02
0.81952	3.84323e-02
0.83211	2.40965e-02
0.82609	2.75060e-02
0.83378	3.29956e-02
0.83020	3.32546e-02
0.82749	3.23147e-02
0.83155	3.38563e-02
0.83155	3.38563e-02
0.83851	2.70312e-02
0.84185	2.28276e-02
0.82991	3.22483e-02
0.84070	4.01048e-02
0.84056	4.02698e-02
0.84034	3.89642e-02
0.83880	3.92868e-02
0.83657	3.45769e-02
0.84605	3.05221e-02
0.85107	3.03926e-02
0.84801	2.96759e-02
0.84801	2.96759e-02
0.84677	3.08411e-02
0.84837	2.97264e-02
0.84732	3.00189e-02
0.84872	3.10350e-02
0.85622	2.03013e-02
0.84973	3.32577e-02
0.84901	3.22471e-02
0.84034	2.57082e-02
0.84323	2.80681e-02
0.85003	3.17189e-02
0.85132	3.10521e-02
0.85052	2.09687e-02
0.85305	1.91488e-02
0.85230	1.92702e-02
0.84985	1.91887e-02
0.85025	1.87082e-02
0.85226	1.66726e-02
0.85416	2.02710e-02
0.85469	1.98916e-02
0.85397	2.08937e-02
0.85397	2.08937e-02
0.85463	2.14005e-02
0.85408	2.05821e-02
0.85122	2.22385e-02
0.85575	2.22235e-02
0.85575	2.22235e-02
0.85997	2.62770e-02
0.85804	2.32351e-02
0.86736	2.12766e-02
0.86336	2.21402e-02
0.86043	2.39697e-02
0.86003	2.51105e-02
0.86384	2.39667e-02
0.86261	2.68209e-02
0.86262	2.69789e-02
0.86905	2.61227e-02
0.87332	3.38699e-02
0.87332	3.38699e-02
0.88199	3.51220e-02
0.87768	3.50685e-02
0.87722	3.50624e-02
0.87566	3.45089e-02
0.87741	3.17051e-02
0.87952	3.29990e-02
0.87815	3.19885e-02
0.87843	3.40624e-02
0.87411	4.04664e-02
0.87980	3.51853e-02
0.87148	2.76048e-02
0.86840	2.59976e-02
0.87360	2.42997e-02
0.87139	2.62493e-02
0.87060	2.57392e-02
0.87122	2.64563e-02
0.87058	2.72424e-02
0.87808	2.26886e-02
0.88228	2.25768e-02
0.87772	2.73044e-02
0.87542	2.94051e-02
0.87855	2.42307e-02
0.87501	2.25104e-02
0.86778	1.84125e-02
0.88192	3.07766e-02
0.88177	3.17403e-02
0.87949	3.05891e-02
0.88127	3.16063e-02
0.88367	3.98815e-02
0.88039	3.60561e-02
0.88590	3.24814e-02
0.88484	3.01293e-02
0.89046	2.71865e-02
0.89754	2.67064e-02
0.90013	2.63276e-02
0.90002	2.52103e-02
0.89389	3.07993e-02
0.89508	3.08444e-02
0.89509	3.18915e-02
0.89775	3.14282e-02
0.90258	3.45217e-02
0.90872	2.68089e-02
0.90956	2.88325e-02
0.90879	2.25141e-02
0.91239	2.23437e-02
0.91309	2.29138e-02
0.89845	2.46613e-02
0.89845	2.46613e-02
0.90628	3.14294e-02
0.90418	2.11732e-02
0.90151	1.97291e-02
0.90802	2.12714e-02
0.91088	2.62619e-02
0.91455	2.70210e-02
0.91638	2.49474e-02
0.90887	2.25379e-02
0.91263	2.80466e-02
0.91110	3.09233e-02
0.91233	3.12132e-02
0.91469	2.94734e-02
0.91782	3.17664e-02
0.91893	3.00859e-02
0.92431	2.98055e-02
0.92962	2.73017e-02
0.93474	2.81287e-02
0.93474	2.81287e-02
0.93474	2.81287e-02
0.93474	2.81287e-02
0.93474	2.81287e-02
0.93480	2.81602e-02
0.93480	2.81602e-02
0.93480	2.81602e-02
0.93443	2.88884e-02
0.93443	2.88884e-02
0.93443	2.88884e-02
0.92951	2.91174e-02
0.93505	2.06319e-02
0.93894	1.50736e-02
0.93265	2.46637e-02
0.93263	2.46505e-02
0.93261	2.46334e-02
0.92833	2.58240e-02
0.92833	2.58240e-02
0.92838	2.58534e-02
0.92693	2.84405e-02
0.91656	2.54352e-02
0.90293	2.03215e-02
0.90293	2.03215e-02
0.90293	2.03215e-02
0.90293	2.03215e-02
0.90933	1.39140e-02
0.91243	1.70094e-02
0.91243	1.70094e-02
0.91243	1.70094e-02
0.90776	1.23362e-02
0.90776	1.23362e-02
0.90776	1.23362e-02
0.90776	1.23362e-02
0.92089	1.46387e-02
0.92089	1.46387e-02
0.92089	1.46387e-02
0.92089	1.46387e-02
0.92089	1.46387e-02
0.91793	1.16775e-02
0.91793	1.16775e-02
0.92614	1.98825e-02
0.92447	2.15497e-02
0.92447	2.15497e-02
0.92447	2.15497e-02
0.94226	3.75747e-03
0.94216	3.65147e-03
0.93930	5.35710e-04
0.93877	0.00000e+00
0.94695	0.00000e+00
0.94695	0.00000e+00
0.94695	0.00000e+00
0.94695	0.00000e+00
0.94695	0.00000e+00
0.94735	0.00000e+00
0.94735	0.00000e+00
0.94735	0.00000e+00
0.94735	0.00000e+00
0.94735	0.00000e+00
0.94734	0.00000e+00
0.94734	0.00000e+00
0.94734	0.00000e+00
0.94734	0.00000e+00
0.94709	0.00000e+00
0.94709	0.00000e+00
0.94709	0.00000e+00
0.94687	0.00000e+00
