0.92508	1.42844e-01
0.96253	1.10419e-02
0.96522	1.03707e-02
0.95250	1.77292e-02
0.94086	2.17412e-02
0.93053	2.02595e-02
0.92080	2.69756e-02
0.91710	1.18430e-02
0.90436	1.96316e-02
0.91154	2.09525e-02
0.88514	3.77817e-02
0.85958	2.39567e-02
0.86987	3.36894e-02
0.85138	1.98763e-02
0.83665	3.32334e-02
0.83172	1.75746e-02
0.81774	4.44909e-02
0.82914	2.63163e-02
0.80568	4.37817e-02
0.80910	2.67566e-02
0.79398	4.33380e-02
0.78563	3.65832e-02
0.77218	3.74525e-02
0.77242	4.20315e-02
0.76615	4.52754e-02
0.74900	5.21452e-02
0.75915	5.48898e-02
0.75844	5.46648e-02
0.75148	4.02463e-02
0.73261	6.41459e-02
0.73212	5.12893e-02
0.71923	6.80860e-02
0.70107	6.50362e-02
0.69497	8.42296e-02
0.66851	1.01748e-01
0.64990	9.15728e-02
0.64200	1.23012e-01
0.61516	1.46664e-01
0.61345	1.08776e-01
0.55772	1.54190e-01
0.56933	1.68452e-01
0.55576	1.66754e-01
0.55077	1.95498e-01
0.53143	1.60597e-01
0.47485	2.15527e-01
0.47858	1.51281e-01
0.52333	1.22317e-01
0.50655	1.66338e-01
0.53193	1.20923e-01
0.54277	1.43569e-01
0.52844	1.08132e-01
0.50849	1.26443e-01
0.53559	1.04455e-01
0.51139	1.16390e-01
0.52902	8.18748e-02
0.50242	7.65040e-02
0.53831	1.14932e-01
0.49357	7.35957e-02
0.49106	8.46684e-02
0.46235	9.74845e-02
0.51116	1.05014e-01
0.47929	9.52857e-02
0.49646	1.27795e-01
0.48927	8.38412e-02
0.45832	1.02908e-01
0.44463	9.49534e-02
0.42664	1.36532e-01
0.40380	1.41356e-01
0.44306	1.37798e-01
0.40601	1.15722e-01
0.41800	1.20179e-01
0.41199	1.23086e-01
0.42753	1.27116e-01
0.47078	1.14228e-01
0.44894	1.05151e-01
0.43238	1.38231e-01
0.45035	1.39907e-01
0.44572	1.06863e-01
0.46786	1.12667e-01
0.44519	1.29977e-01
0.45291	1.20496e-01
0.47380	1.19769e-01
0.47689	1.11610e-01
0.43540	1.18904e-01
0.44800	9.10061e-02
0.45854	9.21630e-02
0.46140	1.11976e-01
0.43840	9.28451e-02
0.45554	1.15859e-01
0.46830	1.09684e-01
0.46451	1.40496e-01
0.45582	9.14216e-02
0.42829	1.41375e-01
0.42376	1.28971e-01
0.43871	1.20272e-01
0.42966	1.13391e-01
0.39339	1.20718e-01
0.41760	8.15387e-02
0.41748	1.19083e-01
0.44168	1.40585e-01
0.46031	1.55947e-01
0.45430	1.55438e-01
0.49840	9.18679e-02
0.50037	8.62312e-02
0.49896	7.15825e-02
0.48207	7.95164e-02
0.46961	8.38753e-02
0.47485	8.01573e-02
0.49896	9.31559e-02
0.53137	7.57343e-02
0.53540	7.33060e-02
0.53075	7.13817e-02
0.52795	8.40683e-02
0.54080	7.99298e-02
0.55261	8.72900e-02
0.55792	8.69850e-02
0.56443	9.10959e-02
0.61172	6.28491e-02
0.61098	6.48831e-02
0.60670	6.61574e-02
0.61049	6.63816e-02
0.63187	6.86786e-02
0.62529	6.26232e-02
0.63721	5.31814e-02
0.63973	5.16544e-02
0.63284	5.13900e-02
0.62902	4.80432e-02
0.64241	5.58476e-02
0.65451	5.04388e-02
0.65740	5.36426e-02
0.65774	6.23866e-02
0.63371	5.98093e-02
0.63350	5.78947e-02
0.64394	5.95686e-02
0.64395	5.95663e-02
0.64450	5.92593e-02
0.66563	6.10117e-02
0.68221	4.55296e-02
0.68564	4.09585e-02
0.69415	5.93162e-02
0.68666	5.64112e-02
0.69301	5.96268e-02
0.71903	6.56824e-02
0.71107	6.31042e-02
0.70849	6.29178e-02
0.70849	6.29178e-02
0.71405	6.82802e-02
0.72554	6.17063e-02
0.72918	5.95069e-02
0.74000	5.73972e-02
0.74047	5.70332e-02
0.74404	5.89575e-02
0.75883	3.97569e-02
0.76595	4.18636e-02
0.76370	3.65222e-02
0.76174	3.54972e-02
0.76922	3.49816e-02
0.76394	2.17777e-02
0.76856	2.61788e-02
0.76856	2.61788e-02
0.76878	2.76390e-02
0.77013	3.09007e-02
0.77985	3.20223e-02
0.77985	3.20223e-02
0.77440	2.72625e-02
0.76103	5.20821e-02
0.76335	5.36786e-02
0.76275	5.31800e-02
0.77045	6.14561e-02
0.77199	6.27893e-02
0.77567	6.30543e-02
0.78349	6.54990e-02
0.77251	6.20403e-02
0.77384	6.27680e-02
0.79018	5.38553e-02
0.78648	5.95502e-02
0.79720	6.18133e-02
0.79214	5.70484e-02
0.79335	5.69661e-02
0.79926	5.54856e-02
0.80622	5.13594e-02
0.80723	5.12263e-02
0.80766	2.99721e-02
0.80993	3.37485e-02
0.81048	3.28182e-02
0.80395	2.89293e-02
0.80997	3.45293e-02
0.80811	3.77368e-02
0.81420	3.90816e-02
0.81861	4.02040e-02
0.81832	4.05496e-02
0.81898	4.06012e-02
0.81982	4.39743e-02
0.83427	3.40114e-02
0.83912	3.06055e-02
0.83827	3.04650e-02
0.84032	3.20051e-02
0.83674	3.31118e-02
0.84048	2.58321e-02
0.84048	2.58321e-02
0.83966	2.50305e-02
0.84430	3.11756e-02
0.83329	5.47696e-02
0.84973	2.64880e-02
0.83873	4.83481e-02
0.85280	3.20330e-02
0.85280	3.20330e-02
0.85313	2.63070e-02
0.84691	3.31288e-02
0.85195	3.61900e-02
0.85937	3.22120e-02
0.85719	2.60365e-02
0.85670	2.57416e-02
0.86423	3.51489e-02
0.86591	3.33395e-02
0.86047	2.60916e-02
0.86665	2.99029e-02
0.86596	3.23605e-02
0.86360	2.69721e-02
0.87065	3.26069e-02
0.86950	3.49840e-02
0.87494	3.74108e-02
0.87968	3.73665e-02
0.88563	2.93737e-02
0.88329	2.98627e-02
0.88658	3.17997e-02
0.88072	3.79979e-02
0.87956	3.07313e-02
0.87698	2.88952e-02
0.87612	2.76897e-02
0.87836	3.17203e-02
0.87836	3.17203e-02
0.88083	3.45900e-02
0.88205	3.49125e-02
0.87945	3.13648e-02
0.87872	3.10376e-02
0.87872	3.10376e-02
0.88481	2.13632e-02
0.88854	2.00805e-02
0.88297	2.05352e-02
0.88921	2.89532e-02
0.89102	3.02449e-02
0.88794	3.30554e-02
0.88936	3.10771e-02
0.89191	3.13501e-02
0.89062	2.77628e-02
0.89514	3.20271e-02
0.89508	2.74721e-02
0.89951	2.14789e-02
0.89508	2.40681e-02
0.90002	2.80831e-02
0.90364	2.12617e-02
0.90968	1.59979e-02
0.90769	2.22043e-02
0.90658	1.97339e-02
0.89798	2.93095e-02
0.89997	1.57178e-02
0.89833	1.45509e-02
0.89876	1.46344e-02
0.89867	2.40206e-02
0.89924	2.47641e-02
0.90423	2.48963e-02
0.90573	2.76203e-02
0.90832	2.83091e-02
0.90608	2.73702e-02
0.91189	2.35332e-02
0.91139	1.57307e-02
0.91135	1.57414e-02
0.91295	1.42559e-02
0.91333	1.46698e-02
0.91395	1.48948e-02
0.91049	1.82571e-02
0.91413	1.90349e-02
0.91588	1.86762e-02
0.91961	2.09461e-02
0.91777	2.11668e-02
0.91433	2.37759e-02
0.91513	2.36280e-02
0.91099	2.15990e-02
0.91185	2.22023e-02
0.91704	1.57256e-02
0.91581	1.31450e-02
0.91581	1.31450e-02
0.91534	1.06122e-02
0.91664	9.50505e-03
0.91510	1.62562e-02
0.91874	1.67024e-02
0.91910	1.76066e-02
0.91333	1.29606e-02
0.91444	1.50639e-02
0.91319	1.85532e-02
0.92027	1.56838e-02
0.91396	1.72783e-02
0.91101	1.79279e-02
0.91101	1.79279e-02
0.91557	1.75100e-02
0.91588	1.78558e-02
0.91773	1.79013e-02
0.92121	2.33983e-02
0.92491	2.19431e-02
0.91958	2.37212e-02
0.91958	2.37212e-02
0.91400	1.70550e-02
0.91184	1.73022e-02
0.91493	1.78219e-02
0.91912	1.84486e-02
0.91912	1.84486e-02
0.91832	1.83639e-02
0.92442	1.09591e-02
0.92562	9.71129e-03
0.92356	1.12200e-02
0.92646	1.87456e-02
0.92530	2.03068e-02
0.92498	2.21534e-02
0.92656	2.41292e-02
0.91908	2.61602e-02
0.92259	2.54306e-02
0.92312	2.52318e-02
0.92718	2.24998e-02
0.92512	2.32163e-02
0.92911	1.95705e-02
0.92946	2.00775e-02
0.92732	1.63043e-02
0.93026	1.59785e-02
0.93041	1.59621e-02
0.93204	2.23425e-02
0.93214	2.23515e-02
0.93220	2.22867e-02
0.92777	2.16013e-02
0.92898	2.49459e-02
0.93056	2.51910e-02
0.92900	2.51093e-02
0.92820	2.56017e-02
0.92820	2.56017e-02
0.92610	2.24073e-02
0.92913	2.37534e-02
0.93136	1.97405e-02
0.93066	2.02114e-02
0.93465	2.14634e-02
0.93369	2.14366e-02
0.93607	2.21863e-02
0.93527	2.11941e-02
0.93298	2.35201e-02
0.93298	2.35140e-02
0.93946	2.57581e-02
0.93521	2.35910e-02
0.93618	2.33449e-02
0.94015	2.13159e-02
0.94046	1.61453e-02
0.94453	1.70098e-02
0.94238	1.86339e-02
0.94438	2.19242e-02
0.94376	2.19611e-02
0.93737	2.28832e-02
0.93763	2.46803e-02
0.94397	2.53111e-02
0.94714	2.32163e-02
0.94757	2.36732e-02
0.95091	1.97341e-02
0.94720	2.51421e-02
0.94974	1.93303e-02
0.94931	1.98259e-02
0.94494	1.80169e-02
0.94583	1.83336e-02
0.94182	5.82157e-03
0.94182	5.82157e-03
0.94181	5.81691e-03
0.94307	1.25526e-02
0.94197	1.96482e-02
0.94197	1.96482e-02
0.94152	1.99178e-02
0.94152	1.99178e-02
0.94620	1.60627e-02
0.94629	1.60701e-02
0.95049	1.75401e-02
0.94631	1.73970e-02
0.94624	1.73113e-02
0.94624	1.73113e-02
0.94861	1.61694e-02
0.94602	1.78768e-02
0.94600	1.78592e-02
0.94512	2.24307e-02
0.94881	2.02433e-02
0.95135	1.91713e-02
0.95175	1.92452e-02
0.94441	2.07136e-02
0.94447	2.07651e-02
0.94447	2.07651e-02
0.95098	2.26221e-02
0.94702	2.14685e-02
0.94702	2.14685e-02
0.94691	2.15980e-02
0.94691	2.15980e-02
0.95693	1.97777e-02
0.95693	1.97777e-02
0.95761	2.00646e-02
0.95994	1.56996e-02
0.96051	1.56876e-02
0.96051	1.56936e-02
0.94935	2.66191e-02
0.94487	2.95337e-02
0.94596	3.01686e-02
0.95313	2.00618e-02
0.95177	2.19723e-02
0.95177	2.19723e-02
0.95170	2.20717e-02
0.95170	2.20717e-02
0.95335	2.35042e-02
0.94783	2.21252e-02
0.94781	2.21476e-02
0.94781	2.21476e-02
0.94781	2.21476e-02
0.94781	2.21476e-02
0.94781	2.21476e-02
0.94856	2.30677e-02
0.95509	2.47048e-02
0.95509	2.47048e-02
0.95509	2.47048e-02
0.95509	2.47048e-02
0.95520	2.46678e-02
0.95520	2.46678e-02
0.95520	2.46678e-02
0.95693	2.22554e-02
0.96550	1.05186e-02
0.96668	8.97671e-03
0.96668	8.97671e-03
0.96672	8.98202e-03
0.96825	1.27054e-02
0.96910	1.18597e-02
0.96910	1.18597e-02
0.96910	1.18597e-02
0.96910	1.18597e-02
0.96910	1.18597e-02
0.96910	1.18597e-02
0.97368	9.05379e-03
0.97368	9.05379e-03
0.97359	8.97334e-03
0.97359	8.97334e-03
0.97564	6.93123e-03
0.97557	6.86107e-03
0.97273	0.00000e+00
0.97273	0.00000e+00
0.97273	0.00000e+00
0.97273	0.00000e+00
0.97273	0.00000e+00
0.97273	0.00000e+00
0.97273	0.00000e+00
0.97273	0.00000e+00
0.97273	0.00000e+00
0.97273	0.00000e+00
0.97273	0.00000e+00
0.97273	0.00000e+00
0.97273	0.00000e+00
0.97273	0.00000e+00
0.97273	0.00000e+00
0.97273	0.00000e+00
0.97273	0.00000e+00
0.97257	0.00000e+00
0.97257	0.00000e+00
0.97257	0.00000e+00
0.97257	0.00000e+00
0.97415	0.00000e+00
0.97415	0.00000e+00
0.97415	0.00000e+00
0.97409	0.00000e+00
0.97409	0.00000e+00
0.97409	0.00000e+00
0.97403	0.00000e+00
