0.98746	4.50481e-03
0.97718	9.18616e-03
0.97304	1.59516e-02
0.97287	1.92342e-02
0.96624	1.41761e-02
0.95929	2.45333e-02
0.94310	1.64217e-02
0.95173	1.54222e-02
0.92021	1.29175e-02
0.90939	1.70820e-02
0.90053	1.53666e-02
0.87686	3.01446e-02
0.87089	3.77492e-02
0.85767	2.51402e-02
0.85676	3.82341e-02
0.83345	2.14130e-02
0.83532	3.17193e-02
0.80520	2.98723e-02
0.82072	3.06668e-02
0.80175	2.46670e-02
0.80695	5.16304e-02
0.78302	5.22440e-02
0.79432	4.91513e-02
0.78745	4.65946e-02
0.78553	6.04950e-02
0.77483	5.15091e-02
0.75756	7.42489e-02
0.76997	6.11085e-02
0.78047	8.88535e-02
0.73710	8.99482e-02
0.73213	9.35654e-02
0.74349	9.01726e-02
0.69715	9.77038e-02
0.69772	9.08715e-02
0.67137	1.48617e-01
0.66568	1.60868e-01
0.65795	1.22672e-01
0.64466	1.20121e-01
0.66007	1.34236e-01
0.64034	1.28967e-01
0.62219	1.36152e-01
0.63517	1.34144e-01
0.63009	1.21015e-01
0.62132	1.18688e-01
0.63184	1.15248e-01
0.60570	1.64221e-01
0.58871	1.53831e-01
0.57868	1.19918e-01
0.58252	1.30908e-01
0.59028	1.07950e-01
0.59150	1.03839e-01
0.58071	9.15642e-02
0.60485	9.93875e-02
0.59048	1.00642e-01
0.55026	1.24496e-01
0.61978	8.33557e-02
0.58522	7.53346e-02
0.57059	8.05732e-02
0.57829	8.46421e-02
0.57127	8.00182e-02
0.55527	8.75347e-02
0.56539	8.03906e-02
0.53904	9.40286e-02
0.55058	1.14133e-01
0.52141	1.03501e-01
0.50753	1.00984e-01
0.52070	1.04222e-01
0.47823	1.20311e-01
0.49644	1.22658e-01
0.50383	1.16646e-01
0.50687	1.09707e-01
0.50810	1.14934e-01
0.49954	1.07152e-01
0.53336	8.32978e-02
0.54547	1.14940e-01
0.55962	7.61864e-02
0.54172	9.24077e-02
0.54046	6.18468e-02
0.55963	1.02506e-01
0.55102	9.08236e-02
0.55852	9.06435e-02
0.56536	6.22014e-02
0.55407	8.29994e-02
0.56099	9.47194e-02
0.55196	9.27929e-02
0.54657	9.67605e-02
0.55695	8.77313e-02
0.55516	9.09659e-02
0.56802	8.94925e-02
0.57870	8.31100e-02
0.54059	1.30600e-01
0.54121	1.11226e-01
0.50974	1.06842e-01
0.52080	1.18735e-01
0.49490	8.67122e-02
0.49552	9.73704e-02
0.52999	9.88215e-02
0.50866	1.07167e-01
0.51277	9.76533e-02
0.53429	1.14995e-01
0.53429	1.14995e-01
0.57448	6.41053e-02
0.59506	8.00090e-02
0.59424	7.90268e-02
0.59117	7.85177e-02
0.59454	7.97088e-02
0.59578	8.04346e-02
0.60988	9.27645e-02
0.61891	1.02245e-01
0.61891	1.02245e-01
0.61504	1.10484e-01
0.61504	1.10484e-01
0.60677	1.03626e-01
0.61452	9.09704e-02
0.63283	7.92676e-02
0.63102	8.18114e-02
0.62224	7.19928e-02
0.62519	7.25924e-02
0.62232	7.11977e-02
0.63217	7.56151e-02
0.64488	7.00094e-02
0.64010	7.11243e-02
0.66490	7.47353e-02
0.68659	6.46159e-02
0.68143	6.28261e-02
0.67625	5.67860e-02
0.68280	5.81265e-02
0.69000	5.49548e-02
0.69000	5.49548e-02
0.69542	5.58943e-02
0.70563	6.70403e-02
0.70617	6.62204e-02
0.70504	6.76849e-02
0.70239	5.27522e-02
0.70750	5.84916e-02
0.70417	6.62719e-02
0.70747	6.80212e-02
0.71857	5.79270e-02
0.72256	5.45951e-02
0.73017	4.48857e-02
0.74498	5.51877e-02
0.75215	6.55341e-02
0.74016	4.21200e-02
0.74171	4.36012e-02
0.74172	4.36102e-02
0.73876	4.47415e-02
0.73917	4.44384e-02
0.75268	4.17048e-02
0.75915	4.38107e-02
0.75026	5.29582e-02
0.75865	6.68628e-02
0.77596	5.89171e-02
0.77231	5.88272e-02
0.77686	6.05921e-02
0.79768	4.76617e-02
0.78905	5.34567e-02
0.79733	5.38180e-02
0.80129	4.62349e-02
0.79893	4.90730e-02
0.80683	4.35468e-02
0.79564	5.62291e-02
0.79522	5.84244e-02
0.79672	4.61156e-02
0.79973	4.14037e-02
0.80958	5.25362e-02
0.80958	5.25362e-02
0.80634	4.89623e-02
0.80974	4.53798e-02
0.81887	4.26745e-02
0.81357	5.25477e-02
0.80955	5.95422e-02
0.82881	5.26063e-02
0.82887	5.26626e-02
0.83801	3.98110e-02
0.83804	3.97599e-02
0.83340	2.96992e-02
0.83142	2.84022e-02
0.82514	2.96420e-02
0.83056	2.81430e-02
0.83473	3.51500e-02
0.83268	3.79428e-02
0.82964	4.64216e-02
0.83506	4.27617e-02
0.83506	4.27617e-02
0.83506	4.27617e-02
0.83101	4.43645e-02
0.83761	3.00761e-02
0.83628	2.62767e-02
0.83761	2.86311e-02
0.83688	2.74923e-02
0.84374	3.16983e-02
0.84038	3.19668e-02
0.84057	3.21586e-02
0.83049	2.90084e-02
0.82750	4.86981e-02
0.83805	5.97970e-02
0.86170	4.84704e-02
0.85841	4.57432e-02
0.85869	4.37882e-02
0.86181	3.87892e-02
0.85489	4.45125e-02
0.85507	4.44650e-02
0.86251	3.86880e-02
0.86430	3.92508e-02
0.86099	3.60672e-02
0.85341	4.44671e-02
0.84914	4.25405e-02
0.84914	4.25405e-02
0.85183	4.25891e-02
0.86480	3.21974e-02
0.86861	3.28214e-02
0.86710	3.21271e-02
0.87118	3.22153e-02
0.87368	3.39025e-02
0.87986	2.45594e-02
0.87784	2.79736e-02
0.88396	3.30760e-02
0.88512	2.91894e-02
0.88522	2.93194e-02
0.88149	2.84736e-02
0.88157	3.12816e-02
0.88406	3.13991e-02
0.88866	3.08358e-02
0.88648	2.71822e-02
0.89229	2.80180e-02
0.90496	3.36300e-02
0.89901	3.09566e-02
0.89875	3.16195e-02
0.90225	2.30757e-02
0.90336	2.95187e-02
0.90074	2.61229e-02
0.90401	2.65675e-02
0.90564	2.54666e-02
0.90778	2.23084e-02
0.91324	2.27862e-02
0.91287	2.33092e-02
0.91108	2.13129e-02
0.91108	2.13129e-02
0.90476	2.87907e-02
0.90651	3.06016e-02
0.90805	3.62782e-02
0.91216	3.07953e-02
0.90583	3.07940e-02
0.90599	3.05976e-02
0.90916	2.10476e-02
0.90910	2.10912e-02
0.91033	2.33831e-02
0.91365	1.84761e-02
0.91995	2.31936e-02
0.92668	1.96145e-02
0.91553	2.04958e-02
0.91497	2.09119e-02
0.91113	2.12467e-02
0.91639	1.95548e-02
0.91917	2.21430e-02
0.92080	2.51312e-02
0.91552	2.28101e-02
0.91486	2.21113e-02
0.92022	2.44981e-02
0.92144	2.32756e-02
0.91892	2.14232e-02
0.91718	2.06213e-02
0.92810	2.39689e-02
0.92627	2.24279e-02
0.92673	2.58535e-02
0.92554	2.65384e-02
0.92953	2.43126e-02
0.92664	2.54991e-02
0.92246	2.21118e-02
0.92028	1.97041e-02
0.92016	1.96370e-02
0.92171	2.31425e-02
0.91935	1.91326e-02
0.92533	1.63507e-02
0.92861	1.76033e-02
0.93671	1.48923e-02
0.93525	1.38640e-02
0.93365	1.17062e-02
0.93685	1.13837e-02
0.93252	1.66238e-02
0.93097	1.76341e-02
0.92749	1.66904e-02
0.93100	2.01190e-02
0.93402	1.91705e-02
0.93447	1.90887e-02
0.93797	2.12535e-02
0.93594	2.03786e-02
0.93552	2.03571e-02
0.93313	2.19438e-02
0.93902	1.91670e-02
0.94109	2.24942e-02
0.93866	2.15433e-02
0.94152	2.27666e-02
0.94920	1.59586e-02
0.94771	2.10478e-02
0.94268	1.83385e-02
0.95268	2.04697e-02
0.94118	1.93889e-02
0.94455	2.54857e-02
0.94544	2.35928e-02
0.94077	2.00151e-02
0.94496	2.06039e-02
0.94167	1.97741e-02
0.94142	1.86286e-02
0.93993	1.99276e-02
0.94338	2.10603e-02
0.94609	2.11972e-02
0.93969	2.12253e-02
0.93981	2.10462e-02
0.94148	1.52668e-02
0.94148	1.52668e-02
0.94658	1.40642e-02
0.94126	2.22683e-02
0.94330	2.56769e-02
0.94277	2.57170e-02
0.93990	2.54118e-02
0.94318	2.66998e-02
0.94848	2.80502e-02
0.94738	2.28992e-02
0.95301	1.69744e-02
0.94410	2.40042e-02
0.94404	2.40300e-02
0.94389	2.68491e-02
0.94021	2.85004e-02
0.94114	2.85656e-02
0.94518	2.70830e-02
0.94420	2.75790e-02
0.94417	2.75863e-02
0.94994	2.20220e-02
0.94948	2.17414e-02
0.95427	2.29024e-02
0.95444	2.32203e-02
0.95124	2.51289e-02
0.95044	2.57398e-02
0.95002	2.45395e-02
0.95002	2.45395e-02
0.94537	2.55636e-02
0.94258	2.42984e-02
0.94820	2.82755e-02
0.95248	3.09542e-02
0.95397	3.05597e-02
0.95062	2.84717e-02
0.95063	2.84479e-02
0.95581	2.40972e-02
0.95305	2.51931e-02
0.95233	2.21323e-02
0.94706	2.28860e-02
0.95120	2.64431e-02
0.95027	2.64653e-02
0.95533	2.65092e-02
0.96172	2.42902e-02
0.95974	2.26482e-02
0.95974	2.26482e-02
0.96403	2.44085e-02
0.95967	2.58072e-02
0.95975	2.58758e-02
0.95975	2.58758e-02
0.96386	2.53366e-02
0.96624	2.43406e-02
0.96440	2.65754e-02
0.96441	2.65775e-02
0.96447	2.64642e-02
0.96072	2.79760e-02
0.96279	2.26449e-02
0.96834	1.64491e-02
0.96834	1.64491e-02
0.96456	1.76875e-02
0.96456	1.76875e-02
0.96410	1.83814e-02
0.96063	2.06747e-02
0.95935	1.54180e-02
0.94659	3.51287e-02
0.94659	3.51287e-02
0.94558	3.47709e-02
0.94969	3.62950e-02
0.95290	3.86269e-02
0.94276	3.76290e-02
0.94276	3.76290e-02
0.94276	3.76290e-02
0.95743	1.59503e-02
0.96483	1.61761e-02
0.96483	1.61761e-02
0.96486	1.62188e-02
0.96104	1.43141e-02
0.97399	1.41371e-02
0.96299	1.86136e-02
0.95995	2.19143e-02
0.94431	1.77532e-02
0.94431	1.77532e-02
0.94431	1.77532e-02
0.95505	1.51770e-02
0.96066	1.83299e-02
0.95780	1.75578e-02
0.96358	1.00109e-02
0.96358	1.00109e-02
0.96905	1.15157e-02
0.96440	9.67681e-03
0.97092	1.16759e-02
0.97092	1.16759e-02
0.96600	8.70925e-03
0.96600	8.70925e-03
0.96211	3.08947e-03
0.96211	3.08947e-03
0.96711	8.92874e-03
0.96718	1.04992e-02
0.96737	1.03169e-02
0.97284	1.06254e-02
0.97279	1.05762e-02
0.96799	1.74230e-02
0.96799	1.74230e-02
0.96799	1.74230e-02
0.98150	3.93465e-03
0.97163	8.82795e-03
0.98256	5.48378e-03
0.98251	5.45964e-03
0.98245	5.40069e-03
0.98241	5.37038e-03
0.98241	5.37038e-03
0.98241	5.37038e-03
0.98241	5.37038e-03
0.98241	5.37038e-03
0.98539	1.49838e-03
0.98436	4.12123e-04
0.98436	4.12123e-04
0.98436	4.12123e-04
0.98436	4.12123e-04
0.97525	9.51957e-03
0.98504	2.75113e-04
0.98485	7.91489e-05
0.98480	1.29807e-04
0.98477	0.00000e+00
