0.99096	4.56035e-03
0.98179	9.44764e-03
0.97292	9.20559e-03
0.96917	1.10911e-02
0.96870	1.52843e-02
0.97239	1.09973e-02
0.95381	2.60891e-02
0.94390	1.25096e-02
0.93189	2.12081e-02
0.92657	2.39969e-02
0.90241	2.27369e-02
0.89284	3.58330e-02
0.90671	2.07699e-02
0.87923	3.47370e-02
0.88380	3.09445e-02
0.86864	2.67986e-02
0.85542	2.58928e-02
0.84086	4.50986e-02
0.82947	4.80095e-02
0.83835	4.63627e-02
0.82019	6.05233e-02
0.83407	4.80972e-02
0.80589	5.80913e-02
0.81277	5.91039e-02
0.79782	4.97833e-02
0.80022	3.65843e-02
0.79240	4.26063e-02
0.79335	5.08249e-02
0.76523	3.70671e-02
0.75168	5.31943e-02
0.77283	3.83642e-02
0.76003	5.31589e-02
0.75532	6.98488e-02
0.74425	4.69120e-02
0.75398	6.90905e-02
0.73595	6.66474e-02
0.72876	8.62411e-02
0.73411	6.36850e-02
0.72685	6.13673e-02
0.71402	6.14926e-02
0.67771	8.86795e-02
0.69956	6.31970e-02
0.67891	7.36050e-02
0.68653	6.87483e-02
0.68085	6.13189e-02
0.69105	6.56305e-02
0.67427	8.55007e-02
0.65331	7.26907e-02
0.65713	7.59465e-02
0.63747	8.22360e-02
0.64818	5.37703e-02
0.63021	8.25831e-02
0.65135	9.68681e-02
0.61240	7.04835e-02
0.65259	7.42579e-02
0.63350	7.55384e-02
0.64215	6.92142e-02
0.61627	9.89305e-02
0.59743	9.84802e-02
0.61080	7.14931e-02
0.58948	4.78834e-02
0.58420	6.19350e-02
0.57434	6.88217e-02
0.58624	8.65438e-02
0.56126	6.47432e-02
0.56359	5.89323e-02
0.52670	6.92606e-02
0.56730	4.67417e-02
0.53339	5.23043e-02
0.51363	4.40136e-02
0.58247	6.23836e-02
0.54781	7.19944e-02
0.56830	5.24736e-02
0.55230	6.10085e-02
0.57343	6.24803e-02
0.54997	5.25783e-02
0.54171	5.92217e-02
0.56890	5.97493e-02
0.56712	7.32903e-02
0.53788	5.06702e-02
0.56434	4.83192e-02
0.54038	6.12510e-02
0.58965	6.11171e-02
0.55001	4.86081e-02
0.56083	5.27768e-02
0.58423	4.40245e-02
0.53844	6.73486e-02
0.55549	5.17348e-02
0.53321	6.09089e-02
0.51928	3.94136e-02
0.52794	7.56415e-02
0.54781	6.24826e-02
0.52661	5.81159e-02
0.51245	6.97067e-02
0.52026	4.96941e-02
0.54171	6.04494e-02
0.52015	7.04197e-02
0.51974	6.22544e-02
0.52542	7.09995e-02
0.56893	4.89965e-02
0.57940	5.53789e-02
0.57992	5.43398e-02
0.57359	5.13039e-02
0.57631	5.52600e-02
0.58585	5.84299e-02
0.60941	6.17682e-02
0.61322	5.76336e-02
0.61416	6.41007e-02
0.61993	7.10371e-02
0.63135	6.51364e-02
0.64242	6.86219e-02
0.62086	6.81116e-02
0.62576	7.45485e-02
0.62361	7.35328e-02
0.62745	6.84365e-02
0.65792	6.65993e-02
0.67165	4.72412e-02
0.65497	5.07581e-02
0.64725	5.10300e-02
0.65222	5.48631e-02
0.66416	6.80257e-02
0.66905	7.03405e-02
0.65402	8.18034e-02
0.65924	7.78172e-02
0.65924	7.78172e-02
0.66466	7.61199e-02
0.66761	7.97530e-02
0.68745	7.38359e-02
0.69306	7.40890e-02
0.68969	7.12430e-02
0.69398	7.03193e-02
0.70035	7.35794e-02
0.70902	7.53483e-02
0.72061	5.01631e-02
0.71842	5.26538e-02
0.72967	5.06745e-02
0.72673	4.90642e-02
0.73217	5.97778e-02
0.73123	5.92066e-02
0.72527	5.59543e-02
0.73445	5.63592e-02
0.73520	5.65595e-02
0.73520	5.65595e-02
0.74498	5.10136e-02
0.75416	4.16239e-02
0.74786	4.78489e-02
0.75158	4.96428e-02
0.75328	5.74152e-02
0.76244	5.51576e-02
0.77064	4.56464e-02
0.78011	3.44320e-02
0.78827	3.10144e-02
0.77598	2.92725e-02
0.78728	2.79122e-02
0.79738	2.84413e-02
0.80636	3.72374e-02
0.79989	3.50885e-02
0.80439	3.60673e-02
0.79309	4.64653e-02
0.79313	4.63494e-02
0.81000	4.85801e-02
0.79902	4.68318e-02
0.81120	3.07951e-02
0.80396	3.28541e-02
0.80334	2.95031e-02
0.80753	3.72525e-02
0.81627	4.67490e-02
0.81406	4.63185e-02
0.81479	4.69936e-02
0.80699	3.73305e-02
0.80936	3.45579e-02
0.81588	4.66148e-02
0.81720	4.72528e-02
0.81403	4.09445e-02
0.80903	3.50449e-02
0.81315	4.35796e-02
0.82025	4.74220e-02
0.82657	4.95765e-02
0.82293	4.70244e-02
0.83064	3.98238e-02
0.83071	3.98393e-02
0.82522	3.75060e-02
0.82126	3.63258e-02
0.82843	4.10420e-02
0.82843	4.10420e-02
0.82910	4.14355e-02
0.83541	4.67693e-02
0.83516	4.28355e-02
0.83516	4.28355e-02
0.83860	4.52769e-02
0.84060	4.41064e-02
0.84060	4.41064e-02
0.84005	4.21550e-02
0.85028	5.42541e-02
0.85596	5.76230e-02
0.85089	5.67561e-02
0.85126	5.66743e-02
0.85990	5.54605e-02
0.87026	5.55130e-02
0.86398	4.81113e-02
0.87835	3.76158e-02
0.87835	3.76158e-02
0.88004	3.45746e-02
0.87845	3.31346e-02
0.87847	4.94862e-02
0.87101	4.28136e-02
0.88319	4.15095e-02
0.88213	4.07886e-02
0.88374	4.12754e-02
0.88751	4.08708e-02
0.89111	4.35779e-02
0.89099	3.56038e-02
0.88582	2.93364e-02
0.88582	2.93364e-02
0.89442	3.42774e-02
0.88649	4.26437e-02
0.88828	5.29492e-02
0.88842	5.30914e-02
0.88764	5.16445e-02
0.89127	4.83522e-02
0.89801	4.06999e-02
0.90035	4.15888e-02
0.90236	3.85881e-02
0.90082	4.09024e-02
0.90007	4.25055e-02
0.90270	4.36941e-02
0.90217	4.77034e-02
0.90249	4.83000e-02
0.91255	3.51300e-02
0.91258	3.51402e-02
0.91337	3.53204e-02
0.91426	3.56320e-02
0.91573	3.31211e-02
0.90980	3.32889e-02
0.91117	2.83787e-02
0.91219	2.97375e-02
0.91335	2.98776e-02
0.91634	3.22786e-02
0.90954	2.65451e-02
0.90570	3.08327e-02
0.90833	2.88033e-02
0.90805	2.82297e-02
0.90806	2.82199e-02
0.90840	2.74096e-02
0.91441	1.65672e-02
0.91363	1.76818e-02
0.91019	2.98775e-02
0.91203	3.10577e-02
0.91625	3.30868e-02
0.92804	2.34739e-02
0.92839	2.70142e-02
0.92456	3.15293e-02
0.92277	3.01828e-02
0.92426	2.92263e-02
0.92701	3.02485e-02
0.92552	3.02129e-02
0.92471	2.79468e-02
0.92001	2.77052e-02
0.92557	2.73046e-02
0.92587	2.56075e-02
0.92700	2.58091e-02
0.93138	2.31256e-02
0.93614	2.35534e-02
0.93666	2.01385e-02
0.94128	1.97697e-02
0.94302	1.96317e-02
0.94614	2.08852e-02
0.94442	1.78034e-02
0.94084	1.87551e-02
0.93744	1.85335e-02
0.93770	1.88667e-02
0.93672	1.83710e-02
0.94549	1.89199e-02
0.94132	1.74115e-02
0.93467	1.94881e-02
0.93467	1.94881e-02
0.93467	1.94881e-02
0.93786	2.31728e-02
0.93938	1.88390e-02
0.93964	1.91714e-02
0.93584	1.44312e-02
0.93705	1.55461e-02
0.94026	1.52178e-02
0.93760	1.41356e-02
0.93988	1.65261e-02
0.93796	1.39970e-02
0.93796	1.39970e-02
0.93796	1.39970e-02
0.93657	1.28588e-02
0.93657	1.28588e-02
0.93671	1.28150e-02
0.93747	1.35056e-02
0.93892	1.34485e-02
0.94066	1.33990e-02
0.93535	1.79137e-02
0.93364	1.69192e-02
0.93724	1.93477e-02
0.93745	1.93537e-02
0.94042	1.61506e-02
0.94144	1.43247e-02
0.94197	1.44022e-02
0.94055	1.30933e-02
0.93884	1.24533e-02
0.94141	7.59796e-03
0.93766	1.24257e-02
0.93987	1.33273e-02
0.93977	1.32627e-02
0.94274	1.52668e-02
0.93873	1.42920e-02
0.94497	1.11382e-02
0.94740	1.09594e-02
0.94398	8.50653e-03
0.94584	6.92419e-03
0.94527	7.68852e-03
0.94527	7.68852e-03
0.94455	8.16416e-03
0.94899	1.10489e-02
0.95228	1.60904e-02
0.95243	1.60889e-02
0.95127	2.15246e-02
0.95108	1.99097e-02
0.94867	1.79678e-02
0.94556	1.65669e-02
0.94705	1.58580e-02
0.95017	1.77308e-02
0.94789	1.60342e-02
0.94422	1.34826e-02
0.94480	1.42981e-02
0.94881	1.71339e-02
0.95773	1.41402e-02
0.95921	1.25944e-02
0.95683	1.49367e-02
0.95665	1.67622e-02
0.94997	2.24735e-02
0.95050	2.17053e-02
0.95021	2.20026e-02
0.95505	2.16074e-02
0.95543	2.13965e-02
0.95880	1.80284e-02
0.95798	1.64772e-02
0.95798	1.64772e-02
0.96171	1.62819e-02
0.95978	1.50840e-02
0.95598	1.42194e-02
0.95408	1.43598e-02
0.95713	1.36109e-02
0.96002	1.46103e-02
0.95650	1.40313e-02
0.95719	1.88127e-02
0.96572	1.71075e-02
0.96309	1.97492e-02
0.96563	2.07879e-02
0.96691	2.10203e-02
0.96507	1.74534e-02
0.96551	2.14264e-02
0.96519	2.29540e-02
0.96599	2.22744e-02
0.96545	2.47664e-02
0.96717	2.15888e-02
0.96398	1.59278e-02
0.96108	1.76188e-02
0.96014	1.74688e-02
0.96329	1.92690e-02
0.97015	1.99844e-02
0.97026	2.00701e-02
0.97034	2.01225e-02
0.97039	2.01585e-02
0.97571	1.24821e-02
0.97242	1.81695e-02
0.97591	1.09186e-02
0.97591	1.09186e-02
0.97591	1.09132e-02
0.97536	1.19413e-02
0.97481	1.14657e-02
0.97733	1.28140e-02
0.97538	1.49588e-02
0.97964	1.29756e-02
0.98072	1.10637e-02
0.98072	1.10639e-02
0.97907	1.00452e-02
0.97967	9.91711e-03
0.97675	9.02061e-03
0.97496	8.85028e-03
0.97495	8.84306e-03
0.97182	4.70748e-03
0.97978	1.14576e-02
0.97580	9.09850e-03
0.97842	6.95797e-03
0.98245	7.34953e-03
0.98247	7.37091e-03
0.98643	7.02165e-03
0.98643	7.02165e-03
0.98087	1.64914e-02
0.98087	1.64855e-02
0.96283	2.01135e-02
0.96284	2.01168e-02
0.94862	9.64684e-04
0.94862	9.64684e-04
0.95775	1.00953e-02
0.95775	1.00953e-02
0.95775	1.00953e-02
0.95764	1.02098e-02
0.95764	1.02098e-02
0.95764	1.02098e-02
0.95764	1.02098e-02
0.96274	5.10480e-03
0.96274	5.10480e-03
0.96274	5.10480e-03
0.95236	1.54869e-02
0.94453	7.65089e-03
0.95870	2.18241e-02
0.95870	2.18241e-02
0.95870	2.18241e-02
0.95870	2.18241e-02
0.95856	2.19656e-02
0.95856	2.19656e-02
0.97764	2.88704e-03
0.97764	2.88704e-03
0.97182	2.92760e-03
0.97324	4.34949e-03
0.97324	4.34949e-03
0.97324	4.34949e-03
0.98352	5.93257e-03
0.98330	5.71187e-03
0.97368	1.53347e-02
0.97362	1.52780e-02
0.97361	1.52627e-02
0.95835	0.00000e+00
0.95835	0.00000e+00
0.97897	0.00000e+00
0.97897	0.00000e+00
0.97897	0.00000e+00
0.97897	0.00000e+00
0.97897	0.00000e+00
0.97897	0.00000e+00
0.97897	0.00000e+00
0.97897	0.00000e+00
0.97897	0.00000e+00
0.98276	0.00000e+00
0.98276	0.00000e+00
0.98276	0.00000e+00
0.98276	0.00000e+00
0.96660	0.00000e+00
0.96660	0.00000e+00
0.96660	0.00000e+00
0.98701	0.00000e+00
0.98701	0.00000e+00
0.98925	0.00000e+00
0.98925	0.00000e+00
0.98925	0.00000e+00
0.98925	0.00000e+00
0.98925	0.00000e+00
0.98925	0.00000e+00
0.99007	0.00000e+00
0.99007	0.00000e+00
0.99007	0.00000e+00
0.99007	0.00000e+00
0.99017	0.00000e+00
0.99017	0.00000e+00
0.99017	0.00000e+00
0.99017	0.00000e+00
0.99017	0.00000e+00
0.99017	0.00000e+00
0.99017	0.00000e+00
0.99017	0.00000e+00
0.99017	0.00000e+00
0.99019	0.00000e+00
